t,R,R_dot,T,AR,H,H2,H2NN,HE,N,N2,N2H2,N2H3,N2H4,NH,NH2,NH3,NNH,dissipated_energy,p_excitation,p_internal
0.0,0.00011398299572582388,0.0,298.15,0.0,0.0,151.02986157666635,0.0,0.0,0.0,50.34328719222212,0.0,0.0,0.0,0.0,0.0,0.0,0.0,0.0,500000.0,500365.3153355725
1e-20,0.00011398299572582388,1.8837100038717266e-15,298.15,0.0,2.3375560453939155e-90,151.02986157666635,5.3434052529887966e-149,0.0,3.2863108682629615e-183,50.34328719222212,1.3205655855938719e-132,2.8723658756736413e-179,1.0816580335397553e-168,1.0211964808904637e-206,9.471940533784819e-180,1.2054523905996847e-191,2.3375560453784884e-90,-1.5387201892817577e-36,499999.9999999982,500365.3153355725
1.0001e-16,0.00011398299572582388,1.8838983765099745e-11,298.15,0.0,2.3377898781378025e-86,151.02986157666635,5.34393947061578e-141,0.0,3.286401127674054e-171,50.34328719222212,1.320697611777746e-124,2.872365768999031e-167,1.0817661744646832e-156,6.729723212563045e-196,9.472887392224752e-168,1.2054523459592025e-175,2.3377897238436793e-86,-1.5388740780255913e-28,499999.9999819206,500365.3153355725
1.10001e-15,0.00011398299572582388,2.0720998595697767e-10,298.15,0.0,2.5713358817402574e-85,151.02986157666635,5.9312366497576655e-139,0.0,3.289686430353036e-168,50.34328719222212,1.4658418421870995e-122,2.8752372623710424e-164,1.201733685168217e-153,6.727012861936998e-192,1.0523067366100652e-164,1.2067781179407115e-171,2.5713341692302946e-85,-1.7079963510653727e-26,499999.99980114476,500365.3153355725
1.110001e-14,0.00011398299572582388,2.090920171937095e-09,298.15,0.0,2.5946981960071974e-84,151.02986157666635,5.990477772163317e-137,0.0,3.289678875022965e-165,50.34328719222212,1.4804826532409496e-120,2.8752295873580533e-161,1.2138457499035449e-150,6.726885944558293e-188,1.0629105216954213e-161,1.2067750438487355e-167,2.594680899862262e-84,-1.7250610625536324e-24,499999.9979933865,500365.3153355725
1.1110001e-13,0.00011398299572582388,2.0928032969058844e-08,298.15,0.0,2.5970858523471604e-83,151.02986157666635,4.2152000704627185e-135,0.0,1.4748295934125654e-162,50.34328719222212,1.041741713733758e-118,1.2890205680999364e-158,5.7410735223446306e-148,2.0132460787736777e-184,5.027151064269135e-159,3.611671156989831e-164,2.596964148012182e-83,-1.213862874678472e-22,499999.97991580406,500365.3153355725
1.11110001e-12,0.000113982995725824,2.0930012706990675e-07,298.1499999999996,0.0,2.597778771467614e-82,151.0298615766659,3.6035806632559405e-133,0.0,4.7137780474586746e-160,50.343287192221965,8.90586502546556e-117,4.1198055933991543e-156,4.803840991943747e-145,6.40395650481273e-181,4.2057886381793486e-156,1.1488151446700524e-160,2.596738319340002e-82,-1.0379409511543373e-20,499999.79913997947,500365.31533557037
1.111110001e-11,0.00011398299572583584,2.0931134276296098e-06,298.1499999999619,0.0,2.602180198304749e-81,151.02986157661877,3.3930275096663505e-131,0.0,1.5372451598680155e-157,50.34328719220626,8.385505321380873e-115,1.3432078841174666e-153,4.524872138462348e-142,2.088475849086388e-177,3.961525989197662e-153,3.745640728706437e-157,2.5923836014711657e-81,-9.792576335365754e-19,499997.9913817337,500365.3153353503
1.1111110001000001e-10,0.0001139829957279307,2.0948442228269036e-05,298.14999999330513,0.0,2.680730700716334e-80,151.0298615682916,5.780296797340886e-129,0.0,1.5372451178559506e-157,50.34328718943054,1.4285386695285515e-112,1.3906484965074996e-153,1.1705498626957308e-138,3.351895393718067e-176,1.0246804707295441e-149,6.349063179911128e-156,2.5138377495724835e-80,-1.7209788208734056e-16,499979.91379927634,500365.3152964633
4.4074439641682344e-10,0.00011398299575538262,8.328014399226272e-05,298.1499999060721,0.0,1.1388668430659401e-79,151.02986145916853,7.522818827601567e-128,0.0,1.5372455811655276e-157,50.343287153056174,1.8591844124748e-111,5.816683340244647e-153,5.136821754198746e-137,1.3613324526654424e-175,4.496688821983966e-148,1.0680239785673297e-154,9.216625166453222e-80,-2.4145227808925684e-15,499920.324068371,500365.31478687166
1.4033733041773805e-09,0.00011398299595301745,0.0002663210121788436,298.149999278062,0.0,4.023938266102801e-79,151.0298606735576,5.150016412380814e-127,0.0,1.5372683891829242e-157,50.34328689118587,1.2727716821751611e-110,8.385236813952526e-152,7.692661736755608e-136,3.0197470608664056e-175,6.734029466053725e-147,3.042745107672398e-153,2.536987614695861e-79,-1.8558420116716224e-14,499746.30403579405,500365.3111181766
2.3660022119379374e-09,0.00011398299630814203,0.0004507130970464749,298.14999814962067,0.0,7.285414565914366e-79,151.02985926191505,1.2155095406799614e-126,0.0,1.537285320332549e-157,50.34328642063834,3.004002536391929e-110,1.367967776966258e-151,2.587622327843408e-135,5.240669854377032e-175,2.2651617244605915e-146,9.66754337804706e-153,3.775905156343767e-79,-4.7566911711750314e-14,499572.2840090177,500365.30452602106
3.3286311196984947e-09,0.00011398299683503667,0.000636568933893761,298.14999647538355,0.0,1.0866950730099603e-78,151.02985716747574,2.137722205213116e-126,0.0,1.5372959140774715e-157,50.34328572249192,5.283153564732896e-110,1.8108605479918522e-151,5.970834778870454e-135,9.089827888182342e-175,5.226769219176408e-146,2.128504161521802e-152,4.6947585792252804e-79,-9.06064578521081e-14,499398.26399202074,500365.29474534164
4.2912600274590516e-09,0.00011398299753942485,0.0008239259801435634,298.14999423717745,0.0,1.4697110216474414e-78,151.02985436748853,3.232156127377205e-126,0.0,1.2639605619290188e-167,50.34328478916284,7.987932830746236e-110,-3.374816020269499e-164,1.1297433120157046e-134,1.608429251120068e-185,9.885086764880467e-146,1.464113923215175e-165,5.364982766565055e-79,-1.4814455007503374e-13,499224.24398878205,500365.28166991717
6.221170289947117e-09,0.00011398299949978305,0.0012041172067805363,298.14998800824327,0.0,2.283442815785787e-78,151.029846574942,5.7439097340864364e-126,0.0,0.0,50.34328219164734,1.4195471615705959e-109,0.0,2.9164337427770703e-134,7.386467485170501e-174,2.5523969479673308e-145,3.829216984538653e-152,6.25015584951212e-79,-3.082764569723658e-13,498875.3629899593,500365.24528039584
8.151080552435183e-09,0.00011398300219946603,0.0015904083304869243,298.14997943035866,0.0,3.140141335825189e-78,151.02983584353413,8.553298653917632e-126,0.0,6.36916404051241e-162,50.34327861451138,2.1138591332922359e-109,9.09290328394374e-152,5.739662342024806e-134,2.2539867505715376e-173,5.023751499803996e-145,1.4357942778814289e-151,6.705616152777997e-79,-5.287995763528723e-13,498526.4820944904,500365.1951673851
1.1145302288296973e-08,0.0001139830078853593,0.0022018172200093476,298.14996136483404,0.0,4.5070503568360595e-78,151.02981324175775,1.3173571647189133e-125,0.0,1.1024731021727621e-160,50.34327108058592,3.2557146968225466e-109,0.0,1.2375020707331267e-133,1.2643347424845963e-172,1.0832182471319804e-144,4.694951497748123e-151,7.03456134350221e-79,-9.932490679163382e-13,497985.19981781545,500365.0896237947
1.615707562450729e-08,0.00011398302158417734,0.0032580912371246297,298.14991784263924,0.0,6.836733297899176e-78,151.02975878812987,2.1196188784267596e-125,0.0,1.9126403945862135e-159,50.343252929376625,5.238434091190548e-109,-2.139343191451413e-166,2.987895258364518e-133,1.1187451253584954e-171,2.615473332866553e-144,1.3213973478754487e-150,7.16736753794961e-79,-2.1122240587720407e-12,497079.1944667009,500364.8353456096
2.1168848960717604e-08,0.00011398304066839482,0.004355533205827802,298.14985721434033,0.0,9.185400485549397e-78,151.029682927258,2.9350433149866123e-125,0.0,5.357668616825346e-159,50.34322764241933,7.253696323261021e-109,0.0,5.553354375201468e-133,2.26921356971297e-171,4.861219736431276e-144,3.5863067711199206e-150,7.109527188343925e-79,-3.671090007069225e-12,496173.1909257807,500364.481109871
2.6180622296927922e-08,0.00011398306534148101,0.005494131874293751,298.1497788357521,0.0,1.153266367756002e-77,151.02958485038403,3.7495121246046486e-125,0.0,8.73485016973515e-159,50.34319495012801,9.266613361617704e-109,3.814714151710358e-150,8.942480622456342e-133,2.548729964985689e-171,7.827981854982417e-144,8.192891935175835e-150,7.064652964343013e-79,-5.686460299523037e-12,495267.1897565584,500364.0231438111
3.1192395633138244e-08,0.00011398309581701387,0.006673875010814848,298.14968203077655,0.0,1.3875427121552353e-77,151.02946370858285,4.5608841780301196e-125,0.0,2.0139666267028136e-150,50.34315456952762,1.1271898191770187e-108,1.5798581178906134e-146,1.3156497464132782e-132,1.1259430402787097e-167,1.1518638062212832e-143,1.8274637680798837e-147,7.063409903522556e-79,-8.175773037179488e-12,494361.1915205361,500363.45748745085
3.9475419235763765e-08,0.00011398315946413569,0.008713809507815433,298.1494798742861,0.0,1.774572956620516e-77,151.0292107084374,5.90079238540922e-125,0.0,3.323350955374722e-150,50.343070236145806,1.458350552252535e-108,2.192714306794873e-146,2.1925404535132102e-132,4.927321451299814e-167,1.9200012143449234e-143,7.180730529986988e-147,7.073684018059298e-79,-1.3374563301174983e-11,492863.8442676338,500362.2761648955
5.310150894511004e-08,0.00011398330236733208,0.012313901329095914,298.14902604831667,0.0,2.411232118837532e-77,151.02864266392248,8.105033549998179e-125,0.0,3.744120471371221e-150,50.34288088797416,2.0031540377694644e-108,1.6850401221377325e-146,4.123856545142657e-132,1.3191186316318932e-166,3.6114792313223015e-143,1.6035789384396652e-146,7.079854413199805e-79,-2.504688507922017e-11,490400.64224736183,500359.623929321
7.443045426912811e-08,0.00011398363021404673,0.01855857550760389,298.1479851188533,0.0,3.4075827358183025e-77,151.02733947410988,1.1554622781588082e-124,0.0,6.853384289630314e-150,50.34244649136996,2.8558352580301452e-108,3.4541447754019794e-146,8.366509107619725e-132,2.745514660444818e-166,7.3262020526722035e-143,2.5815586539036895e-146,7.06196452005438e-79,-5.1824481608549193e-11,486545.0797888655,500353.5396537469
9.575939959314617e-08,0.00011398409915697066,0.025546019365111333,298.1464965829443,0.0,4.402991995947682e-77,151.0254754533039,1.499901476708175e-124,0.0,1.2675000396443921e-149,50.3418251511013,3.707362483507063e-108,6.351534193621318e-146,1.4095463883247759e-131,5.64106486038448e-166,1.2343059762608373e-142,4.87711818985486e-146,7.053746601625925e-79,-9.012478088699556e-11,482689.6683589831,500344.8376560879
1.1708834491716424e-07,0.00011398472508446788,0.033275064314076876,298.1445102373863,0.0,5.397128843526467e-77,151.02298747576054,1.843640499121858e-124,0.0,1.6771985659175264e-149,50.340995825253515,4.557337891995126e-108,5.8644876375978045e-146,2.1307275619161754e-131,1.1172600204515832e-165,1.865950013969958e-142,9.129597560199077e-146,7.057202772749782e-79,-1.4124417848570186e-10,478834.4512338867,500333.2236492277
1.3841729024118232e-07,0.00011398552380434835,0.04174445524927358,298.1419761749555,0.0,6.389867387298523e-77,151.01981275111382,2.1866470367483964e-124,0.0,1.7886896385758893e-149,50.33993758370461,5.405735038351371e-108,2.8903647399526136e-146,2.9997018888283075e-131,1.8666386925986295e-165,2.62688771014725e-142,1.3243265548181068e-145,7.050133562803883e-79,-2.0647204664106975e-10,474979.4716875675,500318.40499030385
1.597462355652004e-07,0.0001139865110674076,0.05095285508436813,298.13884470918055,0.0,7.38081003266863e-77,151.01588873441412,2.5287116585273408e-124,0.0,1.5400617606522536e-149,50.33862957813805,6.252090262777698e-108,0.0,4.01584159687699e-131,2.624872753600418e-165,3.516300178761456e-142,1.4828331123285804e-145,7.03407739136304e-79,-2.870926137320387e-10,471124.7729913499,500300.09026237554
1.8107518088921846e-07,0.0001139877026023652,0.06089885245256386,298.135066261957,0.0,8.369467020683172e-77,151.0111529912017,2.8695548500019365e-124,0.0,1.3807837292639196e-149,50.33705099706724,7.095780054499886e-108,0.0,5.178372338131789e-131,3.2876864536804676e-165,4.533539600937307e-142,1.4556446515139765e-145,7.016718308362129e-79,-3.843877832490907e-10,467270.3984134059,500277.9886447649
2.0240412621323652e-07,0.00011398911412241239,0.07158096273214809,298.1305913437699,0.0,9.35540217512522e-77,151.0055431757743,3.2089443183473343e-124,0.0,1.440431950908619e-149,50.33518105859144,7.936297599418104e-108,1.2402553951963792e-146,6.486356412779594e-131,3.8931565764817206e-165,5.677956476047091e-142,1.4585568235181416e-145,6.997462513947117e-79,-4.996376112504215e-10,463416.3912182692,500251.80981626123
2.398986091515634e-07,0.00011399217632239465,0.09213882564872623,298.1208867368007,0.0,1.1080588465524469e-76,150.99337400509475,3.801313103021162e-124,0.0,1.8213142063603306e-149,50.33112466836492,9.404577120291842e-108,3.4388377087076707e-146,9.134783055250794e-131,4.986457886103222e-165,7.994927271143067e-142,1.6480639502124054e-145,6.955039733344868e-79,-7.496362152344585e-10,456642.3942768785,500195.0274884764
2.773930920898903e-07,0.00011399605173511939,0.11495752808830535,298.1086104364684,0.0,1.279319326271489e-76,150.97797500466135,4.387031358109413e-124,0.0,2.207344239478662e-149,50.325991668220446,1.0858311909212225e-107,3.2846747246491526e-146,1.2221713558736098e-130,6.339596536724802e-165,1.0694895344123422e-141,2.038316775659101e-145,6.90006668447448e-79,-1.0659748999687432e-09,449869.9013032537,500123.18512223597
3.148875750282172e-07,0.00011400082496200026,0.1400272257342767,298.0934970324034,0.0,1.4490197618622133e-76,150.95901140622448,4.964538152320154e-124,0.0,2.376109230569169e-149,50.31967046874149,1.229405361617092e-107,1.3057528518558433e-146,1.573780985509318e-130,8.007300952150331e-165,1.376905887526045e-141,2.4187807084486625e-145,6.832788170892311e-79,-1.45552807421146e-09,443099.1472183725,500034.7262279723
3.5238205796654404e-07,0.0001140065802081031,0.16733728512674473,298.07528287644993,0.0,1.616836433723637e-76,150.93615055725195,5.532178778401391e-124,0.0,2.3761667771626803e-149,50.31205018575065,1.3708133014509935e-107,0.0,1.9671669152233083e-130,9.832717669226201e-165,1.720677608617339e-141,2.6238635378604596e-145,6.753050202441901e-79,-1.9251281515200728e-09,436330.36688289477,499928.1054159537
3.8987654090487094e-07,0.00011401340125755986,0.1968762699412219,298.0537062059369,0.0,1.7824275560101588e-76,150.90906212702942,6.08823660580299e-124,0.0,2.362320606534305e-149,50.30302070900981,1.5096723616986596e-107,5.2685263831093445e-148,2.400970745550138e-130,1.1661844991912264e-164,2.0995647962285598e-141,2.7153521908591087e-145,6.659786318298626e-79,-2.4815620430583153e-09,429563.7950890161,499801.7895078706
4.2737102384319785e-07,0.0001140213714515885,0.22863192982539543,298.02850725979,0.0,1.9454355879687027e-76,150.8774183110285,6.630958244288741e-124,0.0,2.3860399181098084e-149,50.292472770342826,1.64558851652292e-107,4.2337709456844915e-147,2.873609471857065e-130,1.345449373958178e-164,2.5121316628369978e-141,2.8307801777034096e-145,6.55229582844669e-79,-3.131567862302316e-09,422799.66655232303,499654.2586474389
4.952049687985854e-07,0.0001140389780580324,0.2916734866328145,297.9728837671027,0.0,2.2325880379821654e-76,150.80754669534545,7.573273297945299e-124,0.0,2.4853016153550805e-149,50.26918223178182,1.8827169659848117e-107,6.599454244735157e-147,3.821389639724534e-130,1.6662234672550174e-164,3.338659749362933e-141,3.1833070708003365e-145,6.320807710095783e-79,-4.5668486410938566e-09,410569.16451539745,499328.59420481167
5.630389137539729e-07,0.00011406110322111768,0.36184267592599884,297.9030568544478,0.0,2.507848651846457e-76,150.71980439890032,8.45601709140098e-124,0.0,2.567664336111771e-149,50.23993479963344,2.106562855923949e-107,7.538123740135396e-147,4.877635032175362e-130,1.992140074931125e-164,4.2584337114322876e-141,3.623664290737994e-145,6.041345051426729e-79,-6.3693373667297674e-09,398348.81600908167,498919.7999488047
6.308728587093605e-07,0.00011408822736747125,0.4390459236732245,297.81754828946066,0.0,2.7689983306169115e-76,150.61233036079852,9.26983815846877e-124,0.0,2.5889853564565556e-149,50.20411012026618,2.3149093326221685e-107,7.151813549592055e-147,6.027488483575464e-130,2.324006215940381e-164,5.257990231251041e-141,4.1077670774533764e-145,5.71539031801623e-79,-8.577439962507611e-09,386140.0084707394,498419.2997024713
6.987068036647481e-07,0.00011412082426079497,0.5231803465753332,297.71491088096104,0.0,3.0139359766233237e-76,150.48330679542377,1.0006895172984525e-123,0.0,2.5756915130178004e-149,50.16110226514126,2.5058121955557355e-107,3.445755415241259e-147,7.254091056455735e-130,2.654322470480653e-164,6.322157963963388e-141,4.672228463526374e-145,5.3467683007204466e-79,-1.1228775440027806e-08,373944.12802743056,497818.74715370836
7.665407486201356e-07,0.00011415936030449688,0.6141336343310094,297.59373213164565,0.0,3.240790592860942e-76,150.33096517533983,1.066147340713741e-123,0.0,2.636512064463766e-149,50.11032172511328,2.6777367586945747e-107,0.0,8.539025374213724e-130,2.982892529031585e-164,7.434488409902195e-141,5.303683552445109e-145,4.94149804477078e-79,-1.4360076166573834e-08,361762.5593385371,497110.05817464064
8.343746935755232e-07,0.00011420429393284122,0.7117840199725708,297.45263751682677,0.0,3.448014814413269e-76,150.15359202809725,1.1230399471544193e-123,0.0,2.7232745246491526e-149,50.05119734269908,2.829659160412065e-107,8.239000342766512e-149,9.86288904547469e-130,3.3157459035347953e-164,8.577816957829829e-141,6.005382464215439e-145,4.5075627963171735e-79,-1.8007098913517025e-08,349596.6854385559,496285.44213757565
9.022086385309107e-07,0.00011425607502158844,0.8160003089019607,297.2902937128992,0.0,3.634460803504798e-76,149.94953478282903,1.171321107660568e-123,0.0,2.5441543611007812e-149,49.98317826094301,2.961124189270122e-107,-4.350037546586411e-163,1.1205934636337181e-129,3.6402382495942036e-164,9.734851080683717e-141,6.659253425021768e-145,4.054564609753829e-79,-2.2204537670795163e-08,337447.88758007577,495337.4334592922
9.700425834862984e-07,0.00011431514425612432,0.9266419435321467,297.1054120777376,0.0,3.79944066341101e-76,149.71720786947813,1.2112141953965142e-123,0.0,2.0916625170956266e-149,49.90573595649271,3.0722691004039586e-107,0.0,1.2548732892626071e-129,3.926508623512866e-164,1.0888803580975589e-140,7.267184840522702e-145,3.593172994531751e-79,-2.698592981013871e-08,325317.5450769572,494258.9244464309
1.0378765284416858e-06,0.00011438193247527628,1.043559114432738,296.89675228746165,0.0,3.9427640247437064e-76,149.4550989523008,1.2431916188264009e-123,0.0,1.496040956628529e-149,49.81836631743361,3.1638089556792644e-107,0.0,1.3872808389565537e-129,4.131333513011626e-164,1.2023955242195332e-140,7.920774792220145e-145,3.1344694370097705e-79,-3.238355820864497e-08,313207.03514773154,493043.1987711223
1.1057104733970732e-06,0.00011445686003512903,1.166592935550963,296.66312589943254,0.0,4.06474365646493e-76,149.16177507491525,1.267932047186552e-123,0.0,7.658173529654097e-150,49.72059169163842,3.2369738063797164e-107,0.0,1.5161204983907396e-129,4.240588635803183e-164,1.3126120730035282e-140,8.645453951516972e-145,2.6892579078681463e-79,-3.842835565763365e-08,301117.7327592389,491683.96433161903
1.1735444183524608e-06,0.00011454033620689087,1.2955756865460575,296.40339975802004,0.0,4.16616664278446e-76,148.8358886131748,1.2862602509411339e-123,0.0,0.0,49.61196287105827,3.2934033960247314e-107,-2.1588653298743104e-163,1.6398940965399302e-129,4.264441804240245e-164,1.4183015458616241e-140,9.439905773508181e-145,2.267379699758806e-79,-4.514981381129624e-08,289051.01047052094,490175.3848932424
1.2413783633078485e-06,0.0001146327585967918,1.4303311148897966,296.1164992898042,0.0,4.248235521827765e-76,148.4761830336778,1.2990797666829904e-123,0.0,-8.412686713256072e-166,49.49206101122594,3.335016576531287e-107,-3.4996776727145264e-163,1.757332140826225e-129,4.207346981481169e-164,1.51844836276361e-140,1.0356047254761961e-144,1.8771141047941763e-79,-5.257589532674161e-08,277008.23827698757,488512.1104577029
1.3092123082632359e-06,0.00011473451258006717,1.57067479257745,295.8014117164546,0.0,4.312486554412854e-76,148.08149843849978,1.3073073188659386e-123,0.0,2.020943120779428e-150,49.36049947949993,3.363872107022647e-107,-1.7818950201031343e-163,1.867409796086796e-129,4.1021026928990276e-164,1.6122569162011646e-140,1.1453628316204554e-144,1.524733276762549e-79,-6.073294835894771e-08,264990.7834548744,486689.30621965684
1.3770462532186235e-06,0.00011484597075580532,1.716414527785122,295.45718914066754,0.0,4.360692759023238e-76,147.65077681908073,1.311815947070832e-123,0.0,0.0,49.21692560636025,3.382035575322117e-107,1.8028876048374518e-147,1.969349087507551e-129,4.0975565083105605e-164,1.6991461495271734e-140,1.2737436366327556e-144,1.2142484832617571e-79,-6.964562459102564e-08,253000.01040600936,484702.67965939955
1.4448801981740111e-06,0.00011496749243356967,1.867350832365565,295.0829514392224,0.0,4.3947600295496396e-76,147.18306692765583,1.313391751770325e-123,0.0,0.0,49.061022309218615,3.3914650050931717e-107,7.412180356456591e-147,2.0626098726547916e-129,4.1333713356799724e-164,1.7787356306503773e-140,1.4182736705509464e-144,9.473650970000704e-80,-7.933680256959114e-08,241037.28050290458,482548.50524377375
1.5127141431293986e-06,0.00011509942315698741,2.0232774428423794,294.6778889254245,0.0,4.416625476296975e-76,146.67752869932818,1.3127066855923855e-123,0.0,3.1048541744330616e-150,48.89250956644273,3.393924168569742e-107,1.3941561063355755e-146,2.1468723473781535e-129,4.067560028133543e-164,1.8508254474504195e-140,1.5786265191545985e-144,7.236378299455713e-80,-8.982751733522775e-08,229103.95193419373,480223.646345093
1.5805480880847862e-06,0.00011524209426483387,2.1839818901959376,294.24126476719886,0.0,4.4281667102606604e-76,146.13343717878277,1.3103074304318103e-123,0.0,6.905385956108961e-150,48.711145726260916,3.390928371149882e-107,1.6987893223530428e-146,2.2220139356175474e-129,4.0276639327303565e-164,1.9153716491909913e-140,1.7533064045478544e-144,5.40791392523558e-80,-1.01136896675985e-07,217201.37955042964,477725.57410711085
1.6483820330401736e-06,0.00011539582249078073,2.3492461136703917,293.77241714510427,0.0,4.4311286894331925e-76,145.550185906536,1.3066181298040896e-123,0.0,1.050796998693939e-149,48.516728635511996,3.383722454092917e-107,1.7109788814793066e-146,2.2880832818241528e-129,4.09788031311411e-164,1.9724603448235388e-140,1.9339943193226068e-144,3.951539365487904e-80,-1.1328210438993531e-07,205330.91471026163,475052.38299903664
1.6541378855194642e-06,0.00011540938533064907,2.3634718974827376,293.73113204879553,0.0,4.431036298221808e-76,145.49887703224266,1.306256293175631e-123,0.0,3.5010585016060184e-138,48.499625677414215,1.237376196352388e-104,1.2993646716977026e-123,3.212028365083448e-129,3.961907260071841e-140,1.2288121749759645e-124,1.2288128221738121e-124,3.8436674277027536e-80,-1.1435161998544399e-07,204325.2017923037,474817.4518018953
1.6598937379987548e-06,0.00011542303014157845,2.3777287703483405,293.68961035770485,0.0,4.430894390127904e-76,145.44728238998886,1.305887584826396e-123,0.0,7.314345078124874e-138,48.482427463329614,6.3228930522807755e-105,0.0,5.102853568654646e-129,0.0,2.3604382230220251e-125,2.3604552312169632e-125,3.7381241198033466e-80,-1.1542727233142792e-07,203319.73057250492,474581.249677312
1.6738491647185298e-06,0.00011545645424193609,2.4124236831517853,293.58795691498796,0.0,4.4303500812337216e-76,145.3210000431317,1.3049661617102337e-123,0.0,2.673953462552943e-137,48.44033334771057,5.691901568582514e-104,0.0,2.2045982608942054e-128,-2.2633209057100705e-153,2.0386182375151457e-138,0.0,3.491680548192267e-80,-1.1806078776606432e-07,200882.9107467468,474003.28772789484
1.6878045914383048e-06,0.00011549036378283935,2.447298587231565,293.48491553101525,0.0,4.4295319570510015e-76,145.19303295958852,1.3040077118580998e-123,0.0,5.538675899802809e-137,48.39767765319617,2.2157913917755087e-103,-1.6294584532927964e-137,7.742858049016688e-128,9.497577035707729e-153,-4.073646133231991e-138,-3.0552345999239936e-138,3.258264518894422e-80,-1.2073054593272443e-07,198447.52828592842,473417.86002412526
1.7017600181580798e-06,0.00011552476126235577,2.4823515128879055,293.3804858429518,0.0,4.428451782713153e-76,145.0633779637476,1.303014282659822e-123,0.0,7.728544451498986e-137,48.354459321249195,3.7224047601381125e-103,0.0,1.890625092555587e-127,7.229787318299735e-153,0.0,0.0,3.0374610713840204e-80,-1.234366614212728e-07,196013.59489293635,472824.96752132673
1.7157154448778548e-06,0.00011555964915103622,2.517580478347777,293.27466419367744,0.0,4.427120945018028e-76,144.9320321024948,1.3019876561950925e-123,0.0,8.368589359175389e-137,48.31067736749826,4.117750638424392e-103,4.0663232947279837e-138,3.4057995484756887e-127,-1.580084011581822e-153,8.895082207217464e-139,7.62435617761497e-139,2.8288294862222457e-80,-1.261792451516009e-07,193581.1222636939,472224.6067444319
1.7296708715976299e-06,0.00011559502989174694,2.5529834934608244,293.16744600565477,0.0,4.425550435767455e-76,144.7989926459995,1.3009294331978852e-123,0.0,8.075907127479908e-137,48.266330881999835,3.764406434269649e-103,-4.062590638577257e-138,4.9121827320901925e-127,-1.4094942708047151e-153,5.078238298221571e-139,3.808678723666179e-139,2.63191114551451e-80,-1.2895840433068197e-07,191150.12208710483,471616.7736535699
1.7436262983174049e-06,0.00011563090589952352,2.588558562907921,293.05882764156354,0.0,4.423750829873177e-76,144.66425708837733,1.2998411075458776e-123,0.0,7.751300188485541e-137,48.221419029459106,4.039699360369774e-103,-3.01239834027927e-139,6.276070000148793e-127,1.8350381271480425e-154,1.506199170139635e-139,3.48804018348126e-139,2.4462568303631498e-80,-1.3177424242720973e-07,188720.6060449973,471001.46665928373
1.7575817250371799e-06,0.00011566727956149513,2.624303686480534,292.94880628458907,0.0,4.4217322833721265e-76,144.52782314804975,1.2987240855619813e-123,0.0,7.764820652222013e-137,48.17594104934991,4.794628116123454e-103,1.9931658928475207e-122,7.761994670813662e-127,1.6432825562769839e-137,4.8157836602212044e-123,4.815790521073574e-123,2.2714241271272287e-80,-1.3462685917161462e-07,186292.58581206744,470378.6864231352
1.7715371517569549e-06,0.00011570415323683764,2.660216858116743,292.83737908537836,0.0,4.4195045439683264e-76,144.38968876795693,1.2975796677938737e-123,0.0,8.117015132603273e-137,48.12989625598565,4.983441749276818e-103,1.076189232568445e-121,9.571307965034708e-127,4.0526461279069385e-137,3.4721551514648166e-122,3.472160936940204e-122,2.106966433641879e-80,-1.3751635056095982e-07,183866.07305582392,469748.4344760083
1.78549257847673e-06,0.00011574152925670408,2.696296065713725,292.7245429148756,0.0,4.41707695943835e-76,144.24985211581676,1.2964090381436334e-123,0.0,8.359887453294742e-137,48.08328403860558,5.154776477640104e-103,1.9981130136467565e-121,1.1555768445106695e-126,3.2088412710306206e-137,1.0960775151731281e-121,1.0960799495123874e-121,1.9524415397196424e-80,-1.404428088494688e-07,181441.079436531,469110.7128204505
1.799448005196505e-06,0.00011577940992413445,2.7325392918235036,292.61029470524994,0.0,4.414458479460795e-76,144.10831158442255,1.2952132736000128e-123,0.0,8.219174204703982e-137,48.03610386147419,5.32652485749947e-103,8.317292254589964e-122,1.3278649942367807e-126,0.0,1.9006350032652648e-121,1.90064143382112e-121,1.8074143210691278e-80,-1.43406322533713e-07,179017.61660715332,468465.5244819856
1.81340343191628e-06,0.00011581779751397404,2.768944514341058,292.4946317210013,0.0,4.4116576576026636e-76,143.9650657918686,1.293993360749543e-123,0.0,7.968033644858506e-137,47.988355263956194,5.2654964743756e-103,0.0,1.4878859590381493e-126,5.857684043303888e-137,2.194562426211769e-121,2.1945746910155596e-121,1.6714553895906876e-80,-1.4640697634342275e-07,176595.69621329912,467812.87394465215
1.8273588586360547e-06,0.0001158566942728122,2.805509706758954,292.37755150169005,0.0,4.4086826579719404e-76,143.8201135816595,1.292750204428722e-123,0.0,7.963193483884066e-137,47.940037860553176,5.170314976213204e-103,5.837930411974475e-122,1.6535927237574332e-126,1.8936615349333417e-136,2.107806117501091e-121,2.107824681224607e-121,1.544142933271266e-80,-1.494448512385445e-07,174175.32989316498,467152.767055988
1.8413142853558297e-06,0.00011589610241892889,2.842232838236835,292.25905170116147,0.0,4.4055412644891226e-76,143.6734540227514,1.2914846296101959e-123,0.0,8.161505678550005e-137,47.89115134091713,5.160581736435851e-103,9.221138539869236e-122,1.8155232116542326e-126,1.8796622463650932e-136,2.251325257510425e-121,2.2513497162904457e-121,1.4250638664522212e-80,-1.5252002440717692e-07,171756.52927747957,466485.2107661217
1.8552697120756048e-06,0.00011593602414223758,2.8791118738003436,292.139130048381,0.0,4.402240889284133e-76,143.52508640956634,1.290197384545741e-123,0.0,8.280828412797297e-137,47.841695469855445,5.144538025155428e-103,4.301324007338339e-122,1.969178361919574e-126,2.331194197363798e-137,2.708660446361278e-121,2.7086910493314377e-121,1.3138130349667492e-80,-1.556325692614362e-07,169339.3059894477,465810.2130631904
1.8692251387953798e-06,0.00011597646160422667,2.9161447746874978,292.0177844115678,0.0,4.398788580106147e-76,143.37501026197273,1.2888891475038797e-123,0.0,8.224140089569766e-137,47.79167008732425,5.143026760930594e-103,3.782263875888859e-124,2.11901735540151e-126,0.0,3.013685655937458e-121,3.0137236707192175e-121,1.2099941604980364e-80,-1.5878255543252128e-07,166923.67164469464,465127.78307436017
1.8831805655151548e-06,0.00011601741693790647,2.953329498698712,291.8950128447638,0.0,4.3951910288416795e-76,143.2232253252047,1.2875605339708109e-123,0.0,8.143215684116151e-137,47.741075108401574,5.19056625553691e-103,0.0,2.2642164953839106e-126,1.9013915991148882e-136,2.9686739982301947e-121,2.9687203679065118e-121,1.1132219195185032e-80,-1.6197004876713826e-07,164509.63785121008,464437.9311378197
1.90811701550381e-06,0.00011609189458201834,3.0201451344447845,291.67208081196304,0.0,4.388420800165547e-76,142.94775165909905,1.2851374662300553e-123,0.0,7.937755253732248e-137,47.64925055303302,5.387834966873283e-103,1.9684044609172635e-121,2.5382753506301794e-126,1.169766575493303e-135,2.5241807634814336e-121,2.5242433237030465e-121,9.566789439793005e-81,-1.6775924675010284e-07,160200.10932986095,463186.81663604436
1.933053465492465e-06,0.00011616804421202815,3.0874272997120342,291.444581306346,0.0,4.381240479673812e-76,142.66682368525713,1.282653860650217e-123,0.0,7.538447166722271e-137,47.55560789508571,5.69312321498671e-103,5.563450082970058e-121,2.8612007523764697e-126,2.8123109714935986e-135,3.45960586621751e-121,3.4596874435816595e-121,8.194005107893491e-81,-1.736687206283787e-07,155895.79433622357,461912.11682005704
1.9579899154811203e-06,0.00011624587731548417,3.1551642786221925,291.21250697281994,0.0,4.3736804230737564e-76,142.3804453117499,1.2801120325689724e-123,0.0,7.123900013760009e-137,47.46014843724997,5.990215794737391e-103,6.910097067798912e-121,3.206206682329394e-126,4.178076679813561e-135,7.273472133829323e-121,7.273581343630797e-121,6.994603349673905e-81,-1.796987557539742e-07,151596.75891112402,460613.9182472403
1.9829263654697754e-06,0.00011632540508752319,3.223344336049912,290.9758519913613,0.0,4.365767968471143e-76,142.08862272848896,1.2775139078357356e-123,0.0,6.948256535145175e-137,47.36287424282965,6.158637154366089e-103,4.563053624409013e-121,3.5150593379726145e-126,4.5942872942957867e-135,1.2364585155037978e-120,1.2364738648716033e-120,5.950564470714569e-81,-1.8584959889012507e-07,147303.06901438447,459292.3190397144
2.0078628154584305e-06,0.00011640663843047794,3.2919557226989413,290.734611993563,0.0,4.35752764890732e-76,141.79136439854312,1.2748610834149778e-123,0.0,7.2266410991012875e-137,47.26378813284771,6.040688179351818e-103,1.4043102034943806e-121,3.7597279143616516e-126,4.8840282982153916e-135,1.553436683280799e-120,1.553458385166774e-120,5.045137925473437e-81,-1.9212145825860291e-07,143014.79052381072,457947.4286692247
2.0574639995876166e-06,0.00011657333197523259,3.4296666640292455,290.24112066454865,0.0,4.340246496110976e-76,141.183971873684,1.2694267499334043e-123,0.0,7.969782416978444e-137,47.061323957894665,5.53390503559785e-103,0.0,4.05535228227503e-126,2.8835632970930744e-135,1.2560939781495064e-120,1.2561306771242992e-120,3.596268609282405e-81,-2.0495722955434697e-07,134501.30718111258,455203.5509481087
2.1070651837168026e-06,0.0001167468954039546,3.5689450997256014,289.72947508156074,0.0,4.321898341057784e-76,140.5552280660241,1.2637890959227389e-123,0.0,7.521597266129112e-137,46.851742688674705,5.18581858101388e-103,5.289805726752772e-122,4.402177344738333e-126,0.0,6.332610737750498e-121,6.333109870819755e-121,2.5286239804828172e-81,-2.1827332503561943e-07,126010.011292629,452369.0942561177
2.1431142935487566e-06,0.000116877391719023,3.671100629507496,289.34624001097023,0.0,4.3079601782678265e-76,140.08495402554973,1.2595676097255999e-123,0.0,6.801239679787286e-137,46.69498467518324,4.72122350334576e-103,4.273002625010006e-121,4.944195351980157e-126,3.4639585386007554e-135,8.940459422792901e-121,8.941018435638073e-121,1.9406770572265264e-81,-2.2825277419620655e-07,119852.93043400173,450252.9417714062
2.1791634033807105e-06,0.00011701158416089681,3.7739998759518363,288.95344085596776,0.0,4.2935548858716956e-76,139.60354549024177,1.2552436190521839e-123,0.0,6.498885691762799e-137,46.53451516341392,4.3492766144508615e-103,3.7898803218467158e-121,5.322731834791239e-126,6.900889642494979e-135,1.5494877338798837e-120,1.54954965883191e-120,1.4785259301741148e-81,-2.3848601316087575e-07,113708.03889122658,448090.14299705974
2.2152125132126645e-06,0.00011714949890362317,3.8776075349054158,288.55109987682744,0.0,4.278711878509632e-76,139.11107911172735,1.2508185878481074e-123,0.0,6.660415776096795e-137,46.370359703909116,4.346073195460593e-103,1.0054128863810106e-122,5.4220726839623437e-126,7.09805446174614e-135,1.9434564437745145e-120,1.9435273959415733e-120,1.118141465536962e-81,-2.489727926867421e-07,107575.53369863558,445881.2828485257
2.2512616230446185e-06,0.00011729116085077389,3.981888438839081,288.1392456828778,0.0,4.26345558545491e-76,138.60764080424238,1.2462938216995062e-123,0.0,6.867151478555231e-137,46.20254693474746,4.53645833170188e-103,0.0,5.487417525562005e-126,5.948561055797472e-135,1.8747783502354806e-120,1.874860516845516e-120,8.393525499748594e-82,-2.5971270139339497e-07,101455.61149339553,443626.9910088339
2.2873107328765724e-06,0.00011743659364073715,4.086807587800995,287.71791310758636,0.0,4.247806320746431e-76,138.09332558293295,1.2416705480811003e-123,0.0,2.5971284650548794e-137,46.031108527644314,5.066637861794723e-103,3.1402433169855637e-121,5.68510868772706e-126,4.260845707562576e-135,1.7474966937648202e-120,1.7475887336438506e-120,6.253961470158695e-82,-2.70705167484163e-07,95348.46850920306,441327.9407000471
2.3233598427085264e-06,0.0001175858196535863,4.192330180026225,287.2871432678483,0.0,4.231781039035167e-76,137.56823738640395,1.2369499560719875e-123,0.0,0.0,45.85607912880132,5.709761779639721e-103,2.1038992683176475e-121,5.867922469738718e-126,1.743041854349041e-135,2.0010051255574708e-120,2.0011050313086347e-120,4.624973886226248e-82,-2.8194946075559485e-07,89254.30056999269,438984.84767045116
2.3594089525404804e-06,0.00011773886001898557,4.298421641946501,286.84698355781603,0.0,4.215393990572284e-76,137.03248888587865,1.2321332236559763e-123,0.0,0.0,45.67749629529288,6.081639351723985e-103,0.0,5.9923664613289e-126,0.0,2.41134828051175e-120,2.411457089306408e-120,3.394627521188321e-82,-2.934446947943254e-07,83173.30308365717,436598.469016911
2.4254369563430673e-06,0.00011802912712500851,4.494101865435719,286.01661277262883,0.0,4.1844804839939874e-76,136.02396790611562,1.2230655285335132e-123,0.0,1.582491827247664e-136,45.34132263537187,6.529594133645255e-103,0.0,6.43086981579213e-126,3.762681815703011e-135,3.3171875691405656e-120,3.317320328350871e-120,1.8889201303201435e-82,-3.1514670489933974e-07,72070.07070534438,432117.96486994694
2.4914649601456547e-06,0.00011833236810198634,4.691367383554069,285.1553045009604,0.0,4.1524548936834924e-76,134.98091192434268,1.2136870703042155e-123,0.0,4.091731958653194e-136,44.993637308114224,7.406427679284353e-103,3.199318256322906e-120,1.1369665713241242e-125,5.399629190902987e-134,8.711618468032798e-120,8.71182947171658e-120,1.0244101378338695e-82,-3.3767928946352264e-07,61012.87085843959,427500.1700773423
2.5353201367561877e-06,0.00011854099674162057,4.823164819628639,284.56634988494704,0.0,4.130593023677685e-76,134.26947828806854,1.207290244667797e-123,0.0,4.511254598729124e-136,44.75649276268952,8.031176373323754e-103,4.828759968596983e-120,1.597236307219401e-125,9.428105506142227e-134,1.5072643006149076e-119,1.5072942498306706e-119,6.734195150770232e-83,-3.530997263534675e-07,53694.80791164155,424359.9448249686
2.5791753133667203e-06,0.00011875541765152974,4.9555123710877105,283.9640885336567,0.0,4.108274830192127e-76,133.54349290706546,1.2007625389165305e-123,0.0,4.359553067664372e-136,44.51449763568848,8.341936884270397e-103,2.585382007735589e-120,1.78235296696598e-125,1.0724878318174892e-133,2.0441353148748262e-119,2.0441752810712145e-119,4.372658945031276e-83,-3.688793495441877e-07,46397.92426983622,421163.3686379211
2.6230304899772533e-06,0.00011897565368806196,5.088352067984969,283.34867793206007,0.0,4.085512586451947e-76,132.80325708535025,1.1941066846832884e-123,0.0,4.171697293191674e-136,44.26775236178342,8.387649706608404e-103,1.9293118161996333e-121,1.7896102387045242e-125,1.028106335470918e-133,2.281172085320632e-119,2.281222769628926e-119,2.807448235320481e-83,-3.850147345085236e-07,39122.56620487245,417912.2479032029
2.6668856665877864e-06,0.00011920172518274683,5.221626896334551,282.72028700289644,0.0,4.062318014072144e-76,132.049086957317,1.187325534959962e-123,0.0,4.120213793535887e-136,44.01636231910566,8.370740847788269e-103,0.0,1.789478712013502e-125,1.0016814665826206e-133,2.2866380663139963e-119,2.2866998879525956e-119,1.7831280354049422e-83,-4.0150216588580366e-07,31869.078967108508,414608.45154995564
2.710740843198319e-06,0.00011943364998619777,5.355280857607632,282.0790956829099,0.0,4.038702546072521e-76,131.28131272456733,1.180422061349466e-123,0.0,4.146300721303452e-136,43.76043757485577,8.416754669672015e-103,6.193519650025115e-121,1.8172135156566878e-125,1.0245964603022497e-133,2.2623774276943564e-119,2.2624500718653963e-119,1.1196643210794495e-83,-4.1833764726530556e-07,24637.806769027666,411253.9063020191
2.754596019808852e-06,0.00011967144351613156,5.489259029279404,281.4252944613902,0.0,4.014677574518646e-76,130.50027786575643,1.1733993509306146e-123,0.0,5.604728793782351e-136,43.50009262191881,6.87944754965045e-103,1.161938372858838e-121,1.8306821005236635e-125,9.945723956518774e-134,2.3307813798196396e-119,2.3308637738874e-119,6.9429662564841865e-84,-4.3551691180042394e-07,17429.09276890382,407850.5918013728
2.798451196419385e-06,0.00011991511880672712,5.623507618231831,280.7590839329426,0.0,3.990254603169706e-76,129.70633833133797,1.1662606049172951e-123,0.0,7.84047427947138e-136,43.23544611044599,4.063630709009845e-103,0.0,1.8463277596606463e-125,9.217836817167576e-134,2.4341092562357076e-119,2.4342008407026738e-119,4.258676178747513e-84,-4.5303543281621777e-07,10243.27905451716,404400.53572464775
2.872437465283183e-06,0.00012033957381689308,5.850459866170822,279.6076102693823,0.0,3.9481821713912586e-76,128.33869475694834,1.1539633708928652e-123,0.0,1.0769970490950029e-135,42.77956491898278,7.224971263679694e-104,7.420753367784523e-121,1.9250324131824745e-125,9.633362464680918e-134,2.5955533304906343e-119,2.5956617848262307e-119,1.8240883747134087e-84,-4.833457620514348e-07,-1826.7568938819459,398479.92908994027
2.924238903519085e-06,0.00012064675725330486,6.009598093134762,278.7813136119239,0.0,3.9181015075801217e-76,127.36088409063284,1.1451713412321334e-123,0.0,1.0946290189821503e-135,42.45362803021094,1.3687546902320234e-103,1.055043111323974e-120,2.009183604582376e-125,1.1423773564902105e-133,2.685993202326967e-119,2.6861146486483293e-119,9.960677163164652e-85,-5.051210369953769e-07,-10237.341099998448,394264.40153700643
2.9760403417549872e-06,0.00012096218726552862,6.16883928155959,277.93890776242216,0.0,3.887530207773486e-76,126.367132788966,1.1362359813061804e-123,0.0,1.0433636472158418e-135,42.122377596321996,2.653312032353044e-103,4.769582937162318e-121,2.033925842645943e-125,1.2334682121776935e-133,2.7484965846785553e-119,2.7486298414564804e-119,5.331925715497933e-85,-5.273420679918194e-07,-18614.14269357,389995.1097819822
3.027841779990889e-06,0.00012128586716083523,6.328105029596455,277.08079471659914,0.0,3.856488942973775e-76,125.35810905641827,1.1271632975687029e-123,0.0,1.0186041251199044e-135,41.786036352139426,2.882225596676652e-103,0.0,1.9967971315856615e-125,1.1868681031937932e-133,2.746584579981985e-119,2.7467277741065237e-119,2.8156466136199386e-85,-5.499995428753792e-07,-26956.607049876242,385675.6681695882
3.079643218226791e-06,0.00012161779625242907,6.487319564729378,276.207390712649,0.0,3.824998785036453e-76,124.33449551092394,1.1179594279626669e-123,0.0,1.0284308060441872e-135,41.44483183697465,2.276366617662593e-103,1.5894079909473572e-121,1.9557499543970675e-125,1.1300022861845782e-133,2.7006815732554606e-119,2.700833835580021e-119,1.488984707277643e-85,-5.73083775643168e-07,-35264.181817651726,381309.7271797028
3.131444656462693e-06,0.00012195796998206426,6.646409783708766,275.31912525614575,0.0,3.7930811488947776e-76,123.29698728610555,1.1086306242543729e-123,0.0,1.035010285137306e-135,41.09899576203518,2.3296519408245204e-103,0.0,1.9256055714332463e-125,1.1070978946830098e-133,2.6882243465537837e-119,2.688385144259243e-119,7.635760323368104e-86,-5.965847303280667e-07,-43536.31695565698,376900.9628819401
3.183246094698595e-06,0.00012230638006803898,6.805305302656906,274.4164399402678,0.0,3.760757752011008e-76,122.24629007766276,1.0991832319838394e-123,0.0,1.034020204569602e-135,40.748763359220916,3.2391977539464583e-103,0.0,1.8917229510949363e-125,1.073325220299375e-133,2.740615281008436e-119,2.7407838136756437e-119,3.756308146105506e-86,-6.204920499032184e-07,-51772.46476909635,372453.0661220559
3.235047532934497e-06,0.00012266301465842642,6.963938499134936,273.4997872429676,0.0,3.7280505750467194e-76,121.1831182058138,1.0896236729139937e-123,0.0,1.029860203015528e-135,40.39437273527127,3.7931825725208224e-103,1.190335886367422e-120,1.8745276659774365e-125,1.0217535812356172e-133,2.7152041935588915e-119,2.7153797331379254e-119,2.203283945158832e-86,-6.447950857956013e-07,-59972.079945880454,367969.7319409211
3.3211420866405503e-06,0.0001232738962900803,7.226834445938855,271.94665487835164,0.0,3.6729018890134475e-76,119.39046861753911,1.0735049806521995e-123,0.0,1.0303713407553265e-135,39.79682287251304,4.036563943277361e-103,2.548187891520711e-120,1.8085886516060169e-125,8.621999172553718e-134,2.8280303107092945e-119,2.8282159819066837e-119,1.0753978252140396e-86,-6.860327999370032e-07,-73517.64915609872,360449.9446441147
3.407236640346604e-06,0.00012390736282596307,7.4885471691136,270.3583947263841,0.0,3.616857105856949e-76,117.56869131338694,1.0571243853202767e-123,0.0,1.0410334020742195e-135,39.18956377112898,4.4163168407966863e-103,3.5211818559294596e-122,1.6153806191753522e-125,4.391230442885144e-134,3.3793607786920176e-119,3.3795535417764377e-119,5.412394661449935e-87,-7.282818425545037e-07,-86958.32904377091,352859.27846288745
3.493331194052657e-06,0.0001245633010934624,7.748817362916114,268.737233360037,0.0,3.5600193782670934e-76,115.7211386001949,1.0405120291865848e-123,0.0,1.0410281471629681e-135,38.57371286673163,4.822076588944685e-103,0.0,1.3988427545551485e-125,0.0,3.764639613037964e-119,3.764838773203491e-119,3.878963686766788e-87,-7.714892220059191e-07,-100291.66147389426,345214.32611439325
3.5794257477587106e-06,0.00012524157649878903,8.007406834619694,267.0854374530947,0.0,3.5024916696024164e-76,113.85115693192434,1.023698001496229e-123,0.0,1.0202770637299221e-135,37.950385643974776,4.653343979159266e-103,4.0516456689139565e-120,1.2805904358927443e-125,4.01895654449063e-135,3.5696420352947464e-119,3.569851994940788e-119,3.0931471913525775e-87,-8.156007840558155e-07,-113515.20794399548,337531.3427970209
3.6655203014647637e-06,0.00012594203482738578,8.26409812981286,265.4053012644178,0.0,3.444376131688413e-76,111.96206704324814,1.0067121609334655e-123,0.0,9.910799030047398e-136,37.32068901441605,4.040848550049745e-103,3.649787366826108e-120,1.255955420924871e-125,2.300481686946574e-134,3.5572389086838093e-119,3.55745936862462e-119,2.5007310715215084e-87,-8.605615235601654e-07,-126626.55003010307,329826.1505004583
3.7516148551708173e-06,0.00012666450401873128,8.518694053360441,263.69913457367124,0.0,3.385773553232951e-76,110.05714554445193,9.895839697630142e-124,0.0,9.667675744455912e-136,36.68571518148398,3.4819033171764855e-103,0.0,1.251474530819132e-125,3.071603948940926e-136,4.065474129036403e-119,4.065698399672504e-119,2.196139230484779e-87,-9.06315885575851e-07,-139623.28982904658,322114.05268353387
3.8377094088768705e-06,0.00012740879589126286,8.77101707547588,261.96925129051704,0.0,3.326782856899501e-76,108.13960811653322,9.723423420482372e-124,0.0,9.472436599288692e-136,36.04653603884441,3.1057665529309764e-103,1.3494404573991078e-120,1.2222294278036155e-125,0.0,4.1686151760986293e-119,4.168844234858812e-119,1.8806752198050145e-87,-9.52808050446803e-07,-152503.05039700458,314409.7599117484
3.923803962582924e-06,0.00012817470780279112,9.020908607158583,260.2179588881427,0.0,3.267500632769994e-76,106.21259438550467,9.55015507693552e-124,0.0,9.260669634158395e-136,35.404198128501555,2.711274447386715e-103,5.8446332324457215e-120,1.1765066426572449e-125,4.662028885475491e-134,3.776444474974465e-119,3.776683365036754e-119,1.5702328054459522e-87,-9.999821992067132e-07,-165263.4761842175,306727.3266621825
4.009898516288978e-06,0.00012896202424228696,9.268228166229266,258.4475486573905,0.0,3.2080207177162395e-76,104.27915449935767,9.376308921442443e-124,0.0,9.012810951064693e-136,34.75971816645256,2.1876128829966307e-103,2.7730584167211908e-120,1.1375258343664907e-125,6.714543547525059e-134,3.946242758181962e-119,3.946487394905451e-119,1.3426256180526136e-87,-1.0477827592574446e-06,-177902.2334657889,299080.0990631018
4.09599306999503e-06,0.00012977051834966392,9.512852471216489,256.66028674095907,0.0,3.1484338319068316e-76,102.34223740610464,9.202150110882403e-124,0.0,8.758382972987058e-136,34.114079135368215,1.6246511874419535e-103,0.0,1.1101202153784717e-125,2.0803031041755668e-134,4.6753292676806395e-119,4.675570376024122e-119,1.1533980359535122e-87,-1.096154631106221e-06,-190417.01076849562,291480.6731629308
4.182087623701084e-06,0.0001305999533572445,9.754674487146081,254.8584059561104,0.0,3.0888272724142706e-76,100.40468081720111,9.027933800342634e-124,0.0,8.520859392702991e-136,33.46822693906704,1.1230734942095598e-103,8.17920944649677e-120,1.0840675936675606e-125,2.1489767054322607e-134,4.469918379643799e-119,4.470162709428161e-119,9.775933473869499e-88,-1.1450433958110372e-06,-202805.51929352758,283940.8632967109
4.268182177407137e-06,0.00013145008394670486,9.993602432629633,253.044098440013,0.0,3.0292846574924716e-76,98.46920282038845,8.853904387884198e-124,0.0,8.295070395269274e-136,32.823067606796144,6.756893639891458e-104,1.4989442013453485e-119,1.0530905670167494e-125,8.672107169698762e-134,3.9518446596810286e-119,3.9521002172331885e-119,8.213439305405385e-88,-1.194395502231462e-06,-215065.49333508033,276471.6800495541
4.35427673111319e-06,0.00013232065751810827,10.229558757068169,251.21950912616168,0.0,2.969885717234942e-76,96.53839508229241,8.680294903950988e-124,0.0,8.067920976288405e-136,32.17946502743081,2.3189024132775378e-104,1.8251656730332198e-120,1.0202126754803766e-125,8.327401087110598e-134,5.024207381236816e-119,5.024462543529698e-119,6.882025744249504e-88,-1.2441584338208778e-06,-227194.69069472537,269083.31718950026
4.440371284819244e-06,0.00013321141537002068,10.462479102680563,249.38673002596113,0.0,2.9107061297413314e-76,94.61471756232666,8.50732653687051e-124,0.0,7.838247186379191e-136,31.53823918744222,0.0,0.0,9.89684890924288e-126,0.0,6.627190023191503e-119,6.627430823384104e-119,5.78457768622048e-88,-1.2942808555141585e-06,-239190.89309148048,261785.1468365522
4.526465838525297e-06,0.00013412209379063203,10.69231126741707,247.547795278509,0.0,2.851817401814475e-76,92.70049464736795,8.335208285257323e-124,0.0,7.61353920001765e-136,30.900164882455982,0.0,3.349923444651767e-119,9.605217458468591e-126,8.99856576062115e-134,5.103614177775815e-119,5.103867165209576e-119,4.8762136556808534e-88,-1.3447127415332438e-06,-251051.90656750626,254585.72208893375
4.612560392231351e-06,0.00013505242506029697,10.919014181418394,245.70467693868102,0.0,2.7932867936141206e-76,90.79791260830027,8.164136732741663e-124,0.0,7.456418462499865e-136,30.26597086943342,2.3123016415159005e-104,5.803782369284467e-119,9.413781287151699e-126,6.837139825555365e-133,3.227071016719664e-119,3.2274149120236146e-119,9.973809797896158e-87,-1.395405484798427e-06,-262775.5618893532,247492.7863213727
4.698654945937404e-06,0.0001360021383666448,11.142556903366762,243.85928146164463,0.0,2.735177273605556e-76,88.90901827310266,7.994295912599478e-124,0.0,7.270172888822093e-136,29.636339424367552,0.0,0.0,9.172267885365142e-126,8.685308329323166e-133,1.0388511333679655e-118,1.0388883311010746e-118,1.070088408543495e-86,-1.4463119888755385e-06,-274359.71494468907,240513.2883565393
4.784749499643457e-06,0.00013697096063436964,11.362917646053093,242.01344685816227,0.0,2.677547511231051e-76,87.0357188066797,7.825857324105288e-124,0.0,7.090786955956529e-136,29.011906268893235,1.0009731594183878e-103,0.0,9.326237293727979e-126,0.0,2.4712863768895025e-118,2.4713053474543003e-118,8.769784415475268e-87,-1.4973867431271089e-06,-285802.2471344294,233653.4027383276
4.870844053349511e-06,0.00013795861727261647,11.580082837954599,240.16894047354145,0.0,2.6204519037057386e-76,85.17978248571242,7.658979945540663e-124,0.0,6.978697508731011e-136,28.39326082857081,1.2184733780520308e-103,3.1690184414237685e-118,8.498460853606027e-126,-1.3910866957297093e-148,7.963860004891986e-119,7.963778157908886e-119,8.523107541702552e-87,-1.5485858821874688e-06,-297101.06576020457,226918.55433641182
4.956938607055564e-06,0.00013896483284337341,11.794046226168343,238.32745733713435,0.0,2.5639406282140154e-76,83.34284035738288,7.49381043320674e-124,0.0,6.870878138903281e-136,27.780946785794296,7.090553287364891e-104,8.594464369681185e-118,8.335123044353706e-126,5.3814958630251957e-132,0.0,0.0,7.672284955178996e-87,-1.599867231018576e-06,-308254.1044070872,220313.4465412999
5.043033160761617e-06,0.0001399893316545749,12.004808024263589,236.49061903455902,0.0,2.5080597141799753e-76,81.5263886732987,7.330483329384175e-124,0.0,6.724577193335182e-136,27.175462891099563,3.520473613574308e-104,9.427815712422541e-118,8.932876467558865e-126,1.114550057655594e-131,3.5999462927942152e-118,3.599973961625991e-118,6.073836525405384e-88,-1.6511903366856228e-06,-319259.32332151465,213842.09235783122
5.129127714467671e-06,0.00014103183828198483,12.21237411090195,234.6599730616391,0.0,2.4528511407015875e-76,79.73179199351219,7.16912133120018e-124,0.0,6.558674765767761e-136,26.577263997837395,4.315664626363091e-104,5.267475680023303e-118,9.544585890792577e-126,1.2448232738635152e-131,8.888825479997648e-118,8.888868098464347e-118,0.0,-1.7025164879352936e-06,-330114.7097843352,207507.84775859982
5.215222268173724e-06,0.00014209207802418788,12.41675527832388,232.83699261251914,0.0,2.398352949838463e-76,77.96028686029516,7.009835620836304e-124,0.0,6.404078630439176e-136,25.986762286765053,6.231421093488163e-104,1.3879458255117655e-118,9.25005006723998e-126,1.0993964881354654e-131,1.1585836501735245e-117,1.1585876688433406e-117,5.289144241682213e-88,-1.7538087236720735e-06,-340818.27847890893,201313.44670330282
5.301316821879778e-06,0.00014316977729511056,12.617966532161901,231.02307675701852,0.0,2.344599372545709e-76,76.21298594712432,6.852726243068746e-124,0.0,6.2653781950059336e-136,25.404328649041442,6.516060247375557e-104,6.38617857184569e-119,8.198610893142787e-126,1.0298745108246014e-131,1.1290644717488518e-117,1.1290679729248558e-117,7.792728295846641e-91,-1.80503183144604e-06,-351368.07185419847,195261.03728602425
5.3874113755858314e-06,0.00014426466395854918,12.816026444238627,229.2195509637531,0.0,2.2916209676869403e-76,74.49088259468463,6.697882514923295e-124,0.0,6.12994731877466e-136,24.830294198228213,5.268087643346014e-104,1.1043335045947843e-118,1.2870780971721455e-125,4.632097577118626e-132,1.0746410615321328e-117,1.0746446223559496e-117,1.4448280953216688e-89,-1.8561523370579838e-06,-361762.1604827801,189352.2185276789
5.473505929291884e-06,0.00014537646760923309,13.010956558144482,227.42766792811761,0.0,2.2394447716427717e-76,72.79485565236898,6.545383459575936e-124,0.0,5.990523437476015e-136,24.264951884122993,4.1420080807026964e-104,4.695713325503428e-119,2.630668450741849e-125,0.0,1.1567457542154865e-117,1.1567496639841692e-117,1.2038964244260356e-88,-1.907138486297215e-06,-371998.64341371297,183588.07738615977
5.559600482997938e-06,0.00014650491980493143,13.202780846325497,225.64860866511862,0.0,2.1880944549082293e-76,71.12567455069286,6.395298261003534e-124,0.0,5.850248046970929e-136,23.70855818356429,4.0813283919739916e-104,0.0,3.61904191871954e-125,2.0101769933223248e-132,1.2437706697683888e-117,1.2437747749868281e-117,4.723096934686151e-89,-1.957960219804127e-06,-382075.6485201998,177969.22560922822
5.645695036703991e-06,0.00014764975425398614,13.391525216950505,223.88348383040412,0.0,2.1375904831439048e-76,69.4840045371403,6.2476867348708745e-124,0.0,5.7139416295386315e-136,23.16133484571343,4.452375571122533e-104,8.708788463340916e-119,2.835075192497341e-125,1.1116360459253526e-131,1.1773069258343402e-117,1.1773110508778984e-117,3.401086825328762e-89,-2.0085891419663346e-06,-391991.3328419749,172495.83610775904
5.731789590410045e-06,0.00014881070696248148,13.5772170688536,222.13333523580815,0.0,2.0879502811583633e-76,67.87041201497644,6.102599809309853e-124,0.0,5.582118992935799e-136,22.62347067165881,4.49410476185635e-104,1.6808813512094569e-118,1.586671265042986e-125,1.8907366540024462e-131,1.0777385285918824e-117,1.0777426447253905e-117,4.289452340149298e-89,-2.058998484693732e-06,-401743.88292235974,167167.67857618918
5.817884144116098e-06,0.00014998751634509442,13.75988489268443,220.3991375280965,0.0,2.0391883985689944e-76,66.28536993133723,5.960080009646848e-124,0.0,5.452721388710843e-136,22.095123310445743,4.226049006573794e-104,9.502229041797198e-119,1.7210780812437745e-125,1.467188427434393e-131,1.1125528636670012e-117,1.1125569448895465e-117,2.8924372628889155e-89,-2.1091630668647822e-06,-411331.5151399218,161984.15413230937
5.903978697822151e-06,0.00015117992330350598,13.939557916002327,218.68180000189994,0.0,1.991316675713631e-76,64.72926316737491,5.820161942811916e-124,0.0,5.324694139945052e-136,21.576421055791638,3.992761640617393e-104,0.0,2.673891060857762e-125,4.946931618115725e-132,1.2018103866137599e-117,1.2018144108621378e-117,2.2254465191725702e-89,-2.1590592501778087e-06,-420752.4760346768,156944.32879020675
5.990073251528205e-06,0.00015238767127605674,14.116265789733367,216.98216852040096,0.0,1.9443444083559592e-76,63.20239388940194,5.6828727782658386e-124,0.0,5.198621222464109e-136,21.067464629800646,3.920192927594768e-104,4.86372883222871e-119,2.577903294977723e-125,4.7769930725387933e-132,1.1604828070043923e-117,1.1604868296599252e-117,2.0199051824298356e-89,-2.2086648920745413e-06,-430005.0426287749,152046.96561849472
6.076167805234258e-06,0.00015361050626209828,14.290038313314803,215.3010275200308,0.0,1.8982785100126708e-76,61.70498682578562,5.548232722501991e-124,0.0,5.075270547142269e-136,20.568328941928538,3.901053842325288e-104,1.5080442447917965e-118,1.6124187692256957e-125,1.380678469904145e-131,1.044782288404518e-117,1.0447863570942515e-117,1.5723411382386504e-89,-2.257959296336771e-06,-439087.5227416118,147290.55547073603
6.162262358940311e-06,0.00015484817682425402,14.46090519587156,213.6391020779352,0.0,1.8531236710440416e-76,60.23719443973801,5.416255484278509e-124,0.0,4.9546940498060804e-136,20.079064813246003,3.8287349744236e-104,1.1391144986451794e-118,1.4320581623545873e-125,1.5844547164281058e-131,1.0471976929435536e-117,1.0472017169262497e-117,1.2484851480115265e-89,-2.3069231618966648e-06,-447998.25529930927,142673.34620592018
6.248356912646365e-06,0.000156100434071572,14.628895850779053,211.99706002321668,0.0,1.808882513806314e-76,58.79910197309059,5.286948728167005e-124,0.0,4.83655606319333e-136,19.599700657696864,3.710264875935695e-104,0.0,2.2296295138917154e-125,7.352332692941166e-132,1.1521156443338312e-117,1.1521195179446482e-117,1.0395393673547451e-89,-2.355538530346307e-06,-456735.610638503,138193.37034405468
6.334451466352418e-06,0.00015736703162632965,14.79403922095816,210.37551407506152,0.0,1.7655557432358757e-76,57.39073234064478,5.16031451458817e-124,0.0,4.720699169714161e-136,19.13024411354826,3.60055129299623e-104,1.1911061969989758e-119,2.4055032423593063e-125,2.879946935799625e-132,1.14373582128568e-117,1.1437395987360993e-117,8.342700669858779e-90,-2.4037887325793044e-06,-465297.9908043898,133848.47112565849
6.464846734746953e-06,0.0001593121318759978,15.038799706505609,207.95985057236788,0.0,1.7016731439347624e-76,55.31417986054813,4.9736003280749195e-124,0.0,4.549526326706262e-136,18.438059953516042,3.4862587573177166e-104,1.641933492375803e-118,2.0163364329447331e-125,1.7626976808088317e-132,1.026922281257638e-117,1.0269259760519219e-117,5.965293948730885e-90,-2.4761370556753704e-06,-477929.54347894737,127519.86129704259
6.595242003141489e-06,0.00016128873130641532,15.277188742942426,205.59419949650305,0.0,1.6398745101429607e-76,53.305368264604176,4.792977094827504e-124,0.0,4.3837808850997194e-136,17.768456088201393,3.403179786549351e-104,1.9197781944095278e-118,2.5102916244279894e-125,0.0,1.0561442261473272e-117,1.0561477471674425e-117,4.3500773995446936e-90,-2.547564097323375e-06,-490150.8393401437,121487.07972249543
6.725637271536024e-06,0.00016329600507373294,15.509296784862492,203.28003561065896,0.0,1.5801416197704807e-76,51.363705229562,4.6183915557942874e-124,0.0,4.223787714506826e-136,17.121235076520666,3.302895906823036e-104,7.20127282050012e-119,3.674443308642122e-125,0.0,1.201688707947946e-117,1.2016919894421445e-117,3.154070110702793e-90,-2.6180271272586856e-06,-501956.75136228534,115740.88195891673
6.856032539930559e-06,0.00016533313980366592,15.735209177081284,201.01859995858513,0.0,1.522449698195334e-76,49.48838543743421,4.449771300427474e-124,0.0,4.069543311975875e-136,16.496128479144737,3.1787056572450406e-104,1.6791906090946324e-120,4.1284881123484146e-125,3.259703520209565e-132,1.2434072131323061e-117,1.2434103363707756e-117,2.282724491634347e-90,-2.6874887815376613e-06,-513342.32677972876,110271.58925031373
6.986427808325095e-06,0.0001673993328873858,15.955005887059475,198.81091609725883,0.0,1.4667683287747615e-76,47.678420172283936,4.287027427885974e-124,0.0,3.920772475350971e-136,15.892806724094644,3.053041343990392e-104,4.445396104719545e-119,3.648138052517576e-125,7.180452130922983e-132,1.145059571350065e-117,1.1450626370885403e-117,1.655315583527976e-90,-2.7559166493097878e-06,-524302.7891646421,105069.21919807806
7.11682307671963e-06,0.0001694937917737821,16.168761358224614,196.65780576008328,0.0,1.4130622886813796e-76,45.93266448943725,4.130056989944614e-124,0.0,3.777229051839009e-136,15.310888163145751,2.940262726298868e-104,8.602984873680005e-119,3.142235794596577e-125,7.888278490223115e-132,1.0534704098962093e-117,1.0534734156512201e-117,1.1980543416566508e-90,-2.823282872648549e-06,-534833.540430792,100123.59998370217
7.247218345114166e-06,0.00017161573325959585,16.37654447934429,194.55990391224967,0.0,1.3612923121767156e-76,44.24984202618283,3.978745221852477e-124,0.0,3.638811413636084e-136,14.749947342060944,2.836869935943293e-104,5.461508940938026e-119,3.1370050098851367e-125,5.478560884786876e-132,1.0470428756367236e-117,1.0470457636331175e-117,8.677542644012873e-91,-2.889563760437284e-06,-544930.1627625133,95424.46939003936
7.377613613508701e-06,0.00017376438277384574,16.57841867815788,192.5176731646185,0.0,1.311415784207801e-76,42.628567547753946,3.8329675695735395e-124,0.0,3.50546606376566e-136,14.209522515917982,2.735214351731346e-104,8.024359811994356e-120,3.2839059556641275e-125,3.654776487866784e-132,1.0582645391038881e-117,1.0582672966107696e-117,6.29820198773383e-91,-2.954739417102027e-06,-554588.4204680515,90961.55988985194
7.508008881903236e-06,0.00017593897367172956,16.774442115034482,190.5314175031875,0.0,1.2633873672493161e-76,41.067367323393,3.6925915219170525e-124,0.0,3.3770901031753173e-136,13.689122441131001,2.6339454387754403e-104,9.460661100417708e-120,3.167939503153034e-125,4.3678100314987725e-132,1.017979308403957e-117,1.0179819712599394e-117,4.5765009354871964e-91,-3.0187933874154744e-06,-563804.261756503,86724.67102070642
7.638404150297772e-06,0.0001781387465593709,16.96466793730269,188.60129530455274,0.0,1.2171595646427159e-76,39.564697438109306,3.5574782570470586e-124,0.0,3.2535343078352077e-136,13.188232479369768,2.5360458948837882e-104,3.55734422474048e-119,2.8898117280527764e-125,5.714344476872937e-132,9.519611276673962e-118,9.519637172068368e-118,3.3318637711275914e-91,-3.081712318379998e-06,-572573.8204376039,82703.7302400362
7.768799418692307e-06,0.0001803629486598988,17.14914456902593,186.7273316345582,0.0,1.172683224253127e-76,38.118960164387964,3.4274841145487647e-124,0.0,3.1346493849888717e-136,12.706320054795988,2.4432611592799288e-104,3.6329173360848146e-119,2.7398435523351154e-125,5.4848739456469774e-132,9.140422628358636e-118,9.140447650085142e-118,2.431674897400978e-91,-3.1434856384789135e-06,-580893.417543659,78888.84344154365
7.899194687086842e-06,0.00018261083322080267,17.3279160276954,184.90942984185284,0.0,1.1299079866053173e-76,36.72851852917824,3.3024619052250773e-124,0.0,3.020303818984948e-136,12.24283950972608,2.3547983316105215e-104,8.011014861459618e-120,2.7648673651137765e-125,3.922779300433068e-132,9.083105709245503e-118,9.08312967622246e-118,1.779002445155912e-91,-3.2041052541373787e-06,-588759.5628729248,75270.33627076469
8.029589955481378e-06,0.00018488165896177422,17.50102226319721,183.14738247200282,0.0,1.0887826816514792e-76,35.39170921114677,3.182262070760382e-124,0.0,2.9103704679180375e-136,11.797236403715589,2.2694086879527643e-104,2.5383481441892195e-120,2.696912072577409e-125,3.7152837038195644e-132,8.811729312604206e-118,8.811752398728527e-118,1.305266067459352e-91,-3.26356526291079e-06,-596168.956453806,71838.78730641145
8.159985223875914e-06,0.00018717468956573163,17.668499507693472,181.4408815071571,0.0,1.0492556781798035e-76,34.10685389848061,3.06673370496368e-124,0.0,2.8047138094043698e-136,11.368951299493535,2.1868412893689573e-104,4.9175736796927475e-119,2.365579492175427e-125,6.140433968363896e-132,8.024620042604292e-118,8.02464262502184e-118,9.60763994289629e-92,-3.3218616834117977e-06,-603118.4899292435,68585.05408046191
8.29038049227045e-06,0.00018948919321604745,17.830380625037215,179.7895279514697,0.0,1.0112751897600675e-76,32.872269233879265,2.9557254479770183e-124,0.0,2.7031919486507707e-136,10.957423077959755,2.1074618772487843e-104,9.222350276294361e-119,2.036684290351752e-125,8.325072601862117e-132,7.282435716153699e-118,7.282457807726479e-118,7.095983173503335e-92,-3.3789922016749694e-06,-609605.2478607201,65500.29283718979
8.420775760664984e-06,0.00019182444218008654,17.986695452513548,178.19284079274198,0.0,9.747895410237584e-77,31.6862754701863,2.849086264550128e-124,0.0,2.6056641976720364e-136,10.562091823395432,2.0314210872441447e-104,5.50057290957616e-119,2.1025257267323518e-125,6.516821250565382e-132,7.3571650682182035e-118,7.357186177282285e-118,5.2604019308259095e-92,-3.4349559333985725e-06,-615626.5089513334,62575.97285902404
8.551171029059521e-06,0.000194179712436822,18.137471131320183,176.6502653705952,0.0,9.397473979227801e-77,30.5472039551222,2.746666117033546e-124,0.0,2.5119939217265145e-136,10.182401318374067,1.958495497482201e-104,0.0,2.444732566874317e-125,2.0963378992741458e-132,7.965407587654043e-118,7.965427393568712e-118,3.9151678930726434e-92,-3.489753201486861e-06,-621179.7471874207,59803.88611040949
8.681566297454056e-06,0.00019655428334612783,18.28273242312913,175.16118117763034,0.0,9.060979653976154e-77,29.4534035566406,2.6483165431177144e-124,0.0,2.4220467721248367e-136,9.817801185546866,1.888411493462938e-104,5.684010650772866e-119,2.276479250821225e-125,6.86552319802664e-133,7.504537505927501e-118,7.50455642827236e-118,2.926192234084236e-92,-3.5433853284155e-06,-626262.6328982632,57176.152873718536
8.811961565848591e-06,0.0001989474373579481,18.422502009877892,173.72490911929341,0.0,8.737911556552366e-77,28.40324613293144,2.553891147671007e-124,0.0,2.3356891690316787e-136,9.467748710977146,1.8210510326408892e-104,2.061777522835167e-118,1.5139604091509233e-125,7.384128701265407e-132,5.855209445314117e-118,5.855228580028698e-118,2.1967453096653713e-92,-3.5958544429790492e-06,-630873.0337334189,54685.223979430215
8.942356834243126e-06,0.00020135845975947466,18.556800774419777,172.34071826039929,0.0,8.427777300369168e-77,27.395131143941697,2.463246017386732e-124,0.0,2.2527889518203255e-136,9.1317103813139,1.7563842758529933e-104,2.460179600469052e-118,1.1567766896593738e-125,1.186620923124056e-131,5.103188052550223e-118,5.103207135802512e-118,1.6568218682207702e-92,-3.647163300933683e-06,-635009.015557277,52323.88016756309
9.072752102637662e-06,0.0002037866384578524,18.68564806105944,171.00783208693528,0.0,8.130094172440295e-77,26.42748949439394,2.37624006632987e-124,0.0,2.1732167275693363e-136,8.80916316479798,1.6943465104196908e-104,1.4655049027613441e-118,1.4769513728839828e-125,9.02512997356694e-132,5.760748309185023e-118,5.7607664015404485e-118,1.2558875707579844e-92,-3.697315119057944e-06,-638668.8432604582,50085.22905674308
9.203147371032198e-06,0.00020623126379549822,18.80906191483147,169.7254343136371,0.0,7.844390104777934e-77,25.49878669138748,2.292735319854246e-124,0.0,2.096846416083339e-136,8.499595563795827,1.634819914808493e-104,7.112147970756286e-119,1.7495354207232803e-125,5.3439567647322834e-132,6.2730405442830955e-118,6.2730575588925105e-118,9.566736568420837e-93,-3.746313421980345e-06,-641850.9814877203,47962.70014160401
9.333542639426733e-06,0.00020869162839520238,18.927059300774083,168.49267426061755,0.0,7.57020445837014e-77,24.60752539277693,2.2125971437411984e-124,0.0,2.0235550975650964e-136,8.202508464258978,1.5776838345104457e-104,1.0201229095671425e-118,1.543911491010981e-125,6.053224599588891e-132,5.758864690539916e-118,5.75888122937282e-118,7.325247578571067e-93,-3.7941619015281833e-06,-644554.095282064,45950.03818536218
9.463937907821268e-06,0.00021116702703244896,19.03965630336271,167.3086718237512,0.0,7.307088641141832e-77,23.752247415901643,2.135694424815445e-124,0.0,1.95322289781349e-136,7.917415805300547,1.5228438640851794e-104,1.4940396504464476e-118,1.2424188261814567e-125,8.171631771246531e-132,5.059426023130901e-118,5.059442294743608e-118,5.639398146531615e-93,-3.840864288192382e-06,-646777.0506447686,44041.29532820566
9.594333176215804e-06,0.00021365675653248298,19.14686830615835,166.17252206409069,0.0,7.054606579401901e-77,22.93153527006035,2.0618997087382547e-124,0.0,1.8857331682323417e-136,7.643845090020117,1.4702202806004318e-104,1.2853212322393812e-118,1.2489104556083406e-125,7.610969033087101e-132,5.02734647665276e-118,5.027362149914813e-118,4.365511297448116e-93,-3.886424234251886e-06,-648518.9150111219,42230.822190290884
9.724728444610339e-06,0.0002161601156896023,19.248710152237347,165.08329944101024,0.0,6.812335060505576e-77,22.14401327036109,1.9910893001597704e-124,0.0,1.8209727301553444e-136,7.38133775678703,1.4197298420465493e-104,8.404785917514166e-119,1.376387608408916e-125,5.660457194034399e-132,5.244663144493295e-118,5.244678057323683e-118,3.397224128487668e-93,-3.93084520812677e-06,-649778.9576416456,40513.25821031322
9.855123713004875e-06,0.000218676405206225,19.345196287272042,164.04006170748283,0.0,6.579863962788003e-77,21.388348285137774,1.9231433299233213e-124,0.0,1.7588319730335297e-136,7.1294494283792575,1.3712838681748258e-104,1.2777847650947363e-118,1.1045842323746426e-125,7.44174152584432e-132,4.6019770001233115e-118,4.601991664928687e-118,2.6597561140499365e-93,-3.974130399841048e-06,-650556.6499286524,38883.5214253715
9.98551898139941e-06,0.0002212049276494611,19.436340885712806,163.0418534922666,0.0,6.356796387259987e-77,20.66325016403728,1.8579457935570715e-124,0.0,1.699204835042386e-136,6.887750054679093,1.324796017830486e-104,2.527629231879103e-118,4.5272294391892654e-126,1.3126490056780295e-131,3.158713924116946e-118,3.1587288751114544e-118,2.094871514657928e-93,-4.016282637086719e-06,-650851.6656180054,37336.79786960091
1.0115914249793945e-05,0.00022374498742309555,19.522157961220763,162.08770958794005,0.0,6.142748704110522e-77,19.967471889179482,1.7953845648656481e-124,0.0,1.6419887766574154e-136,6.655823963059827,1.280186371028553e-104,2.9152981496060787e-118,1.9681273813804168e-126,1.5164964546554713e-131,2.580892395708301e-118,2.5809071705777994e-118,1.659678692029877e-93,-4.057304311637317e-06,-650663.8809459859,35868.53074100495
1.024630951818848e-05,0.0002262958907530344,19.60266146272482,161.17665796246035,0.0,5.937350525731554e-77,19.2998094874722,1.7353513880459011e-124,0.0,1.5870847802891575e-136,6.4332698291574,1.2373794476176975e-104,1.403487441537906e-118,8.306821668603534e-126,8.479428801291716e-132,3.906681307368419e-118,3.90669477334206e-118,1.3229068021988663e-93,-4.097197315910977e-06,-649993.3746912151,34474.409462390984
1.0376704786583016e-05,0.00022885694568440865,19.67786535729533,160.3077225120285,0.0,5.7402446167599754e-77,18.659101738195798,1.6777418513942394e-124,0.0,1.5343973452314953e-136,6.2197005793986,1.1963014786235746e-104,0.0,1.5754809420216728e-125,5.864442875940037e-133,5.445730460270999e-118,5.4457424753636685e-118,1.0609464452199862e-93,-4.135962989440167e-06,-648840.4281416056,33150.35874193195
1.050710005497755e-05,0.00023142746208867747,19.747783700866396,159.47992557264442,0.0,5.551086750514101e-77,18.04422970633908,1.622455345346304e-124,0.0,1.4838344563359291e-136,6.014743235446361,1.1568801996186934e-104,1.4502241462901038e-118,1.0173458144045834e-125,3.4708846192590105e-132,4.177049003603351e-118,4.1770610057093585e-118,8.561044446475269e-94,-4.1736020749818914e-06,-647205.5249763548,31892.52772088522
1.0637495323372087e-05,0.00023400675167921557,19.812430697848715,158.69229020653336,0.0,5.369545520181944e-77,17.45411612885239,1.569395007291626e-124,0.0,1.4353075326113486e-136,5.818038709617463,1.119046010037574e-104,4.695741341971214e-118,0.0,1.7901267279129916e-131,8.702160113137255e-119,8.702295395348807e-119,6.95115055746429e-94,-4.210114684026524e-06,-645089.3510630364,30697.27928013657
1.0767890591766623e-05,0.00023659412803401052,19.871820750721387,157.94384227832737,0.0,5.195302112190007e-77,16.887724677965643,1.5184676553345185e-124,0.0,1.3887313587478806e-136,5.629241559321881,1.0827324969450528e-104,5.044494857505359e-118,2.8707256391259536e-126,2.183053700057739e-131,2.7421794185887774e-119,2.7423162626970437e-119,5.67928241560291e-94,-4.245500271496078e-06,-642492.7941698662,29561.179563447684
1.0898285860161158e-05,0.0002391889066242303,19.925968500652118,157.2336123349682,0.0,5.0280500483384955e-77,16.34405912297923,1.4695837129261253e-124,0.0,1.3440240162799977e-136,5.448019707659743,1.0478760511059067e-104,6.82034324932215e-119,2.371304460196272e-125,2.715734319498677e-132,4.40025921974487e-118,4.400270034814583e-118,4.669202498129513e-94,-4.279757619432666e-06,-639416.9435932706,28480.987763438483
1.1028681128555693e-05,0.00024179040484755424,19.974888860094826,156.56063730265225,0.0,4.867494902525161e-77,15.82216240945331,1.4226571260693065e-124,0.0,1.3011067955526763e-136,5.2740541364844375,1.0144154052783548e-104,-2.9092650632295426e-134,3.8945422068071547e-125,0.0,7.932890164828026e-118,7.932898251888176e-118,3.862867553225475e-94,-4.312884829470437e-06,-635863.0897009084,27453.646206175777
1.1159076396950228e-05,0.0002443979420652784,20.018597038226144,155.9239620134922,0.0,4.7133539971903874e-77,15.321115672479486,1.377605274596486e-124,0.0,1.2599041138394203e-136,5.107038557493162,9.822915620625248e-105,9.810057406509148e-118,7.396402345691043e-126,2.6771006777580276e-131,1.3666552330865723e-118,1.3666642474464847e-118,3.215827737127632e-94,-4.344879323877023e-06,-631832.7233903429,26476.270761525288
1.1289471665344765e-05,0.0002470108396423161,20.057108560029075,155.32264057382974,0.0,4.565356083994308e-77,14.840037198697472,1.3343488788388914e-124,0.0,1.2203434903795919e-136,4.94667906623249,9.5144791303228e-105,2.1241050745370945e-117,0.0,8.078381828806016e-131,0.0,0.0,2.693920219256033e-94,-4.37573785494932e-06,-627327.5354635853,25546.141598968155
1.14198669337393e-05,0.0002496284209893147,20.0904392797849,154.75573758537936,0.0,4.423241012677152e-77,14.378081349900471,1.2928119028419761e-124,0.0,1.1823553774108116e-136,4.792693783300157,9.21830249598787e-105,1.7568631938155936e-117,5.912280027056339e-125,2.2534214083889259e-131,1.3001515068504546e-117,1.3001490653742357e-117,2.2707822716468986e-94,-4.405456522547409e-06,-622349.4159177779,24660.69430225118
1.1550262202133835e-05,0.00025225001160620485,20.11860538967296,154.22232922970548,0.0,4.286759391551274e-77,13.934437459438698,1.2529214551351637e-124,0.0,1.145873178942167e-136,4.644812486479566,8.933866374419484e-105,0.0,1.512797607475418e-124,0.0,3.305183117435235e-117,3.3051791685813065e-117,1.9259759593142607e-94,-4.434030799544289e-06,-616900.4531523101,23817.511350909113
1.168065747052837e-05,0.00025487493912658855,20.14162342414626,153.72150422574646,0.0,4.155672242622464e-77,13.508328711164955,1.2146076879316361e-124,0.0,1.1108329668138624e-136,4.502776237054985,8.660672846631905e-105,0.0,1.9884672491336347e-124,4.806795282937319e-131,4.331165541600282e-117,4.331161807188572e-117,1.6463994984442306e-94,-4.4614555649735176e-06,-610982.933092702,23014.313972211086
1.1811052738922905e-05,0.0002575025333624446,20.159510260501968,153.25236467048236,0.0,4.029750653935396e-77,13.099011009357074,1.1778036955168436e-124,0.0,1.0771734921998297e-136,4.366337003119025,8.398244706871551e-105,1.3798665064174161e-117,1.8950376251479396e-124,9.500809594914333e-131,4.1364276402816806e-117,4.13642465961387e-117,1.413997254594404e-94,-4.487725144568512e-06,-604599.3382316227,22248.95436352759
1.194144800731744e-05,0.0002601321263487018,20.172283116343213,152.8140267705915,0.0,3.908775431377979e-77,12.70577184688148,1.1424454124789282e-124,0.0,1.044836168921067e-136,4.235257282293827,8.146125025197091e-105,2.2344566759096303e-117,1.6668055163804614e-124,9.795241159568851e-131,3.641595742056574e-117,3.6415930273757856e-117,1.2212288239192207e-94,-4.512833358508349e-06,-597752.3465874456,21519.40828179661
1.2071843275711977e-05,0.0002627630523872996,20.179959544372547,152.40562147348209,0.0,3.7925367518583366e-77,12.32792917781858,1.1084715123403331e-124,0.0,1.0137649471019684e-136,4.109309725939527,7.903876535975333e-105,2.030664204942404e-117,1.599155947880296e-124,7.804806106195112e-131,3.4846938406980265e-117,3.484690969602923e-117,1.0613898734728474e-94,-4.536773576087879e-06,-590444.830580778,20823.76799446242
1.2202238544106512e-05,0.000265394648090414,20.182557424858295,152.0262950058415,0.0,3.680833819482877e-77,11.964830299843419,1.0758233070665363e-124,0.0,9.839061688412673e-137,3.9882767666144727,7.671080830757204e-105,1.545875594205707e-117,8.392359414948653e-140,6.760436278990223e-131,3.5630717242426654e-117,3.5630687593343234e-117,9.277988984439953e-95,-4.5595387769929905e-06,-582679.8558294352,20160.2355842946
1.2332633812501047e-05,0.00026802625242257155,20.180094956128894,151.67520932693665,0.0,3.5734745261109985e-77,11.615850750832946,1.0444446478539641e-124,0.0,9.55208473806751e-137,3.8719502502776484,7.447337561291488e-105,1.4066497748935104e-117,0.0,7.132213895678558e-131,3.565317147917975e-117,3.565314311273195e-117,8.157234423750007e-95,-4.581121618875119e-06,-574460.6798623656,19527.116598851982
1.2463029080895582e-05,0.0002706572067414153,20.172590643459078,151.35154250338044,0.0,3.470275117437908e-77,11.280393223442807,1.0142818275336522e-124,0.0,9.27622733226606e-137,3.760131074480936,7.232263749817162e-105,1.5266972511629884e-117,4.2106245260949e-124,7.591908212336004e-131,3.4264946253713884e-117,3.426491973633425e-117,7.213412525517232e-95,-4.601514510911447e-06,-565790.7507530658,18922.814034136238
1.2593424349290117e-05,0.0002732868548369323,20.160063286654005,151.05448901165158,0.0,3.371059865558648e-77,10.957886500751822,9.852834848692238e-125,0.0,9.011019741079816e-137,3.652628833583941,7.02549315154221e-105,1.5852157088844014e-117,1.2238304810713802e-123,7.377049763342314e-131,3.27099650131353e-117,3.270993948396252e-117,6.414710349727082e-95,-4.620709693016661e-06,-556673.7056730606,18345.822641072955
1.2723819617684654e-05,0.00027591454296898936,20.142531966570566,150.78325997436937,0.0,3.275660748791752e-77,10.647784415504406,9.574005109766917e-125,0.0,8.756012881135918e-137,3.549261471834802,6.8266756027968496e-105,1.497287510161332e-117,1.774105033445675e-123,6.83750444455683e-131,3.179373142314209e-117,3.179370622558984e-117,5.736113841930444e-95,-4.6386993203427165e-06,-547113.3693660509,17794.723542825435
1.2854214886079189e-05,0.00027853961990305425,20.12001603077897,150.53708333598198,0.0,3.1839171393875396e-77,10.349564834982639,9.305859580487552e-125,0.0,8.510777405621046e-137,3.449854944994213,6.635476355265858e-105,1.3820668403036197e-117,1.6316004702781822e-123,6.503786721231649e-131,3.1244633780967515e-117,3.1244609021565028e-117,5.157339506391046e-95,-4.655475552680402e-06,-537113.7525433755,17268.179150521315
1.2984610154473724e-05,0.00028116143694400223,20.092535078552498,150.31520398311514,0.0,3.0956754996116255e-77,10.062728673102596,9.047949505269768e-125,0.0,8.274902886586371e-137,3.354242891034198,6.451575429194678e-105,1.3281424553313215e-117,1.1513023741089952e-123,6.426800180112981e-131,3.0571078384983725e-117,3.0571054388242808e-117,4.6617906533652484e-95,-4.671030648360864e-06,-526679.0502014525,16764.9283647191
1.3115005422868259e-05,0.00028377934796793074,20.060108945354145,150.11688381443898,0.0,3.010789086576678e-77,9.786798930947528,8.79984598830876e-125,0.0,8.04799705807238e-137,3.2622663103158427,6.274666999827062e-105,1.3143581222165336e-117,9.368887284366497e-124,6.364204731686826e-131,2.9705539622216238e-117,2.9705516441906995e-117,4.235987520261323e-95,-4.685357062238874e-06,-515813.6398619141,16283.78204984294
1.3245400691262794e-05,0.0002863927094519255,20.022757686960933,149.94140176458507,0.0,2.9291176660929953e-77,9.521319766617392,8.56113915723014e-125,0.0,7.829685066854775e-137,3.1737732555391305,6.104458808062083e-105,1.2897417919807294e-117,1.087349436278846e-123,6.188007222047745e-131,2.8852965998661594e-117,2.8852943475707737e-117,3.868884771606882e-95,-4.698447547319631e-06,-504522.0797351665,15823.618768847427
1.337579595965733e-05,0.00028900088050173877,19.980501563339224,149.78805378635758,0.0,2.8505272357195914e-77,9.265855594985338,8.331437353631801e-125,0.0,7.619608724007881e-137,3.0886185316617794,5.94067158539429e-105,1.2436373388209025e-117,1.258954998171844e-123,5.964084178079489e-131,2.8124975194465587e-117,2.8124953212301975e-117,3.551389184015153e-95,-4.710295259569978e-06,-492809.1068081495,15383.380765512205
1.357921482388514e-05,0.000293057796343681,19.904835575861235,149.59140383996044,0.0,2.7337755429154787e-77,8.886345337220723,7.990198932072784e-125,0.0,7.307525326691254e-137,2.9621151124069076,5.697353976060563e-105,1.1372405126097244e-117,1.5291917211765835e-123,5.556070970998148e-131,2.721034765156831e-117,2.7210326330996032e-117,3.137810931275356e-95,-4.726281534867864e-06,-473706.8769650946,14734.043669742321
1.3782633688112949e-05,0.00029709811794313923,19.817361085522286,149.4444265184717,0.0,2.6237532571742698e-77,8.52870952896264,7.668629023997558e-125,0.0,7.013429989071357e-137,2.84290317632088,5.468060859336617e-105,1.0342142341588313e-117,1.698320319096819e-123,5.186727980425087e-131,2.6371950285550606e-117,2.637192959429766e-117,2.8045398612641162e-95,-4.739207323433693e-06,-453610.5850807313,14127.266551860972
1.398605255234076e-05,0.00030111945126928537,19.71815740733699,149.3446938341703,0.0,2.520033195745851e-77,8.191559580189697,7.365479072200106e-125,0.0,6.736180828146709e-137,2.7305198600632323,5.251901961847438e-105,9.649085575460801e-118,1.7187569393038014e-123,4.920532198675513e-131,2.5473314111656128e-117,2.547329413858436e-117,2.5346334267719795e-95,-4.749056407531532e-06,-432540.74755625275,13559.833784024651
1.4189471416568568e-05,0.0003051194184994483,19.607304572238732,149.28987498363696,0.0,2.4222175620131713e-77,7.873602422741178,7.079586408401759e-125,0.0,6.474714511982876e-137,2.624534140913726,5.048048250842646e-105,9.218433499388763e-118,1.6528964026704956e-123,4.728018653731711e-131,2.4534483629136313e-117,2.4534464427567394e-117,2.3152508905991117e-95,-4.755818310088169e-06,-410518.8746902882,13028.805639924185
1.4392890280796377e-05,0.00030909565815961877,19.484883171395023,149.2777344466864,0.0,2.3299359307667204e-77,7.573633961298484,6.809868364670573e-125,0.0,6.228040874412011e-137,2.5245446537661618,4.855727736815122e-105,8.87404859218607e-118,1.5731988513665156e-123,4.560412659851318e-131,2.362127645396505e-117,2.362125800424658e-117,2.1365900022052863e-95,-4.759489385504545e-06,-387567.44871893094,12531.49320677031
1.4533023632649394e-05,0.0003118198260170596,19.393860663278833,149.29307765698132,0.0,2.2694024427819847e-77,7.376865254338297,6.632942862390874e-125,0.0,6.0662316879469655e-137,2.4589550847794324,4.729572277920209e-105,8.623614035806892e-118,1.530657503441317e-123,4.4434495401521933e-131,2.30312244079947e-117,2.3031206440290205e-117,2.033199610850396e-95,-4.760222085581531e-06,-371227.8561263578,12207.221085142695
1.4673156984502408e-05,0.0003145308581522551,19.29741306422687,149.3269810070182,0.0,2.211224884263603e-77,7.187754675303942,6.462903201618862e-125,0.0,5.910720024449529e-137,2.395918225101314,4.608326718806462e-105,8.372152429087862e-118,1.4935596152416935e-123,4.3280639825656146e-131,2.246795717110192e-117,2.2467939661733693e-117,1.943548746522734e-95,-4.7594935228599645e-06,-354466.1425019228,11897.030868464657
1.4702913512977917e-05,0.0003151047677165159,19.276237181481786,149.3365066475136,0.0,2.199164770002956e-77,7.148552356589745,6.427654253571236e-125,0.0,5.878482706859257e-137,2.382850785529915,4.583192709518258e-105,8.321275993724893e-118,1.4854188926488762e-123,4.304454190211167e-131,2.235061999332898e-117,2.235060257946186e-117,1.9261185383164546e-95,-4.759151247118817e-06,-350853.3198171309,11832.908821787154
1.4732670041453423e-05,0.00031567804354153605,19.25481813489985,149.3468333961868,0.0,2.1872053710880904e-77,7.109677420767567,6.39269967338069e-125,0.0,5.846514606667603e-137,2.369892473589189,4.558268597117024e-105,8.270922647967947e-118,1.477327646949358e-123,4.281056459796636e-131,2.2234198383625872e-117,2.223418106448646e-117,1.909217470250264e-95,-4.758743412224723e-06,-347221.9080398851,11769.383414657861
1.4751011963215378e-05,0.00031603109185896253,19.241494409050453,149.35359523489598,0.0,2.17988336815579e-77,7.085876693313851,6.371299138080009e-125,0.0,5.826942509022079e-137,2.3619588977712835,4.543009099094822e-105,8.240093362824467e-118,1.4723825005862376e-123,4.2667256747002947e-131,2.2162908871916533e-117,2.2162891610763845e-117,1.8990577621774104e-95,-4.758459395086106e-06,-344974.27995559014,11730.520804497628
1.476935388497733e-05,0.0003163838949476922,19.2280784499275,149.36065770312723,0.0,2.1725990627412163e-77,7.062198504508835,6.350008783977878e-125,0.0,5.807471178817478e-137,2.3540661681696116,4.527828164985011e-105,8.209430604428985e-118,1.4674646330051347e-123,4.252466720385906e-131,2.209197414037125e-117,2.209195693690352e-117,1.889090873129054e-95,-4.758150515284869e-06,-342719.63776058296,11691.880968934081
1.4784024676550277e-05,0.0003166659069499877,19.21728134113784,149.36652206141224,0.0,2.1667996996463506e-77,7.043347233660919,6.333058575711005e-125,0.0,5.791969177271718e-137,2.3477824112203063,4.515741940697133e-105,8.185031548829759e-118,1.4635479068247546e-123,4.241115125557797e-131,2.2035488132071734e-117,2.2035470974530484e-117,1.88125562697125e-95,-4.757885574126541e-06,-340911.22530697007,11661.134249852956
1.4798695468123223e-05,0.0003169477601177765,19.206425293893712,149.3725771185608,0.0,2.161024207587275e-77,7.024573557430503,6.316178137007026e-125,0.0,5.776530984255906e-137,2.3415245191435012,4.503705465095081e-105,8.16074433484095e-118,1.45964654855589e-123,4.2298107719495247e-131,2.1979224361996303e-117,2.1979207250193308e-117,1.8735403394293708e-95,-4.757604748983028e-06,-339098.3470786866,11630.528362877993
1.480227631412101e-05,0.0003170165306097923,19.20376660556304,149.3740849977121,0.0,2.1596181377426406e-77,7.020003020452787,6.312068517327338e-125,0.0,5.772772485857304e-137,2.340001006817596,4.500775130293023e-105,8.15483283936808e-118,1.4586968272810118e-123,4.2270586481613614e-131,2.1965525297880478e-117,2.196550819721262e-117,1.8716753844004762e-95,-4.757533794755124e-06,-338655.18292631453,11623.079462166465
1.4804466096090198e-05,0.00031705858088985477,19.202139018554362,149.37501566696628,0.0,2.15875898574928e-77,7.017210281550008,6.309557413093623e-125,0.0,5.7704759275437e-137,2.339070093850003,4.4989846054510235e-105,8.151221004612905e-118,1.4581165206879046e-123,4.225377014514847e-131,2.1957154473912617e-117,2.1957137380048676e-117,1.8705387891527524e-95,-4.757489938501296e-06,-338384.0455827825,11618.528602771847
1.4806655878059385e-05,0.0003171006276044202,19.20051011978023,149.3759551100374,0.0,2.157900362210013e-77,7.014419260427456,6.307047853410027e-125,0.0,5.768180781815588e-137,2.3381397534758186,4.497195181939394e-105,8.14761160066912e-118,1.4575365705157379e-123,4.2236964153893385e-131,2.194878858986227e-117,2.1948771502798055e-117,1.8694057256815156e-95,-4.757445728765846e-06,-338112.80904545623,11613.98121144165
1.4808845660028573e-05,0.00031714267075061637,19.198879909384896,149.37690382191252,0.0,2.157042266765617e-77,7.011629955917449,6.304539837226622e-125,0.0,5.765887047712751e-137,2.3372099853058166,4.495406859009493e-105,8.144004625614703e-118,1.4569569765918263e-123,4.222016850119336e-131,2.1940427642741255e-117,2.194041056247259e-117,1.8682766964330785e-95,-4.757401165609809e-06,-337841.47334642604,11609.43732397197
1.481103544199776e-05,0.0003171847103255712,19.197248387459414,149.37786164200816,0.0,2.1561846990571474e-77,7.008842366853213,6.302033363494296e-125,0.0,5.763594724275706e-137,2.336280788951071,4.493619635913258e-105,8.140400076732582e-118,1.4563777391051636e-123,4.22033831782538e-131,2.1932071629889163e-117,2.1932054556411865e-117,1.8671519846803847e-95,-4.757356249088507e-06,-337570.03851779574,11604.896925144209
1.4813225223966949e-05,0.0003172267463264129,19.19561555409186,149.37882837468754,0.0,2.155327658725931e-77,7.006056492068851,6.299528431164729e-125,0.0,5.761303810545705e-137,2.33535216402295,4.491833511903192e-105,8.136797951615073e-118,1.4557988579860919e-123,4.2186608177161903e-131,2.1923720548518114e-117,2.1923703481828005e-117,1.8660316531050226e-95,-4.757310979255987e-06,-337298.5045916799,11600.359997038551
1.4816921686931793e-05,0.0003172976971097577,19.192856273507385,149.38048044646004,0.0,2.153882126708169e-77,7.001357680295832,6.29530347260347e-125,0.0,5.757439827689789e-137,2.3337858934319438,4.4888209355398606e-105,8.130722875122307e-118,1.4548224850620736e-123,4.215831452372947e-131,2.1909634680115063e-117,2.1909617624872602e-117,1.864150396263549e-95,-4.757233760051389e-06,-336839.9168191715,11592.709295889958
1.482061814989664e-05,0.00031736863768661857,19.190093256753563,149.3821580268242,0.0,2.152438094716578e-77,6.9966637444719755,6.291082898274685e-125,0.0,5.753579854482457e-137,2.332221248157325,4.485811485322011e-105,8.124654689892494e-118,1.4538471253296752e-123,4.21300502305371e-131,2.1895562841420534e-117,2.1895545797613848e-117,1.8622815439948494e-95,-4.757155534506401e-06,-336381.0469130381,11585.068472659606
1.4825158462044641e-05,0.00031745575898628454,19.18669437098075,149.3842536599987,0.0,2.1506664612791114e-77,6.990904915230455,6.285904820053613e-125,0.0,5.748844185437965e-137,2.330301638410152,4.482119293829455e-105,8.117210641774186e-118,1.4526504896725553e-123,4.2095373737299706e-131,2.187829778355012e-117,2.187828075377359e-117,1.860003095858796e-95,-4.757058074433709e-06,-335817.03775737085,11575.696872126746
1.4829698774192643e-05,0.00031754286484115537,19.18328985018653,149.38638781258481,0.0,2.148897085131972e-77,6.985153423482836,6.280733339374468e-125,0.0,5.74411455024884e-137,2.3283844744942783,4.478431806666792e-105,8.109776957152032e-118,1.4514553785902935e-123,4.2060741426874864e-131,2.1861053844884715e-117,2.1861036829120465e-117,1.85774343890259e-95,-4.756959097019229e-06,-335252.60347109055,11566.340133412154
1.4834239086340644e-05,0.0003176299552256484,19.179879695273268,149.38856019427521,0.0,2.1471299630975634e-77,6.979409258900099,6.275568446949862e-125,0.0,5.739390940421202e-137,2.3264697529666996,4.474749017211721e-105,8.102353617321526e-118,1.4502617900889273e-123,4.20261532361717e-131,2.184383099961424e-117,2.1843813997844417e-117,1.8555024325796047e-95,-4.756858602764169e-06,-334687.74434129114,11556.998210101528
1.4838779398488646e-05,0.00031771703011418515,19.176463907161185,149.3907707392998,0.0,2.145365092003324e-77,6.973672411169591,6.270410133507128e-125,0.0,5.734673347474627e-137,2.324557470389864,4.471070918852429e-105,8.094940603929517e-118,1.449069722036441e-123,4.19916091030033e-131,2.1826629221823607e-117,2.182661223403038e-117,1.8532799330599807e-95,-4.756756592172004e-06,-334122.46065528376,11547.67107326446
1.4843319710636647e-05,0.00031780408948119116,19.173042486785267,149.39301956528428,0.0,2.1436024686817203e-77,6.967942869995006,6.265258389788292e-125,0.0,5.729961762942132e-137,2.3226476233316684,4.467397504987588e-105,8.08753789887125e-118,1.4478791722214719e-123,4.1957108965828093e-131,2.18094484855408e-117,2.180943151170637e-117,1.8510759024557167e-95,-4.756653065750045e-06,-333556.75270059425,11538.358708203625
1.4847860022784649e-05,0.0003178911333010963,19.169615435076814,149.39530674483552,0.0,2.1418420899702328e-77,6.962220625096331,6.260113206550033e-125,0.0,5.725256178370136e-137,2.320740208365444,4.463728769026312e-105,8.080145484007658e-118,1.446690138472984e-123,4.192265276301229e-131,2.179228876485688e-117,2.1792271804963474e-117,1.848890246464648e-95,-4.756548024008903e-06,-332990.62076496496,11529.061096760419
1.485240033493265e-05,0.00031797816154833467,19.166182752957532,149.39763222814815,0.0,2.1400839527113517e-77,6.956505666209842,6.254974574563675e-125,0.0,5.720556585318452e-137,2.3188352220699473,4.46006470438816e-105,8.072763341094721e-118,1.4455026186810039e-123,4.1888240432650813e-131,2.1775150033955996e-117,2.1775133087985854e-117,1.8467231335526308e-95,-4.756441467462143e-06,-332424.065136353,11519.77821135859
1.485694064708065e-05,0.00031806517419734456,19.162744441346025,149.3999959295151,0.0,2.1383280537525683e-77,6.950797983088069,6.249842484615158e-125,0.0,5.715862975360255e-137,2.316932661029356,4.456405304503114e-105,8.065391451906081e-118,1.4443166107435925e-123,4.185387191286849e-131,2.1758032267058587e-117,2.1758015334993984e-117,1.8445744584655396e-95,-4.756333396624943e-06,-331857.0861029329,11510.51002171151
1.4861480959228651e-05,0.0003181521712225684,19.159300501163838,149.4023978061673,0.0,2.1365743899463664e-77,6.94509756549977,6.244716927505014e-125,0.0,5.711175340082072e-137,2.315032521833257,4.4527505628115575e-105,8.058029798321347e-118,1.4431321125345988e-123,4.181954714204078e-131,2.1740935438382127e-117,2.1740918520205362e-117,1.842443822203209e-95,-4.75622381201378e-06,-331289.68395309197,11501.256500905676
1.4870375401841652e-05,0.0003183225524609764,19.152537534353126,149.4072135135693,0.0,2.1331454398898688e-77,6.933951502530159,6.234694892905078e-125,0.0,5.702009576841067e-137,2.3113171675100532,4.445604423006753e-105,8.043637962713861e-118,1.4408160556772163e-123,4.1752431697657114e-131,2.1707503447091376e-117,2.170748655606958e-117,1.838322311928925e-95,-4.7560047510376945e-06,-330176.9215265167,11483.171322254713
1.4879269844454652e-05,0.0003184928734505434,19.145752977488296,149.41217522499133,0.0,2.1297250319547663e-77,6.922833206375867,6.224697824966879e-125,0.0,5.692866647138316e-137,2.3076110687919558,4.4384760855008186e-105,8.029285202937483e-118,1.4385057686377111e-123,4.168548344900258e-131,2.1674151517425892e-117,2.167413465349142e-117,1.8342702239053895e-95,-4.755779886644095e-06,-329062.53860449756,11465.142132176323
1.48857693633033e-05,0.0003186172954833087,19.14078158643188,149.4158934822409,0.0,2.1272309935888006e-77,6.9147261449670845,6.217408322820323e-125,0.0,5.686199951852654e-137,2.304908714989028,4.4332783583400034e-105,8.01882170994358e-118,1.4368211903899869e-123,4.1636667196105833e-131,2.1649830467891855e-117,2.1649813623708476e-117,1.8313522513936234e-95,-4.755611901825396e-06,-328247.1917142165,11452.002814247478
1.4892268882151945e-05,0.0003187416851669781,19.135798673150223,149.4196897929173,0.0,2.1247414948519313e-77,6.906633839967968,6.21013208896847e-125,0.0,5.679545391233526e-137,2.3022112799893226,4.4280900920414484e-105,8.008378958610678e-118,1.4351396783193289e-123,4.1587939798682097e-131,2.162555199136201e-117,2.1625535166893777e-117,1.8284707640855546e-95,-4.755440821776519e-06,-327430.9815232146,11438.89323764727
1.489876840100059e-05,0.00031886604242667156,19.1308042403354,149.4235638983804,0.0,2.1222565266209496e-77,6.898556261722836,6.202869096746273e-125,0.0,5.672902940894118e-137,2.2995187539076123,4.422911267591835e-105,7.997956896501958e-118,1.4334612263386627e-123,4.153930107767281e-131,2.1601316012922907e-117,2.160129920813393e-117,1.8256258637283027e-95,-4.75526664807143e-06,-326613.9088822467,11425.813314346595
1.4905267919849238e-05,0.00031899036718752643,19.1257982906854,149.42751562693866,0.0,2.119776079793323e-77,6.890493380643216,6.19561931954912e-125,0.0,5.666272576502883e-137,2.296831126881072,4.417741866020933e-105,7.987555471464229e-118,1.431785828336258e-123,4.1490750854677164e-131,2.1577122457721902e-117,2.157710567257638e-117,1.82281708604043e-95,-4.755089382291631e-06,-325795.97464296536,11412.762963235718
1.4911767438697884e-05,0.0003191146593746976,19.120780826906664,149.43154492989632,0.0,2.1173001452871434e-77,6.882445167207673,6.188382730832674e-125,0.0,5.659654273783405e-137,2.2941483890692242,4.412581868401495e-105,7.977174631667416e-118,1.4301134781584915e-123,4.144228895205685e-131,2.155297125095032e-117,2.1552954485412516e-117,1.820043872244296e-95,-4.754909026026382e-06,-324977.17965792224,11399.74211283584
1.4921886080303713e-05,0.00031930809609067353,19.112946582224733,149.43797206215712,0.0,2.1134544971952463e-77,6.869944595579332,6.177142783443199e-125,0.0,5.649374654851143e-137,2.289981531859777,4.404567304627753e-105,7.96105428404401e-118,1.4275159659047259e-123,4.136701740380108e-131,2.1515456052587362e-117,2.1515439317504472e-117,1.8157975345338896e-95,-4.754622094972939e-06,-323700.74450072227,11379.529410906376
1.493200472190954e-05,0.00031950145339362096,19.105084447302243,149.44458673049104,0.0,2.1096197296476504e-77,6.857479391987832,6.16593463738931e-125,0.0,5.63912412018414e-137,2.285826463995944,4.396575416567989e-105,7.944983509688818e-118,1.424925802824261e-123,4.1291958822383803e-131,2.1478043032739748e-117,2.1478026328025596e-117,1.811637195055935e-95,-4.754327683431178e-06,-322422.2284323175,11359.3877559439
1.4942123363515369e-05,0.0003196947310013802,19.09719443233708,149.4513886348261,0.0,2.1057958086722143e-77,6.8450494460041424,6.154758193378227e-125,0.0,5.628902578973079e-137,2.281683148668048,4.388606133422201e-105,7.928962115299289e-118,1.42234296595074e-123,4.1217112542988116e-131,2.1440731910925763e-117,2.144071523649445e-117,1.8075619185988777e-95,-4.7540257975536834e-06,-321141.6346826161,11339.316872342486
1.4952242005121197e-05,0.0003198879286318945,19.089276547520384,149.45837741910205,0.0,2.101982700416522e-77,6.832654647588414,6.143613352467105e-125,0.0,5.618709940728679e-137,2.277551549196138,4.380659384639903e-105,7.912989908480296e-118,1.419767432424526e-123,4.114247790297574e-131,2.1403522407389657e-117,2.1403505763155548e-117,1.8035709686943326e-95,-4.753716443555128e-06,-319858.966486776,11319.316481470256
1.4962360646727024e-05,0.0003200810460032106,19.08133080303949,149.46555271178084,0.0,2.0981803711474488e-77,6.820294887088555,6.132500016061754e-125,0.0,5.608546115280529e-137,2.2734316290295182,4.372735099919218e-105,7.8970666977892625e-118,1.4171991794741533e-123,4.106805424199702e-131,2.1366414243076673e-117,2.1366397628954403e-117,1.799663768555934e-95,-4.75339962771146e-06,-318574.22708519606,11299.386304766165
1.4982272543294758e-05,0.00032046083518702686,19.065613512206937,149.48021586161278,0.0,2.0907293309323274e-77,6.796074714132265,6.110722334377543e-125,0.0,5.588629094214096e-137,2.2653582380440884,4.3572066803764524e-105,7.86587466177022e-118,1.4121664338334298e-123,4.0922213718614817e-131,2.129368605551596e-117,2.12936695004008e-117,1.792217097507578e-95,-4.7527544190190646e-06,-316040.0261978224,11260.370821346552
1.5002184439862491e-05,0.00032084031033689596,19.04978845448798,149.49559727801702,0.0,2.0833196464493162e-77,6.771988971128777,6.089065526013528e-125,0.0,5.568822619187395e-137,2.2573296570429258,4.341764448686681e-105,7.8348701818131105e-118,1.4071616215962844e-123,4.077718265823808e-131,2.122134710342266e-117,2.1221330606987087e-117,1.78508744108506e-95,-4.752080388721372e-06,-313497.8421268668,11221.624086141735
1.5022096336430225e-05,0.0003212194693076452,19.0338557074363,149.51169436012952,0.0,2.0759510646505674e-77,6.748036835526815,6.067528851368885e-125,0.0,5.549126013790263e-137,2.2493456118422714,4.326407877482847e-105,7.8040518315339005e-118,1.402184571847171e-123,4.0632956107894135e-131,2.114939528389829e-117,2.1149378845816784e-117,1.7782700939430312e-95,-4.7513775866755305e-06,-310947.69974209194,11183.14403529781
1.5042008232997958e-05,0.0003215983099556902,19.017815348562507,149.52850453031562,0.0,2.0686233342382963e-77,6.724217490463814,6.046111575957823e-125,0.0,5.529538606290549e-137,2.2414058301546045,4.311136443045129e-105,7.773418198622651e-118,1.3972351148460302e-123,4.048952914891062e-131,2.1077828504388797e-117,2.1077812124337832e-117,1.7717605791928894e-95,-4.750646063705266e-06,-308389.62399111665,11144.928624675584
1.5077389153140588e-05,0.00032227066986430193,18.989048414868602,149.560125335298,0.0,2.0557028940746973e-77,6.682218616964422,6.00834809260798e-125,0.0,5.495001592464785e-137,2.2274062056548076,4.284209462416253e-105,7.719437488629462e-118,1.3885081066992573e-123,4.023663509614117e-131,2.0951606854425628e-117,2.0951590576695542e-117,1.760940254040051e-95,-4.749275545749647e-06,-303824.7526864961,11077.671282666732
1.5138542726005338e-05,0.00032343037842703324,18.938527385931906,149.6200272899904,0.0,2.033668987801693e-77,6.610595728692821,5.943948037955286e-125,0.0,5.436103806015504e-137,2.2035319095642736,4.238289465892977e-105,7.627477601537197e-118,1.3736254806403564e-123,3.980536156476503e-131,2.073625817777673e-117,2.0736242074539756e-117,1.7444321965918437e-95,-4.746694152952962e-06,-295876.21374165395,10963.343743884041
1.5219862886176534e-05,0.00032496767944340687,18.869780738680397,149.70987098884765,0.0,2.0049437150819446e-77,6.517222044830942,5.859990653815382e-125,0.0,5.359319646303529e-137,2.172407348276981,4.1784242560170016e-105,7.507768031736629e-118,1.3542232245609333e-123,3.924311673833558e-131,2.0455334187928733e-117,2.045531831217569e-117,1.7266299521361463e-95,-4.742846815648262e-06,-285192.85559870396,10815.002423285658
1.530118304634773e-05,0.00032649931748490903,18.799252025826107,149.81118661836942,0.0,1.976859751660641e-77,6.425932985622581,5.777907669673253e-125,0.0,5.284249739962687e-137,2.141977661874194,4.119895573599664e-105,7.390917721022165e-118,1.3352541357265691e-123,3.8693424371850655e-131,2.018049532847305e-117,2.0180479675125152e-117,1.7133690821800013e-95,-4.738529772013165e-06,-274381.3804916744,10670.752832457756
1.538250320651893e-05,0.0003280251477908095,18.726946487707902,149.92380376186048,0.0,1.949401397919264e-77,6.336677518263611,5.697653199144613e-125,0.0,5.210852121089729e-137,2.1122258394212037,4.06267069968415e-105,7.276841289717558e-118,1.3167076099381869e-123,3.815597717401434e-131,1.9911608015337466e-117,1.9911592579440327e-117,1.7044723585870556e-95,-4.7337472925807505e-06,-263443.5524882815,10530.470417522985
1.5463823366690126e-05,0.0003295450260876609,18.652869347588513,150.04755419429918,0.0,1.9225533909065825e-77,6.2494060293701335,5.619182632123508e-125,0.0,5.13908599101596e-137,2.0831353431233777,4.006717825354749e-105,7.165456643482566e-118,1.2985733379606394e-123,3.7630476400368283e-131,1.964854146931727e-117,1.9648526246037436e-117,1.6997970265747546e-95,-4.728503977409032e-06,-252381.1562727691,10394.035105535315
1.5545143526861323e-05,0.00033105880854964587,18.57702581180186,150.18227174861065,0.0,1.896300892562055e-77,6.164070286697751,5.542452600362018e-125,0.0,5.068911686827761e-137,2.054690095565917,3.952006027193703e-105,7.056684765275167e-118,1.2808412974532105e-123,3.711663162293911e-131,1.9391167759883574e-117,1.9391152744505156e-117,1.6992320761562067e-95,-4.722804739610812e-06,-241195.99685470725,10261.3311304402
1.562646368703252e-05,0.0003325663517615641,18.499421069822194,150.32779218802636,0.0,1.8706294781734996e-77,6.080623401622353,5.467420943734687e-125,0.0,5.000290650513352e-137,2.0268744672074512,3.8985052432262996e-105,6.950449526154108e-118,1.2635017453861644e-123,3.6614160504245967e-131,1.9139361833414316e-117,1.913934702133571e-117,1.702696396354281e-95,-4.716654789660376e-06,-229889.89927447564,10132.246866253536
1.570778384720372e-05,0.00033406751271356004,18.420060293360287,150.48395319732512,0.0,1.8455251245908676e-77,5.999019790828085,5.394046675790067e-125,0.0,4.933185397457582e-137,1.9996732636093617,3.846186248357652e-105,6.846677543866181e-118,1.2465452100474555e-123,3.612278856662901e-131,1.8893001490224007e-117,1.889298687695473e-117,1.7101368992049505e-95,-4.710059639041099e-06,-218464.70830547798,10006.674672056259
1.5870702640434397e-05,0.0003370552016776337,18.255804493507945,150.82818116250613,0.0,1.7968821358167318e-77,5.840902055960748,5.251874375667203e-125,0.0,4.803160138677939e-137,1.946967351986916,3.74481131067233e-105,6.645907537283133e-118,1.213689691410657e-123,3.5170690773378064e-131,1.8415344039120635e-117,1.841532981107152e-117,1.736925090771841e-95,-4.695531072363493e-06,-195224.40528346412,9765.253547158336
1.6033621433665076e-05,0.0003400155606272372,18.084562316340218,151.213210575287,0.0,1.7503557050322154e-77,5.689664353827171,5.115888289124364e-125,0.0,4.678792550351078e-137,1.896554784609057,3.647847408158003e-105,6.454203554588022e-118,1.1822637850228142e-123,3.4260020742683753e-131,1.7958140359106395e-117,1.7958126499517342e-117,1.7796804733060017e-95,-4.679290102881173e-06,-171528.81716906093,9536.725076707786
1.6196540226895755e-05,0.00034294745465872904,17.90637457847116,151.63780840273856,0.0,1.7058464695074922e-77,5.544983698316378,4.985798001690691e-125,0.0,4.559817030691739e-137,1.8483278994387928,3.555087462861645e-105,6.271063292916517e-118,1.1522003771690419e-123,3.3388833630331263e-131,1.752050693351829e-117,1.752049342641647e-117,1.8388803775224493e-95,-4.6613928065481865e-06,-147393.46161087614,9320.353649667017
1.6359459020126434e-05,0.0003458497555069179,17.721281691946295,152.1007740339787,0.0,1.6632604995698804e-77,5.406554763882891,4.86132897847531e-125,0.0,4.4459825007612035e-137,1.8021849212942969,3.4663357196507114e-105,6.096018158118312e-118,1.1234360237865823e-123,3.25552909342941e-131,1.710160231223083e-117,1.7101589142387666e-117,1.9153832484431373e-95,-4.641900719214779e-06,-122834.14425022656,9115.454920444468
1.6522377813357116e-05,0.000348721341465159,17.5293236222624,152.60093931638562,0.0,1.6225089932146249e-77,5.274088892855841,4.742221671584684e-125,0.0,4.337051588145905e-137,1.758029630951947,3.38140710976349e-105,5.92863036093482e-118,1.0959107429843183e-123,3.1757654518077207e-131,1.6700625756195725e-117,1.670061290908629e-117,2.0104350038082223e-95,-4.620880917531083e-06,-97866.94837042107,8921.39211468404
1.6685296606587795e-05,0.00035156109729568276,17.33053984731478,153.1371685157892,0.0,1.583507988639201e-77,5.147313161009865,4.628230679926321e-125,0.0,4.2327998585465526e-137,1.7157710536699549,3.300126651713165e-105,5.768490371146536e-118,1.069567823843984e-123,3.099428098224821e-131,1.6316815773994607e-117,1.6316803235759327e-117,2.1256884334259332e-95,-4.598406040610975e-06,-72508.22436422028,8737.57261829919
1.6848215399818477e-05,0.00035436791414396155,17.124969314255,153.70835829142868,0.0,1.5461780935511664e-77,5.025969497659683,4.519123958037696e-125,0.0,4.133015092203834e-137,1.6753231658865608,3.2223288871489667e-105,5.615214642559765e-118,1.0443536423387451e-123,3.0263616366924724e-131,1.594944862148975e-117,1.594943637889824e-117,2.2632351568999206e-95,-4.574554278046141e-06,-46774.57902637159,8563.444832066381
1.701113419304916e-05,0.00035714068945183773,16.912650393132157,154.31343767999155,0.0,1.5104442304279487e-77,4.909813857607669,4.4146820715390444e-125,0.0,4.037496602964472e-137,1.6366046192025563,3.147857349962128e-105,5.468443554812573e-118,1.0202174883061303e-123,2.956419116630416e-131,1.559783680713574e-117,1.5597824847552645e-117,2.4256504811835605e-95,-4.549409325123322e-06,-20682.864678234968,8398.49527112188
1.729616080456336e-05,0.000361906496412285,16.525080509517196,155.4504296484245,0.0,1.451555199249953e-77,4.718390582577584,4.242562939356227e-125,0.0,3.880083135758429e-137,1.5727968608591947,3.025129038720023e-105,5.226308512691905e-118,9.804413615519407e-124,2.841154577946438e-131,1.5018642060213767e-117,1.501863056703928e-117,2.7793247722572705e-95,-4.5025786960243815e-06,25774.33130534127,8130.572260790793
1.758118741607756e-05,0.0003665589317421487,16.1171675473759,156.68266318250716,0.0,1.3969834918847402e-77,4.541001096982927,4.083062354518201e-125,0.0,3.7342101014110493e-137,1.5136670323276422,2.9113982920502856e-105,5.001398044670223e-118,9.435813382477128e-124,2.734340413162678e-131,1.4482436782195628e-117,1.4482425721257183e-117,3.2404468248077084e-95,-4.452580877815847e-06,73181.96374010411,7886.972324826479
1.786621402759176e-05,0.0003710922244851915,15.689101300713723,158.0051152628918,0.0,1.3464093804616255e-77,4.376606101061064,3.93524582578719e-125,0.0,3.5990228505643765e-137,1.4588687003536882,2.8059987776862567e-105,4.792217611796309e-118,9.09421459261601e-124,2.6353508133767346e-131,1.3986256243142822e-117,1.3986245582803966e-117,3.837879766613039e-95,-4.399977702528456e-06,121445.01891231857,7665.645272965093
1.8151240639105962e-05,0.00037550065664240583,15.241063343025166,159.41306239863766,0.0,1.2995428085592218e-77,4.224262744352163,3.798265584766695e-125,0.0,3.473746047199758e-137,1.408087581450721,2.708326000460506e-105,4.597418845029436e-118,8.777658076819406e-124,2.543618046081502e-131,1.3527403373162072e-117,1.3527393084088462e-117,4.610063664115903e-95,-4.3453725661450135e-06,170466.76868196938,7464.782593506734
1.843626725062016e-05,0.00037977856050424626,14.77322588961264,160.9020789156024,0.0,1.2561206653793613e-77,4.083115765194184,3.67135261893702e-125,0.0,3.35767638236185e-137,1.3610385883980614,2.617831621518024e-105,4.4157815630108975e-118,8.484366677442755e-124,2.4586271198535095e-131,1.3103428727329946e-117,1.3103418782277333e-117,5.607938593247899e-95,-4.289404183105762e-06,220148.96434393863,7282.790139048195
1.8721293862134363e-05,0.00038392031590196946,14.28575068805218,162.4680354657896,0.0,1.2159043434124954e-77,3.952389551728503,3.5538095332713795e-125,0.0,3.250176045670212e-137,1.317463183909501,2.5340183683428475e-105,4.246198706653952e-118,8.212728772708832e-124,2.3799110037959404e-131,1.2712111487676715e-117,1.2712101861298603e-117,6.898862052597e-95,-4.232739232826656e-06,270392.03353669395,7118.264456437371
1.9006320473648562e-05,0.0003879203471872265,13.778787828713513,164.10709779493706,0.0,1.1786775542400576e-77,3.831381041999356,3.4450041663271385e-125,0.0,3.1506668868445286e-137,1.2771270139997852,2.4564354827577588e-105,4.087663285453479e-118,7.961283444121887e-124,2.3070463528735614e-131,1.2351442053706648e-117,1.235143272237976e-117,8.571823504733571e-95,-4.176063789380106e-06,321095.27980381483,6969.972309069681
1.929134708516276e-05,0.0003917731197367337,13.252474371912395,165.8157257813392,0.0,1.1442443793770514e-77,3.7194533880694145,3.344363893305728e-125,0.0,3.0586252055046753e-137,1.2398177960231382,2.384674658762069e-105,3.939256745654341e-118,7.728707335298957e-124,2.239649692639188e-131,1.2019606489182923e-117,1.2019597430848756e-117,1.0744363307437406e-94,-4.120073352054831e-06,372157.0844084294,6836.833002328577
1.9576373696676963e-05,0.0003954731359638549,12.706932799315995,167.59067289312847,0.0,1.1124275336584406e-77,3.6160303110251593,3.2513705503293517e-125,0.0,2.97357710911151e-137,1.2053434370083864,2.3183664233235692e-105,3.8001386411626943e-118,7.513802985662567e-124,2.1773740197275787e-131,1.1714972630533756e-117,1.1714963824554737e-117,1.3571755789229663e-94,-4.065461538708489e-06,423475.1099960599,6717.903174743973
1.9861400308191162e-05,0.000399014930890672,12.14226933256162,169.42898626856092,0.0,1.0830668206881312e-77,3.5205910802963145,3.165555920072594e-125,0.0,2.8950943843010404e-137,1.1735303600987714,2.2571769174405677e-105,3.6695375724861584e-118,7.315488391261673e-124,2.119905778720405e-131,1.1436077605941289e-117,1.1436069032970245e-117,1.7259195307960276e-94,-4.012907654356748e-06,474946.50569771754,6612.36376622327
2.0146426919705364e-05,0.00040239306726828087,11.558572111965459,171.3280075747132,0.0,1.0560177629358134e-77,3.432666060681434,3.086497727849668e-125,0.0,2.8227908350614696e-137,1.1442220202271447,2.200805041180655e-105,3.5467432148861623e-118,7.132787704495075e-124,2.0669621811102446e-131,1.1181616701045279e-117,1.1181608342907183e-117,2.2077974570557155e-94,-3.963063306241909e-06,526468.1132621798,6519.508920301075
2.0431453531219563e-05,0.0004056021301630288,10.95590918652862,173.28537475561504,0.0,1.031150391774264e-77,3.351832779272126,3.013816105170958e-125,0.0,2.7563190484394863e-137,1.1172775930907086,2.1489799320450854e-105,3.4310991940822373e-118,6.964823049521206e-124,2.0182888370951295e-131,1.0950433607796379e-117,1.0950425447381502e-117,2.83869852336228e-94,-3.916538162155294e-06,577936.6738043074,6438.736617890121
2.0716480142733765e-05,0.0004086367209201419,10.334326270453401,175.29902480202264,0.0,1.008348184689457e-77,3.2777124707736744,2.9471704834519106e-125,0.0,2.695367553647178e-137,1.0925708235912248,2.1014587500502154e-105,3.3219966393457934e-118,6.81080736850043e-124,1.9736576752045214e-131,1.074151204854982e-117,1.0741504069717708e-117,3.666133705237511e-94,-3.873884955268756e-06,629249.0347550646,6369.540875550088
2.1001506754247964e-05,0.00041149145044102584,9.693844256850127,177.36719770376735,0.0,9.875071385214053e-78,3.2099670650039096,2.88625688530857e-125,0.0,2.639658344786223e-137,1.06998902166797,2.058024746305228e-105,3.218868328256258e-118,6.670038181816172e-124,1.9328651282111603e-131,1.0553968705727307e-117,1.0553960893221218e-117,4.753048674545897e-94,-3.835583892550657e-06,680302.3565984485,6311.505372245055
2.1286533365762163e-05,0.00041416093171563645,9.034456454402259,179.4884417921555,0.0,9.685349693385018e-78,3.148296586023891,2.830805585973778e-125,0.0,2.5889447420700625e-137,1.049432195341297,2.0184855955017543e-105,3.1211833569534645e-118,6.541892175051021e-124,1.8957305670856344e-131,1.0387047392149283e-117,1.038703973152107e-117,6.182922888115388e-94,-3.802026656595389e-06,730994.318981014,6264.2983985424735
2.1571559977276365e-05,0.00041663977153106143,8.356125508917067,181.6616206777687,0.0,9.513504314160405e-78,3.0924369384257937,2.780579122827583e-125,0.0,2.5430095714177883e-137,1.030812312808598,1.982671976623819e-105,3.0284422552275965e-118,6.425820585035867e-124,1.8620949681098563e-131,1.0240114437684031e-117,1.02401069152298e-117,8.066594933461187e-94,-3.7735001826218496e-06,781223.3257808906,6227.669049609336
2.1856586588790564e-05,0.0004189225612545076,7.65877996405178,183.88592200393958,0.0,9.358827496133372e-78,3.0421580622315623,2.735370636365744e-125,0.0,2.5016636471684325e-137,1.0140526874105207,1.95043638998735e-105,2.940172462317214e-118,6.321345364334747e-124,1.831819801868611e-131,1.0112655296766725e-117,1.0112647899474085e-117,1.0551433633447003e-93,-3.750170376277216e-06,830888.7087253113,6201.444610331294
2.2141613200304766e-05,0.0004210038665753035,6.94231040743471,186.1608682763601,0.0,9.220711611866014e-78,2.9972624435208015,2.6950025310238396e-125,0.0,2.4647445473227604e-137,0.9990874811736006,1.921652202350423e-105,2.855924095854346e-118,6.228056092836139e-124,1.804786136391475e-131,1.000427238907898e-117,1.0004265104587301e-117,1.3833699924548936e-93,-3.7320659333045712e-06,879890.9291485555,6185.529107821591
2.2426639811818965e-05,0.0004228782160797851,6.2065651400094985,188.48633007983702,0.0,9.098645648393648e-78,2.957583973642503,2.6593254494321605e-125,0.0,2.432115675436664e-137,0.985861324547501,1.896212915513078e-105,2.775265964590797e-118,6.145607610885468e-124,1.7808939502103043e-131,9.91468419209598e-118,9.914677008671868e-118,1.8175272176494578e-93,-3.71906242142095e-06,928131.7774859484,6179.903034057691
2.2636071759011183e-05,0.00042412034434976593,5.6535552598529755,190.22735084818234,0.0,9.018937485300163e-78,2.9316742289569966,2.6360285814329745e-125,0.0,2.410809265624545e-137,0.9772247429856654,1.879601251077462e-105,2.7180458199955925e-118,6.0917693678340555e-124,1.7652925309543136e-131,9.860734754426037e-118,9.860727638146405e-118,2.223974070009808e-93,-3.7125953574598968e-06,963036.7128532171,6182.357563821452
2.28455037062034e-05,0.000425245545522954,5.089935385305652,191.99598762280434,0.0,8.947534333368966e-78,2.908464091318923,2.615159077724603e-125,0.0,2.391722828829624e-137,0.969488030439641,1.8647204013188846e-105,2.662377957272156e-118,6.04354067870998e-124,1.751316666169174e-131,9.816816096594562e-118,9.816809041710427e-118,2.724102523704573e-93,-3.7085490709232054e-06,997440.5742146359,6190.447177138019
2.305493565339562e-05,0.00042625158589586226,4.5155920941027,193.79258083913908,0.0,8.884329745545555e-78,2.8879189593035663,2.596685826274335e-125,0.0,2.374827911196254e-137,0.9626396531011888,1.851548182025831e-105,2.608103820171596e-118,6.0008496442874314e-124,1.7389455207878887e-131,9.78293831224637e-118,9.78293131327097e-118,3.340051544365234e-93,-3.706688180366989e-06,1031306.1315187839,6204.245965241354
2.3264367600587834e-05,0.0004271362061852897,3.9303938831275516,195.6175926222476,0.0,8.829244323894389e-78,2.8700130240080655,2.580585620886568e-125,0.0,2.360103289240074e-137,0.9566710080026884,1.840068046187167e-105,2.555066652082328e-118,5.963642635680381e-124,1.7281635541137486e-131,9.759147420980662e-118,9.759140472707817e-118,4.09937696811496e-93,-3.7067176935250462e-06,1064596.737238613,6223.85284761578
2.3473799547780052e-05,0.0004278971175697365,3.334189575785625,197.47161292387202,0.0,8.782226016167275e-78,2.854729365453229,2.566843247882953e-125,0.0,2.347535049122293e-137,0.9515764551510763,1.8302691457987936e-105,2.5031107807987483e-118,5.931884494731509e-124,1.7189605778677178e-131,9.745526497203808e-118,9.745519594735502e-118,5.0364340215902255e-93,-3.708280143154058e-06,1097276.3660294756,6249.3927700367785
2.368323149497227e-05,0.0004285319973491917,2.726806552717731,199.35536653234035,0.0,8.74325062085547e-78,2.8420601167545594,2.555451633717536e-125,0.0,2.3371167216527636e-137,0.9473533722515197,1.8221464371195613e-105,2.4520809225430244e-118,5.905558874863944e-124,1.7113318550449529e-131,9.742197070501584e-118,9.742190209287089e-118,6.194144934121022e-93,-3.7109528515020583e-06,1129309.6537138592,6281.018179461711
2.3892663442164488e-05,0.000429038484240861,2.1080488095554126,201.2697209329098,0.0,8.712322513096345e-78,2.832006700083736,2.5464120571426267e-125,0.0,2.3288494763286377e-137,0.9440022333612453,1.8157008319546227e-105,2.4018214989993523e-118,5.884668731229178e-124,1.705278241998803e-131,9.749320821024992e-118,9.74931399691432e-118,7.626256047061615e-93,-3.7142453045904857e-06,1160661.9355506431,6318.910799044703
2.4102095389356703e-05,0.0004294141732737147,1.4776948189404608,203.21569512775656,0.0,8.689475610669712e-78,2.8245801406730715,2.5397344315473753e-125,0.0,2.3227423795502513e-137,0.9415267135576905,1.8109393989749248e-105,2.352175969054951e-118,5.869236973249382e-124,1.7008063775165478e-131,9.76710159502237e-118,9.767094804337633e-118,9.400230206497668e-93,-3.717596627459841e-06,1191299.2837474588,6363.283738711406
2.431152733654892e-05,0.0004296566102105945,0.8354951576168942,205.19446960680983,0.0,8.674774605279529e-78,2.819801467052992,2.5354376648331723e-125,0.0,2.318812723749176e-137,0.9399338223509972,1.807875620323779e-105,2.3029861823333796e-118,5.859307296385459e-124,1.6979289238196477e-131,9.795787768572139e-118,9.795781008201622e-118,1.1600969492912384e-92,-3.720373156376164e-06,1221188.5441755662,6414.383987264603
2.452095928374114e-05,0.0004297632854328313,0.181169861683037,207.20739764892815,0.0,8.66831648848446e-78,2.8177022070673727,2.533550105408154e-125,0.0,2.317086435277457e-137,0.9392340690224577,1.8065297096300423e-105,2.2540917621706516e-118,5.854945212829217e-124,1.6966648652367296e-131,9.835674992818617e-118,9.835668260339695e-118,1.4335625106210844e-92,-3.721866095163085e-06,1250297.3722475078,6472.495339073971
2.4730391230933357e-05,0.0004297316272347023,-0.4855945226516093,209.256018110649,0.0,8.670232406331455e-78,2.818324990736292,2.534110084254066e-125,0.0,2.31759857016089e-137,0.9394416635787641,1.8069289985249984e-105,2.2053295260401477e-118,5.856239304153149e-124,1.6970398712145885e-131,9.887109360199468e-118,9.8871026540384e-118,1.7739838287276924e-92,-3.7212892300796185e-06,1278594.267918725,6537.9418164558565
2.493982317812557e-05,0.00042955899446918633,-1.1651482307021273,211.34206988463157,0.0,8.680689883584606e-78,2.8217242732585337,2.5371665650173406e-125,0.0,2.320393908647053e-137,0.9405747577528446,1.8091084001851357e-105,2.1565329548190825e-118,5.863302723619051e-124,1.6990867316706032e-131,9.950491037303583e-118,9.950484356942567e-118,2.1985874207875073e-92,-3.7177766693321383e-06,1306048.6097752478,6611.091661056297
2.514925512531779e-05,0.0004292426684684471,-1.857881962548911,213.46750826523458,0.0,8.699895467257976e-78,2.8279671943120483,2.542779916653122e-125,0.0,2.325527661835493e-137,0.9426557314373495,1.8131109602604203e-105,2.107531727948953e-118,5.87627498174156e-124,1.7028458744160163e-131,1.0026278416634477e-117,1.0026271762879605e-117,2.72932724906776e-92,-3.710380567863549e-06,1332630.6881705837,6692.361983575175
2.5358687072510008e-05,0.0004287798441465743,-2.564231017504915,215.63452350948512,0.0,8.728097849402995e-78,2.837134593139741,2.551022826144396e-125,0.0,2.3330663064151603e-137,0.9457115310465803,1.8189885076821157e-105,2.058151347741638e-118,5.8953240555689375e-124,1.70836597638449e-131,1.011499284763883e-117,1.01149862229668e-117,3.394286152182394e-92,-3.6980687905114113e-06,1358311.7373759355,6782.22417989937
2.5568119019702226e-05,0.0004281676201811803,-3.2846799480207696,217.84556192310504,0.0,8.765591540988482e-78,2.849322202772119,2.5619813722928626e-125,0.0,2.3430885667117977e-137,0.9497740675907063,1.8268024203216557e-105,2.0082128827214233e-118,5.9206488701792266e-124,1.7157046827270997e-131,1.021722401730015e-117,1.0217217426307427e-117,4.2295294079138106e-92,-3.6797224554289713e-06,1383063.966708961,6881.210243610378
2.572290556754577e-05,0.0004276173654512598,-3.826523300027596,219.50957162146207,0.0,8.799473589667014e-78,2.860335820406906,2.5718843180511306e-125,0.0,2.3521454159277614e-137,0.9534452734689686,1.8338636446830675e-105,1.9708383051062364e-118,5.9435342295248206e-124,1.7223364758368084e-131,1.0301854117340956e-117,1.0301847555750876e-117,4.983075910964092e-92,-3.6615794780153767e-06,1400745.1264144955,6960.581367547098
2.5877692115389316e-05,0.00042698260667057333,-4.376600237348768,221.20031829831422,0.0,8.838776250054736e-78,2.8731114491077316,2.5833715842925555e-125,0.0,2.362651223067557e-137,0.9577038163692438,1.8420545573882345e-105,1.9329831117198515e-118,5.9700808978965125e-124,1.7300292548302995e-131,1.0394524996654739e-117,1.0394518469785124e-117,5.8781809673663247e-92,-3.638962064028937e-06,1417893.826461961,7045.531058690058
2.603247866323286e-05,0.00042626204963544653,-4.9351688076279885,222.91910763754865,0.0,8.88367549285583e-78,2.8877062894904517,2.5964946032181574e-125,0.0,2.3746530260228224e-137,0.9625687631634839,1.851411831798768e-105,1.894570425622366e-118,6.000407733245881e-124,1.7388174627640862e-131,1.049555895897776e-117,1.0495552473768751e-117,6.94326457341228e-92,-3.611321900574215e-06,1434499.9296985762,7136.352956326154
2.6187265211076406e-05,0.00042545435862396144,-5.502508122710066,224.66735107166733,0.0,8.934366442313262e-78,2.9041837681743847,2.6113104051690626e-125,0.0,2.3882029825265127e-137,0.9680612560581282,1.861976132989884e-105,1.8555222315500532e-118,6.0346465306289985e-124,1.7487392916507817e-131,1.0605306159781752e-117,1.0605299725129254e-117,8.212922266079802e-92,-3.578081639978912e-06,1450553.619718133,7233.368126842792
2.634205175891995e-05,0.0004245581529948981,-6.078920130584684,226.4465740484748,0.0,8.991064989844437e-78,2.922614062306859,2.6278820902552e-125,0.0,2.403358801486167e-137,0.9742046874356197,1.873792454041856e-105,1.815759565460062e-118,6.072943112177229e-124,1.7598369982984125e-131,1.0724146667241356e-117,1.072414029440476e-117,9.729379519877736e-92,-3.5386340199012034e-06,1466045.4066637908,7336.927820261636
2.6496838306763496e-05,0.00042357200347320365,-6.664731585297012,228.25842525773592,0.0,9.05400961242678e-78,2.9430746906432796,2.6462793598277026e-125,0.0,2.4201842290479086e-137,0.9810248968810932,1.886910495006348e-105,1.7752027870590321e-118,6.115458555360263e-124,1.772157259961299e-131,1.0852492725774698e-117,1.0852486428877138e-117,1.1544327265303778e-91,-3.4923408694868584e-06,1480966.1328378422,7447.416586377956
2.665162485460704e-05,0.0004224944281346581,-7.260296212598589,230.10468680509504,0.0,9.123463420767877e-78,2.9656511793204037,2.666579115112064e-125,0.0,2.438749596083059e-137,0.9885503931068012,1.901385089751706e-105,1.7337719368262185e-118,6.162370576227194e-124,1.785751575725551e-131,1.0990791255560671e-117,1.0990785052203719e-117,1.3721242402144336e-91,-3.438531986626533e-06,1495306.9781151223,7565.255796865833
2.6806411402450586e-05,0.0004213238880591266,-7.865997095314597,231.98728544949665,0.0,9.199716469206664e-78,2.990437812707301,2.6888661323392847e-125,0.0,2.4591324356368356e-137,0.996812604235767,1.917276687359163e-105,1.6913871952469538e-118,6.213875089608781e-124,1.8006767186176193e-131,1.1139526614870252e-117,1.1139520526890706e-117,1.6338323370762592e-91,-3.3765038653657803e-06,1509059.4651568704,7690.907634094803
2.696119795029413e-05,0.0004200587825943,-8.482249322250423,233.90830511590028,0.0,9.283088366137962e-78,3.0175384819436952,2.7132338257130853e-125,0.0,2.4814181807085074e-137,1.0058461606478986,1.9346518961470986e-105,1.6479694692615726e-118,6.270187972316385e-124,1.8169952465792783e-131,1.129922365430652e-117,1.129921770871103e-117,1.9492233285618474e-91,-3.3055182424584624e-06,1522215.4644219629,7824.879621909107
2.7115984498137676e-05,0.00041869744417649966,-9.1095029391904,235.87000087133546,0.0,9.373931229572206e-78,3.0470676456671413,2.739785111252239e-125,0.0,2.5057009542880105e-137,1.0156892152223804,1.9535840996505334e-105,1.603441134051931e-118,6.3315470597318754e-124,1.834776080001999e-131,1.1470451097046871e-117,1.1470445327169997e-117,2.3302874849183626e-91,-3.224800433905973e-06,1534767.1989725456,7967.729784698645
2.727077104598122e-05,0.0004172381326645244,-9.748246244670915,237.87481456669508,0.0,9.472633039081877e-78,3.079151419588702,2.768633386487635e-125,0.0,2.5320844653487943e-137,1.0263838065295672,1.9741541551618135e-105,1.5577269480228493e-118,6.398214409563388e-124,1.8540951588232554e-131,1.165382529870446e-117,1.1653819745648537e-117,2.791954506985586e-91,-3.1335374187114464e-06,1546707.2490712358,8120.07253549081
2.7425557593824766e-05,0.00041567902913778004,-10.399009465878112,239.92539231872524,0.0,9.579621444324695e-78,3.113928814482387,2.799903643606261e-125,0.0,2.5606830268860384e-137,1.037976271494129,1.9964511874574976e-105,1.5107551747276353e-118,6.470478874322266e-124,1.8750361878067124e-131,1.1850014436999239e-117,1.1850009151430573e-117,3.352883300750728e-91,-3.030875640229709e-06,1558028.5565671688,8282.585410407703
2.758034414166831e-05,0.0004140182290955681,-11.062368872075043,242.02460410766244,0.0,9.69536810167134e-78,3.151553145838974,2.833733736948028e-125,0.0,2.591622715119972e-137,1.050517715279658,2.020573492585812e-105,1.462458941295108e-118,6.548659030544203e-124,1.897691485069466e-131,1.2059743201430434e-117,1.2059738245828248e-117,4.0364900639845557e-91,-2.915918474778671e-06,1568724.4290682997,8456.016792008442
2.7735130689511857e-05,0.0004122537349814334,-11.738951392299942,244.17556581235897,0.0,9.820393623909498e-78,3.1921936428049578,2.870275829690743e-125,0.0,2.6250426925777123e-137,1.0640645476016526,2.0466295694123237e-105,1.412777869222576e-118,6.63310652201944e-124,1.922162950937399e-131,1.228379806558258e-117,1.2283793517065646e-117,4.8722847391865085e-91,-2.787723312158675e-06,1578788.5438974944,8641.194792073622
2.78899172373554e-05,0.0004103834479473529,-12.429439811915561,246.38166404345117,0.0,9.955273243864386e-78,3.2360372891854823,2.909698049196496e-125,0.0,2.661096722008717e-137,1.0786790963951607,2.074739299947329e-105,1.3616600171747788e-118,6.724209885193933e-124,1.9485631766678164e-131,1.2523033243048592e-117,1.2523029196942483e-117,5.897621399036203e-91,-2.645298186751072e-06,1588214.9518300684,8839.037497726962
2.800375457254189e-05,0.00040893915630599146,-12.946562457385788,248.04145088101615,0.0,1.0061126343396144e-77,3.2704456443224967,2.940636482493546e-125,0.0,2.6893918103783165e-137,1.090148548107499,2.0967997276467987e-105,1.323124158662018e-118,6.795707516741406e-124,1.969281990386389e-131,1.2709202959589995e-117,1.270919935682201e-117,6.799828431760711e-91,-2.5308649816810197e-06,1594737.3580708539,8993.211697694107
2.8117591907728383e-05,0.00040743553082970836,-13.4719272209844,249.73462499236553,0.0,1.0172928555133338e-77,3.3067878036317118,2.973313704847874e-125,0.0,2.719277127624711e-137,1.1022626012105705,2.120099986397172e-105,1.2837767056998391e-118,6.871223428668715e-124,1.9911652343265184e-131,1.2904481502843331e-117,1.2904478418100877e-117,7.853261753595112e-91,-2.407735444337645e-06,1600909.7324625235,9155.230185338753
2.823142924291487e-05,0.0004058716140231762,-14.005875108946238,251.4628692394814,0.0,1.029097817131209e-77,3.345160729273336,3.007816900238895e-125,0.0,2.750832408826218e-137,1.1150535764244454,2.144702242109171e-105,1.243610341499632e-118,6.950959100092229e-124,2.01427129375026e-131,1.3109292213440172e-117,1.3109289734381576e-117,9.085874401576002e-91,-2.2754561056672565e-06,1606730.1014471215,9325.575012012396
2.8345266578101364e-05,0.0004042464082908079,-14.548770413042188,253.2279789638933,0.0,1.0415597361974382e-77,3.3856691450699867,3.044240231581045e-125,0.0,2.7841437717238214e-137,1.1285563816899955,2.170673636973134e-105,1.202623048976854e-118,7.0351321382062525e-124,2.0386632275622152e-131,1.332408643365239e-117,1.3324084663313447e-117,1.053133327962753e-90,-2.1335543229713265e-06,1612196.6040170714,9504.76913445998
2.8459103913287852e-05,0.0004025588731733109,-15.101002633492882,255.03187121844633,0.0,1.054713442861389e-77,3.428426269071418,3.08268549941278e-125,0.0,2.8193043191325217e-137,1.1428087563571394,2.19808675913205e-105,1.1608189177163984e-118,7.123977800490695e-124,2.064409209427741e-131,1.354934584335678e-117,1.3549344903049562e-117,1.2230312320407447e-90,-1.98153691925036e-06,1617307.4923102134,9693.380654642324
2.857294124847434e-05,0.00040080792233381613,-15.662988614683611,256.87659502695595,0.0,1.0685966322770018e-77,3.4735546322426645,3.123262878023846e-125,0.0,2.8564148121747236e-137,1.1578515440808883,2.22702016757191e-105,1.1182090315795015e-118,7.217750695881095e-124,2.0915830207386627e-131,1.378558508482641e-117,1.378558511764393e-117,1.4232162790554862e-90,-1.8188886537221876e-06,1622061.1321686676,9892.02759446511
2.8686778583660833e-05,0.00039899242030506,-16.235174888878866,258.76434264819216,0.0,1.0832501463053491e-77,3.5211869941596334,3.166091738807249e-125,0.0,2.895584423285936e-137,1.173728998053211,2.257558979207207e-105,1.0748124319209099e-118,7.31672668751658e-124,2.1202646019899217e-131,1.4033354728068605e-117,1.4033355903130932e-117,1.6597281138706295e-90,-1.6450705267301197e-06,1626456.003661341,10101.383275526998
2.8800615918847322e-05,0.0003971111789734767,-16.81804025430898,260.69746197144053,0.0,1.098718289217464e-77,3.571467369225164,3.2113015729862196e-125,0.0,2.936931580104988e-137,1.1904891230750547,2.2897955268248715e-105,1.0306571549204557e-118,7.421205025146343e-124,2.1505406707103827e-131,1.4293244636167964e-117,1.4293247153779267e-117,1.9401550795470987e-90,-1.459517898371984e-06,1630490.70156991,10322.18239391372
2.8914453254033814e-05,0.0003951629537538179,-17.41209863350321,262.67847026518825,0.0,1.1150491823888881e-77,3.6245521796306126,3.2590330283050115e-125,0.0,2.980584913591127e-137,1.208184059876871,2.323830098289092e-105,9.857813414391205e-119,7.531510740916089e-124,2.182505415715044e-131,1.4565887801817196e-117,1.4565891899749613e-117,2.2749901920952653e-90,-1.2616383851513878e-06,1634163.9358381252,10555.227900064605
2.9028290589220303e-05,0.00039314643941208705,-18.017902255055635,264.7100694873761,0.0,1.1322951637339513e-77,3.680611553747269,3.3094390764836055e-125,0.0,3.0266843257327106e-137,1.2268705179157564,2.359771768986414e-105,9.402344120893757e-119,7.647997347372146e-124,2.2162612789253555e-131,1.4851964742484914e-117,1.4851970703662624e-117,2.683738204395587e-90,-1.0508095009828417e-06,1637474.5319842964,10801.398810836203
2.9142127924406795e-05,0.0003910602655028173,-18.636045196693527,266.7951633398207,0.0,1.1505132384884091e-77,3.7398307914290814,3.362686330751508e-125,0.0,3.0753821945123966e-137,1.2466102638096939,2.397739341283821e-105,8.940782928757125e-119,7.771049882343314e-124,2.2519198376926675e-131,1.5152208560998115e-117,1.5152216722926678e-117,3.22737572868163e-90,-8.263760130411483e-07,1640421.4314768203,11061.659100398143
2.9255965259593284e-05,0.0003889029913830973,-19.267167333211418,268.9368762768718,0.0,1.1697655890777578e-77,3.8024120213754244,3.418956536073223e-125,0.0,3.126844736809431e-137,1.2674706737918082,2.437862407123838e-105,8.473886703603542e-119,7.901088353001602e-124,2.289602802770019e-131,1.5467410800442534e-117,1.5467421566820756e-117,4.191592839007459e-90,-5.876469787510346e-07,1643003.6920726362,11337.067843180826
2.9369802594779773e-05,0.00038667310075423176,-19.91195874567206,271.13857474039537,0.0,1.1901201532273906e-77,3.8685760803049245,3.4784482588161785e-125,0.0,3.181253553704245e-137,1.2895253601016414,2.4802825528331275e-105,8.002562485855216e-119,8.038571641008348e-124,2.329443149847249e-131,1.579842824874012e-117,1.5798442103812646e-117,7.153738952450785e-90,-3.3389242056061656e-07,1645220.4881185004,11628.790816087925
2.9483639929966265e-05,0.0003843689956718842,-20.57116466004764,273.40389095000944,0.0,1.211651281167648e-77,3.938564649148545,3.5413788075187227e-125,0.0,3.2388073871381974e-137,1.312854883049515,2.5251547287321717e-105,7.527879708258061e-119,8.18400194207442e-124,2.3715864058489703e-131,1.6146190880816877e-117,1.6146208407183973e-117,2.1351161374283503e-89,-6.43395862999902e-08,1647071.1108149795,11938.113807644295
2.9597477265152754e-05,0.0003819889899588535,-21.245590992957535,275.73674962322116,0.0,1.2344404848803385e-77,4.012642687914393,3.607986422210196e-125,0.0,3.2997241221805957e-137,1.337547562638131,2.572648810349527e-105,7.051081572045655e-119,8.337929826817851e-124,2.4161921150756693e-131,1.651171116593956e-117,1.6511733066747343e-117,1.0262911935104242e-88,2.218312641225615e-07,1648554.9684430826,12266.457929728134
2.9681465916606632e-05,0.0003801833370032754,-21.75344473929458,277.50369239953255,0.0,1.2521128087994604e-77,4.0700879169960755,3.659638568356137e-125,0.0,3.346963167081337e-137,1.356695972332025,2.6094790027486267e-105,6.698773823362162e-119,8.457296157161928e-124,2.4507824636859645e-131,1.679341721531177e-117,1.6793442879789514e-117,3.7192884702735016e-88,4.441277359192302e-07,1649414.34798966,12521.816989886813
2.976545456806051e-05,0.0003783346492269568,-22.270433172891664,279.31153430238123,0.0,1.2705575546602023e-77,4.130043951119604,3.713548316587611e-125,0.0,3.396266927085574e-137,1.376681317039868,2.6479189623270293e-105,6.346727069062614e-119,8.581879748404614e-124,2.4868846806276865e-131,1.7085869874422084e-117,1.708589983665423e-117,1.413751781504136e-87,6.763129290985476e-07,1650073.6716725137,12789.074971893293
2.984944321951439e-05,0.00037644214277903463,-22.796955940770218,281.1622177355436,0.0,1.289816684410237e-77,4.192647157908848,3.769838282492536e-125,0.0,3.4477475416417874e-137,1.3975490526362826,2.6880561197510572e-105,5.995638565828036e-119,8.711963974433727e-124,2.524580878957726e-131,1.738958448103422e-117,1.7389619358699236e-117,5.500780707843846e-87,9.187747421323301e-07,1650532.8247361868,13068.979943297007
2.9933431870968264e-05,0.0003745049992084772,-23.333438152639292,283.05780782314076,0.0,1.3099353631452874e-77,4.258044218780326,3.8286403553669327e-125,0.0,3.501525631559255e-137,1.4193480729267753,2.7299845258055026e-105,5.646263988065532e-119,8.847853649035146e-124,2.563959382120958e-131,1.7705114776697422e-117,1.7705155285596483e-117,2.179120062699484e-86,1.1719207061688966e-06,1650791.72726497,13362.342042732744
3.0017420522422142e-05,0.0003725223632363733,-23.880332445399862,285.0005023631668,0.0,1.3309623505715961e-77,4.326393098860719,3.890096570425677e-125,0.0,3.557731096602175e-137,1.442131032953573,2.773805499238975e-105,5.299417055614773e-119,8.989877047417025e-124,2.6051153079968173e-131,1.8033057104100426e-117,1.8033104075500573e-117,8.777055728004388e-86,1.4361795640984105e-06,1650850.3341968115,13670.039847312544
3.010140917387602e-05,0.00037049334033001233,-24.438121271907164,286.99264286324325,0.0,1.3529507216671879e-77,4.397864128324026,3.9543600820546237e-125,0.0,3.6165040047077136e-137,1.465954709441342,2.8196283973190425e-105,4.9559680911203846e-119,9.138388165385074e-124,2.6481512200256223e-131,1.8374055189074004e-117,1.837410959048433e-117,3.5945909349095934e-85,1.7120030214216644e-06,1650708.63533116,13993.027529434421
3.0107139846731287e-05,0.0003703531832519204,-24.476589815592725,287.13043338471675,0.0,1.3544874878086333e-77,4.4028590232922955,3.958851265431766e-125,0.0,3.620611466222839e-137,1.467619674430765,2.822830821212085e-105,4.932680814885574e-119,9.148767167268382e-124,2.6511588702876294e-131,1.83978149709398e-117,1.8397869918453314e-117,3.946465434956789e-85,1.7312561474897728e-06,1650691.66756892,14015.648238098855
3.0112870519586556e-05,0.0003702128055705947,-24.515111631517374,287.2684664859298,0.0,1.3560290208944697e-77,4.40786936479624,3.963356337671438e-125,0.0,3.6247316299171354e-137,1.4692897882654132,2.825953963869776e-105,4.9094139447096704e-119,9.159178266566429e-124,2.6541758216021363e-131,1.8421638985209017e-117,1.8421694484124736e-117,4.3493768941248856e-85,1.7505654771794141e-06,1650673.767390231,14038.345269891071
3.0125363703415137e-05,0.00036990600829420216,-24.59927680342384,287.5702311354371,0.0,1.3594062711467619e-77,4.418846025365925,3.9732260540420533e-125,0.0,3.633758088159198e-137,1.472948675121975,2.834333609510085e-105,4.858763082878247e-119,9.181986915510226e-124,2.660785361194064e-131,1.8473800428524786e-117,1.847385714816984e-117,5.381453429920831e-85,1.7928564614535999e-06,1650631.5120015065,14088.092294441061
3.0133017500759367e-05,0.00036971753266751614,-24.650965803812902,287.75568219003884,0.0,1.3614866343469378e-77,4.425607425696932,3.979305599323876e-125,0.0,3.639318203401739e-137,1.4752024752323105,2.8399226491775353e-105,4.827782427587368e-119,9.196036583954817e-124,2.664856703556761e-131,1.8505908890640898e-117,1.8505966370980487e-117,6.116245128626109e-85,1.8188985376219438e-06,1650603.435804919,14118.750932846018
3.0138313715888572e-05,0.0003695868810047058,-24.686789567285366,287.8842716825251,0.0,1.3629312607663916e-77,4.430302538744256,3.9835272326409797e-125,0.0,3.6431791446774924e-137,1.4767675129147517,2.842989543087313e-105,4.8063673774443535e-119,9.20579266821435e-124,2.667683841680563e-131,1.852819519871964e-117,1.8528253211235668e-117,6.691518330887043e-85,1.836978339633723e-06,1650583.034275386,14140.047424265802
3.0143609931017777e-05,0.00036945603948899106,-24.722659629286902,288.01307780085585,0.0,1.3643800562294076e-77,4.435011132584714,3.987760987350654e-125,0.0,3.647051171639601e-137,1.4783370441949049,2.8458136644176658e-105,4.7849711737388455e-119,9.215576765633342e-124,2.670519097194516e-131,1.8550537461074084e-117,1.855059601056223e-117,7.323642821220449e-85,1.8551068790879626e-06,1650561.8364234567,14161.411011165463
3.0148906146146982e-05,0.0003693250078748008,-24.75857612734127,288.14210087539226,0.0,1.365833038149556e-77,4.439733256911602,3.992006908143775e-125,0.0,3.650934325152446e-137,1.4799110856372006,2.8487881591878483e-105,4.7635940581380053e-119,9.225388979507387e-124,2.6733625000211783e-131,1.8572935866729964e-117,1.8572994958033564e-117,8.013147582693484e-85,1.8732842820441294e-06,1650539.8422638027,14182.841960306114
3.0154202361276187e-05,0.00036919378591583846,-24.794539199553295,288.2713410763891,0.0,1.3672902241382e-77,4.444468961665194,3.996265039936983e-125,0.0,3.6548286462835106e-137,1.4814896538883982,2.8519193004349538e-105,4.742236273424136e-119,9.235229413686548e-124,2.6762140802317667e-131,1.8595390605657593e-117,1.859545024366814e-117,8.767054309748869e-85,1.8915106749974725e-06,1650517.051811646,14204.340531896789
3.015949857640539e-05,0.0003690623733650719,-24.830548984592177,288.4007989617205,0.0,1.368751632096549e-77,4.449218297034526,4.0005354278736213e-125,0.0,3.658734176304838e-137,1.4830727656781755,2.855036767781575e-105,4.7208980634652003e-119,9.245098172517036e-124,2.6790738680473327e-131,1.8617901868788137e-117,1.861796205844578e-117,9.594408175135472e-85,1.9097861848775797e-06,1650493.4650827602,14225.907006583508
3.0164794791534596e-05,0.0003689307699747298,-24.866605621704426,288.53047528315483,0.0,1.370217280287797e-77,4.453981313458924,4.0048181173239435e-125,0.0,3.662650956694297e-137,1.4846604378196415,2.8580744365687397e-105,4.699579672979857e-119,9.254995360839001e-124,2.6819418938396827e-131,1.8640469848043772e-117,1.8640530594337894e-117,1.050155154177655e-84,1.9281109390652154e-06,1650469.0820934693,14247.541675992119
3.01700910066638e-05,0.00036879897549630216,-24.902709250729654,288.6603706660474,0.0,1.3716871873277567e-77,4.458758061629407,4.0091131538860745e-125,0.0,3.6665790291367287e-137,1.486252687209802,2.8611284918425444e-105,4.678281347188923e-119,9.26492108401963e-124,2.684818188132171e-131,1.8663094736375756e-117,1.8663156044345468e-117,1.1494278062801184e-84,1.946485065393031e-06,1650443.9028606494,14269.244826951755
3.0175387221793006e-05,0.0003686669896805382,-24.938860012103223,288.7904855850819,0.0,1.3731613721734042e-77,4.463548592490193,4.0134205833892165e-125,0.0,3.6705184355251913e-137,1.4878495308300643,2.8642372344085525e-105,4.657003332007347e-119,9.274875447967273e-124,2.6877027816005834e-131,1.8685776727750798e-117,1.8685838602485514e-117,1.2581043273933212e-84,1.964908692146296e-06,1650417.9274017268,14291.016740269604
3.018068343692221e-05,0.0003685348122774423,-24.975058046852617,288.9208205184182,0.0,1.3746398541644305e-77,4.468352957240286,4.017740451895841e-125,0.0,3.6744692179622578e-137,1.489450985746762,2.8673379490792264e-105,4.635745874376705e-119,9.28485855912135e-124,2.690595705074127e-131,1.8708516017125785e-117,1.8708578463765754e-117,1.3772107743074353e-84,1.983381948067103e-06,1650391.1557346792,14312.857698337459
3.0185979652051416e-05,0.0003684024430362702,-25.01130349659806,289.05137602488213,0.0,1.3761226530797066e-77,4.473171207335073,4.0220728057025753e-125,0.0,3.6784314187613356e-137,1.4910570691116911,2.870407243213285e-105,4.614509222225673e-119,9.294870524452807e-124,2.6934969895364063e-131,1.8731312800459e-117,1.8731375824195876e-117,1.5077554964221283e-84,2.0019049623558375e-06,1650363.5878780354,14334.767988970267
3.019127586718062e-05,0.0003682698817055252,-25.04759650355809,289.1821526985699,0.0,1.3776097891684228e-77,4.478003394487909,4.026417691342063e-125,0.0,3.6824050804479667e-137,1.4926677981626364,2.8734920234184466e-105,4.593293624210117e-119,9.304911451472281e-124,2.696406666126357e-131,1.8754167274742537e-117,1.875423088081995e-117,1.6507694477577358e-84,2.020477864670421e-06,1650335.2238508752,14356.74790318258
3.019958898362709e-05,0.0003680614210151381,-25.104659472579232,289.3878715117871,0.0,1.379952844434189e-77,4.485616388647264,4.0332629543516695e-125,0.0,3.68866548846917e-137,1.4952054628824214,2.878330008260021e-105,4.560035969188183e-119,9.320730692677153e-124,2.700990791323544e-131,1.879015724256047e-117,1.879022177340009e-117,1.9033504037019448e-84,2.049731434624396e-06,1650289.0971420817,14391.389419456465
3.0207902100073566e-05,0.0003678524854632359,-25.161840518049186,289.5941387686389,0.0,1.3823067196553652e-77,4.493264050637132,4.040139390038061e-125,0.0,3.6949544049537643e-137,1.4977546835457105,2.883183098957884e-105,4.526831768229451e-119,9.336621975145506e-124,2.7055957915761714e-131,1.8826290605679132e-117,1.8826356074535533e-117,2.1949730766928803e-84,2.0791087423849624e-06,1650241.008996016,14426.204319334669
3.022534526716355e-05,0.00036741253424166367,-25.28220811464176,290.0287357210414,0.0,1.3872813482187318e-77,4.509424509553949,4.054670156177861e-125,0.0,3.7082436660354674e-137,1.5031415031846498,2.8931674643308706e-105,4.4573384370858794e-119,9.370202241460726e-124,2.715326728624994e-131,1.890257774303485e-117,1.890264522412352e-117,2.9621691520988593e-84,2.1411547521520984e-06,1650133.7317641003,14499.824063891865
3.024278843425353e-05,0.0003669704788344472,-25.40310325543802,290.46577735280607,0.0,1.3923048701495274e-77,4.525740408383945,4.0693406952912226e-125,0.0,3.7216607505072644e-137,1.5085801361279816,2.9030275227016136e-105,4.3880937306941396e-119,9.404105522183243e-124,2.7251512630162885e-131,1.8979506918317296e-117,1.897957647291094e-117,4.0007146903531864e-84,2.203752526422145e-06,1650017.8200061133,14574.222899221297
3.0260231601343513e-05,0.0003665263099935959,-25.524531232369196,290.90528431041633,0.0,1.3973782609097355e-77,4.542213685902733,4.084152755704751e-125,0.0,3.735207252705908e-137,1.5140712286342441,2.91319148574799e-105,4.319106765670824e-119,9.43833584921687e-124,2.7350705621736955e-131,1.905708553491238e-117,1.905715722634558e-117,5.4075358435496245e-84,2.2669068590263023e-06,1649893.2745922522,14649.411707163512
3.0277674768433496e-05,0.00036608001837815037,-25.646497412445772,291.34727758802666,0.0,1.4025026421764245e-77,4.558846313519702,4.099108118196271e-125,0.0,3.7488847935655245e-137,1.5196154378399005,2.923762290024735e-105,4.2503867976906266e-119,9.47289732219551e-124,2.745085813171206e-131,1.9135321127675197e-117,1.9135395021420626e-117,7.314989106225729e-84,2.330622601340876e-06,1649760.0964575307,14725.401571123535
3.029511793552348e-05,0.0003656315945527895,-25.76900723917386,291.79177851764075,0.0,1.4076793326219525e-77,4.575640295957608,4.1142085985066034e-125,0.0,3.762727377354732e-137,1.5252134319858692,3.0654715556231755e-105,4.1819434387728086e-119,9.507794111465326e-124,2.75519822314275e-131,1.9214221366508852e-117,1.92142975302567e-117,9.903450793859408e-84,2.394904663359405e-06,1649618.2866017716,14802.203779795675
3.0332222948989437e-05,0.0003646705741123367,-26.03144308004494,292.74575857311345,0.0,1.4188730698583812e-77,4.6119104193760885,4.1468214887841643e-125,0.0,3.7925543249265694e-137,1.5373034731253628,3.092789961426121e-105,4.037305658529865e-119,9.583161404012008e-124,2.7770380910124405e-131,1.9384304101917294e-117,1.938438533018485e-117,1.8925151727725047e-83,2.5335515716607183e-06,1649287.9246147857,14968.331834204448
3.0369327962455394e-05,0.0003636997690368893,-26.29641834517041,293.7113969599451,0.0,1.4303335451262018e-77,4.648940090500339,4.180118128316374e-125,0.0,3.822897908980979e-137,1.5496466968334464,2.6840170626699876e-105,3.894005899729719e-119,9.660109302047522e-124,2.799335316493231e-131,1.955750705600701e-117,1.9557593689081494e-117,3.629505892589289e-83,2.674832383057656e-06,1648918.5205830093,15138.30192021504
3.0406432975921348e-05,0.0003627190840708282,-26.563989065183176,294.6889134613736,0.0,1.4420976070823418e-77,4.686750204808135,4.2141187130589425e-125,0.0,3.8538880010227284e-137,1.562250068269378,2.2945150000772698e-105,3.752084813098454e-119,9.738685869370167e-124,2.822102481556867e-131,1.9733910310746452e-117,1.9734002714287986e-117,6.984820402446614e-83,2.8187971413224016e-06,1648510.087055334,15312.23251442485
3.0443537989387305e-05,0.0003617284218473752,-26.834213022053017,295.67853482862637,0.0,1.454231153895283e-77,4.725362434940039,4.248846701370768e-125,0.0,3.8856010651291767e-137,1.5751208116466797,2.1617599064842394e-105,3.6115845380055644e-119,9.818944882516478e-124,2.8453526361428663e-131,1.9913596909363274e-117,1.9913695476492422e-117,1.3493579380229256e-82,2.9654972302673792e-06,1648062.6379065064,15490.246889878847
3.0480643002853263e-05,0.00036072768281868937,-27.10714982233353,296.680495093201,0.0,1.4668570896772126e-77,4.7647992666659755,4.2843335909528797e-125,0.0,3.9180352802044753e-137,1.588266422221992,2.204332718007151e-105,3.4724869021787493e-119,9.900955629698953e-124,2.86909931964791e-131,2.0096652905641903e-117,2.009675805922027e-117,2.6169097345603725e-82,3.1149854291382152e-06,1647576.1883366604,15672.473356438348
3.051774801631922e-05,0.0003597167651885828,-27.382860968338424,297.69503589129175,0.0,1.4802101011473968e-77,4.805084036635448,4.320631084256743e-125,0.0,4.026180737207826e-137,1.6016946788784827,3.252152577121387e-103,3.336104190142544e-119,9.984733516065032e-124,2.893356586716345e-131,2.0283169375253846e-117,2.028328157037005e-117,5.094951593698617e-82,3.2673159663928595e-06,1647050.7548707987,15859.04551457849
3.0582205093615674e-05,0.00035793613824157606,-27.868598306834183,299.488101308396,0.0,1.5068234786474106e-77,4.87715300932234,4.386095154527715e-125,0.0,4.209107313344423e-137,1.6257176697741134,8.577072430146775e-103,3.0869124417687215e-119,1.0139603331160353e-123,2.936752455905153e-131,2.06156453418512e-117,2.0615770956299395e-117,1.6391121150075596e-81,3.5388607891026046e-06,1646045.3689109595,16193.896748597732
3.062904937762054e-05,0.0003566222735473735,-28.227180217089288,300.81628774715654,0.0,1.5319836102572067e-77,4.93125694463405,4.4368326801179914e-125,0.0,4.2297167690383597e-137,1.6437523148780167,7.549974503340116e-103,2.880716206173047e-119,1.0265818444726076e-123,2.9693307043049616e-131,2.0864160738404036e-117,2.086429714994175e-117,3.8489287112903594e-81,3.7418669163507313e-06,1645240.9801576985,16446.182449376316
3.0675893661625393e-05,0.0003552914984167596,-28.590608937078947,302.16619779295405,0.0,1.5690268875776656e-77,4.986876103881365,4.4947460035685624e-125,0.0,4.222518021615522e-137,1.6622920346271217,5.272366243414347e-103,2.6676860561838893e-119,1.0403017836379719e-123,3.0028213425924313e-131,2.1118539925828864e-117,2.1118688112748374e-117,9.114287469787762e-81,3.94977409228079e-06,1644374.5833814112,16706.339953052844
3.0722737945630257e-05,0.00035394358238784906,-28.959030408017988,303.5384065329089,0.0,1.6339879064105783e-77,5.044067604746316,4.5768637071298635e-125,0.0,4.2581832754823077e-137,1.6813558682487721,4.783668415182175e-103,2.4302915406452806e-119,1.057124220826088e-123,3.037258650166558e-131,2.137887878310457e-117,2.1379039822389638e-117,2.172652832094352e-80,4.1627083678172855e-06,1643446.2254923563,16974.701963892818
3.076958222963511e-05,0.00035257828801175766,-29.332596781774594,304.93351389406394,0.0,1.76557068368576e-77,5.102891466183073,4.750343312576627e-125,0.0,4.329330746716861e-137,1.7009638220610241,5.762969498305692e-103,2.0731094767426298e-119,1.0862374535513454e-123,3.072678599485861e-131,2.1645094166100397e-117,2.1645269244342017e-117,5.213278971101823e-80,4.380800525685745e-06,1642455.9567556216,17251.619627586857
3.081642651363997e-05,0.00035119537058573094,-29.711466724026693,306.3521458481456,0.0,2.0578165485369856e-77,5.163410790545533,5.268805702827962e-125,0.0,3.485553103106577e-136,1.7211369301818444,1.3762594315088457e-100,2.1203900722782386e-119,1.116266179588528e-123,3.109119891876607e-131,2.19170628126576e-117,2.1917253238010875e-117,1.2594669945517021e-79,4.604186307684484e-06,1641403.830788399,17537.463776146567
3.086327079764483e-05,0.0003497945778296455,-30.09580578464977,307.79495587781435,0.0,2.74112317012977e-77,5.225691961379161,7.166539270478609e-125,0.0,1.4782407959262744e-135,1.7418973204597201,6.474047422960524e-100,1.869112676233737e-119,1.4781457117487934e-123,3.146626340694189e-131,2.219904754040001e-117,2.2199254756759386e-117,3.0638128244858996e-79,4.833006691958235e-06,1640289.9045570851,17832.626290105363
3.091011508164969e-05,0.0003483756495337777,-30.485786804463096,309.2626265879163,0.0,4.384159424543281e-77,5.289804856999811,1.4676711445308932e-124,0.0,4.43611308792711e-135,1.7632682856666035,1.9931505314619874e-99,1.8252196247820466e-119,2.924596638637038e-123,3.1852180058399184e-131,2.2483914204336648e-117,2.2484139812105286e-117,7.505625477813037e-79,5.067408197248937e-06,1639114.2383741948,18137.521577583797
3.095695936565455e-05,0.00034693831720350747,-30.881590330453946,310.7558713535673,0.0,8.400591908092792e-77,5.355823080060376,4.526108252707978e-124,0.0,1.1804455907305607e-134,1.7852743600201253,5.3734314525631455e-99,2.933038602035647e-119,8.106949657382271e-123,3.2249920375142395e-131,2.2783095575157926e-117,2.2783341331540624e-117,1.8518898989229827e-78,5.307543193036854e-06,1637876.895895095,18452.588170345614
3.103122782422859e-05,0.000344621122131972,-31.52150874586051,313.17756406154615,0.0,3.0957509514879896e-76,5.4645870516232335,4.553047473635742e-123,0.0,2.1156497171824525e-134,1.8215290172077445,9.669289705793037e-99,0.0,1.020382098011057e-121,3.2895915656844164e-131,2.301571182619801e-117,2.3015993751527946e-117,7.891373171224098e-78,5.7004026141337415e-06,1635788.9315167277,18974.098653165147
3.110549628280263e-05,0.0003422558155910201,-32.17733664962537,315.66857767411796,0.0,1.3011749418322839e-75,5.57866799984027,4.6393538608080245e-122,0.0,1.9573226804974805e-134,1.8595559999467568,8.932615508380821e-99,6.5648974106224784e-133,1.2137027844803911e-120,3.3495830863628704e-131,2.2417249406273616e-117,2.241757516119005e-117,3.4198908724155963e-77,6.108740281090067e-06,1633546.3914172272,19524.34830165027
3.1179764741376664e-05,0.00033984118459563214,-32.849930609940486,318.23230193925383,0.0,5.653878271754565e-75,5.698427125684624,4.70935184003631e-121,0.0,1.2826625892308705e-134,1.8994757085615412,5.820215978327211e-99,-1.8441027693084127e-132,1.004047225513398e-119,3.3795780111532365e-131,2.0300902733492633e-117,2.030129053789789e-117,1.5098281989647113e-76,6.533267199770009e-06,1631149.5807961281,20105.530068490065
3.1254033199950705e-05,0.00033737595017350374,-33.540212520166946,320.8723870265745,0.0,2.512820491780587e-74,5.824258783213381,4.927427091103735e-120,0.0,1.0005708058789214e-134,1.9414195944044603,4.535878587849677e-99,1.250837692180261e-131,7.489008480500988e-119,3.2855093606520705e-131,2.320705562537714e-117,2.3207578884245476e-117,6.801750425005568e-76,6.974743695861002e-06,1628598.8258484828,20720.057337620634
3.132830165852475e-05,0.0003348587622413605,-34.249176113605394,323.5927693763087,0.0,1.1425125706592752e-73,5.956594314029915,5.333835579308702e-119,0.0,1.2364941871141068e-134,1.9855314380099716,5.717464794605047e-99,7.018397783782793e-131,5.756449259641916e-118,2.677370032132302e-131,1.0568696951301369e-116,1.0568804282152176e-116,3.1286338155750704e-75,7.433984223661307e-06,1625894.4737204679,21370.5914975464
3.140257011709878e-05,0.0003322881940032566,-34.97789422479191,326.3977005125428,0.0,5.3120108476803546e-73,6.095906419598312,5.973796208458187e-118,0.0,1.6482901096135459e-134,2.031968806532771,8.062054319141318e-99,-3.4326122791147204e-130,4.619292487601553e-117,0.0,8.613899357782925e-116,8.613941141894917e-116,1.47032386829583e-74,7.911862710441577e-06,1623036.892462141,22060.07365006081
3.1476838575672824e-05,0.0003296627357989245,-35.72752693258915,329.29177935709123,0.0,2.5256923359493056e-72,6.242714161552116,6.928103717181852e-117,0.0,2.5806751415867495e-134,2.080904720517372,1.476536481315487e-98,-2.9102430889218076e-129,3.835460889584818e-116,0.0,6.5188966370174115e-115,6.518920029534464e-115,7.065268638832611e-74,8.409318530520191e-06,1620026.4709773473,22791.76119393725
3.153036077496044e-05,0.00032773574946246833,-36.28142561913826,331.43547904558926,0.0,7.607679721833482e-72,6.353478648473109,3.7124386352176687e-116,0.0,3.8457567866964903e-134,2.117826216157703,2.542007938010166e-98,-1.8805385329047157e-129,1.1318837762920458e-115,0.0,1.6086184803977138e-114,1.608624482245654e-114,2.2125434458787396e-73,8.78051799314282e-06,1617762.4530642193,23347.24327292177
3.1583882974248065e-05,0.00032577879801477366,-36.84734077588492,333.630056182574,0.0,2.361059228274971e-71,6.468663735954799,2.1983195371581594e-115,0.0,5.21750518033104e-134,2.156221245318266,3.8344702781549066e-98,-5.5685825232603206e-129,2.902840868162883e-115,0.0,3.306814934524729e-114,3.306828403442688e-114,7.046189461489029e-73,9.162812489520799e-06,1615419.4301443219,23927.996432378353
3.163740517353569e-05,0.00032379122409883024,-37.42580770955838,335.87763445031123,0.0,7.504698263456602e-71,6.588519026689238,1.3584259639741886e-114,0.0,7.00599713117682e-134,2.196173008896413,5.662807923324534e-98,-3.750052096981161e-129,1.1236901782366261e-114,0.0,9.329882626479105e-114,9.329915923867295e-114,2.271092764073747e-72,9.556629111711725e-06,1612997.567825778,24535.623672901154
3.1690927372823306e-05,0.0003217723408413254,-38.01739523778116,338.18047084047174,0.0,2.4249042864751707e-70,6.713312991456933,8.59697948552228e-114,0.0,1.7531470277376029e-133,2.237770997152311,1.6332084152407308e-97,-3.8325861903712043e-128,5.3785593509021396e-114,0.0,3.3802980553351386e-113,3.3803083345466233e-113,7.415860416844935e-72,9.9624198667098e-06,1610497.0372891896,25171.860884878944
3.174444957211093e-05,0.0003197214299838683,-38.622708416978604,340.54096648434023,0.0,7.947024508245983e-70,6.8433347602447885,5.558418640273727e-113,0.0,7.148664114629041e-133,2.2811115867482625,7.098270165420598e-97,1.4123151921995865e-127,2.696921804955471e-113,7.240451717671636e-130,1.3067977002029825e-112,1.306801462394078e-112,2.4543116040957996e-71,1.0380663646473312e-05,1607918.0152755363,25838.59049938539
3.179797177139855e-05,0.0003176377398455826,-39.24239156930499,342.96167867282685,0.0,2.640964589257234e-69,6.978896120408549,3.3643769249056583e-112,0.0,5.741875875832362e-127,2.3262987068028496,2.989317991289365e-91,8.955954297942911e-111,4.9563096849443246e-113,4.499456396444961e-129,4.544947361244448e-112,4.544961737740412e-112,8.235762144937328e-71,1.0811868406771162e-05,1605260.6840736866,26537.85683288312
3.185149397068617e-05,0.0003155204831275214,-39.8771316009666,345.4453340319708,0.0,8.902007196955784e-69,7.120333748296628,2.1949473033675123e-111,0.0,3.288427447614592e-126,2.3734445827655426,1.7222385777035578e-90,1.2916372911532575e-110,8.726878954646477e-112,3.40249677922128e-127,4.5491812602871336e-111,4.5491868751391044e-111,2.8033386659348194e-70,1.1256573551237083e-05,1602525.23150751,27271.883350889835
3.1905016169973794e-05,0.0003133688345434872,-40.52766164207683,347.9948429795426,0.0,3.044786326986886e-68,7.268011706474048,1.5013928800671593e-110,0.0,1.3152672813905993e-125,2.4226705688246826,6.943145692282461e-90,4.415869461462221e-110,5.818661997921291e-111,0.0,6.32305974129057e-111,6.32312021394114e-111,9.683779340796129e-70,1.1715352537785316e-05,1599711.8509226025,28043.092130335677
3.195853836926141e-05,0.0003111819282456439,-41.19476507555133,350.61331572897416,0.0,1.0572334649714502e-67,7.422324244830137,1.1725470004700303e-109,0.0,2.2798194042356402e-125,2.4741080816100456,1.2059703049672886e-89,-2.9308071457171e-125,3.722864447646179e-110,0.0,8.547259650447672e-111,8.547452537228775e-111,3.3964326262545673e-69,1.2188815754752769e-05,1596820.741172623,28854.125861372428
3.2012060568549035e-05,0.00030895885501672937,-41.8792800112621,353.3040800685395,0.0,3.7286250775768694e-67,7.5836989497336456,8.762057440889026e-109,0.0,2.572773936175367e-125,2.527899649911215,1.3618252927893178e-89,0.0,1.7045627069252833e-109,1.1108874171805643e-125,1.205614160228889e-109,1.2056178116486472e-109,1.2101318912603637e-68,1.2677613702572306e-05,1593852.1066052339,29707.872781650276
3.206558276783666e-05,0.00030669865920715007,-42.58210426280072,356.0707011378737,0.0,1.3363603829701484e-66,7.752600292094018,6.553306389274363e-108,0.0,2.402646273813463e-125,2.5842000973646724,1.2717726742339233e-89,2.448976960259716e-124,7.832740975433249e-109,3.5366756360533593e-125,5.691317888684969e-109,5.691337663692827e-109,4.382384784900884e-68,1.3182440523235181e-05,1590806.15704766,30607.494999837076
3.2119104967124275e-05,0.00030440033539301086,-43.304200883670894,358.91700342996563,0.0,4.870161456519054e-66,7.929533633753238,5.0108146958748e-107,0.0,2.293222958819764e-125,2.6431778779177457,1.2139799885687295e-89,-1.5029211704209463e-123,4.093529593069612e-108,1.406211292149305e-124,2.342527328776296e-108,2.3425367193149857e-108,1.6140119143225048e-67,1.3704037914625291e-05,1587683.1077918597,31556.46074451166
3.21726271664119e-05,0.0003020628247232846,-44.04660433594041,361.8470953132389,0.0,1.8058055689145631e-65,8.115049762269225,3.935348387831803e-106,0.0,2.416933686512125e-125,2.7050165874230747,1.2820205581870255e-89,-2.91594883117425e-123,2.349408322908342e-107,6.2369054135058215e-124,9.925258858559215e-108,9.925302009078945e-108,6.049043702468357e-67,1.4243199476479596e-05,1584483.179579302,32558.581176652373
3.222614936569952e-05,0.0002996850109177468,-44.81042738314022,364.86539644049327,0.0,6.81687989357297e-65,8.309750036774474,3.17929948048684e-105,0.0,2.6052748779678953e-125,2.769916678924825,1.396280919823778e-89,-2.8210284349438053e-122,1.417288928915942e-106,2.8508477785614634e-123,4.300847647596802e-107,4.300867743549631e-107,2.3085110652966562e-66,1.480077554862891e-05,1581206.5985853688,33618.052526821964
3.227967156498714e-05,0.00029726571587324524,-45.59686881321493,367.9766684657675,0.0,2.6217055502632396e-64,8.514292242521885,2.645127176417307e-104,0.0,2.732060995973159e-125,2.838097414173961,1.5463991548048851e-89,1.10650371936305e-121,8.831919698950165e-106,1.3169430104426292e-122,1.8933613344091523e-106,1.8933708916194258e-106,8.977209456447392e-66,1.5377678612262316e-05,1577853.5964033694,34739.504463817226
3.2333193764274764e-05,0.00029480369483141685,-46.407222110913374,371.186049545326,0.0,1.0279717927898648e-63,8.729397269716344,2.268980789528959e-103,0.0,2.9538091933205976e-125,2.9097990899054484,2.1682345849551463e-89,-3.940479247467815e-122,5.659536038291944e-105,6.152132101160155e-122,8.481839922282459e-106,8.481886307869222e-106,3.5598574555760875e-65,1.5974889333190098e-05,1574424.4100281657,35928.05577796023
3.2372074232162797e-05,0.00029298765369604394,-47.0116788458552,373.5821290843254,0.0,2.744566777118005e-63,8.892729166207793,1.016647971797099e-102,0.0,3.263687272903986e-125,2.964243055402598,3.829750756998916e-89,-2.691336732119854e-121,1.4791437360283055e-104,1.200399252118483e-121,1.7335364785093721e-105,1.7335508914484904e-105,9.77391248465986e-65,1.6422057653171994e-05,1571885.689470887,36836.74762393645
3.241095470005082e-05,0.0002911478421790632,-47.6300629261209,376.03518131291304,0.0,7.481687366962261e-63,9.062380612541519,4.895378888830849e-102,0.0,3.582797787519514e-125,3.02079353751384,9.628867117345644e-89,2.420588188279835e-121,3.204959191317972e-104,1.8676967227191745e-121,2.877035955771095e-105,2.8770724133850143e-105,2.7238071533601286e-64,1.688092945527184e-05,1569306.9882643844,37786.20714323351
3.2449835167938855e-05,0.00028928370705001125,-48.26298255704576,378.5476226987736,0.0,2.079052357431483e-62,9.238705064987872,2.4476720885039543e-101,0.0,3.929317029606923e-125,3.0795683549959576,3.275467087506278e-88,-2.025222703569553e-120,9.67468375326989e-104,3.509707413716574e-121,5.7707241802426165e-105,5.770802567703239e-105,7.673803088279359e-64,1.7351961069012822e-05,1566688.4025925598,38779.00450914398
3.248871563582688e-05,0.00028739467073147785,-48.91108321564895,381.12201795035196,0.0,5.861323988668396e-62,9.422082304993035,1.251115177384546e-100,0.0,5.407158398693602e-125,3.1406941016643453,1.308833372074004e-87,-8.9345250294779e-121,3.761412079814018e-103,9.103398495924918e-121,1.535866950278882e-104,1.5358843921602983e-104,2.1871833695613914e-63,1.783563534093488e-05,1564030.030126981,39817.920692340165
3.2527596103714914e-05,0.0002854801297896691,-49.57505062898695,383.76109188018785,0.0,1.6735649372135077e-61,9.612920901243076,6.520319406833842e-100,0.0,1.183744985960876e-124,3.2043069670810254,5.537001338045575e-87,-4.617931326622326e-120,1.5568462329902996e-102,2.7489471064190074e-120,4.6269863211863254e-104,4.627032237105366e-104,6.309803399075791e-63,1.833246367430061e-05,1561331.970023236,40905.968860295936
3.256647657160294e-05,0.0002835394532922339,-50.25561407164853,386.4677425426042,0.0,4.838712957439303e-61,9.81166095169559,3.4649985199773464e-99,0.0,3.205832487729197e-124,3.2705536505651964,2.3957989625847926e-86,-6.300938260296092e-119,6.617874485451941e-102,8.767396348826444e-120,1.458805458203717e-103,1.4588194858585204e-103,1.8430986398435744e-62,1.884298828004254e-05,1558594.3229172393,42046.418395451685
3.2605357039490973e-05,0.00028157198104130087,-50.95354997056862,389.2450555990309,0.0,1.4169788922636235e-60,10.018777140928153,1.8786501886281848e-98,0.0,8.944359771336036e-124,3.3395923803093845,1.0568005100287747e-85,3.386596347620853e-119,2.869689623746598e-101,2.871460228487466e-119,4.712502323405161e-103,4.712548878806172e-103,5.453279389926648e-62,1.936778463030558e-05,1555817.1909214717,43242.82187575543
3.2644237507379e-05,0.0002795770216692874,-51.669685855272895,392.0963200635501,0.0,4.2043447871346527e-60,10.234782155551704,1.0398765292969639e-97,0.0,2.6996795231359365e-123,3.4115940518505683,4.75843944238225e-85,-2.6008474844148867e-118,1.267103728240399e-100,9.569460646934031e-119,1.549048873908743e-102,1.5490649803251491e-102,1.635033312373053e-61,1.9907464138696336e-05,1553000.6776211776,44499.04544575496
3.268311797526703e-05,0.0002775538505728686,-52.4049047216337,395.0250457009542,0.0,1.2644862720014183e-59,10.460230508351547,5.880459192347421e-97,0.0,9.00701742398054e-123,3.486743502783849,2.186819139331569e-84,-6.251860129493422e-118,5.69879876347354e-100,3.2359645087938583e-118,5.170359602805599e-102,5.170416587608374e-102,4.9698876556677e-61,2.04626771109817e-05,1550144.8880704974,45819.30309429625
3.272199844315506e-05,0.0002755017076634551,-53.16014987131545,398.034982326169,0.0,3.856619236269266e-59,10.695722829473663,3.399780434607434e-96,0.0,3.1203679056864895e-122,3.565240943157888,1.025473912329909e-83,1.964976935964043e-117,2.612336655876709e-99,1.1098170582772754e-117,1.7517988323031153e-101,1.751819262303963e-101,1.5322134075857962e-60,2.1034116005945707e-05,1547249.9287885518,47208.195435037436
3.276087891104309e-05,0.0002734197949176261,-53.936430279187526,401.1301412144984,0.0,1.1933983664584805e-58,10.941910691705829,2.0111027452355675e-95,0.0,1.0773513818322532e-121,3.647303563901943,4.908627553799469e-83,1.5338629531171323e-116,1.2214395021526848e-98,3.861698851813228e-117,6.02692062401559e-101,6.026994384389257e-101,4.7935478426429397e-60,2.16225190392949e-05,1544315.907755465,48670.75367756194
3.2799759378931124e-05,0.000271307273709235,-54.7348265486399,404.314818862853,0.0,3.748621785862639e-58,11.19950204799932,1.2181848729645407e-94,0.0,3.7327656745836074e-121,3.733167349333107,2.400058122037609e-82,5.4516074672847e-116,5.830215157513567e-98,1.3641173716478636e-116,2.1066624023934574e-100,2.106689021508216e-100,1.522593262253304e-59,2.2228674168043837e-05,1541342.9344083427,50212.4895975413
3.283863984681916e-05,0.0002691632618988396,-55.55649753333088,407.5936234165194,0.0,1.1959124542281428e-57,11.469267373088737,7.562389088581036e-94,0.0,1.320862585815821e-120,3.8230891243629124,1.1995695211856554e-81,1.4444364693240656e-115,2.843816942523537e-97,4.8954096387502757e-116,7.486373622266503e-100,7.486468423781519e-100,4.912878552118761e-59,2.2853423504449882e-05,1538331.1196371848,51839.45246634254
3.287752031470719e-05,0.0002669868306510929,-56.4026877201707,410.97150414117516,0.0,3.877181469217486e-57,11.752046617293074,4.8157506794787135e-93,0.0,4.792223552147422e-120,3.917348872431025,6.133227191052487e-81,3.2312874313281603e-115,1.419198453950109e-96,1.7862640780870968e-115,2.7067827068250132e-99,2.7068151528301015e-99,1.6112501002859263e-58,2.349766821864959e-05,1535280.5757807512,53558.29408094819
3.291640078259522e-05,0.00026477700094776693,-57.27473548038217,414.45378436808477,0.0,1.2781549658447587e-56,12.04875709971459,3.148784700532506e-92,0.0,1.7735289397335366e-119,4.01625236657153,3.210368942228184e-80,6.452440557351822e-115,7.256917390908137e-96,6.633175197766854e-115,9.965883133620744e-99,9.96598290614507e-99,5.37438113784796e-58,2.4162373996350728e-05,1532191.4166223737,55376.34324863668
3.2955281250483256e-05,0.00026253273976087533,-58.17408230953483,418.0461983967106,0.0,4.287247464984497e-56,12.360402491019803,2.116094446718254e-91,0.0,6.6775680484425e-119,4.120134163673268,1.7218560839287516e-79,1.1862821402457885e-114,3.8093607246074166e-95,2.5094522789034653e-114,3.740233920522298e-98,3.7402550958106216e-98,1.824364709275766e-57,2.4848577126235287e-05,1529063.7573857084,57301.69133965618
3.2983668638247525e-05,0.0002608717892803151,-58.848843930836246,420.742186867585,0.0,1.0332156535906694e-55,12.598002044646064,8.152690537491472e-91,0.0,-9.549405072020775e-128,4.199334014882021,5.710642138862393e-79,1.776544445838362e-114,6.566666143047732e-95,-3.060310047400556e-121,-5.564375565045442e-107,-1.3100924247188545e-107,4.4908886023899054e-57,2.5363801928809837e-05,1526755.9428527346,58780.304241656835
3.3012056026011794e-05,0.0002591914582063474,-59.539631042358735,423.5027458741589,0.0,2.5285235990403194e-55,12.844611418192597,3.310010483953061e-90,0.0,3.467691432039548e-105,4.281537139397533,2.0633582732326078e-78,2.586338331292735e-114,6.612769882609915e-92,-2.287037900236833e-121,-7.551919282623217e-108,-2.253864961956473e-107,1.1202357943543573e-56,2.589154001636472e-05,1524427.7129561226,60324.67445978965
3.304044341377606e-05,0.0002574912819710332,-60.2471286833843,426.3306016017153,0.0,6.285776361543689e-55,13.10072821553554,1.388607784808176e-89,0.0,1.7286391918970528e-104,4.366909405178514,7.443352317770277e-78,3.67539063416731e-114,6.808138983643283e-91,3.265293044267444e-120,3.695963183422099e-107,1.1580735452199672e-106,2.822507056217405e-56,2.6432279016446873e-05,1522079.1139889173,61938.91235152925
3.306883080154033e-05,0.00025577077599585183,-60.97206300441058,429.22864419494294,0.0,1.5825793463233353e-54,13.36688655039805,5.94508839015927e-89,0.0,9.849183063539952e-104,4.455628850132683,2.7845277743211224e-77,5.115048357984776e-114,3.953386062823591e-90,2.493627234522868e-120,1.5073057731967728e-106,1.1267818820727024e-106,7.185984798991887e-56,2.698653432378718e-05,1519710.1926491708,63627.461556190174
3.30972181893046e-05,0.00025402943447725714,-61.715204483650666,432.1999406150391,0.0,4.0302931588557155e-54,13.643660407529318,2.590730396198118e-88,0.0,4.3447317417280963e-103,4.5478868025097725,1.0404291897562234e-76,6.989920019233859e-114,1.83005050409556e-89,2.232354112193635e-120,9.563982483975192e-106,-4.787814037850128e-106,1.8496526525673944e-55,2.7554851179861506e-05,1517320.9960390115,65395.1323866992
3.312560557706887e-05,0.00025226672906768867,-62.47737148052947,435.24774884564283,0.0,1.0380513124021351e-53,13.931667379704383,1.1147856494337114e-87,0.0,2.1998990051494486e-97,4.643889126568127,2.7377512161244646e-72,2.4682732472473525e-88,4.587476818781247e-89,3.4589030689819553e-103,4.243727521309754e-89,4.2438029504854716e-89,4.814732648895122e-55,2.8137806962072053e-05,1514911.571663709,67247.13924732883
3.315399296483314e-05,0.00025048210745833027,-63.25943411442377,438.3755333998054,0.0,2.7046044086221557e-53,14.231572827348181,4.944351630680569e-87,0.0,1.0898775349526517e-96,4.74385760911606,1.3653596737309936e-71,1.2459985548111519e-88,5.35413573837472e-88,2.2024759487131526e-103,1.9219785942563683e-88,1.9220626075760438e-88,1.2678887671951254e-54,2.873601367483233e-05,1512481.967430729,69189.14259950073
3.318238035259741e-05,0.000248674991854132,-64.06231850650066,441.5869822797324,0.0,7.130538241015226e-53,14.54409451707131,2.2576691690439218e-86,0.0,3.5815497579371294e-96,4.848031505690437,4.523905029461217e-71,3.11806157276816e-88,2.7500922734624815e-87,0.0,1.9957198257430914e-88,1.9960063829097438e-88,3.3789162159563114e-54,2.935012066438647e-05,1510032.2316487795,71227.29612154617
3.321076774036168e-05,0.0002468447773221308,-64.88701145500825,444.8860256706741,0.0,1.9029464234765536e-52,14.870007805586285,1.054447967128951e-85,0.0,1.0454955615972987e-95,4.956669268528762,1.3332578527668659e-70,1.3871786149463075e-87,1.1641381083228432e-86,1.2799455341448867e-101,6.839396272562816e-88,6.839805805009629e-88,9.116476249008207e-54,2.9980817599762213e-05,1507562.4130268532,73368.2998391393
3.3239155128125946e-05,0.00024499082999640976,-65.73456560927805,448.2768566292351,0.0,5.142616061646122e-52,15.210151445369858,5.238678669724055e-85,0.0,1.678480425944309e-95,5.070050481789952,2.1474339228127983e-70,-5.672448228978031e-103,4.832571498893503e-86,5.274862233416412e-102,0.0,0.0,2.491175554165525e-53,3.062883775949077e-05,1505072.5606732555,75619.4601226987
3.3267542515890215e-05,0.00024311248512711117,-66.6061051921063,451.76395396534343,0.0,1.4079074546477504e-51,15.565434099683307,2.4945346334459344e-84,0.0,5.570637623747215e-95,5.188478033227769,7.263145882714192e-70,6.550507392868385e-86,8.783081455373017e-86,1.271306634772162e-100,8.42315391719823e-87,8.422995600598431e-87,6.897502806909151e-53,3.129496165144874e-05,1502562.7240946316,77988.75758027636
3.3295929903654484e-05,0.00024120904495964862,-67.5028323373298,455.3521075820282,0.0,3.9064878230134795e-51,15.936841668784105,1.2224899785106365e-83,0.0,2.0838635694325795e-94,5.312280556261369,2.7513252763877005e-69,3.902775614804607e-86,5.700433388670331e-85,3.616743722784664e-100,7.279594833499373e-86,7.279894779098585e-86,1.93589859368338e-52,3.198002100781739e-05,1500032.9531949786,80484.92405765233
3.332431729141875e-05,0.00023927977642562996,-68.42603411854786,459.04644657684,0.0,1.0990601375929729e-50,16.325445546663037,6.18835788762399e-83,0.0,6.770441691059249e-94,5.441815182221013,9.033881825285736e-69,1.0657342742146881e-85,2.7796282402402524e-84,-1.3843382772015568e-115,6.2767296227168886e-86,6.278667398454552e-86,5.510345148601715e-52,3.2684903197619154e-05,1497483.2982746563,83117.53017429698
3.335270467918302e-05,0.00023732390862321975,-69.37709036587633,462.85247049043363,0.0,3.13682453233529e-50,16.732411948288252,3.386112806592726e-82,0.0,1.118783284212896e-93,5.577470649429418,1.4987214891035458e-68,0.0,1.2745098076979283e-83,0.0,0.0,0.0,1.591453114685288e-51,3.34105561137056e-05,1494913.810029385,85897.0850901622
3.338109206694729e-05,0.00023534063006259775,-70.35748237296207,466.776084110615,0.0,9.086887364896908e-50,17.159012471589417,1.845715285381262e-81,0.0,1.2496714879386622e-93,5.719670823863139,1.6831615254992404e-68,3.276417624807786e-100,4.498750721146341e-83,0.0,1.0246195263660562e-86,1.0232132355162537e-86,4.6660755168158986e-51,3.4157993590629306e-05,1492324.539549238,88835.15050462172
3.340947945471156e-05,0.0002333290856498568,-71.36880262350304,470.82363634259923,0.0,2.6731971066751122e-49,17.60663608744016,1.0149057345016555e-80,0.0,1.1754900354895849e-93,5.868878695813387,1.619274603665473e-68,-3.361888854966389e-100,1.5250154587712226e-82,0.0,0.0,0.0,1.389599357996637e-50,3.492830143184478e-05,1489715.538317628,91944.47127276733
3.34303855858149e-05,0.0002318290690411275,-72.13436880695647,473.8877053784849,0.0,5.918169821013768e-49,17.950615799584583,3.455096264988138e-80,0.0,1.1792254206671477e-93,5.983538599861527,1.714526881272648e-68,-3.4275698604037546e-100,3.0673911671546375e-82,0.0,0.0,0.0,3.128376214510034e-50,3.551090067755196e-05,1487781.5314675742,94352.01477922237
3.3451291716918236e-05,0.00023031285604878173,-72.9183674854535,477.02560606884003,0.0,1.3257944528958008e-48,18.30747638412871,1.2214163158984883e-79,0.0,1.2357333407593e-93,6.102492128042903,2.0697643779342085e-68,3.4957103965060215e-100,5.217850998593876e-82,0.0,7.526214940681923e-86,7.529486836636368e-86,7.125283274704348e-50,3.6107028568000204e-05,1485836.8722141157,96866.18342498995
3.347219784802157e-05,0.0002287800533014525,-73.72157191554402,480.2404222530176,0.0,3.0086596519615475e-48,18.677921889381867,4.4391981259929944e-79,0.0,1.2829636748808036e-93,6.22597396312729,3.015070123430417e-68,2.31818918328844e-99,1.0455317726050401e-81,7.919098482227118e-115,5.426707850221347e-85,5.428499661671717e-85,1.6379186096460976e-49,3.671720690425243e-05,1483881.581528786,99493.598909021
3.349310397912491e-05,0.00022723025080097765,-74.54480089899484,483.5354196773943,0.0,6.903901222861167e-48,19.0627074057867,1.6433794278306221e-78,0.0,1.3004066902296088e-93,6.354235801928899,5.858727978671541e-68,8.189814472402922e-100,2.7706789836875554e-81,-1.2527472819323184e-114,2.667555143567613e-84,2.668124174154843e-84,3.80041939889756e-49,3.734198652955631e-05,1481915.6804977711,102241.41494737891
3.3514010110228245e-05,0.00022566302093252882,-75.38892227654465,486.9140599354015,0.0,1.6004873887536168e-47,19.46264370463545,6.181970241837011e-78,0.0,1.3121502272494174e-93,6.48754790154515,1.5013378877942556e-67,-7.600960373131902e-99,8.322468442918385e-81,-7.45241250201277e-115,1.0588542810690269e-83,1.0589893641863164e-83,8.905175747217887e-49,3.798194944988249e-05,1479939.1903216825,105117.36998835535
3.353491624133158e-05,0.00022407791739127586,-76.25485677953205,490.38001582927063,0.0,3.748137403675248e-47,19.87860238822526,2.3154620752807457e-77,0.0,3.9685422301759857e-91,6.6262007960750875,6.442290091330145e-66,4.1710262734568066e-82,1.4450772990819704e-80,2.263783181828333e-97,7.12018006277385e-83,7.120696657639629e-83,2.1078479207191126e-48,3.8637711162018864e-05,1477952.1323153235,108129.84620079328
3.355582237243492e-05,0.0002224744740303866,-77.14358223018452,493.9371881132628,0.0,8.868829594708856e-47,20.311521614484032,8.878137329811837e-77,0.0,1.8639281828684182e-90,6.770507204828011,2.9868738638523575e-65,0.0,1.1582451254768475e-79,2.446854754535184e-96,6.424744039491803e-82,6.42466624460963e-82,5.0413141902216467e-48,3.930992318469653e-05,1475954.5279074642,111287.93554372014
3.3576728503538254e-05,0.0002208522036230541,-78.0561381257831,497.58972375788255,0.0,2.120875375397827e-46,20.762412471440722,3.488010528491075e-76,0.0,5.712051893494642e-90,6.9208041571469066,9.266456810014758e-65,9.893966646971428e-82,5.2774318985477194e-79,0.0,0.0,0.0,1.2186905689915532e-47,3.999927580948231e-05,1473946.3986406107,114601.51390502234
3.359763463464159e-05,0.00021921059652383834,-78.99363068172184,501.34203603046313,0.0,5.127306132745845e-46,21.23236609024843,1.4323324644805577e-75,0.0,9.142793333871126e-90,7.077455363416143,1.5744114869237767e-64,0.0,2.0862674567016965e-78,0.0,0.0,0.0,2.978724977622889e-47,4.0706501114652276e-05,1471927.766170768,118081.32449801166
3.361854076574493e-05,0.0002175491192163718,-79.95723839619649,505.198826639395,0.0,1.2535142349042145e-45,21.722561598526934,5.931907579021785e-75,0.0,1.0069235489026125e-89,7.2408538661756445,2.124647430752874e-64,0.0,6.418786186235068e-78,4.14274207825413e-95,5.582842870261341e-81,5.5804390302866915e-81,7.363804502227276e-47,4.143237627495539e-05,1469898.6522672102,121739.07187954153
3.3639446896848264e-05,0.00021586721273761833,-80.9482181977759,509.16511017900496,0.0,3.100175714567916e-45,22.234275030620864,2.480468704148658e-74,0.0,9.455341077620582e-90,7.411425010206955,3.4700903844715925e-64,0.0,1.8371046806761668e-77,4.5995959340336696e-95,1.6042752813436714e-80,1.6032644872247287e-80,1.8418919983730957e-46,4.2177727203830085e-05,1467859.0788122471,125587.52816545664
3.36603530279516e-05,0.0002141642909679366,-81.96791223722089,513.2462411135683,0.0,7.75925980333739e-45,22.768889329987225,1.0540031425384529e-73,0.0,9.158758237652786e-90,7.589629776662408,8.620191069509759e-64,-7.12309520531709e-96,5.713048494857883e-77,4.360162787846277e-95,4.011877545247899e-80,4.007443960282425e-80,4.663143841525027e-46,4.2943432560530796e-05,1465809.0678009833,129640.65327909151
3.368125915905494e-05,0.00021243973877268504,-83.01775540233227,517.447943607392,0.0,1.9660728965984228e-44,23.327905601730315,4.5640202214068726e-73,0.0,9.67475518641046e-90,7.775968533910105,2.777449967866351e-63,2.645517647936462e-95,2.009358496460272e-76,1.0660614724956556e-94,1.1590506957643782e-79,1.1569633295545058e-79,1.1954097091338123e-45,4.373042816315369e-05,1463748.641341085,133913.73139886154
3.370216529015827e-05,0.0002106929099782544,-84.09928365358131,521.7763445807115,0.0,5.045466921019526e-44,23.912955800146037,2.0162907415030267e-72,0.0,1.0336568297808503e-89,7.970985266715346,9.916086002914942e-63,-6.87317680922045e-95,7.772625673213277e-76,4.978602435880739e-94,3.6441959851453185e-79,3.6338816060772587e-79,3.104253224721665e-45,4.4539711859981804e-05,1461677.8216525405,138423.52616509568
3.372307142126161e-05,0.0002089231251638133,-85.21414329161777,526.2380104211308,0.0,1.3119333165903122e-43,24.525817067627145,9.094944871875496e-72,0.0,1.0640625901676423e-89,8.175272355875714,3.7058481138084215e-62,-2.5824309242689114e-95,3.2173087350388293e-75,2.2089803552425858e-93,1.1727084700240227e-78,1.1673983055928328e-78,8.169360433032711e-45,4.537234891927663e-05,1459596.63106742,143188.45766905713
3.374397755236495e-05,0.00020712966924833046,-86.36410128053956,530.8399878281556,0.0,3.4580139863721374e-43,25.16842797884073,4.191900536723037e-71,0.0,1.0753887594566898e-89,8.38947599294691,1.4237284981318614e-61,-3.9578021503193315e-94,1.407185334498523e-74,9.128574211176377e-93,3.8552771677634503e-78,3.8267808746410363e-78,2.1797535167222633e-44,4.62294780036754e-05,1457505.0920296353,148228.8048015299
3.376488368346828e-05,0.00020531178884968443,-87.55105676916934,535.5898493377855,0.0,9.243844160108347e-43,25.842906989369542,1.9756825751254098e-70,0.0,1.1077198237436904e-89,8.614302329789847,5.592534702286306e-61,1.389927045414846e-94,6.4733644302882816e-74,3.6574600523260385e-92,1.3062128655495117e-77,1.2902489161292742e-77,5.899610848718203e-44,4.711231780401611e-05,1455403.2270946982,153566.93721363795
3.378013370413177e-05,0.00020396987155091114,-88.4413880644576,539.1525797803615,0.0,1.897505667290043e-42,26.35633131074206,6.003539324808999e-70,0.0,1.1464115498566168e-89,8.785443770247355,1.502104102263851e-60,2.0624208699596415e-94,1.8057320186423483e-73,6.849625505081372e-92,2.429575098371122e-77,2.3793322667178638e-77,1.2282962822400658e-43,4.7773270707183136e-05,1453863.5170354093,157662.7751734776
3.3795383724795256e-05,0.00020261421296590982,-89.3533363709239,542.8016951096046,0.0,3.9327417484042706e-42,26.888916626042175,1.878827476112195e-69,0.0,1.1824747004237188e-89,8.962972208680725,4.120672192192591e-60,2.089951187595393e-94,5.232751827559838e-73,1.0579886607608982e-91,3.872392977208321e-77,3.704900957211867e-77,2.583768564003111e-43,4.844913589226608e-05,1452318.3334568795,161940.64326676482
3.381063374545874e-05,0.00020124447666492357,-90.28779643807634,546.5407606456646,0.0,8.240148149679397e-42,27.441706595032965,6.023101410614495e-69,0.0,1.2131010515001454e-89,9.147235531677655,1.1528707784166525e-59,-1.2740146559142763e-93,1.683872102381736e-72,1.8453643397334182e-91,7.037130929066769e-77,6.41164259632415e-77,5.481031804952868e-43,4.9140480960537903e-05,1450767.6852257783,166411.84333027608
3.382588376612223e-05,0.00019986031218992368,-91.24571498298252,550.3735478463467,0.0,1.743428986234866e-41,28.01582016550322,1.9633750751648408e-68,0.0,1.2636193874683937e-89,9.338606721834408,3.2732594225553115e-59,6.4598595665274406e-93,5.794264379721637e-72,4.2726876969242757e-91,1.6802802162480808e-76,1.431895933177397e-76,1.1723513861768487e-42,4.98479044421642e-05,1449211.5812401322,171088.58234773763
3.384113378678572e-05,0.00019846135423093656,-92.2280946189316,554.3040497200408,0.0,3.722309847078344e-41,28.612458374511665,6.493083799874088e-68,0.0,1.387780601880247e-89,9.537486124837223,9.413880864163916e-59,-1.1451477073494852e-92,2.055831159610524e-71,1.1746379577912854e-90,4.771097211724659e-76,3.7579734524971616e-76,2.5295824325506977e-42,5.057203800409493e-05,1447650.0304292734,175984.06165574188
3.3856383807449204e-05,0.00019704722173375673,-93.23599818223101,558.3364977745607,0.0,8.019341131522361e-41,29.23291189429358,2.178070940055877e-67,0.0,1.655481567089207e-89,9.744303964764526,2.7419234709981977e-58,-5.080567201499456e-92,7.443610749850302e-71,3.4707669988349954e-90,1.4811452644061874e-75,1.05952280840878e-75,5.507381204866908e-42,5.131354887053083e-05,1446083.0417537917,181112.57668969373
3.387163382811269e-05,0.00019561751694363626,-94.27055343908596,562.4753804256185,0.0,1.743622907427529e-40,29.878569413900454,7.412687403858979e-67,0.0,2.1871816756469445e-89,9.959523137966817,8.089625812210909e-58,2.7560566124254208e-92,2.7444933717171178e-70,1.0697903245498312e-89,4.905324953119395e-75,3.1163922364841607e-75,1.2101583791485617e-41,5.207314244502434e-05,1444510.6242054785,186489.62861065724
3.388688384877618e-05,0.00019417182437900127,-95.33295821652428,566.7254630298332,0.0,3.826878027946131e-40,30.55092696540969,2.560469815884113e-66,0.0,3.356587095084065e-89,10.18364232180323,2.418359270713038e-57,-1.9800619571457526e-92,1.0297354004707924e-69,3.411705387895029e-89,1.7202836649590844e-74,9.465302466400432e-75,2.684445494953115e-41,5.2851565156082393e-05,1442932.7868072784,192132.04946348525
3.3902133869439664e-05,0.00019270970972296787,-96.42448603838069,571.0918098502535,0.0,8.480439793394015e-40,31.251598322636532,8.980155607348086e-66,0.0,6.2807826757581044e-89,10.417199440878845,7.32804672060486e-57,1.155030338225344e-90,3.93111705733283e-69,1.1234244613406247e-88,6.3652693362559525e-74,2.9532696792058767e-74,6.013151177541848e-41,5.3649607567681964e-05,1441349.5386132374,198058.14283905373
3.391738389010315e-05,0.0001912307186220989,-97.546492338933,575.5798082273823,0.0,1.8979699766597598e-39,31.98232661891518,3.1993455985145294e-65,0.0,1.3764897049792047e-88,10.660775539638394,2.251648273270794e-56,-1.7487260046061492e-90,1.527188107469129e-68,3.8234921781541806e-88,2.478395582681378e-73,9.4398145073771e-74,1.3605297501081677e-40,5.4468107791389e-05,1439760.8887084487,204287.84230819196
3.393263391076664e-05,0.00018973437538467855,-98.70042131284929,580.195195171919,0.0,4.291234103118461e-39,32.744997351645836,1.1583889128961982e-64,0.0,3.248167813127542e-88,10.91499911721528,7.018394305110384e-56,-8.618473534035913e-90,6.039053349204728e-68,1.3487914784067948e-87,1.0126312236607775e-72,3.086386490130599e-73,3.1102923895041992e-40,5.530795522891407e-05,1438166.8462090027,210842.89022884204
3.3947883931430125e-05,0.00018822018157008062,-99.88781346790131,584.9440866232027,0.0,9.804581252685496e-39,33.54165296782551,4.264578690596092e-64,0.0,7.918276128403825e-88,11.180550989275172,2.220183872403887e-55,-9.57298416677013e-92,2.431596461467508e-67,4.950982832798812e-87,4.3278714477499757e-72,1.0311897655211155e-72,7.186485310651535e-40,5.617009467738803e-05,1436567.4202619325,217747.03996336463
3.396313395209361e-05,0.0001866876144578647,-101.11031396814808,589.8330096970557,0.0,2.2644813792397655e-38,34.374509257252164,1.5971619343812335e-63,0.0,1.9838339232322424e-87,11.458169752417387,7.131030330336164e-55,7.830912361741406e-89,9.973154360624542e-67,1.8995749810771344e-86,1.9283018178288916e-71,3.5183502537745744e-72,1.678784970179143e-39,5.705553084011189e-05,1434962.6200451655,225026.28508664915
3.39783839727571e-05,0.00018513612538289268,-102.36968187316974,594.8689383124632,0.0,5.288677340890892e-38,35.24597381825102,6.088438843021308e-63,0.0,5.100658079973673e-87,11.748657939417004,2.326673633618508e-54,3.3448726797791457e-88,4.16856392344427e-66,7.652762591116125e-86,8.92785429262544e-71,1.2253969229777324e-71,3.9662896593533075e-39,5.7965333294171326e-05,1433352.4547674663,232709.11980634986
3.3993633993420586e-05,0.00018356513792155412,-103.6678003908161,600.059332627936,0.0,1.2494442347240154e-37,36.158666905430174,2.363694779113157e-62,0.0,1.3386086222397906e-86,12.052888968476724,7.715360409478517e-54,9.507795942106118e-88,1.7765128793769368e-65,3.249820740139666e-85,4.283024658978667e-70,4.3560442108044774e-71,9.480674361422234e-39,5.890064197162913e-05,1431736.9336683848,240826.8355678663
3.400888401408407e-05,0.00018197404591293445,-105.00668827451494,605.4121827654305,0.0,2.9870227681867352e-37,37.11544502212896,9.351073234932695e-62,0.0,3.58295433518022e-86,12.37181500737632,2.6016143890384803e-53,2.2082674081078962e-87,7.723475130835405e-65,1.458271663179405e-84,2.1240805412390676e-69,1.5807057207607622e-70,2.2936204386504167e-38,5.9862673216941636e-05,1430116.066018207,249413.85971845832
3.402413403474756e-05,0.0001803622112966401,-106.3885125164959,610.9360573717776,0.0,7.229035147820138e-37,38.119427684198136,3.7721154181790654e-61,0.0,9.891703502218296e-86,12.706475894732712,8.925557654649663e-53,4.514857768652747e-87,3.4274641973455596e-64,6.917919725505427e-84,1.087019453147444e-68,5.858186924824619e-70,5.618254324973825e-38,6.085272649237655e-05,1428489.8611178957,258508.1432020352
3.403536626455073e-05,0.00017916137680318262,-107.43508995018318,615.1193182239989,0.0,1.390787848918738e-36,38.891066399960245,1.0419367712498279e-60,0.0,1.7166770694606232e-85,12.963688799986748,2.2024265385985616e-52,7.208412024198569e-87,1.0099957233839868e-63,1.5207165618495336e-83,3.507765133378712e-68,1.1692892913787515e-69,1.0938303312645507e-37,6.160066658396513e-05,1427288.6905343519,265555.120837457
3.40465984943539e-05,0.00017794864441338193,-108.50721160913591,619.404248830169,0.0,2.6967261996611496e-36,39.691633585315415,2.940990198868292e-60,0.0,2.761519860423501e-85,13.230544528438472,5.520773278312179e-52,1.1067894688400052e-86,3.049032985930953e-63,3.0984843225813808e-83,1.1767306585172645e-67,2.0997380543682011e-69,2.1483244076112856e-37,6.236514958982214e-05,1426084.633351089,272918.207551808
3.4057830724157076e-05,0.00017672372136805884,-109.60592555574407,623.7949813804644,0.0,5.2761503971498795e-36,40.52270994400805,8.467513173656306e-60,0.0,5.858437319144313e-85,13.507569981336015,1.406322067159657e-51,1.6453626796495886e-86,9.396664542370689e-63,7.71666850402709e-83,4.0816152830970325e-67,4.2314731354711714e-69,4.2516562988456235e-37,6.31467958415466e-05,1424877.6933162734,280617.1240415713
3.406906295396025e-05,0.00017548630280795572,-110.7323401328843,628.295881603359,0.0,1.0409609535888021e-35,41.385990399345296,2.473908448863877e-59,0.0,1.9845491568234405e-84,13.7953301331151,3.6285360006788244e-51,2.3803552856278446e-86,2.9432948474447224e-62,2.450441495819309e-82,1.448551183712901e-66,1.037180816929533e-68,8.475815973222237e-37,6.39462588018211e-05,1423667.8741870439,288673.1730690704
3.408029518376342e-05,0.00017423607107051273,-111.88762846967713,632.9115657751844,0.0,2.0701215508926524e-35,42.28329441770915,7.320738504998659e-59,0.0,8.494842110607209e-84,14.094431472569719,9.469199417675885e-51,3.3644931068751475e-86,9.357168223807483e-62,8.78280058012098e-82,5.235899132726702e-66,2.8820751565588106e-68,1.7026756023558342e-36,6.476422737693898e-05,1422455.1797295036,297109.39530474896
3.409152741356659e-05,0.00017297269492880628,-113.07303343788168,637.6469193826625,0.0,4.149483745601485e-35,43.21657746159129,2.193689168293345e-58,0.0,3.9180700422737835e-83,14.40552582053043,2.498917867414636e-50,4.6607456175660084e-86,3.0166817462289688e-61,3.2858302637254522e-81,1.9237656521810656e-65,8.496660263775939e-68,3.447624156349024e-36,6.560142844653718e-05,1421239.6137187025,305950.7435385581
3.4102759643369766e-05,0.0001716958287762446,-114.28987304035692,642.5071173617288,0.0,8.384780810382068e-35,44.18794371081827,6.657764364830208e-58,0.0,1.880831873689334e-82,14.729314570272756,6.669913355341362e-50,6.3438012192685114e-86,9.858834311932864e-61,1.2575788510764747e-80,7.180643147627837e-65,2.603637981936574e-67,7.037560770204756e-36,6.645862959986909e-05,1420021.1799386335,315224.27761122555
3.4113991873172934e-05,0.00017040511175214453,-115.53954628000605,647.4976460846942,0.0,1.708302503378064e-34,45.199660216893044,2.0470983231089812e-57,0.0,9.301433359292735e-82,15.066553405631014,1.8010424276484064e-49,8.501728296303717e-86,3.266457712781545e-60,4.915823030790605e-80,2.7231713361061745e-64,8.287020606839369e-67,1.4485373296504806e-35,6.733664209997983e-05,1418799.8821822153,324959.3829348787
3.412522410297611e-05,0.00016910016679815178,-116.82353959856613,652.6243274188326,0.0,3.5099222824454068e-34,46.25417268391569,6.378965778049977e-57,0.0,4.710501983636096e-81,15.41805756130523,4.921396812900294e-49,1.1237848451274147e-85,1.0975033679780517e-59,1.9623644025498883e-79,1.0495960719390998e-63,2.7479900144457485e-66,3.0070586141097093e-35,6.823632411662718e-05,1417575.7242512817,335188.0160217513
3.413645633277928e-05,0.00016778059963674634,-118.14343396602301,657.8933451455935,0.0,7.274172166338712e-34,47.35412309788058,2.01521016694851e-56,0.0,2.436610310707891e-80,15.784707699293527,1.3612946306290028e-48,1.467285256521077e-85,3.7407285829976263e-59,7.997016341754054e-79,4.1130540101029644e-63,9.522952079605205e-66,6.297384273488556e-35,6.915858426431221e-05,1416348.70995657,345944.980955612
3.414768856258245e-05,0.00016644599766537044,-119.50091268627686,663.3112739712521,0.0,1.5209829654139731e-33,48.50236945831762,6.456761906527742e-56,0.0,1.2866038341294436e-79,16.167456486105873,3.812964270482698e-48,1.8947195341965484e-85,1.29386626643027e-58,3.3273463290118515e-78,1.6393912546948016e-62,3.456986903125021e-65,1.3307293712244322e-34,7.010438547390939e-05,1415118.843117712,357268.24132621055
3.4158920792385625e-05,0.00016509592875917209,-120.89776999294872,668.8851113886835,0.0,3.2094242542700684e-33,49.70200790632164,2.0989743689728802e-55,0.0,6.93581149391605e-79,16.567335968773882,1.0818701726215606e-47,2.4223809936426888e-85,4.5433934865446806e-58,1.4142849811550961e-77,6.649282685020411e-62,1.3158330788315846e-64,2.8381836151550167e-34,7.107474922951036e-05,1413886.127563213,369199.272901409
3.41701530221888e-05,0.00016372993997297843,-122.33592053229599,674.6223127338237,0.0,6.836040141411145e-33,50.9563975919166,6.925942506635227e-55,0.0,3.818644289710367e-78,16.9854658639722,3.110653061362261e-47,3.0691191322189217e-85,1.6203677529653982e-57,6.146209941141207e-77,2.7456893933314007e-61,5.247290862479195e-64,6.11121000357001e-34,7.207076021218864e-05,1412650.5671304525,381783.46324934607
3.4181385251991966e-05,0.00016234755613119613,-123.81740984977317,680.5308298509275,0.0,1.4701945831167966e-32,52.26918868121466,2.3207033603093245e-54,0.0,2.148332774274712e-77,17.42306289373822,9.066959653858848e-47,3.85669054612697e-85,5.871948811528136e-57,2.7339169092563917e-76,1.154873479686912e-60,2.187353954777389e-63,1.3288308091380239e-33,7.309357140071942e-05,1411412.1656656633,395070.5656298019
3.419261748179514e-05,0.00016094827829334752,-125.34442600976466,686.6191538266374,0.0,3.19345893259579e-32,53.64435397120461,7.900009595577835e-54,0.0,1.235744697796933e-76,17.88145132373487,2.6802971376238684e-46,4.810159138564462e-85,2.1631589240674643e-56,1.2464474155501985e-75,4.9505963116662393e-60,9.50146695520796e-63,2.9187244086531198e-33,7.414440968428183e-05,1410170.9270239226,409115.2157746228
3.4203849711598315e-05,0.00015953158208193384,-126.91931249269712,692.8963623051493,0.0,7.007990181261936e-32,55.08622466016005,2.7334443760224593e-53,0.0,7.272229064390495e-76,18.362074886720016,8.038982968941427e-46,5.958353534622534e-85,8.104821606102942e-56,5.834626427800877e-75,2.164045780542189e-59,4.286305209464621e-62,6.477811363507081e-33,7.522458204762988e-05,1408926.855069138,423977.52173791936
3.421508194140149e-05,0.00015809691585760748,-128.54458253563485,699.3721719761448,0.0,1.5541992006744884e-31,56.59953091801954,9.617997333021677e-53,0.0,4.3813905580442546e-75,18.86651030600651,2.4474326844905946e-45,7.334391067554225e-85,3.0900713785354763e-55,2.809864620909885e-74,9.652045395053954e-59,2.001888370945664e-61,1.4531561730891822e-32,7.633548239770099e-05,1407679.9536740398,439723.73889376124
3.422339028500284e-05,0.00015702380845236325,-129.7807705713333,704.296122309877,0.0,2.812483934599473e-31,57.76789010654062,2.424990389132233e-52,0.0,1.2321300811754443e-74,19.255963368846874,5.569480783715975e-45,8.520952998963552e-85,8.25356692219133e-55,9.475089617153179e-90,2.8750833067147894e-58,5.420676232817832e-61,2.6566311472764065e-32,7.717784328509922e-05,1406755.8176784813,451982.45180050103
3.4231698628604184e-05,0.00015594030574004973,-131.047160884023,709.3388967177591,0.0,5.122173658335513e-31,58.9804227732445,6.212792635911845e-52,0.0,1.6337990032250283e-69,19.660140924414833,1.2826363395436326e-44,9.870169343486919e-85,2.2386956845735038e-54,6.6503910831256695e-71,8.75732365740688e-58,1.838349657360687e-60,4.892324696569928e-32,7.803846696300772e-05,1405830.137285952,464796.9837247859
3.424000697220553e-05,0.00015484615172604876,-132.3449818708459,714.5052192242468,0.0,9.397645235053193e-31,60.23955784034593,1.6174919933418406e-51,0.0,7.172244804940595e-69,20.079852613448644,2.99261471378892e-44,1.1401194650394194e-84,6.170138637433476e-54,4.1399927861965473e-70,2.7222417533962474e-57,6.714044530814729e-60,9.0700393051023e-32,7.8918024398708e-05,1404902.9140730822,478202.21452924906
3.424831531580688e-05,0.00015374107992813485,-133.6755318543373,719.8000747774041,0.0,1.736425348854035e-30,61.54790053442152,4.264445235183061e-51,0.0,3.137348991778099e-68,20.515966844807174,7.059114018290308e-44,1.3135218666313187e-84,1.7242270144466047e-53,1.6970349580882463e-69,8.599133425721138e-57,2.4092540066548588e-59,1.692190589871714e-31,7.981722151354181e-05,1403974.149619128,492235.8311202291
3.425662365940823e-05,0.00015262481277341234,-135.0401842460121,725.2287280062485,0.0,3.2303013281456894e-30,62.90824837180293,1.1368067158103749e-50,0.0,1.0938293930989788e-67,20.96941612393431,1.6816019296793595e-43,1.509568151490615e-84,4.87871505300564e-53,5.669383108777515e-69,2.7549568408992374e-56,8.41219400465102e-59,3.177907183125324e-31,8.07368015552098e-05,1403043.8455059724,506938.60448589764
3.4264932003009575e-05,0.00015149706094627502,-136.44039321890517,730.7967438124028,0.0,6.050347343971173e-30,64.32360889614317,3.05226323271855e-50,0.0,2.6081594321614513e-62,21.441202965381056,4.034773386098578e-43,1.4851084492170653e-58,1.3828528655072099e-52,1.6262111390110737e-68,8.829016252811164e-56,3.889683942191338e-58,6.008835126476456e-31,8.167754768588513e-05,1402112.0033181203,522354.69943517685
3.427324034661092e-05,0.0001503575226903937,-137.8776998694993,736.5100097319029,0.0,1.141095529825174e-29,65.79721938435527,8.287097020923488e-50,0.0,1.0963834420236784e-61,21.932406461451755,9.773297912854577e-43,4.942392648429591e-58,3.959219752927351e-52,1.1286742414273708e-67,2.868261117821527e-55,1.7283158197930036e-57,1.1440936893012262e-30,8.264028577613653e-05,1401178.6246426955,538532.0212659758
3.428154869021227e-05,0.00014920588306069522,-139.35373892097988,742.3747602628653,0.0,2.1673603960829225e-29,67.33256877720892,2.2784860504255673e-49,0.0,2.8772567052706655e-61,22.444189592402974,2.3929538176478293e-42,1.338618573013832e-57,1.1510262794464298e-51,4.250968196493946e-67,9.487293296308776e-55,5.881988495723843e-57,2.1939401019325336e-30,8.3625887423684e-05,1400243.7110694398,555522.6044895741
3.428985703381362e-05,0.0001480418131169723,-140.8702460671524,748.3976035276407,0.0,4.146438394038326e-29,68.93342213475847,6.342085039793361e-49,0.0,6.385276040990513e-61,22.977807378252827,5.92275670113887e-42,3.220116658813869e-57,3.394467673082263e-51,1.262606517667573e-66,3.190174536800655e-54,1.8870825249592302e-56,4.237989652089198e-30,8.463527323648157e-05,1399307.2641907092,573383.0497119977
3.4298165377414965e-05,0.00014686496905181944,-142.4290660482909,754.5855506133528,0.0,7.991512492973617e-29,70.60384796097343,1.7964472359878626e-48,0.0,9.275285344061965e-61,23.53461598699114,1.4882503360931801e-41,1.9826788162115362e-57,1.0325098943511366e-50,3.2726441639173976e-66,1.113432955768275e-53,5.67714345106208e-56,8.248022729253025e-30,8.566941641630128e-05,1398369.2856014695,592175.0157114952
3.430647372101631e-05,0.00014567499124753635,-144.0321615266129,760.9460478584813,0.0,1.5519351017303214e-28,72.34824879220652,5.1173005076239495e-48,0.0,1.8416389642235644e-60,24.116082930735505,3.762329421342333e-41,1.859386186233554e-56,3.1255281246638382e-50,6.055707981427402e-66,3.8485848229793936e-53,1.7741563237035745e-55,1.61763081340788e-29,8.672934666577599e-05,1397429.7768992973,611965.7748008303
3.431478206461766e-05,0.000144471503256201,-145.68162285033392,767.487012433541,0.0,3.0373518472268893e-28,74.17139550644747,1.4740071929268413e-47,0.0,4.565433754932098e-60,24.723798502149155,9.602948141035615e-41,4.518718574800188e-56,9.495515825864632e-50,1.8040076715496582e-65,1.3388748659789074e-52,6.668865983777984e-55,3.1976980186742324e-29,8.78161544546784e-05,1396488.7396843748,632828.8409557394
3.432309040821901e-05,0.00014325411069514697,-147.37967880794255,774.2168716242144,0.0,5.992171743545195e-28,76.0784658861343,4.3055120122375884e-47,0.0,1.0685816772232869e-59,25.359488628711432,2.481224493360596e-40,1.722759581940725e-55,2.936181425823521e-49,5.470621879275648e-65,4.7606199045529744e-52,2.3767868770680345e-54,6.372603646861153e-29,8.893099568055122e-05,1395546.1755594874,654844.6818475173
3.4331398751820355e-05,0.00014202240004851146,-149.12870849916564,781.1446063273777,0.0,1.1918897254081857e-27,78.07508805650401,1.2752258835827061e-46,0.0,2.3350755770820503e-59,26.025029352168005,6.491282386034479e-40,3.394159647573927e-55,9.235254401781373e-49,1.5754303984350982e-64,1.7264833124398906e-51,8.920773845064698e-54,1.2806040382932988e-28,9.007509676933875e-05,1394602.0861300211,678101.5279232077
3.43397070954217e-05,0.00014077593736473829,-150.9312544656744,788.2797993475759,0.0,2.3908386424278096e-27,80.16738952607062,3.8291438767971724e-46,0.0,4.97405199161591e-59,26.72246317535687,1.7192393064529495e-39,1.2912208058298972e-54,2.9486285456222633e-48,4.639742610754947e-64,6.368375990901751e-51,3.3391611278196896e-53,2.59557105428556e-28,9.12497602682417e-05,1393656.4730039602,702696.2940412454
3.434801543902305e-05,0.00013951426683909531,-152.7900372431421,795.6326891715187,0.0,4.837616516359241e-27,82.36205268031075,1.1752354111602706e-45,0.0,7.225848020784694e-59,27.454017560103587,4.64282934543528e-39,1.2069700722282524e-54,9.828004882551994e-48,1.1569891187088287e-63,2.4690225321677077e-50,1.372205763342246e-52,5.307349985911789e-28,9.245637099013191e-05,1392709.3377918834,728735.6320155468
3.43563237826244e-05,0.00013823690926891631,-154.7079715017404,803.2142299555119,0.0,9.876187129982899e-27,84.66637772912556,3.65252287456364e-45,0.0,7.853676546672661e-59,28.22212590970852,1.2689366773999448e-38,0.0,3.3094275561663038e-47,2.67000883763871e-63,9.652415698378047e-50,5.798963660711475e-52,1.0951178465253429e-27,9.369640276198639e-05,1391760.682106963,756337.1358189043
3.436236648578039e-05,0.00013729773963463466,-156.14182735351633,808.8786192856071,0.0,1.6660684722179935e-26,86.4157419701475,8.292827266815001e-45,0.0,7.841589369219451e-59,28.8052473233825,2.633047953514269e-38,1.3526374087442245e-54,7.902942767990527e-47,4.55938513062651e-63,2.5528995721599155e-49,1.6098198478429206e-51,1.8635941407502796e-27,9.462017028948733e-05,1391069.7655596223,777466.7806982166
3.436840918893638e-05,0.00013634980291749951,-157.609900894757,814.6749462038774,0.0,2.824822237233395e-26,88.23065061921272,1.9028368626442853e-44,0.0,7.97124294910835e-59,29.410216873070905,5.506677110010334e-38,7.509814819872863e-54,1.9029991188427306e-46,7.979837305062085e-63,6.844405048641581e-49,4.536258419514908e-51,3.189679228102355e-27,9.556308358111237e-05,1390378.0462001064,799545.733010275
3.437445189209238e-05,0.0001353928883057322,-159.11354064084748,820.6082649226332,0.0,4.8172181664331054e-26,90.11466369051745,4.4190723644482174e-44,0.0,8.257073375632525e-59,30.038221230172482,1.162806275467538e-37,2.212440287381799e-53,4.633175307104567e-46,1.6641584370796303e-62,1.862446646438223e-48,1.302121105332637e-50,5.489713233733355e-27,9.652581224634486e-05,1389685.524651621,822632.7774498254
3.4380494595248376e-05,0.00013442677662195765,-160.65416925851548,826.6839049278507,0.0,8.26156740873599e-26,92.07159581405382,1.036677538485404e-43,0.0,8.514521244404366e-59,30.690531938017937,2.476799407529086e-37,6.181884933274554e-53,1.1394813545452694e-45,4.3177679831141325e-62,5.130700156312485e-48,3.7941175308168627e-50,9.497578064364957e-27,9.750905891107828e-05,1388992.2015380978,846791.3619014885
3.4386537298404376e-05,0.00013345123985845206,-162.23328884037457,832.9074913449157,0.0,1.4246874968446883e-25,94.105538937609,2.4540072983831833e-43,0.0,8.6813459953452e-59,31.368512979202997,5.317923854454899e-37,1.8176001153736966e-52,2.8296826564603014e-45,1.2920043225000762e-61,1.429568811327214e-47,1.1202016198486062e-49,1.6519264468247088e-26,9.85135613274507e-05,1388298.0774841867,872090.0515724034
3.439258000156037e-05,0.00013246604067587679,-163.8524866801127,839.2849674485772,0.0,2.4704362421821064e-25,96.2208874712674,5.848041887709837e-43,0.0,5.19923877532246e-58,32.07362915708913,1.1486534034779843e-36,8.653736812769013e-52,7.035458628531745e-45,5.5676115307494854e-61,3.9898409436401656e-47,3.2701198846922156e-49,2.889180472437624e-26,9.954009466390836e-05,1387603.1531152632,898603.0361583284
3.439862270471636e-05,0.0001314709318684094,-165.51344152267305,845.8226192720444,0.0,4.307939503800891e-25,98.42236616946833,1.4062172793137591e-42,0.0,1.8371302071871438e-57,32.80745538982278,2.5006252886975905e-36,1.8935771636714308e-51,1.762870247227068e-44,2.221059783577793e-60,1.1248398644628153e-46,9.634802169585985e-49,5.0818642283331574e-26,0.00010058947396580151,1386907.4290574193,926410.6968283551
3.440466540787236e-05,0.00013046565579233747,-167.2179303334909,852.5271025661992,0.0,7.555423894563377e-25,100.7150611000193,3.415488785728666e-42,0.0,4.447943289434416e-57,33.57168703333977,5.49282828174023e-36,8.253745171341454e-51,4.4768108453962233e-44,7.76734898671347e-60,3.2214535316009167e-46,2.896269662670704e-48,8.990601570253258e-26,0.00010166255679695827,1386210.9059374703,955600.241262174
3.4410708111028355e-05,0.00012944994375178875,-168.967835687654,859.4054725983751,0.0,1.3328918471671647e-24,103.10445410818569,8.400238210042551e-42,0.0,6.5341245046947e-57,34.368151369395235,1.2201970411839577e-35,2.3223031622169893e-50,1.1632694547801151e-43,2.177028469978685e-59,9.466637108628208e-46,9.193143416934879e-48,1.600054291538268e-25,0.00010276024609712995,1385513.5843829527,986266.416579549
3.4416750814184354e-05,0.00012842351533633864,-170.76515385915243,866.4652172267876,0.0,2.3655754451553077e-24,105.59646124232532,2.0861281603196518e-41,0.0,7.043931093050493e-57,35.19882041410844,2.734982324314668e-35,4.567147713324022e-50,3.0557768792357202e-43,6.478437226360997e-59,2.8130596553729317e-45,2.960550010000708e-47,2.8650272251928467e-25,0.00010388349327913085,1384815.4650221178,1018512.3114601648
3.442279351734035e-05,0.00012738607770691827,-172.61200368128445,873.7142936755098,0.0,4.224247302597935e-24,108.19747567379436,5.226555647208361e-41,0.0,6.815632046872911e-57,36.06582522459812,6.179157297950876e-35,1.0501014463078116e-49,8.078983726030694e-43,2.1863154392151022e-58,8.422343941788924e-45,9.54444616436912e-47,5.162268254925237e-25,0.00010503330159050986,1384116.548483941,1052450.2604948622
3.442883622049634e-05,0.00012633732482615083,-174.51063624780917,881.1611694715751,0.0,7.591053974413426e-24,110.91441572605576,1.3218755795449712e-40,0.0,7.251992014295314e-57,36.97147190868526,1.407827639509517e-34,3.519787121454428e-49,2.152511922852709e-42,7.883508409154884e-58,2.5457964345765253e-44,3.0944482211804306e-46,9.361448701178325e-25,0.00010621072975913854,1383416.835398112,1088202.8659644742
3.443487892365234e-05,0.00012527693662775104,-176.46344554699988,888.8148681438945,0.0,1.3729946506534635e-23,113.75477872766207,3.377236914172765e-40,0.0,9.659885657619939e-57,37.918259575887355,3.2365822832938613e-34,1.2168004116532756e-48,5.789136933186696e-42,2.9279471027190115e-57,7.782781114242841e-44,1.0137201356135633e-45,1.7088868484905977e-24,0.0001074168959481854,1382716.3263950394,1125904.1549523761
3.444092162680833e-05,0.00012420457811852237,-178.47298014300765,896.6850204311295,0.0,2.4999297215947957e-23,116.72670152050053,8.720185046193703e-40,0.0,1.7872384789983072e-56,38.90890050683351,7.511541883643966e-34,3.825952900596375e-48,1.5731940853730395e-41,1.1090953018973303e-56,2.408767830604729e-43,3.363053423669795e-45,3.140745581473798e-24,0.00010865298205401514,1382015.0221058512,1165700.892924829
3.444696432996433e-05,0.00012311989840604933,-180.54195603127377,904.7819218710171,0.0,4.583125694380128e-23,119.8390285908527,2.2763508759491327e-39,0.0,4.845465440916958e-56,39.946342863617566,1.760442412458646e-33,1.1579896186116132e-47,4.3221982658135514e-41,4.275481303566124e-56,7.552141326144733e-43,1.1310824449316155e-44,5.812828623217489e-24,0.00010992023838441154,1381312.9231623868,1207754.0787169891
3.445140417433908e-05,0.00012231487041322158,-182.10168277474864,910.8819586391502,0.0,7.18005286260524e-23,122.22083509039913,4.61135345598422e-39,0.0,1.1723617119177433e-55,40.74027836346638,3.2998092021351007e-33,2.702830680465992e-47,9.076056055985962e-41,1.131824364176707e-55,1.742062562560436e-42,2.7392316710682095e-44,9.174227269834135e-24,0.0001108719790571154,1380796.553591357,1240192.5863154493
3.445584401871383e-05,0.00012150284054080386,-183.69627543775061,917.1149868630359,0.0,1.1291921129796046e-22,124.68773385668685,9.412686396328358e-39,0.0,3.0633640229441602e-55,41.56257795222895,6.223353994594976e-33,6.59100899088172e-47,1.9201760495574744e-40,3.0514675582422687e-55,4.060977461774196e-42,6.706727853373048e-44,1.45416430511078e-23,0.00011184181200270125,1380279.7556189694,1274020.6262473164
3.446028386308858e-05,0.00012068365117309687,-185.32701159191012,923.4859042561701,0.0,1.783489727647646e-22,127.24411419170761,1.9381727169739834e-38,0.0,8.341816060078911e-55,42.414704730569206,1.182176590246297e-32,1.6026928834510286e-46,4.098665508949886e-40,8.402800241614598e-55,9.577124807535143e-42,1.6628547978645522e-43,2.314922223216717e-23,0.00011283031358134407,1379762.529496585,1309320.1163399196
3.446472370746332e-05,0.00011985713888211282,-186.99523378447034,929.9998791293075,0.0,2.8290898465258654e-22,129.89466258862993,4.0220463111744707e-38,0.0,2.3213690778888555e-54,43.29822086287664,2.2607993572006954e-32,3.805072925896447e-46,8.82017605252042e-40,2.349826485095761e-54,2.2810180594384323e-41,4.169402115468349e-43,3.70054536161628e-23,0.00011383808582525828,1379244.8754757715,1346179.1722859675
3.446916355183807e-05,0.00011902313412927282,-188.7023537808963,936.6623717872054,0.0,4.50691307687516e-22,132.64438774732162,8.406140315980405e-38,0.0,6.549640149131945e-54,44.21479591577387,4.3510115748436516e-32,8.961107920470403e-46,1.9126602954129177e-39,6.648030938579932e-54,5.481924213761263e-41,1.0564106901450563e-42,5.940511906333386e-23,0.00011486575790355401,1378726.7938083042,1384692.685533816
3.4473603396212824e-05,0.00011818146094556987,-190.44985717374553,943.4791583766255,0.0,7.210840133737196e-22,135.49864812346723,1.7676629582990219e-37,0.0,1.9108962823095692e-53,45.16621604115575,8.419667703048793e-32,2.3022733505128933e-45,4.162744314196738e-39,1.9192763344039027e-53,1.3234437646993917e-40,2.6673426178170725e-42,9.578074791152339e-23,0.00011591398769666689,1378208.2847461686,1424962.9661567414
3.4478043240587574e-05,0.00011733193659208558,-192.23930833626122,950.4563571952509,0.0,1.1587984735728062e-21,138.46318229924793,3.743255982159384e-37,0.0,5.547151608033477e-53,46.15439409974931,1.6394590361146693e-31,5.009300800747047e-45,9.117437769716854e-39,5.585343270186001e-53,3.2205153528022746e-40,6.780990338814277e-42,1.5512575442070509e-22,0.00011698346347431944,1377689.348541557,1467100.4586827785
3.448248308496232e-05,0.00011647437119934804,-194.07235574641413,957.6004577805489,0.0,1.87064450704405e-21,141.54414251337832,7.987352292475002e-37,0.0,1.6046014962393526e-52,47.18138083779277,3.214120542109348e-31,1.6684078727361507e-44,2.0153051129977188e-38,1.6314900020043442e-52,7.921430912691995e-40,1.7501945648855255e-41,2.523989585975444e-22,0.00011807490567972891,1377169.985446869,1511224.5405938483
3.448692292933707e-05,0.00011560856738203587,-195.95073775022794,964.9183533682121,0.0,3.033773088863208e-21,144.7481317416498,1.7193480096147128e-36,0.0,4.6621500563944775e-52,48.24937724721659,6.351067472453348e-31,5.840176516464222e-44,4.5161774756693696e-38,4.76935987505489e-52,1.9785511243909957e-39,4.665819285582238e-41,4.126116391442792e-22,0.00011918906884007414,1376650.1957147112,1557464.415127415
3.449136277371182e-05,0.00011473431982619952,-197.87628881569157,972.4173772713542,0.0,4.943497558244722e-21,148.08224477132015,3.730130704117024e-36,0.0,1.375208925309384e-51,49.36074825710672,1.2639500078160533e-30,1.6997703503332819e-43,1.0211288429942113e-37,1.4123914668542402e-51,4.98983979341428e-39,1.259653435371147e-40,6.7780391397916875e-22,0.00012032674361437472,1376129.9795978996,1605960.111662759
3.4495802618086563e-05,0.00011385141484722767,-199.85094632190157,980.1053437498903,0.0,8.094700120500319e-21,151.55411377122707,8.15290037578786e-36,0.0,4.1182645962810574e-51,50.51803792374236,2.532364593497878e-30,4.27209637246843e-43,2.3237422998258748e-37,4.246968797756899e-51,1.2679507698501183e-38,3.4159237522606136e-40,1.1190176968170667e-21,0.0001214887589925913,1375609.3373494577,1656863.6089685257
3.4500242462461314e-05,0.00011295962991668693,-201.87675792309324,987.9905940003825,0.0,1.3321182327578388e-20,155.17195893159163,1.7958179638147095e-35,0.0,1.249155459044775e-50,51.72398631053054,5.1089600507735375e-30,1.0180578219880909e-42,5.32428516386129e-37,1.2944215193034763e-50,3.2487397477783253e-38,9.32106342259357e-40,1.856969909565393e-21,0.00012267598465344687,1375088.2692226125,1710340.099038825
3.4504682306836065e-05,0.00011205873315536222,-203.95588954105648,996.082048076103,0.0,2.203560511714916e-20,158.94464483421214,3.9880208810833553e-35,0.0,3.833934314401006e-50,52.98154827807072,1.038275456423604e-29,2.53769532341218e-42,1.2293702570189485e-36,3.995565815565129e-50,8.401219194918155e-38,2.5656355964397992e-39,3.0979672918107215e-21,0.0001238893334909778,1374566.7754708026,1766569.4123653683
3.450723758611807e-05,0.00011153601201013685,-205.17756094810719,1000.8361316580418,0.0,2.9497829929847854e-20,161.1898491709381,6.315384419624641e-35,0.0,7.255141134914194e-50,53.72994972364603,1.5638213651186617e-29,3.8115659981599684e-42,1.9891131727218048e-36,7.584577414878645e-50,1.4479067505673934e-37,4.574181975891571e-39,4.1681048928066094e-21,0.00012459987152391698,1374266.4454599696,1800254.9547538196
3.450870295909961e-05,0.0001112348315884145,-205.8866376435584,1003.5954213383905,0.0,3.48952634565644e-20,162.50271470761706,8.230788422877822e-35,0.0,1.0483266354769676e-49,54.16757156920569,1.9800408132768637e-29,4.167617607506561e-42,2.6241756331077387e-36,1.0979619372802813e-49,1.9813376542759786e-37,6.381500441694622e-39,4.945676789854313e-21,0.00012501146309640572,1374094.1520140101,1820028.4998334683
3.451016833208115e-05,0.00011093260750276932,-206.60201029940913,1006.3791864344189,0.0,4.1306118854918625e-20,163.83450050194074,1.0741366268259404e-34,0.0,1.5194697534966768e-49,54.61150016731358,2.5096953086508204e-29,4.452317675320784e-42,3.4663519456567225e-36,1.5946917705090711e-49,2.7162615900908172e-37,8.918100834321834e-39,5.872242457287076e-21,0.00012542610359093554,1373921.812255967,1840144.0970637423
3.451163370506269e-05,0.00011062933046131043,-207.32376923415214,1009.1877823841472,0.0,4.89257527343306e-20,165.18559550936243,1.4036010631869878e-34,0.0,2.2084301266586603e-49,55.06186516978748,3.1844018718224156e-29,6.090884159860683e-42,4.5845869450797116e-36,2.323063211009348e-49,3.730345659096749e-37,1.2483032171524789e-38,6.976908243440628e-21,0.0001258438303123544,1373749.426194971,1860609.7860940176
3.451309907804423e-05,0.00011032499103857172,-208.0520065410805,1012.0215722114445,0.0,5.798755020228399e-20,166.5563990626669,1.836343388454964e-34,0.0,3.2170170628024613e-49,55.518799687555635,4.0445932791413314e-29,9.765387244207159e-42,6.070900928945057e-36,3.392461091570261e-49,5.131230206523408e-37,1.7501579272765937e-38,8.294626175817072e-21,0.00012626468119224542,1373576.9938401545,1881433.8460947145
3.451456445102577e-05,0.00011001957967275299,-208.78681613178753,1014.8809283442107,0.0,6.87711977453866e-20,167.94732121295948,2.4052892948793304e-34,0.0,4.695416535927401e-49,55.98244040431983,5.142226514853397e-29,1.345930167605237e-41,8.04864214204238e-36,4.964841302097567e-49,7.068916791546872e-37,2.458188423705802e-38,9.867485926367294e-21,0.00012668869480069402,1373404.515200655,1902624.8074352005
3.451602982400731e-05,0.00010971308666302905,-209.52829378435402,1017.7662312135533,0.0,8.161222651039931e-20,169.35878308333116,3.154099392271569e-34,0.0,6.865627410835324e-49,56.45292769444372,6.544169735801636e-29,1.5367375214895414e-41,1.0683333832568656e-35,7.280575508042314e-49,9.752703930322183e-37,3.458901761369239e-38,1.174613638925516e-20,0.00012711591036204805,1373231.9902856103,1924191.4577660765
3.451749519698885e-05,0.00010940550216683955,-210.27653719141097,1020.6778681976873,0.0,9.69131921213777e-20,170.79121723615066,4.140671228829933e-34,0.0,1.0055953881642565e-48,56.93040574538355,8.336479170873435e-29,2.2779939771038766e-41,1.419701956986412e-35,1.0696718748203272e-48,1.347453026933414e-36,4.874329285173875e-38,1.3991494249066e-20,0.00012754636777018,1373059.4191041607,1946142.8489775269
3.451896056997039e-05,0.00010909681619706614,-211.03164600751506,1023.6162341750202,0.0,1.1515723783167568e-19,172.24506805502725,5.4418440095874995e-34,0.0,1.4752467387307122e-48,57.41502268500908,1.0629988008835806e-28,2.007102847680339e-41,1.888809937330437e-35,1.574426270294664e-48,1.8642669259759387e-36,6.88137849571134e-38,1.6676887612196755e-20,0.00012798010760207165,1372886.8016654504,1968488.3075236094
3.452042594295193e-05,0.00010878701861909829,-211.79372189785084,1026.5817325334765,0.0,1.3692469441584478e-19,173.7207921421028,7.159727597842099e-34,0.0,2.1675949493691787e-48,57.90693071403426,1.3567612298326815e-28,7.895809046747324e-41,2.5158141277957507e-35,2.321427272888518e-48,2.58276353933356e-36,9.72393478965123e-38,1.989069117466117e-20,0.00012841717113144663,1372714.1379786253,1991237.4460715028
3.452189131593347e-05,0.00010847609914783108,-212.56286858954664,1029.5747755518498,0.0,1.6291323188302127e-19,175.21885873116418,9.43017314457011e-34,0.0,3.189687021368113e-48,58.40628624372139,1.733383357990778e-28,0.0,3.354800725512783e-35,3.428759252066468e-48,3.583266215848811e-36,1.3788217335709288e-37,2.373949566295866e-20,0.0001288576003436083,1372541.4280528324,2014400.1744232506
3.452335668891501e-05,0.00010816404734460904,-213.3391919250678,1032.5957842944706,0.0,1.939621955342844e-19,176.73975011722553,1.243410911871338e-33,0.0,4.7007326784724846e-48,58.91325003907518,2.2167004977161884e-28,5.210155347353066e-40,4.4786815386409323e-35,5.0729713286419735e-48,4.9772725243401744e-36,1.951062439819063e-37,2.83519294783833e-20,0.00012930143795117743,1372368.6718972237,2037986.709937599
3.45256381584838e-05,0.00010767592850210799,-214.56240631589318,1037.3559377313497,0.0,2.548426495937009e-19,179.15426398614946,1.9175723447752818e-33,0.0,8.641468133211459e-48,59.71808799538315,3.258201836089518e-28,3.098174605459303e-40,7.043605665004092e-35,9.388902238257179e-48,8.335321623146647e-36,3.3849792819091062e-37,3.743186935308028e-20,0.000129999345013997,1372099.6122606513,2075577.6212247522
3.452791962805258e-05,0.00010718499838969073,-215.8036978776908,1042.1865919733268,0.0,3.3540275190291987e-19,181.62725029645284,2.9663365645822284e-33,0.0,1.596067702016721e-47,60.54241676548428,4.801784392693392e-28,0.0,1.1114677829941003e-34,1.7471800957663485e-47,1.4015114917347775e-35,5.8974483284521654e-37,4.9503235115500134e-20,0.00013070578729289974,1371830.4406196494,2114262.8536354494
3.453020109762137e-05,0.00010669121527586664,-217.0634986584414,1047.0894704317059,0.0,4.421627835791125e-19,184.16073487519793,4.600472981418806e-33,0.0,2.955911993711051e-47,61.38691162506598,7.093389010756674e-28,2.4607857547033493e-40,1.7586304833441958e-34,3.262435608347863e-47,2.3633318960678886e-35,1.0294611945283137e-36,6.557574081307173e-20,0.00013142093708205923,1371561.1570087862,2154085.8457971504
3.4532482567190154e-05,0.00010619453642766765,-218.34225487564004,1052.06635562163,0.0,5.838651110333209e-19,186.7568349307912,7.152201510645183e-33,0.0,5.488538572850633e-47,62.25227831026373,1.0502443503579413e-27,7.42604914380815e-40,2.7895285475305967e-34,6.111935403682428e-47,3.9959862643466715e-35,1.8023289356498455e-36,8.701157074380503e-20,0.0001321449714449765,1371291.7614626451,2195092.2236677413
3.4534764036758934e-05,0.00010569491807631313,-219.64042752755535,1057.1190918056982,0.0,7.722669994790653e-19,189.41776414541144,1.114751402056948e-32,0.0,1.022278008646419e-46,63.13925471513715,1.5586166857168091e-27,1.2537983110225425e-39,4.4360054374744495e-34,1.149445258162291e-46,6.776069597822265e-35,3.166034636880735e-36,1.1565258739615405e-19,0.00013287807238548615,1371022.254015828,2237329.9344029254
3.453704550632772e-05,0.00010519231538314934,-220.95849300468453,1062.2495876535731,0.0,1.0232030043357813e-18,192.14583809633467,1.742090801450189e-32,0.0,1.9106585107781627e-46,64.04861269877823,2.3186633272409454e-27,2.0321163782889336e-39,7.072976857292121e-34,2.1709721315899746e-46,1.1525569449467827e-34,5.580326371374361e-36,1.5399125876561071e-19,0.00013362042701703703,1370752.6347029444,2280849.389497944
3.453932697589651e-05,0.00010468668240443275,-222.2969437268743,1067.4598190874285,0.0,1.3580304773444367e-18,194.94348003859312,2.7296279607664427e-32,0.0,5.45134698647486e-46,64.98116001286438,3.4576216305167254e-27,3.4441119354154315e-39,1.1304913605263516e-33,4.122439789099902e-46,1.965648826860158e-34,9.862080994110187e-36,2.0540545198645027e-19,0.00013437222773715653,1370482.9035586242,2325703.6184024736
3.454160844546529e-05,0.00010417797205422684,-223.65628882038453,1072.7518323480278,0.0,1.8056078669825112e-18,197.81322708073606,4.288805150390688e-32,0.0,1.2940070975959013e-45,65.93774236024535,5.168939957280107e-27,5.974481808397107e-39,1.811665302963296e-33,7.864931006430433e-46,3.362696807000746e-34,1.7483351064150597e-35,2.7448233783158157e-19,0.00013513367241114972,1370213.0606175088,2371948.43358863
3.454388991503408e-05,0.00010366613606541271,-225.03705483438068,1078.1277472502318,0.0,2.405005787137017e-18,200.75773678426742,6.758048532446494e-32,0.0,2.554749308906812e-45,66.91924559475581,7.747302256163341e-27,1.0338147950984714e-38,2.9115984777714478e-33,1.5069945456356232e-45,5.772464304526764e-34,3.1106320281537197e-35,3.674644981533527e-19,0.00013590496456442386,1369943.1059142526,2419642.607949617
3.454617138460286e-05,0.00010315112494898084,-226.4397864948073,1083.589760614012,0.0,3.209226430453131e-18,203.7797942190375,1.068038905187656e-31,0.0,4.5987992904450607e-45,67.9265980730125,1.1642601244281035e-26,1.78872680975887e-38,4.6932136642047934e-33,2.900885714460145e-45,9.944231004502494e-34,5.555615917974173e-35,4.928646525807507e-19,0.0001366863135827157,1369673.0394835286,2468848.06551367
3.4548452854171644e-05,0.00010263288795162937,-227.8650474959496,1089.1401498815133,0.0,4.290315535343419e-18,206.882319510526,1.6929847222192664e-31,0.0,8.006736300126877e-45,68.96077317017533,1.754359908449402e-26,3.1002849469244557e-38,7.587763592038654e-33,5.612066357565396e-45,1.719204536111591e-33,9.961085748317065e-35,6.623147072302047e-19,0.00013747793492004882,1369402.8613600198,2519630.086615578
3.455073432374043e-05,0.00010211137301156089,-229.31342133226605,1094.7812769406266,0.0,5.7464034785463795e-18,210.06837591898946,2.6917728650161456e-31,0.0,1.38873211211265e-44,70.02279197299649,2.650786367557014e-26,5.399125111183674e-38,1.2304961303569426e-32,1.0914885262478146e-44,2.982936821017387e-33,1.7930642605201822e-34,8.917414692925396e-19,0.00013828005031480894,1369132.5715784254,2572057.528810388
3.455301579330921e-05,0.00010158652671233735,-230.78551217367462,1100.5155921739665,0.0,7.711425151325892e-18,213.3411784943192,4.293030537298878e-31,0.0,2.4318879101573217e-44,71.11372616477307,4.016404908003993e-26,9.435967898039651e-38,2.001661725832004e-32,2.1346329656646563e-44,5.194467263815318e-33,3.240606619348877e-34,1.2029984761709035e-18,0.00013909288801445884,1368862.1701734606,2626203.0649381797
3.4555297262878e-05,0.00010105829423467319,-232.28194578720377,1106.345638749041,0.0,1.0368567620320668e-17,216.70410335441034,6.8683378469958775e-31,0.0,4.324952852238743e-44,72.23470111813678,6.102773161556104e-26,1.6563675254073416e-37,3.266383245425986e-32,4.198823245534081e-44,9.07906777226738e-33,5.880643314764093e-34,1.6261358663284636e-18,0.00013991668300931845,1368591.6571798506,2682143.4398788353
3.455757873244679e-05,0.00010052661930606175,-233.80337050771908,1112.2740571652091,0.0,1.3968916866876865e-17,220.16069763922948,1.1023615680206686e-30,0.0,7.828547518530804e-44,73.38689921307649,9.299611220698312e-26,2.9174970340371542e-37,5.34726887736091e-32,8.308461871498172e-44,1.5928271150710792e-32,1.0715651368166786e-33,2.2025648576688578e-18,0.000140751677275749,1368321.0326323404,2739959.747687256
3.455986020201557e-05,9.999144414812773e-05,-235.3504582605525,1118.303590074955,0.0,1.885737237229355e-17,223.71469019772692,1.7750251609287766e-30,0.0,1.4423065024231916e-43,74.57156339924231,1.421253614393855e-25,5.161636441980895e-37,8.782298377979652e-32,1.6542025604590548e-43,2.805097091094793e-32,1.9608085956541256e-33,2.9894796554903737e-18,0.00014159812002906782,1368050.2965656857,2799737.730974434
3.4562141671584354e-05,9.945270942158674e-05,-236.9239056391383,1124.4370873992775,0.0,2.5508745643130108e-17,227.37000307028876,2.8675895203314057e-30,0.0,2.7013316067835643e-43,75.79000102342958,2.1785603164287878e-25,9.164519745011637e-37,1.447168502315646e-31,3.3144969621008134e-43,4.959121237814131e-32,3.6033271249035074e-33,4.066051087578363e-18,0.00014245626798654664,1367779.4490146555,2861568.1045963145
3.456442314115314e-05,9.891035416868169e-05,-238.5244350410312,1130.67751175889,0.0,3.457816329776046e-17,231.130763835574,4.6482148485160324e-30,0.0,5.134021776270747e-43,77.04358794519132,3.349511287300794e-25,1.6347860755785136e-36,2.392703586500455e-31,6.6848805812171005e-43,8.801682309099212e-32,6.650493714282723e-33,5.542122739518471e-18,0.00014332638564086708,1367508.4900140371,2925546.9059304856
3.456670461072192e-05,9.836431575295753e-05,-240.1527958659127,1137.0279442446363,0.0,4.6971611963197566e-17,235.0013188973834,7.560275336338934e-30,0.0,9.882490626570535e-43,78.33377296579447,5.165715204126861e-25,2.926574205260313e-36,3.9695604271304505e-31,1.357386820623892e-42,1.5684049165734316e-31,1.2328689565451206e-32,7.570450601229976e-18,0.0001442087455444125,1367237.4195986292,2991775.8742635315
3.456898608029071e-05,9.781452979622792e-05,-241.80976577941135,1143.491590552394,0.0,6.394491508489615e-17,238.98624779476077,1.233949789172791e-29,0.0,1.9232909967422458e-42,79.66208259825359,7.991726841334799e-25,5.265620792854071e-36,6.608535114414358e-31,2.775459877509336e-42,2.806147079550881e-31,2.2957503337270714e-32,1.0363973067934338e-17,0.00014510362860477177,1366966.237803246,3060362.862083526
3.457057168440261e-05,9.743019045608707e-05,-242.97862399413023,1148.0522187687081,0.0,7.93270753251582e-17,241.825653940288,1.7368843576297144e-29,0.0,3.052497399153227e-42,80.60855131342933,1.0839210315486384e-24,7.9395241207029e-36,9.433635941487675e-31,4.569237558363791e-42,4.210676407458689e-31,3.5439526852708146e-32,1.2907889839231293e-17,0.00014573309458542122,1366777.702919694,3109479.4388324656
3.4572157288514516e-05,9.704398632333907e-05,-244.1619697892757,1152.6702986310745,0.0,9.851282517625146e-17,244.72432624899852,2.4491707332539769e-29,0.0,4.8666899559055926e-42,81.57477541633284,1.472472672400029e-24,1.1993431913449395e-35,1.3492440938933565e-30,7.554928622344804e-42,6.332809657397512e-31,5.48626607979013e-32,1.6094184817779868e-17,0.00014636884884735598,1366589.1142665166,3159830.4771947665
3.457374289262642e-05,9.665589419748472e-05,-245.36009042969707,1157.3470228563292,0.0,1.2247432996113258e-16,247.68402489627752,3.4602746896204873e-29,0.0,7.810960931023658e-42,82.5613416320925,2.0036826348457904e-24,1.8147710165401931e-35,1.933362446198348e-30,1.2548118720567995e-41,9.546381608077586e-31,8.513993364505022e-32,2.0090285784539674e-17,0.0001470109932958434,1366400.4718554132,3211458.09366347
3.4576141297673305e-05,9.606522054162179e-05,-247.20111834455756,1164.5352789432397,0.0,1.706208469797178e-16,252.28095888170765,5.861146572756407e-29,0.0,1.6185628442028202e-41,84.09365296056922,3.2043206273615348e-24,3.413608281078043e-35,3.345313469948411e-30,2.733158189442009e-41,1.785641793596713e-30,1.6653812616836065e-31,2.816151936388539e-17,0.0001479946847849207,1366115.0268027242,3292074.867239295
3.457853970272019e-05,9.547008894928393e-05,-249.07768367608668,1171.8649348678296,0.0,2.383266909565201e-16,257.0283591852616,9.972431321746861e-29,0.0,3.386289611102132e-41,85.67611972842053,5.144791620085584e-24,6.456938375846018e-35,5.814212852624244e-30,6.008746035010723e-41,3.35738280928617e-30,3.2766511004262975e-31,3.957988556946083e-17,0.0001489936059181725,1365829.4588193272,3375873.89914134
3.458093810776708e-05,9.487041288498005e-05,-250.9908859269297,1179.3405936678173,0.0,3.337552228188534e-16,261.93326312863155,1.7030734965761488e-28,0.0,7.122682114595353e-41,87.31108770954386,8.289317800140091e-24,1.226529836879258e-34,1.0141704337050993e-29,1.329575476864994e-40,6.336800623721915e-30,6.472587943353152e-31,5.577235203938722e-17,0.0001500081391139453,1365543.7679457548,3463026.4709628997
3.458333651281396e-05,9.426610311773607e-05,-252.94187085824709,1186.9670694594092,0.0,4.686099642375617e-16,267.00313654022204,2.9198233256065273e-28,0.0,1.5064436612311787e-40,89.00104551340735,1.3403919645214983e-23,2.3408223348316544e-34,1.775692515643687e-29,2.965083200266271e-40,1.2011104140455855e-29,1.2842372385496913e-30,7.88009426449333e-17,0.0001510386795738977,1365257.954222555,3553715.573831654
3.458573491786085e-05,9.365706760396644e-05,-254.93183296972026,1194.7494003121515,0.0,6.597391061884972e-16,272.2459059872002,5.027139910759107e-28,0.0,3.2063626174597685e-40,90.74863532906674,2.1757232965749948e-23,4.49217932058271e-34,3.1203612718702915e-29,6.661567474069741e-40,2.2865731122523293e-29,2.5561686049490224e-30,1.1165207834914994e-16,0.0001520856357949366,1364972.0176902958,3648136.883525108
3.4588133322907735e-05,9.304321137318828e-05,-256.96201794274356,1202.6928611214994,0.0,9.314336075341222e-16,277.66999381829464,8.695045968842088e-28,0.0,6.868334920334459e-40,92.55666460609821,3.5461133589188145e-23,8.667924439468473e-34,5.506783550030055e-29,1.5105380108739357e-39,4.375492016491731e-29,5.113173285215616e-30,1.586549302675687e-16,0.00015314943006020383,1364685.9583895602,3746499.8274864294
3.459150464256282e-05,9.217200455986466e-05,-259.8862609478947,1214.1416808378947,0.0,1.5202672364046215e-15,285.6182326187605,1.8983160177288744e-27,0.0,2.0451736281734816e-39,95.20607753958684,7.108826708483824e-23,2.211946123659239e-33,1.2389039966271072e-28,4.946984071106692e-39,1.1067422164193299e-28,1.3871599131125352e-29,2.613183016807634e-16,0.00015467406299756622,1364283.651449394,3891861.8356316676
3.459393879196936e-05,9.153677744368887e-05,-262.0507562480207,1222.6217744257613,0.0,2.172859443866956e-15,291.6058071026266,3.348879551186352e-27,0.0,4.488191077074952e-39,97.20193570087554,1.1795691719099626e-22,4.364678624980635e-33,2.233673905081043e-28,1.1634295174245008e-38,2.1682874865509665e-28,2.858137744086324e-29,3.759617694338128e-16,0.00015579680353397716,1363993.0283977736,4002314.2717978396
3.459637294137589e-05,9.089622563936658e-05,-264.26150888366465,1231.2884760372012,0.0,3.114791734086872e-15,297.81425069641097,5.933162573920286e-27,0.0,9.905532330152376e-39,99.27141689880365,1.965099671480196e-22,8.677964741185874e-33,4.043083607284709e-28,2.7597899214717594e-38,4.26707035199718e-28,5.912043502286394e-29,5.425828208234969e-16,0.00015693849050770378,1363702.2790342018,4117689.28832995
3.4598807090782434e-05,9.025023464407202e-05,-266.52009439174304,1240.148593344425,0.0,4.479162193249712e-15,304.2551977471287,1.0568361867954078e-26,0.0,2.2050247240893102e-38,101.4183992490429,3.2892328922473056e-22,1.7375349604651363e-32,7.355730189526811e-28,6.628538111096409e-38,8.451011503924988e-28,1.230946905256552e-28,7.856370853772338e-16,0.0001580996361198837,1363411.403401182,4238286.074574734
3.460124124018897e-05,8.95986860332164e-05,-268.82816050478294,1249.2092837826056,0.0,6.462232228767218e-15,310.9410802816279,1.8929417683424414e-26,0.0,4.947828958888838e-38,103.64702676054262,5.532724366251626e-22,3.49606110849946e-32,1.3455095225636571e-27,1.6109067163279254e-37,1.6845678010689042e-27,2.581175568415756e-28,1.1413796098781708e-15,0.00015928077050795123,1363120.4015412417,4364426.928568297
3.460367538959551e-05,8.894145728162094e-05,-271.18743115449007,1258.4780776662687,0.0,9.354242198623838e-15,317.8851954888132,3.409056573517082e-26,0.0,1.118391044715421e-37,105.9617318296044,9.352192625001869e-22,7.075292825411652e-32,2.4745402332316493e-27,3.958289772243285e-37,3.378888858199454e-27,5.450597041054321e-28,1.6637938377977669e-15,0.00016048244242074258,1362829.2734969212,4496459.428793424
3.460610953900204e-05,8.827842157143587e-05,-273.59971080334697,1267.9629036636431,0.0,1.3586226277717636e-14,325.10178004267436,6.171625273615203e-26,0.0,2.545614737641294e-37,108.3672600142248,1.5883330502775345e-21,1.4553459976010716e-31,4.570860789815374e-27,9.791521457910034e-37,6.813522584569047e-27,1.1545699834696974e-27,2.4336638904647715e-15,0.0001617052199216344,1362538.0193107845,4634758.849444551
3.460854368840858e-05,8.760944758909261e-05,-276.06688905245636,1277.672116424381,0.0,1.980093724188411e-14,332.6060920389099,1.1234679868379507e-25,0.0,5.836713434361539e-37,110.86869734630329,2.711010918061624e-21,2.945684145410412e-31,8.486162267838735e-27,2.447121160828405e-36,1.382323114229876e-26,2.4602492655510192e-27,3.572350087237158e-15,0.00016294969110906512,1362246.6390254106,4779730.848713893
3.4610977837815116e-05,8.693439931226024e-05,-278.5909454992483,1287.6145263240708,0.0,2.896048521719608e-14,340.4145014330462,2.0570251528509217e-25,0.0,1.3484390184002224e-36,113.47150047768207,4.6515495234367735e-21,6.39770211231992e-31,1.5851039237559826e-26,6.193789896902112e-36,2.823771343801534e-26,5.2885586165288994e-27,5.262817991225166e-15,0.0001642164648443075,1361955.1326833982,4931814.464590566
3.461341198722166e-05,8.6253135785328e-05,-281.17395488193307,1297.7994316765662,0.0,4.2510507342496146e-14,348.5445900156897,3.7887208303737236e-25,0.0,3.139297940057199e-36,116.1815300052299,8.024137536112132e-21,1.1490713156409156e-30,2.979278442930117e-26,1.5870032853490088e-35,5.80821791900357e-26,1.1470356142054882e-26,7.781987918363411e-15,0.00016550617148646226,1361663.5003273643,5091485.459577148
3.46158461366282e-05,8.556551088150938e-05,-283.8180925578747,1308.2366538526849,0.0,6.263182108445313e-14,357.0152621093011,7.020404914694085e-25,0.0,7.365902284970215e-36,119.00508736976704,1.391790160477068e-20,3.617985833323233e-30,5.634187252449412e-26,4.1128476038218096e-35,1.2028581599368225e-25,2.5081477734254874e-26,1.1550731867834078e-14,0.00016681946363588797,1361371.7419999435,5259260.062353108
3.461828028603473e-05,8.487137305064903e-05,-286.52564033571053,1318.9365756179347,0.0,9.262787367142021e-14,365.84686732532947,1.3088892602631653e-24,0.0,1.742134648595769e-35,121.94895577510982,2.4275809548890727e-20,0.0,1.072086949331036e-25,1.0778450327826688e-34,2.5084066843137196e-25,5.529420514793336e-26,1.7211420330353402e-14,0.0001681570168817732,1361079.8577437918,5435699.161031229
3.462071443544127e-05,8.417056505239944e-05,-289.29899266467385,1329.9101829437998,0.0,1.3752380211531308e-13,375.06133690304904,2.4557203088956785e-24,0.0,4.154119063179533e-35,125.02044563434968,4.258505240271204e-20,5.431238952040663e-29,2.0528542894580244e-25,2.856592396753e-34,5.267039818931332e-25,1.2281759176972263e-25,2.574871192795072e-14,0.00016951953054562637,1360787.847601578,5621413.010697938
3.4623148584847805e-05,8.346292367415034e-05,-292.1406631913236,1341.1691106296817,0.0,2.049968175449616e-13,384.6823353740315,4.637232742445963e-24,0.0,9.988521694415484e-35,128.22744512467716,7.514282352566755e-20,0.0,3.956161430846697e-25,7.654423077201199e-34,1.114433723797745e-24,2.7552646926018985e-25,3.8678604880739684e-14,0.00017090772841229476,1360495.7116159955,5817066.528118359
3.4625582734254346e-05,8.274827943264057e-05,-295.0532917052841,1352.7256921936003,0.0,3.0682793488632423e-13,394.73542955783387,8.818100182165503e-24,0.0,2.423092295036994e-34,131.57847651927796,1.3343624519262897e-19,0.0,7.688079682474524e-25,2.089015661266072e-33,2.377657425621541e-24,6.274122378930716e-25,5.83457726592153e-14,0.0001723223594410065,1360203.4498297526,6023385.258707203
3.462801688366088e-05,8.202645625809332e-05,-298.039651487933,1364.5930145022032,0.0,4.611780794415569e-13,405.24827719487524,1.6877677836084387e-23,0.0,5.92783279932076e-34,135.0827590649584,2.3836291911744993e-19,0.0,1.5022926259136774e-24,5.724693126021683e-33,5.1050243898435335e-24,1.4312686520611557e-24,8.839346135894817e-14,0.00017376419844332096,1359911.062285576,6241162.114744806
3.463045103306742e-05,8.129727115985713e-05,-301.10265708713064,1376.7849777635595,0.0,6.961743410159828e-13,416.25083787002694,3.2536224221752736e-23,0.0,1.4635436892763794e-33,138.750279290009,4.285762640987165e-19,0.0,2.958143520140511e-24,1.594347581239146e-32,1.1045462139465075e-23,3.3020424118109885e-24,1.345098889209649e-13,0.00017523404672073427,1359618.549026212,6471265.000840113
3.4632885182473954e-05,8.056053387261433e-05,-304.2453725128938,1389.3163614039102,0.0,1.0555890377862101e-12,427.775609288057,6.318097458089934e-23,0.0,3.646889029107937e-33,142.5918697626857,7.75713414160576e-19,3.224115095774511e-28,5.8686560965241426e-24,4.492104820478722e-32,2.408446604076999e-23,7.690369021812382e-24,2.056198690014621e-13,0.00017673273263958003,1359325.9100944246,6714645.461643492
3.4635319331880494e-05,7.98160464821634e-05,-307.47101986037205,1402.2028965544523,0.0,1.6078797431015008e-12,439.85789244250964,1.2358839497957443e-22,0.0,9.172670704155904e-33,146.61929748083656,1.413405183639362e-18,2.2803650676027133e-27,1.1723884414166547e-23,1.2774718476378898e-31,5.2929095929143615e-23,1.8046817346921335e-23,3.1579747306788424e-13,0.00017826111212586307,1359033.1455329957,6972348.510935712
3.463775348128703e-05,7.906360302971068e-05,-310.7829883586055,1415.4613459594912,0.0,2.460656525822538e-12,452.53608978536647,2.435706936346094e-22,0.0,2.3293887808868432e-32,150.84536326178883,2.5929575567872823e-18,1.2868624086344835e-26,2.3586473889977707e-23,3.670262273597336e-31,1.17254082801418e-22,4.26916286929976e-23,4.873528561662909e-13,0.00017982006905734193,1358740.255384728,7245523.829454103
3.464018763069357e-05,7.830298909361693e-05,-314.1848438319642,1429.109592212216,0.0,3.78396249683123e-12,465.85204117109436,4.837781666889953e-22,0.0,5.974313100919684e-32,155.28401372369814,4.790653450761561e-18,8.561376456859717e-26,4.7806008380615033e-23,1.0664343299975189e-30,2.61861903134783e-22,1.0187438077908407e-22,7.558421283256057e-13,0.00018141051552407798,1358447.2396924384,7535438.552662876
3.464262178010011e-05,7.753398134762124e-05,-317.6803385478493,1443.1667353504643,0.0,5.8479497340787565e-12,479.8514031356559,9.686291548817367e-22,0.0,1.5479425543983223e-31,159.9504677118853,8.916066002318627e-18,7.225910434505557e-25,9.765295264959874e-23,3.1356976621329648e-30,5.893445149762277e-22,2.4510312716796487e-22,1.1782455787801726e-12,0.0001830333919227421,1358154.098498966,7843491.91048976
3.4644415012878286e-05,7.696194991967715e-05,-320.3176607990663,1453.796043652418,0.0,8.083981442553692e-12,490.63083353068293,1.6214215997140248e-21,0.0,3.1243659666124493e-31,163.5436111768943,1.4144716473023278e-17,3.083447348762935e-25,1.658293463536284e-22,6.919391986650305e-30,1.0760522418324356e-21,4.703404892240902e-22,1.6393360098838233e-12,0.00018425027152944892,1357938.0617352095,8082934.82681545
3.464620824565647e-05,7.638514044757365e-05,-323.00959244898974,1464.666987756018,0.0,1.1206440023602333e-11,501.82972326518956,2.7268607298284838e-21,0.0,6.351181576810243e-31,167.2765744217298,2.2533521083281733e-17,0.0,2.82844496520371e-22,1.5402157028579622e-29,1.97390932448718e-21,9.06164126791419e-22,2.2876043133724e-12,0.00018548567369591683,1357721.9568993717,8333735.14735656
3.4648001478434655e-05,7.580345347599045e-05,-325.7578471102317,1475.788684798907,0.0,1.5580983060113314e-11,513.4711532269599,4.610199328114278e-21,0.0,1.3015042539582357e-30,171.15705107565324,3.6063922763083655e-17,1.7011726455024962e-25,4.848864135165662e-22,3.4636025949645743e-29,3.6410495108925594e-21,1.7567622115385698e-21,3.2020311656964825e-12,0.0001867400034307293,1357505.7840085994,8596623.507937754
3.464979471121283e-05,7.521678641906148e-05,-328.56420402118295,1487.1707365315801,0.0,2.172885358429213e-11,525.5798439827295,7.834984005579072e-21,0.0,2.686131975147618e-30,175.1932813275764,5.79879364887087e-17,2.549191026753095e-25,8.355204061566583e-22,7.855724795556039e-29,6.754087367750073e-21,3.429606558921437e-21,4.495855533850341e-12,0.00018801367361749314,1357289.5430800472,8872390.0460109
3.4651587943991016e-05,7.462503344042243e-05,-331.4305103763995,1498.8232628722446,0.0,3.0395799008662886e-11,538.1822984557045,1.3383597188075778e-20,0.0,5.580161719660955e-30,179.39409948523468,9.367227748497014e-17,3.3216188504349966e-25,1.4470432918010843e-21,1.7951585986893823e-28,1.2596218526055816e-20,6.739583958706138e-21,6.332227472786305e-12,0.00018930710474958482,1357073.2341308687,9161890.282323377
3.46533811767692e-05,7.402808532849589e-05,-334.3586836410216,1510.7569385796119,0.0,4.265317379462232e-11,551.3069593031626,2.29773855153347e-20,0.0,1.1666286373241265e-29,183.7689864343872,1.5201594167472598e-16,4.775025237967274e-25,2.5184164942789434e-21,4.123696557093684e-28,2.3610713050383276e-20,1.3319433614721877e-20,8.947260825166415e-12,0.00019062072458085133,1356856.857178229,9466051.690158283
3.465517440954738e-05,7.342582936818801e-05,-337.3507138034828,1522.9830328697544,0.0,6.004578790467775e-11,564.9843827157171,3.9653768746306316e-20,0.0,2.454918112006307e-29,188.32812757190516,2.478720560466008e-16,1.5699561612927824e-24,4.4052171704120384e-21,9.537249319903004e-28,4.449310901689292e-20,2.6481599658035794e-20,1.2683838497677483e-11,0.00019195496768890385,1356640.4122392964,9785881.041407406
3.465696764232556e-05,7.281814920915205e-05,-340.4086655317258,1535.5134522792987,0.0,8.480891127267262e-11,579.247430613522,6.880107476966984e-20,0.0,5.200096268913195e-29,193.08247687117313,4.061543622751984e-16,2.4282261615270254e-24,7.74655276885358e-21,2.2230713734744664e-27,8.431937746192486e-20,5.3000120719711495e-20,1.8041570477519957e-11,0.00019331027493732026,1356423.8993312432,10122472.63555156
3.4658760875103746e-05,7.220492473026995e-05,-343.53468019812436,1548.3607873674493,0.0,1.2018856402254843e-10,594.1314834975102,1.2002921418681122e-19,0.0,1.1089127125969596e-28,198.04382783250196,6.688563549734566e-16,7.069656149721478e-24,1.3696513799739044e-20,5.2217941071061485e-27,1.6070236272284784e-19,1.0678948629382302e-19,2.5751161918587996e-11,0.00019468709281607506,1356207.318471249,10477017.536074642
3.466055410788192e-05,7.158603190038666e-05,-346.73097772294307,1561.5383637731466,0.0,1.7091643554830575e-10,609.6746765194284,2.1057718135275532e-19,0.0,2.380904276144678e-28,203.22489217314057,1.1071419052025183e-15,6.881676127901775e-24,2.435077692237702e-20,1.2355466580469532e-26,3.0805553563829273e-19,2.1663878889080945e-19,3.688554271772942e-11,0.00019608587263939825,1355990.6696764985,10850813.957687259
3.466234734066011e-05,7.096134263585228e-05,-349.99985816710694,1575.0602980177969,0.0,2.4391684293018465e-10,625.9181616828922,3.7161167029720064e-19,0.0,5.147203062125694e-28,208.63938722762717,1.8425069465254458e-15,1.546332417046073e-23,4.356012861880073e-20,2.952986174976683e-26,5.941495158318837e-19,4.43229274691401e-19,5.302647239886713e-11,0.00019750706958090628,1355773.9529641806,11245278.969404893
3.4664140573438285e-05,7.033072465558547e-05,-353.34370299300343,1588.9415584787791,0.0,3.4936331086449445e-10,642.9063994991317,6.59588054241198e-19,0.0,1.1207260335797046e-27,214.3021331663717,3.0826497874756484e-15,2.3882879950482125e-23,7.834968225135422e-20,7.088588255017225e-26,1.1525188581770613e-18,9.119662426582383e-19,7.651534355678695e-11,0.00019895114152342723,1355557.168351492,11661961.70531029
3.466593380621647e-05,6.969404133433793e-05,-356.7649758911423,1603.1980321255921,0.0,5.022645288616925e-10,660.6874839032766,1.177692710448703e-18,0.0,2.457931809674258e-27,220.2291613010836,5.185710262335356e-15,1.2746471209349639e-22,1.417021634016212e-19,1.7126101070762982e-25,2.2485284474010066e-18,1.887662129299124e-18,1.1083252808247774e-10,0.0002004185476947824,1355340.315855631,12102558.307572056
3.466772703899465e-05,6.905115155494167e-05,-360.2662230562417,1617.846597708912,0.0,7.248556474164864e-10,679.3135047938536,2.115813432189364e-18,0.0,5.430346409808275e-27,226.43783493127103,8.773245535090475e-15,2.4321505188820538e-23,2.5783087612053915e-19,4.1698341385482775e-25,4.414935116037443e-18,3.936066212273164e-18,1.6117379442161686e-10,0.00020190974705671045,1355123.3954938045,12568928.86456805
3.466952027177283e-05,6.840190956061369e-05,-363.8500727672567,1632.9052061595544,0.0,1.050220490526161e-09,698.840953200657,3.825557172948119e-18,0.0,1.2087415219786764e-26,232.946984400198,1.4930099456404915e-14,1.068073484882554e-21,4.720975070634608e-19,1.0238044569702224e-24,8.722438343693718e-18,8.270486908131087e-18,2.3533025307471546e-10,0.0002034251964095885,1354906.407283225,13063116.652119536
3.4671313504551015e-05,6.774616480875463e-05,-367.5192340911421,1648.3929690256493,0.0,1.527804192405527e-09,719.3311748326549,6.962333014108868e-18,0.0,2.711148662211564e-26,239.77705827751873,2.5561396637531438e-14,0.0,8.700539661891801e-19,2.531859771936602e-24,1.7354229800607524e-17,1.7517993449341203e-17,3.4503811614191695e-10,0.00020496534817053089,1354689.351241107,13587370.039651012
3.46731067373292e-05,6.708376182803546e-05,-371.27649449100505,1664.3302558883665,0.0,2.2318435913229746e-09,740.8508786290839,1.275649458405112e-17,0.0,6.128474123790855e-26,246.95029287630993,4.403488657011832e-14,1.0773096212056215e-20,1.6139376238884611e-18,6.316897472509735e-24,3.4728661381457254e-17,3.738965016515425e-17,5.080594063399863e-10,0.00020653064777618435,1354472.227384674,14144167.487746814
3.4674899970107376e-05,6.641454008096582e-05,-375.12471607254236,1680.73880184046,0.0,3.2743242080300473e-09,763.4727079550776,2.353448239126872e-17,0.0,1.3963515817561643e-25,254.49090265161198,7.634432791501812e-14,0.0,3.0146405276726655e-18,1.5849459789589678e-23,7.00933587815661e-17,8.047899729012727e-17,7.514058822582374e-10,0.00020812153065410401,1354255.0357311536,14736246.14136588
3.467669320288556e-05,6.573833383465018e-05,-379.0668301443168,1697.641826269068,0.0,4.824996965943321e-09,787.2758832727021,4.3728000565393615e-17,0.0,3.2073363438796714e-25,262.4252944241078,1.3323124621153945e-13,1.1700738390123643e-19,5.668560839126411e-18,4.0256673571574235e-23,1.4203668608655745e-16,1.7462855959375877e-16,1.1163606172523597e-09,0.00020973841869819314,1354037.7762977774,15366634.616616404
3.467800326899509e-05,6.523981046647276e-05,-382.007858671246,1710.3173197209749,0.0,6.422570326314818e-09,805.4618094196185,6.902381820209455e-17,0.0,5.89597476939228e-25,268.48726980636394,2.008887423349027e-13,2.4202123460432457e-19,9.028922318020727e-18,7.953113261131273e-23,2.386633365826992e-16,3.091294783765989e-16,1.4950350937727e-09,0.00021093632658070782,1353879.0121708608,15853307.064992696
3.4679313335104625e-05,6.473739963917894e-05,-385.00178087483863,1723.2802147072734,0.0,8.570158808528408e-09,824.3606881930066,1.0939597228990992e-16,0.0,1.0891271966217183e-24,274.7868960640909,3.040395942149144e-13,0.0,1.444689195953704e-17,1.5748316839356613e-22,4.0371424002199254e-16,5.502456673483816e-16,2.0072864772050692e-09,0.00021214848050296695,1353720.2118844346,16363643.37372162
3.4680623401214155e-05,6.423103127605739e-05,-388.0497937694051,1736.5413172171684,0.0,1.146520114560631e-08,844.0114539750188,1.741340618370784e-16,0.0,2.0238889127678423e-24,281.33715132466494,4.619597488088465e-13,0.0,2.3217247441293314e-17,3.1338375829317363e-22,6.863046102543389e-16,9.83574827744072e-16,2.702211329212989e-09,0.00021337502328352002,1353561.3754452262,16899192.524897918
3.4681933467323684e-05,6.372063372569483e-05,-391.1531033451176,1750.1120033377158,0.0,1.537849002309337e-08,864.4557477397507,2.783779450258075e-16,0.0,3.781338140799276e-24,288.15191591277323,7.046669407195907e-13,1.6622432531537372e-18,3.7437774406551624e-17,6.2899040445349855e-22,1.167734820026534e-15,1.7654903541641087e-15,3.6475266827911797e-09,0.0002146160890345257,1353402.5028599608,17461631.087408468
3.468324353343321e-05,6.320613375269636e-05,-394.31292070535926,1764.0042581479495,0.0,2.068262456405606e-08,885.7381440669454,4.469410502462445e-16,0.0,7.099601861491831e-24,295.2460480216474,1.0791554583897723e-12,4.115726457761333e-18,6.058619546888381e-17,1.2709124711826641e-21,1.993938266157681e-15,3.18648370688752e-15,4.937008827527461e-09,0.00021587180177268762,1353243.594135366,18052775.90275663
3.468455359954274e-05,6.268745653420426e-05,-397.53045740583633,1778.2307181450906,0.0,2.7892146810915703e-08,907.9064002745431,7.206670524290194e-16,0.0,1.339948182737979e-23,302.6354667572444,1.6592651683920912e-12,1.3670191579266555e-18,9.84970715402064e-17,2.5654995308236156e-21,3.4365459908524657e-15,5.774319557533091e-15,6.70103572594959e-09,0.0002171422738628623,1353084.6492781714,18674598.25346063
3.468586366565227e-05,6.216452566291827e-05,-400.8069199483116,1792.804716949563,0.0,3.77199240478774e-08,931.011730117273,1.1671899806999527e-15,0.0,2.5411733055084687e-23,310.3372433711082,2.5617183527781547e-12,1.6832575112273685e-17,1.6066203496700923e-16,5.241036144585079e-21,5.909908774767927e-15,1.0508199256916426e-14,9.121439493526387e-09,0.00021842760430098654,1352925.6682951073,19329239.70698579
3.468717373176181e-05,6.163726315777799e-05,-404.14350329821235,1807.740334625822,0.0,5.1156621617633086e-08,955.1091047828238,1.8990010558441925e-15,0.0,4.8417819834655274e-23,318.36970159242105,3.9717909736005366e-12,0.0,2.6501276138203164e-16,1.0517428344724012e-20,1.0468425465389294e-14,1.9297954150345658e-14,1.245256770238271e-08,0.00021972787682037322,1352766.6511929056,20019029.86296329
3.4688483797871336e-05,6.110558948388219e-05,-407.54138321688623,1823.0524512854765,0.0,6.958333782346788e-08,980.2575842392591,3.1040329712586105e-15,0.0,9.268561782572165e-23,326.7525280771368,6.184753545129019e-12,2.609828513993418e-16,4.342582270159084e-16,2.2849450397032292e-20,1.7496478114673417e-14,3.587252095850245e-14,1.7051364877736464e-08,0.00022104315778986869,1352607.5979783025,20746506.26955021
3.4689793863980866e-05,6.056942358342326e-05,-411.0017071905472,1838.7568055278068,0.0,9.493190746274023e-08,1006.5206823611878,5.097796641971433e-15,0.0,1.782792678631371e-22,335.50689411669447,9.673384659744846e-12,0.0,7.4290909978686e-16,4.015657574449517e-20,3.4728592015244385e-14,6.631061523377028e-14,2.3420497123360006e-08,0.00022237349387639103,1352448.5086580324,21514436.814667154
3.4691103930090395e-05,6.002868291957979e-05,-414.5255837349733,1854.8700581035798,0.0,1.2991383223351288e-07,1033.9667696880924,8.413192751134147e-15,0.0,3.442916638952816e-22,344.65558989078113,1.5199296550630553e-11,0.0,1.3200073625220883e-15,5.917040722880697e-20,7.163279075139236e-14,1.2305926478686105e-13,3.227034075646822e-08,0.00022371890945111752,1352289.3832388315,22325844.94387134
3.4692413996199924e-05,5.9483283535585906e-05,-418.11406985125404,1871.4098612658902,0.0,1.7834835056772137e-07,1062.6695181462283,1.3952777782973072e-14,0.0,6.688573598940292e-22,354.22317270794457,2.3991174677618152e-11,0.0,2.3228454664686203e-15,2.127563127075046e-19,1.1207348431341244e-13,2.5650060399811485e-13,4.4608396369858517e-08,0.00022507940372040516,1352130.2217274394,23184038.113507867
3.469372406230946e-05,5.8933140131617085e-05,-421.76815627780894,1888.394934356212,0.0,2.456342080893132e-07,1092.708392599898,2.3255500216075486e-14,0.0,1.306084110969349e-21,364.2361308559891,3.8044898493708573e-11,4.9831708417210286e-15,3.753342586566431e-15,1.8620447817387355e-19,2.1652540870138255e-13,4.3937678809372823e-13,6.186879572627396e-08,0.0002264549475490529,1351971.024130595,24092639.954774905
3.469503412841899e-05,5.8378166162617834e-05,-425.48875018858024,1905.8451463663575,0.0,3.3943152092233584e-07,1124.1691946995413,3.8959870558203975e-14,0.0,2.563317288611489e-21,374.7230648846281,6.062157676445226e-11,0.0,6.71248237459195e-15,1.8276771209065026e-18,2.4030383637288694e-13,1.0211881150770894e-12,8.61006501121038e-08,0.00022784547994548698,1351811.7904550415,25055626.704858635
3.469634419452852e-05,5.781827396071032e-05,-429.27665491100765,1923.7816062476732,0.0,4.7064872385932903e-07,1157.1446651734839,6.561280664527673e-14,0.0,5.055495190637091e-21,385.71488836933537,9.706861945167011e-11,9.76838926557579e-14,9.523634006059926e-15,0.0,8.870804038757915e-13,1.2583087304570864e-12,1.2024308773169845e-07,0.00022925090417561767,1351652.5207075197,26077368.554569434
3.469765426063805e-05,5.725337488641093e-05,-433.1325461517213,1942.2267617685977,0.0,6.54886517872883e-07,1191.7351514745978,1.1109219996741243e-13,0.0,1.0020983711320456e-20,397.24505046013627,1.562299365333801e-10,0.0,3.424114226318241e-14,2.420987796189154e-17,2.1688753774696588e-13,5.744886939239736e-12,1.685285448089837e-07,0.0002306710834696587,1351493.2148947772,27162676.672514435
3.4698964326747577e-05,5.6683379513600084e-05,-437.056944128895,1961.2045078190718,0.0,9.145239353030346e-07,1228.049348549086,1.8912365026255666e-13,0.0,1.996995306360268e-20,409.34978280438247,2.5265909105700495e-10,2.248492745971212e-12,1.8019433886821273e-14,0.0,6.15573156820067e-12,1.2557165561014248e-12,2.370766546606452e-07,0.00023210583628389869,1351333.8730235582,28316856.79823846
3.470027439285711e-05,5.610819785405372e-05,-441.05018090708455,1980.7403051963743,0.0,1.28188055491233e-06,1266.2051214502728,3.237575719055211e-13,0.0,3.9988180969501975e-20,422.068373751165,4.1135129731563165e-10,0.0,5.62169537059529e-13,4.2108337920488714e-16,7.558391385561898e-13,6.180005616097076e-11,3.347726680736911e-07,0.00023355493107706467,1351174.4951006102,29545770.45514587
3.470158445896664e-05,5.552773962837142e-05,-445.1123620786212,2000.8613109959663,0.0,1.8036791118257122e-06,1306.3304195846729,5.574138846474849e-13,0.0,8.023817497608788e-20,435.44347309964013,6.75242825540948e-10,-5.508951848310965e-27,3.6357059845822094e-12,2.148100133051387e-15,4.535690176397349e-11,2.577774036242571e-10,4.745725713933945e-07,0.00023501808055744708,1351015.081132684,30855905.022585403
3.470289452507617e-05,5.494191459128956e-05,-449.24332188881743,2021.596522042187,0.0,2.547571870612791e-06,1348.5642935606238,9.652486803662046e-13,0.0,1.620400886346658e-19,449.5214310478919,1.1066672949736608e-09,1.3653920918023247e-10,3.1608582227552238e-12,6.451364019251435e-16,1.80136701575759e-10,1.3260060656877543e-10,6.754512492221862e-07,0.0002364949353615769,1350855.631126529,32254454.136023633
3.4703856392504833e-05,5.450832541257529e-05,-452.3198437624336,2037.229510432366,0.0,3.291575979474742e-06,1381.0026272695666,1.4491152026236477e-12,0.0,2.7279153782251577e-19,460.33420890588417,1.564212600402764e-09,1.2692189369687174e-09,0.0,6.093229241346826e-16,9.318165593403513e-26,0.0,8.775189971765276e-07,0.00023758774673654243,1350738.5379366903,33342178.913839236
3.4704818259933496e-05,5.407175944188743e-05,-455.4328632342947,2053.2232639250406,0.0,4.269737280192924e-06,1414.7233466523562,2.1822247992980564e-12,0.0,4.589046289652393e-19,471.57444863883154,1.859156706067618e-09,1.5394701144139147e-08,-2.9830289054798008e-27,1.0369796469927159e-13,-3.818276999014145e-25,-3.818276999014145e-25,1.1426221275671118e-06,0.00023868753079318568,1350621.425326089,34485323.51471802
3.470578012736215e-05,5.3632181781912295e-05,-458.5819297712492,2069.5914578888005,0.0,5.561814897432488e-06,1449.7951095330584,3.297603973542075e-12,0.0,7.905697453756511e-19,483.2650361978025,2.6174068088344293e-09,4.0676703192067595e-09,1.923109518264693e-10,2.150397470927166e-13,1.4028617110944906e-08,4.1015293182803326e-08,1.491293496868755e-06,0.00023979407199410167,1350504.2932973981,35687644.98025099
3.4706741994790814e-05,5.3189558034528466e-05,-461.76644895329855,2086.3484811372755,0.0,7.25061769764056e-06,1486.2911061125224,5.000086070326903e-12,0.0,1.3651164327556552e-18,495.43036829511004,4.0841628039393585e-09,0.0,2.9149317132281007e-10,1.69147167137142e-13,5.3447907005085865e-09,7.635906292752939e-08,1.9509923142058124e-06,0.00024090712895818487,1350387.1418532906,36953217.42285131
3.470770386221948e-05,5.274385444861693e-05,-464.9856632082078,2103.509482710741,0.0,9.444004403664251e-06,1524.2894046943957,7.606565110518123e-12,0.0,2.3039946212425996e-18,508.09646768199946,6.357373010779764e-09,2.3840604713416116e-09,2.139470029715739e-10,5.0308078637807163e-14,0.0,8.541217287025442e-08,2.558560261525179e-06,0.00024202643247365525,1350269.9709964416,38286463.97007178
3.470866572964814e-05,5.2295038089065295e-05,-468.2386298966444,2121.090422274949,0.0,1.2321783547850988e-05,1563.8733260297665,1.1610606265123925e-11,0.0,3.9306298231654925e-18,521.2911079348272,9.832860570607003e-09,0.0,2.6952613622787486e-10,0.0,8.472780785094982e-09,8.783846276784182e-08,3.3635956131545064e-06,0.00024315168337498647,1350152.7807295248,39692192.43382196
3.47096275970768e-05,5.184307702699481e-05,-471.52419675501574,2139.108123976626,0.0,1.6134531807078204e-05,1605.1318487892675,1.778123361203343e-11,0.0,6.697331695450505e-18,535.0439485974521,1.4865994411608329e-08,0.0,4.069878001745484e-10,1.7236012915186656e-13,4.810954533226366e-09,9.938117861219128e-08,4.433056278899095e-06,0.00024428255030727107,1350035.5710552172,41175635.19438885
3.471058946450546e-05,5.138794055383096e-05,-474.8409743389885,2157.5803341238075,0.0,2.117159577324338e-05,1648.1600486156303,2.7326163708045924e-11,0.0,1.1576145748253527e-17,549.386681522049,2.3513258491908875e-08,0.0,1.89744930663594e-09,0.0,1.7204463331310457e-08,1.0514484054078932e-07,5.857569162385637e-06,0.00024541866737799056,1349918.3419761942,42742493.86466478
3.471155133193412e-05,5.092959942357698e-05,-478.18730488071634,2176.5257831826007,0.0,2.7916197182582882e-05,1693.0595731838055,4.212554237482695e-11,0.0,1.934594152891946e-17,564.3531892528307,3.467351279277428e-08,7.499073656766022e-09,2.3374848077944703e-09,2.658717447062815e-12,0.0,1.6522704808067713e-07,7.760135126807276e-06,0.0002465596316882392,1349801.093495131,44398989.38151339
3.471251319936278e-05,5.046802612757781e-05,-481.56122697541554,2195.964252638282,0.0,3.6809738897470756e-05,1739.9391564008922,6.516314602288752e-11,0.0,4.0771791683054536e-17,579.9797163438158,5.222773803953745e-08,0.0,3.787701141397081e-09,0.0,7.965018807168077e-08,1.722429545567956e-07,1.030818618868853e-05,0.00024770500073696764,1349683.8256147034,46151918.269096024
3.4713475066791445e-05,5.000319520568212e-05,-484.96043560862967,2215.9166468594563,0.0,4.897450734974149e-05,1788.9151734302975,1.011052110361874e-10,0.0,4.431991420367762e-17,596.3050545564191,7.292496172760821e-08,2.7269809922500453e-08,2.752868040010981e-10,2.5693587527054904e-11,0.0,4.4625470914083077e-07,1.37302995745501e-05,0.00024885428971406444,1349566.5383375904,48008715.9317985
3.471443693422011e-05,4.953508359817187e-05,-488.3822368830111,2236.405070411542,0.0,6.47017459685565e-05,1840.1122422315734,1.5751204990542825e-10,0.0,2.5027276926634503e-16,613.370742904518,1.2123458703326563e-07,0.0,1.315316816629066e-08,0.0,5.49094448108046e-07,3.167908876900439e-07,1.8339492118028747e-05,0.0002500069686887338,1349449.2316664685,49977527.95150903
3.4715398801648764e-05,4.906367104383108e-05,-491.82349683309315,2257.4529107511416,0.0,8.839572403754353e-05,1893.6638667234356,2.4589666687592675e-10,0.0,0.0,631.2212835019722,1.5795884486448205e-07,1.6985693604150852e-07,0.0,3.1893341726742905e-10,0.0,2.6225349063555087e-06,2.4565617245496495e-05,0.0002511624597340673,1349331.9056040165,52067290.56164591
3.4716360669077426e-05,4.8588940530554795e-05,-495.2805832168645,2279.0849275417536,0.0,0.0001223562742309109,1949.7131401305992,3.84794262315159e-10,0.0,0.0,649.9043741264367,1.635021068054402e-07,2.560585484115123e-07,0.0,1.3236426095505922e-09,0.0,8.024092786545437e-06,3.3000993992555056e-05,0.00025232013396955837,1349214.5601529102,54287821.5449123
3.471732253650609e-05,4.811087880572423e-05,-498.7492994403148,2301.327346811292,0.0,0.00016177150673351843,2008.4135012621737,6.054539951920166e-10,0.0,0.0,669.4711583461107,2.8280520086249186e-07,0.0,8.417896369021075e-08,9.432274185082674e-10,4.711934927804896e-06,9.029882365153991e-06,4.446421620173468e-05,0.00025347930857441535,1349097.1953158309,56649922.9735421
3.471828440393475e-05,4.7629476954316856e-05,-502.22480973258683,2324.207963236054,0.0,0.00021048155216659114,2069.9295250683763,9.558762794986456e-10,0.0,2.2966086386426947e-14,689.9764939473083,5.379574715575217e-07,0.0,1.8410866149258474e-07,0.0,1.0517337218443798e-05,5.059013237465654e-06,6.008953935049592e-05,0.0002546392438548241,1348979.811095457,59165497.92860347
3.4719246271363414e-05,4.7144731053896294e-05,-505.70155383781264,2347.7562498637844,0.0,0.000285897457328457,2134.4377783677755,1.5126327107185338e-09,0.0,6.285044431102574e-14,711.4792402147438,8.924927636639032e-07,0.0,2.4791983518562536e-07,0.0,6.579563705821461e-06,8.63215583803955e-06,8.145397421310814e-05,0.0002557991403555035,1348862.4074944681,61847682.95953484
3.472020813879207e-05,4.6656642917111796e-05,-509.17314994108466,2372.0034711771746,0.0,0.00039166143450566893,2202.1277682046593,2.3991455782584813e-09,0.0,4.0277928018433575e-15,734.0425643380754,1.3278465693986021e-06,0.0,2.6330552602063575e-07,5.530218873296046e-09,0.0,1.637681494123086e-05,0.00011075789865565027,0.00025695813611530544,1348744.9845155454,64710998.506048374
3.472117000622073e-05,4.6165220933920284e-05,-512.6322841144644,2396.9828069753753,0.0,0.000528903797613704,2273.202907815928,3.815439520880226e-09,0.0,0.0,757.7342668257506,1.9275836436351125e-06,2.1175760351487828e-09,2.60516686335245e-07,3.440142531990889e-09,0.0,1.9457069935481316e-05,0.00015108058252923803,0.00025811530415251665,1348627.5421613664,67771520.08459619
3.4722131873649395e-05,4.567048102739772e-05,-516.0705844290655,2422.7294817612324,0.0,0.0007150560662551598,2347.8815306599327,6.084715049317336e-09,0.0,5.228274388945016e-14,782.6271252653,2.8452394731930064e-06,4.0807184331231954e-11,2.6727168176357314e-07,0.0,1.2272540533433973e-06,2.124280036713332e-05,0.00020674398862574302,0.0002592696503309113,1348510.0804346153,71047073.55771604
3.472309374107806e-05,4.5172447738957604e-05,-519.4784773964002,2449.280898281035,0.0,0.000972685475279385,2426.3979858598327,9.72876635412048e-09,0.0,6.828386532530367e-14,808.799255028769,4.2529334416820174e-06,0.0,2.840906109410214e-07,0.0,2.3201550121592653e-07,2.454279525367159e-05,0.00028383339760994724,0.00026042011173986864,1348392.5993379722,74557458.08503568
3.472405560850672e-05,4.46711554611598e-05,-522.8450241215265,2476.6767769055236,0.0,0.0013275201859457748,2509.0037690288223,1.5591545493353416e-08,0.0,8.707613975905644e-14,836.3344845189013,6.36017492396589e-06,1.0672549140596326e-09,2.988953773678884e-07,0.0,5.992875079495639e-07,2.7279457472411695e-05,0.00039094329739172663,0.00026156555577192686,1348275.0988741182,78324700.84617482
3.4725017475935375e-05,4.4166649839004924e-05,-526.1577332616387,2504.9592989072216,0.0,0.001822043609811425,2595.9686714043964,2.504059991458531e-08,0.0,1.163816541554678e-13,865.3227412096982,9.485464473255945e-06,4.3396121133260646e-10,3.080348557085329e-07,0.0,1.264065925847366e-06,3.2561332748178866e-05,0.0005402479607501387,0.0002627047801466379,1348157.5790457379,82373348.37386757
3.472597934336404e-05,4.3658989363635974e-05,-529.4023474311283,2534.173250152408,0.0,0.002515029928267304,2687.581960930538,4.029324007274336e-08,0.0,1.8059844070983674e-13,895.860442961315,1.4120379652331866e-05,5.780615898940516e-10,3.1722535060207325e-07,0.0,1.2988661983213539e-06,4.310812437150584e-05,0.0007490411414168778,0.00026383651417742973,1348040.039855512,86730800.17096832
3.47269412107927e-05,4.314824718576082e-05,-532.5625992915215,2564.3661619184763,0.0,0.00348729409974075,2784.1535523746898,6.49448630913579e-08,0.0,3.801110160722211e-13,928.0508867597964,2.098054573195747e-05,2.4226965416214624e-09,3.309478526961724e-07,0.0,2.625608260121974e-06,5.964000400812184e-05,0.0010419538764643767,0.0002649594216706325,1347922.4813061245,91427690.99539724
3.472790307822136e-05,4.263451317995037e-05,-535.6199330690263,2595.5884433196975,0.0,0.00486082551316992,2886.015128073508,1.0482832673465817e-07,0.0,6.058751151213777e-13,962.0046239850329,3.108243576970732e-05,2.3614612517780506e-09,3.5038035114883215e-07,0.0,3.500075656345009e-06,8.925118154238971e-05,0.0014541527384906454,0.00026607210593485004,1347804.9034002582,96498329.0191285
3.4728864945650026e-05,4.2117896295346377e-05,-538.5531866437105,2627.893498248132,0.0,0.006810323749874462,2993.5211878034984,1.694008411157058e-07,0.0,5.839206850297062e-13,997.8398073403514,4.587571452950012e-05,3.779903918776671e-09,3.756383983694008e-07,2.7221673252261718e-09,4.691818591275572e-06,0.00014111169649193682,0.0020359527189190985,0.00026717311746381325,1347687.3061405984,101981198.08281802
3.472952768716335e-05,4.176032896710993e-05,-540.489594288164,2650.811561196528,0.0,0.008616883039573501,3071.0752143255013,2.35874098699136e-07,0.0,1.243767453197733e-12,1023.6909944110824,5.984724224378563e-05,5.975625496849571e-09,3.9794943341900284e-07,2.0276608616640836e-09,6.686338389073028e-06,0.00019734599234223196,0.00257189094599358,0.00026792416251313306,1347606.26855237,106021186.28392386
3.473019042867669e-05,4.140150399277643e-05,-542.346903782195,2674.289761320386,0.0,0.010930608316425719,3151.618401207963,3.2854162784451644e-07,0.0,4.033725651808627e-12,1050.538528446031,7.792764432254367e-05,8.611211447498737e-09,4.2700790268633864e-07,0.0,9.361901326874155e-06,0.00028025714355756147,0.003253618184903078,0.00026866846259050297,1347525.2217782282,110292897.1456921
3.473085317019002e-05,4.104147695463207e-05,-544.1154726741415,2698.3481505995974,0.0,0.013902013363890459,3235.286748202481,4.577486485162904e-07,0.0,4.550622334277608e-12,1078.4277329726722,0.000101283693896558,1.492064583743402e-08,4.6472459910800173e-07,2.4250353930950763e-08,1.3029567998457094e-05,0.0004023335810930423,0.0041218742973847,0.00026940551896965627,1347444.1658190535,114813267.84773836
3.4731515911703356e-05,4.0680310111559076e-05,-545.7847496959469,2723.0074820730606,0.0,0.01772889896424605,3322.221845860965,6.378643132242813e-07,0.0,5.47423845980374e-12,1107.4057932429369,0.00013140440754917743,1.944831594873388e-08,5.174175371489506e-07,1.502484504610622e-08,1.8111520832737212e-05,0.0005820964566539866,0.005228871962919056,0.0002701348335717225,1347363.1006757242,119600692.48099509
3.473217865321669e-05,4.0318073032262816e-05,-547.3431895249506,2748.2891911255642,0.0,0.02267175137679086,3412.5708394543376,8.888405198611728e-07,0.0,9.303791792779766e-12,1137.5217439603248,0.00017018543052600916,2.7984442695719898e-08,5.938822273007091e-07,3.94125669881419e-09,2.5011939180071368e-05,0.0008468106355985664,0.006641545240776889,0.0002708559135045532,1347282.0263491182,124675158.83393723
3.4732841394730024e-05,3.995484329356929e-05,-548.7781592728508,2774.215362231378,0.0,0.029074734664709334,3506.486320220568,1.2383686718110722e-06,0.0,1.2328389295970676e-11,1168.8264329702374,0.00022003849009510465,4.228904057594168e-08,7.057862633679203e-07,2.155773047298104e-08,3.44851009829537e-05,0.0012363198932356203,0.008445691985389926,0.00027156827657122206,1347200.9428401152,130058397.48314458
3.473350413624336e-05,3.959070723661386e-05,-550.0758381038657,2800.808678176193,0.0,0.037394432643397514,3604.1261295168097,1.7248176655788835e-06,0.0,2.3053275940122836e-11,1201.3724563818976,0.0002840297041947388,6.210388224751023e-08,8.717881347222042e-07,2.66663351611964e-08,4.7573152044362784e-05,0.0018091721140127417,0.010751157393145385,0.00027227145775237874,1347119.8501495924,135774044.01990706
3.47339789009084e-05,3.932934880602498e-05,-550.9126874708827,2820.2822368991874,0.0,0.04486302996775623,3676.45189409596,2.186218942841987e-06,0.0,4.050326874001792e-11,1225.480552263089,0.000340686437942015,8.243096220967947e-08,1.0397362676779776e-06,2.304036857760004e-08,5.981771279530814e-05,0.0023785906242567516,0.01278756313939018,0.0002727693008333503,1347061.752559773,140087114.30386358
3.473445366557344e-05,3.9067612804690615e-05,-551.6653573557785,2840.1187334871233,0.0,0.053906841076886314,3750.833643834697,2.7701910008138057e-06,0.0,4.476773698989555e-11,1250.2739046336417,0.0004083094674920767,1.0975100025053538e-07,1.2659252703603448e-06,5.9410026953639444e-08,7.514715202408934e-05,0.0031287730777223815,0.01521575986326451,0.00027326205366990595,1347003.6502589697,144594080.62973616
3.473492843023849e-05,3.880554070188205e-05,-552.3274554743009,2860.3269259508465,0.0,0.06487633379917174,3827.3337547932088,3.508820512380218e-06,0.0,4.9734345891936763e-11,1275.7732997037801,0.0004889499534307238,1.4497056394558707e-07,1.573397955952473e-06,8.602890117926245e-08,9.44792731895366e-05,0.004116880006827031,0.018110973807830878,0.0002737495755006572,1346945.5432475053,149305740.1061
3.473540319490353e-05,3.85431770983244e-05,-552.8921703240621,2880.9156300994655,0.0,0.07820374993105232,3906.015554206387,4.442297183111649e-06,0.0,1.4509633636180792e-10,1301.9998425397357,0.0005850178020970956,1.9216460310923116e-07,1.993790052497095e-06,3.5579357211474026e-08,0.00011876749489162807,0.005418151608545691,0.021562329146450027,0.00027423173853742213,1346887.431525704,154233565.5088509
3.473587795956857e-05,3.8280569931728384e-05,-553.3522455825241,2901.893682362683,0.0,0.09442256914767275,3986.943158596378,5.620864962440145e-06,0.0,2.8799058237405794e-10,1328.9749043233387,0.000699332103550099,2.5549915246827367e-07,2.5699777863507988e-06,4.873409439061394e-08,0.0001489911133404999,0.007131318850267947,0.025675145063908014,0.0002747084304103878,1346829.3150938884,159389746.87613347
3.473635272423362e-05,3.8017770695951406e-05,-553.6999533334041,2923.269894182783,0.0,0.11419211007087281,4070.1812777711934,7.1071939966816685e-06,0.0,5.5315717971372765e-11,1356.720058881965,0.0008351798864932716,3.3777681844610927e-07,3.363655824461164e-06,3.7304714093335436e-07,0.0001867439218586137,0.00938545584874479,0.03057349187789811,0.0002751795569140893,1346771.1939523807,164787234.61584473
3.473682748889866e-05,3.775483467193916e-05,-553.9270665034802,2945.0529975282307,0.0,0.1383293949374506,4155.794979536979,8.979176450153764e-06,0.0,0.0,1385.257007364673,0.0009963743539034707,4.465408443177875e-07,4.461675145236132e-06,7.520242887176428e-07,0.00023464735964932312,0.012349643840421962,0.03640294407874821,0.0002756450450330196,1346713.0681015064,170439783.96547705
3.47373022535637e-05,3.749182117081214e-05,-554.0248306502447,2967.25158026973,0.0,0.16784925046832236,4243.849410109538,1.1333191388707178e-05,0.0,1.7978089973805743e-09,1414.607489543533,0.0011873015956722149,5.935528053261584e-07,5.980272500591378e-06,0.0,0.0002957301520757765,0.0162462385013182,0.04333345637680072,0.00027610484626880443,1346654.9375415877,176362000.50178057
3.473777701822875e-05,3.722879379060416e-05,-553.9839349737357,2989.874010592899,0.0,0.20400755797337203,4334.409470558052,1.4287938872306113e-05,0.0,1.5885118872643907e-09,1444.793179918742,0.0014129693386860315,7.845485427301589e-07,8.08447557674046e-06,2.783948698107898e-07,0.000369770292250394,0.021365912070008423,0.05156224253240562,0.00027655894030122885,1346596.802272947,182569386.33640707
3.473825178289379e-05,3.696582068741367e-05,-553.7944830229847,3012.9283437614963,0.0,0.24836358784452484,4427.53942833306,1.798871502128291e-05,0.0,7.220098430729366e-10,1475.8355667437543,0.001679044259711243,1.0371255421234041e-06,1.1002999574999428e-05,7.883183245212197e-07,0.00046346775558148975,0.028083752971547922,0.0613164583321318,0.00027700733905004223,1346538.6622959094,189078386.056834
3.473872654755883e-05,3.670297486074183e-05,-553.4459631754323,3036.422215786578,0.0,0.30285704032899446,4523.302463157942,2.2612105517244332e-05,0.0,2.159654877772672e-09,1507.7558121203201,0.0019918530602060446,1.3713126012598288e-06,1.5048390332739405e-05,7.591061041812548e-07,0.0005818833864754186,0.03689023556292492,0.07285536622045008,0.00027745009109968075,1346480.5176107972,195906432.09407872
3.473920131222388e-05,3.644033445259339e-05,-552.9272193860048,3060.3627181511633,0.0,0.36989583778644275,4621.760146036013,2.8370899675666134e-05,0.0,3.158566669147286e-09,1540.5745912838502,0.0023583407614067168,1.8107034408230764e-06,2.0644984319667415e-05,1.2484713590210771e-06,0.0007291179764839026,0.048420570708129745,0.08647151909140054,0.0002778872865194252,1346422.368217933,203071988.40360948
3.4739546168199324e-05,3.6249735901951144e-05,-552.4369754465029,3078.0361542868623,0.0,0.42813286060354816,4695.000552766619,3.340872420175325e-05,0.0,3.6611442449656387e-09,1564.9880555401512,0.00266244658073973,2.214621037728818e-06,2.600013129128054e-05,1.6621229399860156e-06,0.000859674403932088,0.05895991454321475,0.09784866705790042,0.00027820144517932776,1346380.1271491123,208499557.3819959
3.473989102417478e-05,3.60593236559158e-05,-551.845927954511,3095.9508120346545,0.0,0.4959287649676824,4769.71589485287,3.929051873106959e-05,0.0,0.0,1589.893561194977,0.0030017995593567366,2.706201121497154e-06,3.274896650381146e-05,3.4225943320300356e-06,0.0010113319249757961,0.07175097392368407,0.11062781879660073,0.00027851281259791286,1346337.8835966955,214123339.66192737
3.47403535460737e-05,3.580429719683676e-05,-550.8862400405717,3120.3599965937356,0.0,0.6047236719830585,4872.2762944731,4.872468715880545e-05,0.0,5.7709236865330485e-09,1624.0817723556966,0.003517573629013042,3.539383244584759e-06,4.4584071881095184e-05,3.151728211977813e-06,0.0012637203589305874,0.09326083854851035,0.13021767133258383,0.0002789261888322742,1346281.2225147178,221988360.66949347
3.4740816067972613e-05,3.554976102724216e-05,-549.7237134858302,3145.210120847469,0.0,0.7383221168080228,4977.574174515536,6.0242077375436316e-05,0.0,1.3948961934595637e-08,1659.183934167695,0.004109376098559113,4.621148443947148e-06,6.05362767697371e-05,3.7927451852694908e-06,0.0015770359718837571,0.12103721425767189,0.15294278672635198,0.00027933495380903236,1346224.5569657087,230241677.27766335
3.474111979274332e-05,3.538292756280988e-05,-548.8436343430526,3161.7695463000978,0.0,0.8422610812990549,5048.229934579745,6.911986070535622e-05,0.0,1.5422362101034424e-08,1682.7388331914478,0.004542595745797949,5.500040520579203e-06,7.38380072721755e-05,5.383786960220915e-06,0.0018232284844544894,0.143498105889929,0.16974650536996755,0.00027960101872776086,1346187.3439068324,235882994.7783195
3.474142351751404e-05,3.52163760409395e-05,-547.8664812286912,3178.5205250670147,0.0,0.9612752396453338,5120.095300439736,7.917474635457951e-05,0.0,2.215573314460695e-08,1706.6980721285065,0.005013125627162474,6.54133797724006e-06,8.984764695538504e-05,6.290245725467047e-06,0.002109974271215351,0.1699774414715403,0.1881598769851059,0.00027986533427252754,1346150.1289219083,241707454.7891866
3.474172724228475e-05,3.505013655655735e-05,-546.7882113572056,3195.46309267283,0.0,1.097567445211677,5193.179877799436,9.05273148083967e-05,0.0,3.051488858612341e-08,1731.0651379819863,0.005522294657811896,7.772334670134588e-06,0.00010900398602719129,7.93486356365172e-06,0.002441737039021974,0.2011463322517128,0.20827853889089346,0.0002801280181922408,1346112.9120110243,247721636.05300626
3.474203096705546e-05,3.4884240452166736e-05,-545.6046497575014,3212.596943314901,0.0,1.2536536909065814,5267.491985020615,0.0001033011691341317,0.0,4.0687605562445345e-08,1755.843147764662,0.006071031746675091,9.225530865810323e-06,0.00013177019914535545,1.005306042087176e-05,0.002827258497381265,0.23777081997398772,0.2301899296455063,0.00028038920210197006,1346075.6931742628,253932311.79493064
3.474233469182617e-05,3.4718720358109895e-05,-544.3114886834909,3229.921392744467,0.0,1.4324049641955134,5343.038507048971,0.00011762011085115246,0.0,5.511448729631385e-08,1781.0348102193589,0.006659750116631182,1.0937974247869298e-05,0.00015861445662930274,1.2531754452378452e-05,0.003275739387452298,0.2807234240227863,0.25396929817390845,0.0002806490322256442,1346038.4724117098,260346446.60980907
3.474263841659688e-05,3.455361023328788e-05,-542.9042876544141,3247.43533647162,0.0,1.6370927176012893,5419.824741585686,0.0001336044587241137,0.0,7.39785873151085e-08,1806.6423858094595,0.007288217755308409,1.2951428960417683e-05,0.0001899800334031468,1.5820766012624474e-05,0.003797805761434031,0.33099105471035895,0.27967504116631553,0.0002809076701460345,1346001.249723449,266971191.66332003
3.474294214136759e-05,3.438894540555587e-05,-541.3784741080434,3265.1372041553536,0.0,1.8714418454337192,5497.854234401158,0.00015136662229723333,0.0,1.0085373431112456e-07,1832.6676450478942,0.007955425744856392,1.5312889549065778e-05,0.00022624443531657362,1.989032996432974e-05,0.004407065847233186,0.38968278829161224,0.3073436562616068,0.0002811652935400169,1345964.0251095658,273813878.05535114
3.47432458661383e-05,3.422476261154034e-05,-539.7293446753986,3283.024910557973,0.0,2.1396882541280156,5577.128607687464,0.00017100588263664694,0.0,1.372100198212471e-07,1859.1118252520625,0.008659458487748972,1.8074332819391e-05,0.0002676675966995273,2.507160858278903e-05,0.005119223808788852,0.458036623521375,0.33698446441043917,0.0002814220968826263,1345926.7985701433,280882008.19427574
3.474354959090901e-05,3.406110003593455e-05,-537.9520672949777,3301.095800717803,0.0,2.4466438022977606,5657.6473798664765,0.0001926023364519679,0.0,1.8667663084733278e-07,1885.9755857909804,0.009397373376469393,2.1292169902583588e-05,0.00031433019058836907,3.1671969710794866e-05,0.005953524694295776,0.5374229649679457,0.36857421302879023,0.00028167829212559134,1345889.5701052686,288183244.73661715
3.474385331567972e-05,3.389799735015141e-05,-536.0416843004449,3319.346588386141,0.0,2.79776994405532,5739.407776959015,0.00021621014572929936,0.0,2.5533766629770245e-07,1913.2589618533689,0.010165095332390404,2.502628020169436e-05,0.0003660659742606168,4.0040379722622326e-05,0.006933336976813428,0.6293456719641578,0.4020518051806885,0.00028193410934230996,1345852.3397150259,295725396.7397393
3.474415704045043e-05,3.373549574993826e-05,-533.9931166127626,3337.7732865373778,0.0,3.1992610911009782,5822.404536188279,0.00024185039072323276,0.0,3.5007524929354397e-07,1940.9613167195641,0.010957338869129604,2.9338288404899435e-05,0.0004223960743934503,5.0722608559530534e-05,0.008086926047791756,0.735439135474622,0.4373135666704109,0.0002821897973279004,1345815.107399499,303516402.62545615
3.474446076522114e-05,3.35736379914859e-05,-531.8011691844154,3356.3711286619105,0.0,3.658139542553738,5906.629701852731,0.00026950389596979986,0.0,4.806407568103763e-07,1969.0812924822237,0.011767572102911338,3.428907618145599e-05,0.0004824771821507347,6.439714527310996e-05,0.009448793408152611,0.8574604621543307,0.4742095296090435,0.00028244562414099094,1345777.8731587739,311564309.50105876
3.474476448999186e-05,3.341246842561967e-05,-529.4605378747191,3375.1344794055785,0.0,4.182364028071893,5992.072413411108,0.00029910446511507554,0.0,6.6237371712036e-07,1997.6167591323485,0.012588033633589176,3.993555818656956e-05,0.0005450787303971164,8.190826881248523e-05,0.011061021441669816,0.9972762878481344,0.5125411909763351,0.0002827018775736974,1345740.636992933,319877248.3240476
3.474506821476257e-05,3.3252033029661837e-05,-526.9658179570526,3394.056733037479,0.0,4.780954043815064,6078.718685589967,0.00033053305361402233,0.0,9.155556917553516e-07,2026.5647619122851,0.013409809887535346,4.632683550925262e-05,0.0006086048922054149,0.00010443875896098296,0.012974814126310732,1.1568434435259498,0.5520611586849988,0.00028295886553575194,1345703.3989020642,328463404.33168805
3.474537193953328e-05,3.309237943646277e-05,-524.3115144692845,3413.130198468715,0.0,5.464132628797155,6166.551179745848,0.0003636134617394083,0.0,1.267427972267057e-06,2055.921466850273,0.014222978931432336,5.3500109600671034e-05,0.0006711738055233105,0.00013354796584137774,0.015252614529803617,1.3381830235801282,0.5924750294822073,0.00028321691633465934,1345666.1588862496,337330982.1103447
3.4745675664303986e-05,3.2933556959993314e-05,-521.4920546113793,3432.3459702909677,0.0,6.24348993004852,6255.5489657155185,0.0003981100873002018,0.0,1.7609202672438363e-06,2085.6821044506282,0.015016823469066465,6.147695773294169e-05,0.000730757143753624,0.00017117826087619165,0.017970480023747324,1.5433480136777296,0.6334457088034838,0.00028347637882662286,1345628.9169455762,346488164.6823584
3.4745979389074696e-05,3.2775616616830814e-05,-518.5018023537586,3451.693786413137,0.0,7.132168734527117,6345.68727401259,0.0004337281601912337,0.0,2.4587725564756933e-06,2115.8409116264115,0.015780107883380325,7.026064900748417e-05,0.0007853680988412434,0.00021996707489249564,0.02122053220249612,1.774384643808478,0.6746001639202139,0.00028373762240650784,1345591.673080127,355943066.03264177
3.4746283113845406e-05,3.261861114284702e-05,-515.335075376359,3471.1618740015742,0.0,8.145072429516645,6436.9372381717385,0.0004701167270671103,0.0,3.438723490224658e-06,2146.3910721067746,0.016501404606507626,7.98351082512704e-05,0.0008332680393535895,0.00028364621802737656,0.02511406909177074,2.033287801386705,0.7155383400837684,0.0002840010367997083,1345554.427289988,365703676.54382676
3.474658683861612e-05,3.2462595004379936e-05,-511.98616446897483,3490.736786625847,0.0,9.299095357588438,6529.265626508608,0.0005068747426840855,0.0,4.820185054592662e-06,2177.3246556796007,0.017169436813699666,9.016647502668735e-05,0.0008731439709559879,0.00036678165066471953,0.029785690693458492,2.321951915527332,0.7558437563452581,0.0002842670316105437,1345517.179575242,375777800.86586547
3.474672136720052e-05,3.239382160561152e-05,-510.4431281738255,3499.4373171934903,0.0,9.860233412877891,6570.495508634575,0.000523159950011268,0.0,5.608409160490106e-06,2191.146245105429,0.017445473018909294,9.497178515139199e-05,0.0008880250640134864,0.0004112768181847002,0.03214435487701316,2.4597800617722245,0.7733842870929507,0.0002843857839964721,1345500.6808579462,380342086.44311905
3.474685589578492e-05,3.2325258296767147e-05,-508.86273274902203,3508.15438185223,0.0,10.454592617851306,6611.926002588582,0.000539390411654239,0.0,6.529863862827156e-06,2205.0404190625613,0.017708040591592446,9.991054198058003e-05,0.0009011412322223482,0.000461534757950725,0.03470241484949049,2.6039308942009214,0.7906815222463373,0.00028450516491160206,1345484.181763093,384970001.06544495
3.474699042436932e-05,3.2256910136919e-05,-507.24448357011306,3516.886449981736,0.0,11.084087822313572,6653.553319734742,0.0005555243846458367,0.0,7.598939175026998e-06,2219.00626119572,0.017956314172305376,0.00010497701729608842,0.0009124799469495583,0.000518335953684568,0.037477188639527446,2.7545346425503947,0.8076995214367954,0.00028462521343337996,1345467.68229069,389662167.0816375
3.4747124952953716e-05,3.218878225165562e-05,-505.5878876397681,3525.631908497593,0.0,11.750739421373835,6695.37347188493,0.0005715192660428226,0.0,8.849004588309716e-06,2233.042805442403,0.01818953228067331,0.00011016480993513849,0.0009220490560134336,0.0005822418118115553,0.040487477301092936,2.911711810000182,0.8244030026065561,0.0002847459692867455,1345451.1824407445,394419191.127153
3.474725948153812e-05,3.2120879832777954e-05,-503.89245404829677,3534.389059951328,0.0,12.456677348875806,6737.382266653961,0.0005873321840775694,0.0,1.0325573583410295e-05,2247.1490349909664,0.018406869099421543,0.00011546787322416875,0.0009298732518114574,0.0006542442655746206,0.04375263780139057,3.0755728413961823,0.840757565644095,0.00028486747281095733,1345434.6822132631,399241662.6377915
3.474739401012252e-05,3.2053208137952565e-05,-502.1576944421113,3543.1561204543464,0.0,13.204144012108818,6779.575304124257,0.0006029199010415468,0.0,1.2053076464651495e-05,2261.3238812515774,0.018607591333515753,0.00012087922459745224,0.0009359907362638909,0.0007356025244613055,0.04729414494755248,3.246215724219705,0.8567298296023104,0.00028498976492356126,1345418.1816082546,404130152.28876776
3.474752853870692e-05,3.198577249033172e-05,-500.38312351876596,3551.9312177819497,0.0,13.99549909267541,6821.947971433727,0.0006182388773241413,0.0,1.4057863449792918e-05,2275.566222823231,0.018791107499975437,0.00012639128278147006,0.000940450809954369,0.0008276182986122766,0.051135225443024554,3.4237257224983018,0.8722875781769016,0.00028511288708213715,1345401.6806257255,409085210.352465
3.474773320042956e-05,3.188364579984093e-05,-497.605987793831,3565.2919640655577,0.0,15.289203778550473,6886.744143655478,0.0006409290438678547,0.0,1.783345954944022e-05,2297.3602417203265,0.019036708483188954,0.0001349514774279533,0.0009441864244042215,0.0009903194002992776,0.05760830211006304,3.7071059994188738,0.8950916245252439,0.00028530188241409753,1345376.5765415165,416752317.0933243
3.474793786215221e-05,3.1782097168514766e-05,-494.7339205888862,3578.6594339735607,0.0,16.699552727903527,6951.9268181572315,0.0006627320656047075,0.0,2.27962171557438e-05,2319.3033570969083,0.019243424667723715,0.00014368806035469208,0.0009444449578662759,0.0011843064416073915,0.06492451579213795,4.00673526830122,0.9167609095292447,0.0002854930456823289,1345351.4715836048,424576460.3191689
3.474814252387485e-05,3.168114619494778e-05,-491.7652703483743,3592.025824294206,0.0,18.23651384298704,7017.476775067874,0.0006835355411970284,0.0,2.8771929417146634e-05,2341.3908827217556,0.01939914646722407,0.00015261191189979822,0.0009414753638809096,0.001422038819470859,0.07319382464719629,4.322725171831512,0.9372073432484187,0.0002856865285446777,1345326.365752019,432559250.28254366
3.47483471855975e-05,3.158081281267681e-05,-488.6984155479458,3605.382848229758,0.0,19.91075926905433,7083.373551932779,0.0007031876822333344,0.0,3.6436844039708996e-05,2363.617821989126,0.01950993017594885,0.00016163742292454454,0.0009355025436382203,0.0017062016928281593,0.08252450827507075,4.655095228553233,0.9563484018153691,0.00028588248407909517,1345301.2590467816,440702141.9150655
3.474855184732014e-05,3.14811172833297e-05,-485.5317695588706,3618.721742819463,0.0,21.733643858055427,7149.595424050906,0.0007215398117669324,0.0,4.63912991227364e-05,2385.9788592122054,0.019579267548624484,0.00017075856055273893,0.0009267582056174766,0.0020467672483449077,0.09304430106428281,5.003766547326711,0.9741113398682009,0.000286081066232698,1345276.151467921,449006419.4106738
3.474875650904278e-05,3.138208018925213e-05,-482.2637847494322,3632.0332883822866,0.0,23.71721402884835,7216.119360587964,0.0007384805649938197,0.0,5.9034638906294485e-05,2408.4683496440302,0.01960255135293124,0.00017994071007865827,0.0009155040379130517,0.0024564979500423757,0.10489180468482248,5.368579130339324,0.9904374298323835,0.00028628242923371135,1345251.0430154633,457473181.0312424
3.474896117076543e-05,3.1283722425376836e-05,-478.8929556995121,3645.307843894874,0.0,25.874165777903663,7282.921037601335,0.0007539112552092703,0.0,7.509775799909303e-05,2431.080309780748,0.019579846913469395,0.00018913555793968094,0.000901973971532904,0.0029481116527747563,0.11821324195483297,5.74927399482202,1.0052816904076345,0.000286486726871536,1345225.933689432,466103325.7812687
3.474916583248807e-05,3.118606519019388e-05,-475.4178227985427,3658.535392523776,0.0,28.217782833267812,7349.974846737761,0.0007677387544992554,0.0,9.558252758807979e-05,2453.808408365691,0.019514031997612317,0.00019831690552038443,0.0008863883381856042,0.0035373087400736706,0.1331694407386046,6.145486055393119,1.0186136868910063,0.0002866941117147691,1345200.8234898555,474897539.844507
3.474937049421072e-05,3.1089129975915325e-05,-471.8369758852847,3671.7056001226797,0.0,30.761872871568265,7417.25388898452,0.0007798904085993078,0.0,0.0001216336541605365,2476.645957113659,0.019405856403356684,0.00020744989253086534,0.000868992454592299,0.004242670629542318,0.14993202473342604,6.556758783910228,1.0304182286656756,0.0002869047342697183,1345175.7124167588,483856283.1922743
3.474957515593336e-05,3.09929385580165e-05,-468.1490571607767,3684.807889893299,0.0,33.520663807531925,7484.729999750042,0.0007903169690951726,0.0,0.000154693082258241,2499.58590038292,0.019256686595319567,0.00021649732503719254,0.0008500387293488299,0.005085505666866694,0.1686819779529723,6.982545806752413,1.040695114360643,0.0002871187420592689,1345150.6004701678,492979777.71733475
3.474977981765601e-05,3.0897512984288124e-05,-464.3527634875572,3697.8315334757194,0.0,36.508665339372534,7552.373791293617,0.0007989901414400861,0.0,0.0001965961212242032,2522.6208041688155,0.01906937585955105,0.00022543252310138108,0.0008297725310196409,0.0060906164682693435,0.18961132864719527,7.422211799281135,1.0494602228673782,0.0002873362786448599,1345125.487650108,502267996.71182644
3.474998447937865e-05,3.0802875563479454e-05,-460.44684815996004,3710.7657598428973,0.0,39.74050375923941,7620.154701826839,0.000805905645360745,0.0,0.0002495921164829411,2545.7428452183017,0.018846587997614586,0.00023423111302011844,0.0008084440948360859,0.007286577070213198,0.21292077904781367,7.875043238955873,1.0567468681069987,0.0002875574825917156,1345100.3739566072,511720655.8388358
3.475018914110129e-05,3.070904885362783e-05,-456.4301220186893,3723.5998823763766,0.0,43.2307185615956,7688.041064602929,0.0008110838315949714,0.0,0.0003164362830390871,2568.9438005464717,0.01859132496169404,0.00024287152847606735,0.0007863090230421059,0.008705968128618633,0.23881763334660758,8.34025856876464,1.0626051787288662,0.0002877824863729417,1345075.2593896897,521337206.1061183
3.475039380282394e-05,3.061605565021073e-05,-452.3014539338892,3736.3234426755603,0.0,46.99352055574185,7756.000195398591,0.000814570902578261,0.0,0.0004005028920935137,2592.2150366759065,0.018307166470745404,0.00025134131088405074,0.0007636212391701167,0.010385757668823702,0.2675146635185884,8.817019486035967,1.0671014391273876,0.00028801141523184697,1345050.1439493806,531116828.84116817
3.475059846454658e-05,3.052391897427017e-05,-448.05977063287156,3748.9263698059785,0.0,51.04251426271443,7823.998495885386,0.0008164387285123362,0.0,0.0005058775792529549,2615.5474985116493,0.01799788913360952,0.0002596348627869425,0.0007406284939433409,0.012367517128245412,0.299227369608105,9.304445945035033,1.0703179815431938,0.0002882443860193536,1345025.0276357082,541058432.7421923
3.475080312626923e-05,3.04326620606496e-05,-443.7040558510955,3761.3991532326104,0.0,55.39038367990957,7892.00157557729,0.0008167826270262445,0.0,0.0006374620870603163,2638.931698507007,0.01766754730326852,0.0002677534428136932,0.0007175695236406163,0.014697539509518734,0.3341710037019174,9.801632104845423,1.0723525423750788,0.0002884815060179169,1344999.9104486974,551160653.1501459
3.475100778799187e-05,3.0342308346464317e-05,-439.23334892379955,3773.7330261318693,0.0,60.04854503575173,7959.9743905448495,0.0008157217690117729,0.0,0.0008010898729340405,2662.3577063922194,0.017320351151117897,0.0002757078921642752,0.0006946736969515939,0.01742688239905541,0.3725575815486363,10.307663479368339,1.0733172311937724,0.000288722871767756,1344974.792388374,561421853.4155362
3.475121244971451e-05,3.0252881459900517e-05,-434.6467429954142,3785.9201541621055,0.0,65.0267732088783,8027.881395845308,0.0008133978493725756,0.0,0.0010036308630479037,2685.815139490275,0.016960566781360688,0.0002835180759703828,0.0006721590075597234,0.020611231093899594,0.41459227225562456,10.821635409379972,1.0733372037312874,0.0002889685679155045,1344949.673454764,571840128.0200261
3.475141711143716e-05,3.0164405209400608e-05,-429.9433830725325,3797.953823401016,0.0,70.33281024898746,8095.686708145352,0.0008099708159332978,0.0,0.001253083327919481,2709.2931537262325,0.016592553689783848,0.00029121275420176756,0.0006502267050280729,0.02431057739104142,0.4604696534728185,11.342672057277955,1.0725490019464914,0.00028921866610820955,1344924.5536478935,582413306.904259
3.47516217731598e-05,3.007690357323846e-05,-425.12246422031035,3809.828620047188,0.0,75.97196763417617,8163.354273213075,0.0008056160309840897,0.0,0.0015586476334683613,2732.7804354745335,0.016220650396890517,0.0002988297510411618,0.000629059034475773,0.028588700091185002,0.5103699290558121,11.869945717387681,1.071098800095064,0.0002894732239548666,1344899.4329677885,593138960.2409091
3.475182643488245e-05,2.9990400689419835e-05,-420.18323026186806,3821.540593618802,0.0,81.94673616113755,8230.848032514808,0.0008005222838780367,0.0,0.0019307669387634901,2756.2651945045272,0.015849060131841966,0.000306415530204171,0.0006088204096661883,0.03351241038704493,0.5644551049179329,12.402695664889142,1.0691406219483606,0.00028973228407411174,1344874.3114144742,604014402.7253187
3.475197649751265e-05,2.992762348887692e-05,-416.4860801843301,3830.0231948758014,0.0,86.54055298725012,8280.204757968599,0.0007964322656327503,0.0,0.0022526205916792055,2773.476064996619,0.015579173530598185,0.0003119890515299966,0.0005946565940152187,0.037572612940087,0.6068528683444419,12.796404860449842,1.0674744313322038,0.0002899251098048302,1344855.8911653403,612082012.4743631
3.475212656014286e-05,2.9865405910094656e-05,-412.7246782542627,3838.4166149610683,0.0,91.31303594687591,8329.434676360841,0.0007921310093005233,0.0,0.002621522833860471,2790.6739877346267,0.01531320451651745,0.0003175991423505626,0.0005811210204023908,0.042044369713740634,0.6516233217196735,13.192460301032998,1.0656853204923467,0.000290120375688759,1344837.4704467799,620227332.4461024
3.475227662277307e-05,2.9803757613639727e-05,-408.8987771060285,3846.7210118928915,0.0,96.26165313052358,8378.523840071643,0.0007876996699108615,0.0,0.003042805100496359,2807.853818004674,0.015052581105161009,0.000323271802490991,0.000568257683754544,0.046955112310917126,0.6988055788894002,13.590661900759486,1.063838281393251,0.00029031808173180385,1344819.0492588026,628449043.9536986
3.475242668540328e-05,2.974268829602006e-05,-405.0081450946669,3854.9370567169785,0.0,101.38275304703879,8427.458433644442,0.0007832194687871807,0.0,0.003522082813904019,2825.0102697986254,0.014798698279938545,0.0003290344819061526,0.0005561062286146305,0.05233187026497482,0.7484305233984878,13.990844816725536,1.0619984718430122,0.00029051822290034036,1344800.6276014196,636745752.6271322
3.475257674803348e-05,2.968220768723458e-05,-401.05256764610743,3863.0659299192266,0.0,106.6715339117449,8476.224787493784,0.0007787694348792726,0.0,0.004065205034616342,2842.137916000634,0.014552944029882407,0.00033491621505383806,0.0005447007045545668,0.05820094982882955,0.8005205161239902,14.39288214620311,1.0602305309441011,0.0002907207890305787,1344782.2054746416,645115985.5232862
3.475272681066369e-05,2.9622325548091938e-05,-397.0318490984826,3871.109307449778,0.0,112.12203005048956,8524.809384521364,0.000774427788354905,0.0,0.004678196399024348,2859.231188793515,0.01431649056851884,0.0003409477793083739,0.0005340672666326295,0.06458757987463253,0.8550891897314051,14.796687050162665,1.0585984029962594,0.0002909257647584893,1344763.7828784776,653558186.9225309
3.47528768732939e-05,2.956305166720761e-05,-392.9458150269889,3879.0693370676186,0.0,117.72711483165159,8573.198860733246,0.0007702749140701073,0.0,0.005367191199143511,2876.284380356633,0.014090279520978492,0.0003471601832161653,0.0005242312325892124,0.07151551590645615,0.9121413998856805,15.2022135425893,1.0571655485819627,0.0002911331294611686,1344745.359812938,662070712.8702791
3.475302693592411e-05,2.9504395857607023e-05,-388.7943150548934,3886.948605145063,0.0,123.47852300495097,8621.37999669103,0.0007663833189901598,0.0,0.006138345715588545,2893.291644891953,0.01387552500171594,0.0003535855354485518,0.0005152105985601574,0.07900670504790429,0.9716734824392266,15.609457594479629,1.055993304344236,0.000291342857211211,1344726.9362780335,670651824.3146168
3.475317699855432e-05,2.9446367952862236e-05,-384.57722629194876,3894.7500920748657,0.0,129.36689435968924,8669.339698922575,0.0007628229742161223,0.0,0.006997751551935618,2910.247000303578,0.013673115831054483,0.0003602561687512861,0.0005070212605272687,0.08708095448319664,1.033673623570447,16.018458625021957,1.0551407464723506,0.0002915549167446729,1344708.5122737745,679299678.4698697
3.475332706118452e-05,2.9388977802675827e-05,-380.29445735062444,3902.477116890641,0.0,135.38183794385034,8717.064973827379,0.0007596626257387909,0.0,0.007951340088234858,2927.1443300230835,0.0134838107422796,0.0003672045932689556,0.0004996749469400583,0.09575561067900058,1.098122261020871,16.429299246396283,1.0546648552908844,0.000291769271435694,1344690.0878001722,688012318.5189909
3.475347712381473e-05,2.9332235267824146e-05,-375.9459528565625,3910.133273119136,0.0,141.51201596846775,8764.542894057506,0.0007569671710527185,0.0,0.009004780981109704,2943.977385945213,0.013308313379413813,0.0003744634996371847,0.0004931816180101178,0.10504531065554558,1.1649928916230903,16.842104209622704,1.0546202657065256,0.00029198587927033854,1344671.6628572345,696787661.8569182
3.475362718644494e-05,2.927615021438287e-05,-371.5316984441214,3917.722356634488,0.0,147.74524788831675,8811.760555892217,0.0007547946207378945,0.0,0.010163382430235035,2960.7397924775364,0.01314733476227111,0.0003820653993081591,0.00048754638281557454,0.11496176353460937,1.2342528995293522,17.257039828239716,1.0550581090878082,0.00029220469281812845,1344653.2374449724,705623486.8331587
3.475377724907515e-05,2.9220732507163597e-05,-367.0517262694235,3925.248285437972,0.0,154.0686336712479,8858.705028038488,0.000753195075597819,0.0,0.011431996428068554,2977.425050613728,0.013001585125609373,0.0003900421539820821,0.0004827639594527728,0.1255136132740158,1.3058646089498953,17.674313455276373,1.0560252104568004,0.00029242565920061295,1344634.8115633968,714517417.8694061
3.475392731170535e-05,2.9165992002292267e-05,-362.5061209597008,3932.715013146031,0.0,160.46869304809155,8905.363294643383,0.0007522140792311307,0.0,0.012814927803682617,2994.026541796052,0.012871659469255428,0.00039842663873636524,0.00047880615423943743,0.13670638342980937,1.3797864285157566,18.09417214658844,1.0575644491231708,0.000292648720049287,1344616.3852125183,723466909.2242478
3.475407737433556e-05,2.9111938538877142e-05,-357.89502576749976,3940.126440334135,0.0,166.9315081777654,8951.722207050087,0.0007519381191271509,0.0,0.014315854159456473,3010.5375299486072,0.01275587939893847,0.00040724451099432695,0.0004757511407746622,0.14854258138511905,1.455973481203843,18.516894271217176,1.0597230779428082,0.00029287381142025355,1344597.9583923456,732469228.5696156
3.475422743696577e-05,2.9058581929778564e-05,-353.2186482493777,3947.486333400205,0.0,173.4428833852386,8997.76842086096,0.0007523763363629352,0.0,0.015937765040264965,3026.9511779146214,0.012656839833139304,0.00041653687729167524,0.00047356109184292823,0.16102132230326155,1.5343791348656175,18.94278949833483,1.0625345847994316,0.0002931008637049346,1344579.5311028906,741521440.997822
3.475437749959598e-05,2.900593195143947e-05,-348.4772671966442,3954.7982282339117,0.0,179.98852027301717,9043.488318876722,0.00075355197512462,0.0,0.017682921178797203,3043.2605488594036,0.012574281041814022,0.000426323970857924,0.00047219611339135086,0.1741391404859543,1.6149573024520538,19.372203462204418,1.0660260523287715,0.0002933298015566968,1344561.1033441622,750620389.4403956
3.4754527562226184e-05,2.8953998332706433e-05,-343.67123943176904,3962.065336287692,0.0,186.5541882533428,9088.867950275226,0.0007555115974468367,0.0,0.019552830513080315,3059.4586064909613,0.012507758175673402,0.0004366296478445296,0.0004716725869503715,0.18788985553364582,1.6976622021651087,19.805509927026545,1.070225605994508,0.0002935605437722739,1344542.6751161718,759762675.7455438
3.475467762485639e-05,2.8902790742687504e-05,-338.80100540947285,3969.2904712869554,0.0,193.1258792063262,9133.892984836013,0.0007582848975969552,0.0,0.021548241592682114,3075.538227721991,0.012457580893262656,0.00044749050043781005,0.00047199847227385273,0.20226491492503973,1.7824504485362629,20.24310290939854,1.0751585907127605,0.000293793003110434,1344524.2464189283,768944645.3468516
3.47548276874866e-05,2.8852318777772667e-05,-333.86709450613716,3976.4759836949916,0.0,199.68996048228516,9178.548664375754,0.0007618881842249359,0.0,0.02366916434226363,3091.4922169425613,0.012423682216032048,0.0004589293278247588,0.0004731569909870967,0.21725377307621305,1.8692817130310357,20.685395210034663,1.0808422466466485,0.00029402708609914516,1344505.817252443,778162372.7255905
3.475497775011681e-05,2.8802591947875956e-05,-328.8701305475319,3983.6236934538124,0.0,206.23332558269203,9222.819753768894,0.0007663379828491673,0.0,0.0259149084242994,3107.313312744247,0.01240588137371191,0.00047096662468115193,0.00047513736508844807,0.2328442381956729,1.9581196314399254,21.1328156166158,1.087287601112997,0.0002942626928535506,1344487.3876167254,787411646.0712261
3.4755127812747014e-05,2.8753619661909567e-05,-323.8108367511652,3990.7348335833935,0.0,212.74352873608996,9266.690503497191,0.0007716485405464735,0.0,0.028284147266811003,3122.994194679905,0.012404045210122939,0.00048362866858226995,0.0004779388235158211,0.2490229480287844,2.048933015691546,21.58580444520346,1.0945026871824275,0.00029449971687541194,1344468.9575117878,796687953.8292505
3.4755277875377224e-05,2.870541121257294e-05,-318.69003951419523,3997.810013139218,0.0,219.2088961479781,9310.144628709337,0.0007778270487473614,0.0,0.030774995500440255,3138.527495862885,0.012417957789804986,0.0004969380841394359,0.0004815533433839945,0.26577578509239447,2.141696349449359,22.044809327274617,1.102491107484393,0.000294738044821994,1344450.5269376372,805986475.0214545
3.475542793800743e-05,2.865797576061441e-05,-313.50867139189086,4004.84919371974,0.0,225.61861647142447,9353.165300753597,0.0007848760821158395,0.0,0.033385094533144706,3153.905816518698,0.012447336021829274,0.0005109133894045767,0.0004859702504944441,0.2830882689058842,2.2363901157924415,22.510280812500348,1.1112501895902864,0.0002949775562691804,1344432.0958942857,815302072.3031324
3.475557800063764e-05,2.8611322318708962e-05,-308.2677734791206,4011.851675633245,0.0,231.96281226299013,9395.735148221152,0.0007927949163846556,0.0,0.036111711034623635,3169.1217351002197,0.012491864241706398,0.000525573850011027,0.0004911842755611431,0.30094597344664137,2.3330011457594235,22.9826679569125,1.1207720256519842,0.00029521812348852657,1344413.6643817432,824629287.0614147
3.4755728063267845e-05,2.8565459735058672e-05,-302.96849693420927,4018.8160971566517,0.0,238.2325890464455,9437.836270227277,0.0008015780473095987,0.0,0.038951840297360825,3184.1678195921522,0.012551170569988754,0.0005409380181017197,0.000497188039717333,0.3193348885028899,2.431522673179466,23.46241430371592,1.1310448387213323,0.0002954596112359023,1344395.2324000208,833962337.4710495
3.4755878125898055e-05,2.852039667683776e-05,-297.61210338732144,4025.7404497352863,0.0,244.4200585944283,9479.450265115569,0.0008112162183428637,0.0,0.04190230871532068,3199.036641593709,0.012624842619051002,0.0005570216050371378,0.0005039691478845468,0.3382417390160469,2.531954136158673,23.949953905300966,1.1420520610812652,0.00029570187655444794,1344376.7999491272,843295120.4009581
3.4756028188528264e-05,2.8476141613629443e-05,-292.19996448935774,4032.622104772113,0.0,250.51833973407156,9520.558271507223,0.0008216963379597588,0.0,0.044959866492715,3213.720790303192,0.012712441379342848,0.0005738387016128518,0.0005115192416227591,0.35765421918304996,2.6343008182306447,24.445707211648717,1.1537720406955587,0.00029594476860508173,1344358.3670290732,852621216.4770093
3.475617825115847e-05,2.8432702800996136e-05,-286.73356066815126,4039.457850134079,0.0,256.5215385277086,9561.14102015032,0.0008330011294146201,0.0,0.04812127874828033,3228.2128857364437,0.012813487523098374,0.000591402595092858,0.0005198350721039386,0.37756120126381554,2.7385732731087633,24.950076988142484,1.1661789421067574,0.0002961881285348665,1344339.93363987,861933898.0962182
3.4756328313788676e-05,2.8390088264307763e-05,-281.21447902456464,4046.243936620584,0.0,262.42470861559076,9601.178896405196,0.0008451103553706968,0.0,0.05138339881755705,3242.5055925212196,0.012927459797312083,0.0006097256919296953,0.0005289035721608043,0.39795284710431617,2.844786541022951,25.463444494276942,1.179243330342285,0.0002964317893875108,1344321.4997815273,871226140.6556636
3.4756478376418885e-05,2.8348305782948103e-05,-275.644410372389,4052.976133390677,0.0,268.22379354404205,9640.65201249892,0.0008580008090077168,0.0,0.05474323005143821,3256.5916349038325,0.013053839052594007,0.000628817161528107,0.0005387099351624151,0.4188206329608685,2.952959246993198,25.986165903797033,1.1929316266667631,0.0002966755760640255,1344303.0654540544,880490636.9950618
3.4756628439049095e-05,2.8307362875009045e-05,-270.02514567431206,4059.6497882501285,0.0,273.91555566455116,9679.540286345664,0.0008716454231855191,0.0,0.0581979664916094,3270.4638108609565,0.013192065685490568,0.0006486852309803546,0.0005492468008966222,0.44015733030617643,3.063112537872233,26.518568816280432,1.2072067079600872,0.00029691930533963653,1344284.6306574624,889719814.3278402
3.4756778501679304e-05,2.8267266782567973e-05,-264.35857188035163,4066.2598920186597,0.0,279.4974935846663,9717.823526317532,0.0008860140886951447,0.0,0.0617450221891034,3284.115005993529,0.013341509719041444,0.0006693370754944296,0.0005605103734765509,0.46195692014821277,3.1752688794728425,27.06094868657316,1.2220289146959313,0.00029716278593898264,1344266.1953917611,898905853.652961
3.4756928564309507e-05,2.8228024457634365e-05,-258.6466671761353,4072.8011461776555,0.0,284.96775123574395,9755.481520097648,0.0009010760008361357,0.0,0.06538203877362797,3297.5382083777254,0.013501592152468836,0.000690778585240717,0.0005724824194564947,0.48421439476045974,3.2894507775027613,27.61356570509888,1.2373558235207913,0.0002974058186745906,1344247.759656962,908040711.5614827
3.4757078626939716e-05,2.8189642548840155e-05,-252.8914958211274,4079.268030754379,0.0,290.3250229810615,9792.494124375475,0.0009167962909381476,0.0,0.0691068764461106,3310.7265232778436,0.013671813743385807,0.0007130128546136908,0.0005851412548752488,0.5069255441374645,3.40567946258257,28.176642406072673,1.253141821543553,0.00029764819665551383,1344229.3234530743,917116143.7966863
3.475732106372915e-05,2.8129467763644456e-05,-243.5076860635435,4089.5441180490334,0.0,298.7393313835867,9850.876219726648,0.0009434938031891052,0.0,0.07530527628892258,3331.5197330467786,0.013966248187584957,0.0007506100703828661,0.0006070559917339093,0.5445664048790856,3.5978254099654214,29.108876985286095,1.2794972346442584,0.00029803784355638253,1344199.5374710683,931631089.8023324
3.4757492290153716e-05,2.8088344642817807e-05,-236.82062108110497,4096.662706806164,0.0,304.50214056205823,9891.018437554092,0.0009632358621616242,0.0,0.07981406623523322,3345.8102877384254,0.014187838808648913,0.0007784165985573031,0.0006235786377771378,0.5718509750249196,3.7368107630011407,29.784312368394083,1.2986481210285492,0.0002983111617873925,1344178.499714975,941756173.5318755
3.475766351657828e-05,2.804837045711625e-05,-230.0881999164403,4103.656326572939,0.0,310.1157488242099,9930.224669191648,0.0009836482535735044,0.0,0.08442854833448045,3359.762973824081,0.014419381860371791,0.0008072506466905899,0.0006409348948929883,0.5997086504367455,3.8785191282515528,30.47395409692469,1.3181599655574263,0.00029858253286633795,1344157.4613481988,951761801.744007
3.475783474300285e-05,2.8009552669074817e-05,-223.31398749666866,4110.516483916417,0.0,315.580228688906,9968.467306475783,0.0010046709136611331,0.0,0.08914629865414202,3373.368666990932,0.014660008899512389,0.0008371079504013308,0.0006591254725880415,0.6281326106613662,4.022944293707262,31.17781037238294,1.3379593519408766,0.00029885160160177083,1344136.4223707544,961634837.4867171
3.4758005969427414e-05,2.7971898123180773e-05,-216.5016365095648,4117.234878253633,0.0,320.895729323254,10005.719680495375,0.0010262404871392615,0.0,0.09396476416365421,3386.618573375692,0.014908866124625697,0.0008679820115135099,0.0006781228578720335,0.6571141537132367,4.170064804083614,31.895804563682297,1.357971237343855,0.00029911800397672023,1344115.3827826586,971362074.6001772
3.475817719585198e-05,2.7935413031497668e-05,-209.65487635631015,4123.803472073053,0.0,326.06236943528296,10041.95617995094,0.001048293247468682,0.0,0.09888114185211372,3399.504249906639,0.015165081189199958,0.0008998555541068128,0.000697902583750276,0.6866420842351508,4.319841951746348,32.627773903458326,1.3781212000832632,0.00029938136832719664,1344094.3425839255,980930291.5172483
3.475834842227654e-05,2.790010296161175e-05,-202.7775020338074,4130.214548355083,0.0,331.0801527066612,10077.152355407003,0.0010707665901198424,0.0,0.1038922556371825,3412.01762421537,0.015427757231526226,0.0009327188857555004,0.0007184079474297588,0.71670212344528,4.472218066512106,33.37346810286933,1.3983369916097874,0.00029964131664064693,1344073.3017745716,990326304.7457218
3.4758519648701106e-05,2.7865972826551833e-05,-195.8733630713175,4136.460756764215,0.0,335.94890482078534,10111.28500987448,0.0010935981884505092,0.0,0.10899443601340067,3424.1510148275884,0.015695999018355025,0.0009665546871681882,0.0007395639807063917,0.7472764281282064,4.627115033387081,34.13254821333403,1.418548490497096,0.00029989746593196996,1344052.2603546102,999537022.0137602
3.475869087512567e-05,2.7833026876403527e-05,-188.94635271758204,4142.53514865593,0.0,340.6682328857531,10144.332273729739,0.0011167275915856573,0.0,0.11418339559914423,3435.8971512766466,0.01596902113328489,0.001001327578993219,0.0007613884269271169,0.7783430203384623,4.784432990207881,34.904586871125765,1.4386858557080784,0.000300149429679002,1344031.2183240568,1008549494.5491637
3.475886210155024e-05,2.780126869161017e-05,-182.00039780362147,4148.431196873149,0.0,345.2375093055974,10176.273660571425,0.0011400909133216586,0.0,0.1194541906790573,3447.249189014596,0.016246243028016378,0.001036976561559776,0.0007843430870458633,0.8098754445418229,4.944049555596408,35.6890692451308,1.4586808571537542,0.00030039681930165427,1344010.175682928,1017350966.900261
3.4759033327974804e-05,2.7770701178034397e-05,-175.03944881917226,4154.142806142241,0.0,349.6558716142078,10207.090111243639,0.0011636317784568717,0.0,0.12480110308784141,3458.2007214934883,0.0165265854892641,0.0010735953470768615,0.0008077048138728563,0.8418428310337158,5.10582003056843,36.48539553710901,1.4784710568316746,0.00030063924567000247,1343989.132431238,1025928925.3188841
3.475920455439937e-05,2.7741326563799346e-05,-168.06746970788873,4159.664320798569,0.0,353.9222359654009,10236.76402917295,0.0011872797423883908,0.0,0.1302176108597538,3468.745797376387,0.016809374670458448,0.0011109942988511696,0.0008315714413214595,0.8742093002028434,5.269576286614213,37.292881054360514,1.4979952212283536,0.0003008763206384379,1343968.0885690025,1034271146.2243532
3.4759375780823935e-05,2.771314639784253e-05,-161.08842815035374,4164.990523264547,0.0,358.0353228929777,10265.279302392275,0.0012109818535240202,0.0,0.13569635690828447,3478.878932293031,0.017093912504533244,0.001149232593901666,0.000856132905382448,0.9069340799971252,5.435127387026502,38.11075919281477,1.5171933142987752,0.00030110765859619955,1343947.0440962357,1042365742.0435725
3.47595470072485e-05,2.7686161550087332e-05,-154.10628626007667,4170.116625277638,0.0,361.9936952455725,10292.621312429534,0.0012346817460114178,0.0,0.14122914000353642,3488.5951162912447,0.017379454020436964,0.0011882536940098563,0.0008812494060932905,0.9399715676000722,5.60226018878332,38.93818603989929,1.5360089808985107,0.00030133287801169034,1343925.9990129545,1050201204.5908167
3.475971823367307e-05,2.766037221319419e-05,-147.12499120165126,4175.038258442215,0.0,365.7957993166955,10318.776938702325,0.0012583135127167458,0.0,0.14680692489072766,3497.8898223023866,0.017665308985315844,0.001227978347334028,0.0009069045636194436,0.9732713914588879,5.770740014280273,39.77424358082305,1.5543888934208439,0.00030155160295404016,1343904.953319173,1057766447.5178052
3.475988946009763e-05,2.763577790589834e-05,-140.14846594870937,4179.751463671526,0.0,369.4400076188705,10343.734557169346,0.0012818284914794444,0.0,0.1524198645351046,3506.7590130676053,0.017950755578289738,0.0012683665803235836,0.0009329524898481292,1.006778615902078,5.940311707387597,40.617944192060776,1.5722822608851559,0.0003017634645798681,1343883.9070149076,1065050847.1213564
3.476006068652219e-05,2.761237747793003e-05,-133.18060020857334,4184.252678543844,0.0,372.92466401428163,10367.484032154922,0.0013051561079508913,0.0,0.1580573464914267,3515.1991457904155,0.01823516989620501,0.0013093432194616565,0.0009596008147685721,1.0404339700838527,6.110700870382809,41.46823500690432,1.5896404142013858,0.0003019681025860156,1343862.860100172,1072044280.9111136
3.476023191294676e-05,2.759016911647958e-05,-126.22524156768536,4188.538724077294,0.0,376.2481277815626,10390.016702304423,0.0013282632300692684,0.0,0.16370804236884653,3523.2071740053366,0.018517764221516537,0.0013509165178902764,0.0009864376594812103,1.0741742359993767,6.281615520797068,42.32400487353051,1.6064177230107552,0.000302165166618621,1343841.8125749812,1078737163.7781336
3.4760403139371325e-05,2.756915035416038e-05,-119.2861868104177,4192.606791700238,0.0,379.4088155888298,10411.325364003935,0.0013510523915214367,0.0,0.16935998621497075,3530.7805486346797,0.0187980749166398,0.001392852798061803,0.0010140922643162428,1.1079325332733991,6.452747575635754,43.18408807500876,1.6225708542912556,0.000302354317610761,1343820.7644393519,1085120482.1028817
3.476068885457105e-05,2.753671749323652e-05,-107.75385155554896,4198.903094695295,0.0,384.3164429070529,10444.141529824836,0.001388316942727303,0.0,0.17875944706268596,3542.4446605033127,0.01925837476225249,0.0014638207804860588,0.001060119881277731,1.1641112511870535,6.737907092697629,44.625546527261996,1.648026363070979,0.000302651441245692,1343785.641326758,1095060081.8016248
3.476097456977077e-05,2.7507569609236568e-05,-96.29422121888196,4204.5765564766225,0.0,388.76067735508883,10473.516060912916,0.0014243478475336948,0.0,0.1880662158332787,3552.886541012237,0.019707057147618563,0.0015353988058633805,0.0011068624189059448,1.2198029579959675,7.021203916219624,46.069766196408004,1.6714596168553513,0.00030292419915171046,1343750.516514596,1104079481.917968
3.476117121706808e-05,2.7489404858186066e-05,-88.45773469272494,4208.115960541804,0.0,391.5477445760755,10491.729625730266,0.0014483014850387955,0.0,0.1943848547541352,3559.3616388520118,0.020007555138158804,0.0015850317314541583,0.001139693115520945,1.2576658463751913,7.214257035755193,47.062213583065024,1.6863321835916762,0.00030309708580825287,1343726.3404067154,1109736804.1460557
3.476136786436539e-05,2.747277656070988e-05,-80.66854999340966,4211.355629910833,0.0,394.11192504579105,10508.309499867735,0.0014714887487044589,0.0,0.20060839739129943,3565.256513509919,0.020300067727043777,0.0016344851967154822,0.0011721797943326413,1.295011493612266,7.405113338018658,48.05107486261993,1.7001295075163128,0.00030325741685902,1343702.1634937958,1114935704.5941377
3.476156451166269e-05,2.7457674927508276e-05,-72.93161571395707,4214.294623038452,0.0,396.4524954811713,10523.25828926539,0.0014938068470020792,0.0,0.2067156577124719,3570.5720882109867,0.020583680404267734,0.0016838036100388027,0.0012047370281064685,1.3317210316924653,7.5932274761558025,49.03432139353893,1.712811387569419,0.0003034048327356082,1343677.98577586,1119669195.00913
3.476176115896e-05,2.7444089213160846e-05,-65.25169378736572,4216.932526898144,0.0,398.5691513976394,10536.580743105045,0.0015152050821613304,0.0,0.21268560246786775,3575.3100659169745,0.020857471864581773,0.001732856311078299,0.0012372835829733903,1.367676233912988,7.7780563266462,50.00993008452701,1.7243424692809768,0.000303539006550107,1343653.8072529295,1123931568.3024504
3.476195780625731e-05,2.743200775368512e-05,-57.63334822305962,4219.2694481792,0.0,400.46202106386494,10548.283675039253,0.0015356040705025984,0.0,0.21849754875164093,3579.472904247796,0.02112048084881327,0.0017813965017690985,0.001269480451451577,1.4027605689239366,7.959063721140157,50.97589858670795,1.73469209566428,0.00030365964517609616,1343629.627925029,1127718412.9411244
3.476215445355462e-05,2.7421418007817576e-05,-50.0809351743859,4221.306007361364,0.0,402.13166964345663,10558.375879666082,0.0015549143516978238,0.0,0.224131365899087,3583.0637867707715,0.02137183418923668,0.0018292860016694197,0.0013014258503861412,1.436860322982188,8.135725325789734,51.93025907450552,1.7438341022835662,0.0003037664899962858,1343605.4477921806,1131026619.1128368
3.476235110085192e-05,2.7412306599524697e-05,-42.598593971940254,4223.043335748471,0.0,403.5791038405504,10566.868041860891,0.0015730953842346353,0.0,0.2295676639535895,3586.086592194587,0.021610705686926107,0.0018763927893820894,0.0013330184127087383,1.4698656527079645,8.307533345275985,52.87109404724069,1.7517472732420134,0.0003038593174277002,1343581.266854409,1133854377.5244913
3.476254774814923e-05,2.740465936111006e-05,-35.19023871700468,4224.483078942704,0.0,404.80577814479363,10573.772641765365,0.0015900869921036558,0.0,0.23478798558926636,3588.5458626486343,0.02183625582574359,0.0019225214791075067,0.001363933241989536,1.5016716206130742,8.47400102303533,53.79655003470959,1.7584153755374232,0.00030393793925245695,1343557.0851117345,1136201172.4499516
3.476274439544654e-05,2.7398461377798343e-05,-27.859549965656758,4225.627414840868,0.0,405.81360060826535,10579.103855730868,0.0016058098836155828,0.0,0.23977498660017335,3590.446770290046,0.02204773795400687,0.0019674958616565778,0.001394256162906023,1.532179214334484,8.634667089485763,54.70484860943151,1.7638269691323503,0.0003040022027100941,1343532.9025641824,1138067771.1307397
3.47628841808687e-05,2.739492827865547e-05,-22.697704300992818,4226.262718496885,0.0,406.398209623653,10581.945387095495,0.0016161997138926226,0.0,0.24316920715885748,3591.461639735463,0.022189146432021765,0.0019987079921293424,0.0014154313384842298,1.5530249094006139,8.745109298772183,55.3391406512783,1.7669061031003224,0.00030403908713996975,1343515.7120718341,1139103707.26301
3.4763023966290865e-05,2.7392113797745178e-05,-17.578002457122917,4226.751333104258,0.0,406.8744169746826,10584.005946407586,0.0016259175900675336,0.0,0.2464320518317485,3592.1995157675933,0.02232286314257917,0.00202920433173252,0.0014361289390355098,1.573137096226867,8.852256543674855,55.96332867544739,1.7693467107365768,0.00030406862477751445,1343498.521172802,1139899130.0191967
3.476312766327526e-05,2.7390486692036258e-05,-13.807927821980796,4227.019863836707,0.0,407.1583076902837,10585.033776586695,0.0016326741374573074,0.0,0.24876472075818115,3592.569336747872,0.022416971015143058,0.0020513259908020534,0.001451241887129889,1.5875660918646473,8.929532693603294,56.41951499602876,1.7707453134318536,0.00030408577640690144,1343485.7681897758,1140334657.346922
3.476323136025965e-05,2.7389249280072212e-05,-10.062060851622295,4227.209154311391,0.0,407.3836764414825,10585.63814071487,0.0016390507534935624,0.0,0.251020510657047,3592.789048463489,0.022506669511410247,0.002073026544387575,0.0014661114803462183,1.6015649274245165,9.004869937127514,56.86962092557383,1.7717943737924136,0.0003040988661822525,1343473.0149829555,1140639344.3815322
3.476330260718449e-05,2.7388623634417798e-05,-7.502625976323515,4227.2937288516805,0.0,407.5048963790799,10585.809426384376,0.0016432084888364812,0.0,0.25252493950449,3592.8535524725844,0.02256570393100301,0.002087666600599762,0.0014761373323930757,1.610928595399794,9.05548335561567,57.17524266287634,1.7723136632786904,0.00030410550367503613,1343464.2525273962,1140773288.2465334
3.476337385410933e-05,2.7388179923592067e-05,-4.954915966040159,4227.341680269282,0.0,407.5989644543719,10585.783090795998,0.0016471788461532605,0.0,0.25399174706149635,3592.848042487148,0.022622613080837305,0.0021020788439920714,0.0014860491775632978,1.6200815590081072,9.105145177903717,57.477830968349764,1.7726700763592103,0.00030411022149477295,1343455.489966192,1140846184.448736
3.476341901647225e-05,2.7387992495274605e-05,-3.3460778977180134,4227.353344567303,0.0,407.64463647730554,10585.664491253723,0.0016496019306145083,0.0,0.2549018321196262,3592.8084553557833,0.02265758567415167,0.002111105659522672,0.0014922660763402728,1.6257731545978256,9.136126609624293,57.66803736030815,1.7728124270803194,0.00030411221796368274,1343449.9354546438,1140860948.767827
3.476345222471967e-05,2.7387900977069346e-05,-2.1661282792540186,4227.352792446836,0.0,407.67135768102173,10585.527007549308,0.0016513368129397583,0.0,0.25556118783323034,3592.761543347818,0.022682755871165097,0.002117679079662809,0.0014967952230099807,1.6299031838165094,9.158658901701207,57.807094386449876,1.7728762325108578,0.0003041131939558112,1343445.8511507027,1140856322.9054008
3.476347683375776e-05,2.738785841227959e-05,-1.2933892047286233,4227.347487364235,0.0,407.6874290668642,10585.397701709891,0.0016525960074962472,0.0,0.2560443935979368,3592.7170703825036,0.022701113882313155,0.002122516850559735,0.0015001390385047477,1.6329335179230575,9.17522012682019,57.90969938942859,1.772901496305255,0.00030411364827346595,1343442.8244543034,1140844473.9507084
3.476349433245486e-05,2.738784120281063e-05,-0.6736728393448772,4227.341249420468,0.0,407.69693474293547,10585.291578133325,0.001653478751070172,0.0,0.25638516880385676,3592.680428461995,0.022714017303054234,0.002125943092454425,0.0015025062817323742,1.6350725938160082,9.186925639471,57.98242712162014,1.772908275956824,0.0003041138320723925,1343440.672259976,1140831713.4380949
3.476350672245461e-05,2.7387835572028442e-05,-0.23531004722440974,4227.335654763233,0.0,407.7027038020728,10585.209319076208,0.001654097540715619,0.0,0.2566250308082045,3592.6519650044893,0.022723080115875174,0.002128359365209342,0.0015041767423530842,1.6365792688183618,9.195178392744728,58.0338051609918,1.7729076128682673,0.0003041138922354073,1343439.1483891145,1140820518.83241
3.476351378657526e-05,2.738783479205098e-05,0.014463117999588614,4227.332047688682,0.0,407.70563776802544,10585.159779606634,0.001654447932735467,0.0,0.25676125519749976,3592.634802609202,0.02272822098953628,0.002129733750391634,0.001505127700503991,1.6374353628186908,9.19987062093845,58.0630545477549,1.7729052766770688,0.0003041139005714375,1343438.279557351,1140813340.9302733
3.476351850642849e-05,2.738783525401466e-05,0.18128150583269578,4227.329440048265,0.0,407.7074547165332,10585.125612200589,0.0016546811143295997,0.0,0.25685205846171655,3592.6229578458474,0.022731645077892573,0.002130651081668481,0.001505762303677789,1.638006178455127,9.203000377475517,58.08257969927506,1.7729029304082733,0.00030411389563308203,1343437.6990516232,1140808215.4939663
3.4763521839426935e-05,2.7387836054492917e-05,0.29904891317718313,4227.327475575399,0.0,407.7086685814703,10585.100969220744,0.001654845327167987,0.0,0.25691607992228505,3592.6144112554457,0.022734057376805648,0.002131298214112421,0.0015062100941820409,1.6384087051412037,9.205207848838933,58.096359229233705,1.772900873509099,0.00030411388707518144,1343437.2891181135,1140804429.5279896
3.4763525172425376e-05,2.7387837247442725e-05,0.4167878631568585,4227.325405435539,0.0,407.7098250345049,10585.075900021977,0.0016550091345862482,0.0,0.2569800204536738,3592.6057138976144,0.02273646450975573,0.002131944793318124,0.00150665758214981,1.6388107645413805,9.207413064216531,58.11013180046472,1.7728984591547943,0.0003041138743201847,1343436.8791843723,1140800504.67538
3.4763528505423824e-05,2.7387838832769024e-05,0.5344987489846563,4227.323235119519,0.0,407.71092394092824,10585.050404801244,0.0016551725103680123,0.0,0.2570438810126614,3592.596865835131,0.022738866247876324,0.002132590850652237,0.0015071047362739524,1.6392123509197667,9.209616015711145,58.1238974163261,1.772895667350339,0.000304113857368321,1343436.469250399,1140796442.4637272
3.4763531838422266e-05,2.7387840810378716e-05,0.652181896354807,4227.320969200854,0.0,407.71196519904163,10585.024483744413,0.0016553354422036786,0.0,0.2571076611418337,3592.5878671207447,0.022741262550963835,0.002133236370813829,0.001507551547180841,1.6396134591756495,9.211816723835277,58.13765605280211,1.7728924870707523,0.00030411383621979936,1343436.0593161953,1140792244.171141
3.476353517142071e-05,2.738784318018001e-05,0.7698373456376703,4227.318608407365,0.0,407.71294874135197,10584.99813701532,0.0016554979249249827,0.0,0.2571713599854585,3592.578717801083,0.02274365340376167,0.0021338813188152765,0.001507998018534516,1.6400140895339976,9.214015199047546,58.15140769125464,1.7728889127667395,0.0003041138108748161,1343435.6493817605,1140787910.024819
3.476353850441915e-05,2.7387845942080868e-05,0.8874650414103252,4227.3161521794145,0.0,407.7138745032107,10584.971364768888,0.0016556599505948106,0.0,0.257234977362718,3592.5694179234497,0.02274603872016961,0.0021345256896457415,0.0015084441431268707,1.640414243695896,9.216211430148904,58.16515233242274,1.7728849384624898,0.00030411378133358036,1343435.2394470936,1140783439.8993716
3.47635418374176e-05,2.738784909598864e-05,1.0050650121496194,4227.313601087539,0.0,407.7147424172974,10584.944167163945,0.0016558215103049808,0.0,0.2572985131279004,3592.559967535646,0.02274841842369252,0.002135169489086147,0.0015088899136738926,1.6408139192979252,9.21840541688304,58.178889969958774,1.772880558014986,0.00030411374759629613,1343434.829512196,1140778833.9786437
3.47635477505407e-05,2.7387855655748892e-05,1.2136327240638423,4227.308842905841,0.0,407.7161396384691,10584.894869244818,0.0016561069692954344,0.0,0.25741103178110925,3592.5428312272948,0.022752626331447055,0.002136310260705518,0.0015096798680196428,1.641521810357158,9.222292263689232,58.203244875672674,1.7728717724901712,0.0003041136774175036,1343434.102239907,1140770328.7912488
3.476355185161213e-05,2.7387860929469788e-05,1.358234835858428,4227.305373037305,0.0,407.7170014493371,10584.859892961624,0.001656304066625433,0.0,0.25748891700805404,3592.5306682715723,0.02275553429626926,0.002137100367075991,0.001510227076395955,1.6420118792177363,9.224983873102998,58.22012332298044,1.7728649106821597,0.00030411362098943566,1343433.5978367198,1140764180.6187892
3.476355595268357e-05,2.7387866796128516e-05,1.5027953899613449,4227.301766290951,0.0,407.717775334998,10584.824273621496,0.0016565004376508376,0.0,0.25756667608548106,3592.518277711199,0.02275843371031379,0.0021378895810969375,0.001510773739191116,1.6425012186244683,9.227672101690601,58.2369911017449,1.7728574184494932,0.0003041135582098377,1343433.0934331822,1140757828.868514
3.4763560053755e-05,2.7387873255554975e-05,1.6473143149719354,4227.298022046307,0.0,407.7184612368236,10584.788011474293,0.0016566960810070475,0.0,0.25764430885458556,3592.5056596219406,0.022761324536508063,0.0021386779126000626,0.0015113198497555195,1.6429898293073075,9.230356931132814,58.25384821310574,1.7728492965882705,0.0003041134890791066,1343432.5890292954,1140751273.423337
3.4763566210297045e-05,2.738788406496008e-05,1.864188455108505,4227.292143848291,0.0,407.7193255817715,10584.732368381277,0.0016569884132777053,0.0,0.25776061372415365,3592.4862903085054,0.022765648150202406,0.002139859693658502,0.0015121386346483565,1.6437219577262145,9.23438102614643,58.27913410735374,1.7728359218389413,0.00030411337337703893,1343431.831815849,1140741050.2881944
3.47635723668391e-05,2.738789620927132e-05,2.080968777617796,4227.285957670708,0.0,407.71999125776483,10584.675278126599,0.0016572791014928287,0.0,0.2578766324161284,3592.4664086667053,0.022769952458374574,0.00214103946722716,0.0015129561719432242,1.644452429066307,9.238397459167635,58.30439588574457,1.772821128066828,0.000304113243364272,1343431.0746016135,1140730368.92061
3.476357852338114e-05,2.738790968791107e-05,2.2976552981265184,4227.279464865925,0.0,407.7204580497771,10584.616741588818,0.0016575681460228645,0.0,0.2579923636180152,3592.446014954989,0.022774237490369904,0.002142217228471121,0.0015137724611912313,1.6451812415172582,9.242406219759758,58.329633506033275,1.7728049171333338,0.00030411309904221194,1343430.3173865897,1140719229.872296
3.476358467992319e-05,2.7387924500301882e-05,2.5142480621864762,4227.272667184862,0.0,407.7207257695931,10584.556759631583,0.001657855549660643,0.0,0.25810780595507626,3592.425109429402,0.022778503289138725,0.002143392975698201,0.0015145875038279797,1.6459083918542414,9.246407299836205,58.35484692555834,1.772787293295161,0.000304112940412281,1343429.5601707771,1140707633.8050144
3.476359451038389e-05,2.7387950915665048e-05,2.859898321371555,4227.261184546327,0.0,407.7207401358689,10584.457988914957,0.0016583110706661435,0.0,0.2582915367602813,3592.3906680735918,0.02278527500167734,0.0021452661756435855,0.0015158863431255186,1.6470660139569049,9.252780083423128,58.39505618543377,1.7727562375300685,0.00030411265746067877,1343428.3510845238,1140688171.7465746
3.476360434084458e-05,2.7387980727754972e-05,3.205309646426694,4227.24893352562,0.0,407.72024595479763,10584.355538519294,0.0016587624410828977,0.0,0.2584745238897505,3592.3549234726333,0.022791998145582647,0.0021471342419506468,0.001517182017494581,1.6482193713908,9.25913323157109,58.43520347013237,1.772721620533081,0.00030411233803926904,1343427.1419962612,1140667548.1348724
3.476361417130527e-05,2.738801393422278e-05,3.550482008084928,4227.2359182895125,0.0,407.7192427415619,10584.249411813473,0.0016592096844358722,0.0,0.25865676361954587,3592.317876658727,0.022798673005966445,0.0021489971751332657,0.0015184745365543438,1.6493684497234662,9.265466706547793,58.475288618642786,1.7726834695551597,0.00030411198215423335,1343425.9329059864,1140645764.871164
3.476362400176597e-05,2.7388050532719027e-05,3.8954153173780437,4227.222142175006,0.0,407.7177300815325,10584.139612135648,0.0016596528224680268,0.0,0.25883825253062115,3592.2795286669702,0.02280529983326137,0.0021508549751225385,0.0015197639076560089,1.6505132362370438,9.271780469051588,58.51531147273243,1.7726418095937613,0.00030411158981193245,1343424.7238137,1140622823.6365526
3.476364359908155e-05,2.7388133604859085e-05,4.582336393171578,4227.192420799156,0.0,407.7131930945805,10583.909776764,0.001660524057847241,0.0,0.25919780296833067,3592.199202418602,0.02281836815388835,0.0021545432305208664,0.0015223249388925334,1.6527825442118094,9.284308170286478,58.59491172788992,1.7725483786935483,0.0003041106989092037,1343422.3134462899,1140573640.7805853
3.476366319639714e-05,2.738823012948541e-05,5.268305909789632,4227.159708378046,0.0,407.7066280242516,10583.665383502,0.0016613791882079051,0.0,0.2595543331646474,3592.1137174678315,0.022831247938382104,0.0021582110532272296,0.001524873518339978,1.6550346455740756,9.296757071860135,58.674262587809594,1.7724412535057135,0.0003041096631995322,1343419.9030708869,1140519874.2367406
3.476368279371272e-05,2.7388340087938072e-05,5.953322526275169,4227.124021953901,0.0,407.6980335434092,10583.406457994375,0.001662218319898838,0.0,0.25990782192393636,3592.0230821202795,0.02284394033838441,0.0021618583996850316,0.0015274096600907496,1.6572694485798245,9.30912686910507,58.7533628725774,1.7723205691108832,0.0003041084827397111,1343417.4926874912,1140461534.9816337
3.4763702391028314e-05,2.738846346152945e-05,6.637384800693325,4227.085376865606,0.0,407.68740896461134,10583.133025660181,0.0016630415367728279,0.0,0.2602582496696757,3591.9273047265406,0.022856446256916792,0.0021654852119932823,0.001529933363096939,1.6594868664423394,9.321417264578521,58.83221142401938,1.7721864401251284,0.00030410715758942466,1343415.0822961028,1140398633.6230311
3.47637219883439e-05,2.7388600231542125e-05,7.320491223440634,4227.04378720656,0.0,407.67475415426344,10582.845111739382,0.0016638489071304208,0.0,0.2606055982019894,3591.8263936783837,0.022868766419892553,0.0021690914234758587,0.001532444615087611,1.6616868173019184,9.333627969472346,58.91080710171251,1.7720389665268397,0.0003041056878112629,1343412.671896723,1140331180.5231602
3.4763741585659484e-05,2.7388750379228127e-05,8.002640210143962,4226.999265734773,0.0,407.66006948333313,10582.542741317333,0.0016646404881553059,0.0,0.26094985065657267,3591.72035740598,0.022880901415869598,0.00217267696124461,0.0015349433955225238,1.6638692237657875,9.345758702318673,58.98914878313025,1.7718782373514996,0.0003041040734707262,1343410.2614893508,1140259185.7725964
3.4763781950995585e-05,2.738910171878663e-05,9.404664343970436,4226.898373126605,0.0,407.6234304219942,10581.874489520347,0.0016662213795847441,0.0,0.261649098488321,3591.485836369983,0.02290531476789989,0.0021799967470370538,0.0015400508076415548,1.668308814446004,9.370491666065643,59.14970705620517,1.7715057407622548,0.000304100293112413,1343405.2966564451,1140096626.020636
3.476382231633168e-05,2.738950956914371e-05,10.802604575999831,4226.785180365899,0.0,407.5781957214515,10581.14522846546,0.001667735792547726,0.0,0.26233502157289856,3591.22968192564,0.02292894734425719,0.0021872277515263367,0.0015451048760358496,1.6726730672305703,9.394881875768055,59.30917364232569,1.7710779362878408,0.0003040959003755661,1343400.3317896328,1139914924.1897194
3.476386268166778e-05,2.7389973765145908e-05,12.196445516222859,4226.65976556191,0.0,407.5243836152719,10580.355173912998,0.0016691839309032443,0.0,0.2630075112598222,3590.951969221747,0.0229518007221337,0.0021943691851905017,0.0015501052116543605,1.6769614414302783,9.418927142664815,59.46753938485499,1.7705953146409847,0.0003040908959492781,1343395.3668889129,1139714162.9273427
3.4763924214528204e-05,2.7390789424304924e-05,14.313292255351517,4226.445227522448,0.0,407.4259010847446,10579.034330358794,0.0016712642724062093,0.0,0.2640065896857738,3590.487315715386,0.022985140965262853,0.002205081404901542,0.0015576233529419243,1.6833515261109477,9.454913357848316,59.70681372304371,1.7697550976752052,0.00030408209195129245,1343387.7983361403,1139371636.9460034
3.476398574738863e-05,2.7391735043509033e-05,16.420522350195842,4226.2026833802365,0.0,407.3076371950775,10577.573478871685,0.0016731912674725923,0.0,0.2649739295159827,3589.973012765189,0.02301667317360758,0.0022155806973754915,0.0015650139825685067,1.6895625670617271,9.490086360307807,59.94347890623306,1.7687898190967457,0.00030407187110724346,1343380.2297045758,1138985304.622491
3.476404728024906e-05,2.739281002934809e-05,18.518081459633454,4225.93234137278,0.0,407.16970578444295,10575.973383852228,0.0016749650876510566,0.0,0.26590927904087014,3589.4093348241395,0.023046396075763587,0.0022258641515130358,0.0015722753526440866,1.6955931823427504,9.524439858728542,60.17750586388198,1.7677006285767638,0.00030406023655051094,1343372.6609942196,1138555460.0947614
3.4764108813109484e-05,2.7394013785097242e-05,20.605916361694486,4225.63439731909,0.0,407.0122325541602,10574.234813516201,0.0016765858322721277,0.0,0.2668124232405439,3588.796559518427,0.023074307461860198,0.0022359289018798263,0.0015794056803752259,1.7014421494762395,9.557968073640295,60.40886682947615,1.7664885792795284,0.0003040471916872877,1343365.0922050732,1138082401.738344
3.476417034596991e-05,2.739534571079294e-05,22.68397531025642,4225.309039852224,0.0,406.83535217111734,10572.358541150079,0.0016780535732271746,0.0,0.2676831776178674,3588.134967562206,0.02310040474834576,0.002245772155813535,0.0015864031836947286,1.7071083851248483,9.59066570812806,60.63753532384897,1.7651546700045382,0.0003040327401924864,1343357.5233371374,1137566433.3590224
3.4764231878830333e-05,2.7396805203333907e-05,24.752208089941334,4224.9564513995165,0.0,406.6392071252216,10570.345345434105,0.0016793683667970082,0.0,0.26852138604959574,3587.4248426719264,0.023124685129549506,0.002255391201119793,0.001593266092034455,1.7125909373291222,9.62252793253728,60.86348615175333,1.763699856014551,0.0003040168860056589,1343349.9543904127,1137007864.257729
3.476429341169076e-05,2.739839165658276e-05,26.81056604371293,4224.5768087959505,0.0,406.42394664941423,10568.196010735159,0.001680530266236222,0.0,0.2693269194268341,3586.6664714792696,0.02314714573303383,0.002264783414270577,0.0015999926545889871,1.7178889803936015,9.653550370285549,61.086695394719534,1.7621250602249583,0.0003039996333268545,1343342.3853648999,1136407009.1956532
3.47643864431134e-05,2.7401029939254584e-05,29.903738927198084,4223.951840562106,0.0,406.06254149733877,10564.6896847996,0.0016819967800201965,0.0,0.2704825283860078,3585.428922312979,0.023177642500361112,0.0022785471840423444,0.0016098998425081766,1.7255471667548037,9.698849843925869,61.41890916943058,1.7595183229374347,0.00030397090345868734,1343330.941619032,1135418996.4564853
3.4764479474536044e-05,2.7403954923243877e-05,32.9740781755288,4223.266018755879,0.0,405.6583461605122,10560.876736924052,0.0016831143580318558,0.0,0.27156293335226184,3584.0827645012796,0.02320396592546792,0.0022917784767296865,0.0016194857827374093,1.7327799752971562,9.742208952569685,61.7447318789776,1.7566425588992631,0.0003039390036006982,1343319.4976930702,1134336193.4566832
3.4764572505958684e-05,2.740716447748978e-05,36.02143894652444,4222.519931286649,0.0,405.211927224984,10556.759962543974,0.0016838836051479781,0.0,0.27256795694495134,3582.6290238374954,0.02322611108557202,0.0023044696680543137,0.001628745104970562,1.7395859039938149,9.783617967900367,62.06409725311446,1.7535009705983209,0.0003039039515162639,1343308.0535870185,1133159766.025599
3.476466553738133e-05,2.7410656457908418e-05,39.04568621732906,4221.714166166998,0.0,404.72386416529366,10552.342191248768,0.0016843053808933747,0.0,0.27349751356171503,3581.0687390259423,0.023244076188076813,0.002316613774649879,0.0016376727926989874,1.7459639362054598,9.823069211644164,62.37694547529021,1.7500968441474463,0.00030386576620729987,1343296.6093008774,1131890911.160148
3.476475856880397e-05,2.741442870831557e-05,42.04669478048347,4220.8493131794585,0.0,404.194747572683,10547.626285532922,0.0016843808163912065,0.0,0.27435160543585524,3579.402960972479,0.023257862795048132,0.00232820447053598,0.001646264202483495,1.751913525055199,9.860557014103692,62.68322309882392,1.74643356341174,0.00030382446787512787,1343285.1648346519,1130530855.9365234
3.476485160022661e-05,2.741847906133842e-05,45.02434918605304,4219.925964871178,0.0,403.62517749752493,10542.615139517518,0.0016841113248547202,0.0,0.2751303195725408,3577.6327520881514,0.02326747597385093,0.002339236097718883,0.0016545150751814653,1.7574345801287787,9.896077672161617,62.98288295230616,1.7425146181502291,0.0003037800778810932,1343273.7201883427,1129080856.2361095
3.476494463164926e-05,2.7422805339315667e-05,47.97854368460599,4218.944717630801,0.0,403.0157619541336,10537.311677604226,0.001683498607179057,0.0,0.2758338224770391,3575.7591856053746,0.023272924388732498,0.0023497036718631236,0.0016624215520759816,1.7625274460397713,9.929629393726064,63.27588405592774,1.7383436099140748,0.0003037326187067209,1343262.2753619524,1127542195.4923353
3.4765125068700124e-05,2.743197464720064e-05,53.64105922381071,4216.878765667368,0.0,401.7225062380578,10526.20325301709,0.0016813395207015511,0.0,0.2769848642042821,3571.8347785971678,0.023271668821282045,0.002368382392048516,0.0016767620653277283,1.7711878376993546,9.989093081306468,63.82506068106982,1.7295492907300973,0.0003036319102660319,1343240.0772871568,1124310102.804606
3.4765305505751e-05,2.7442157642784683e-05,59.21437040667717,4214.601715015008,0.0,400.28623305357934,10514.028162406861,0.0016779146896232302,0.0,0.27785652952131135,3567.5336504966945,0.023254925127526135,0.0023848995514065955,0.0016897736060996886,1.7782507465839124,10.041172025140437,64.34887089439823,1.7198491764904391,0.0003035199286451405,1343217.878534965,1120759249.676399
3.4765485942801864e-05,2.7453338185978024e-05,64.69800755772458,4212.118075992052,0.0,398.7115691568099,10500.80856737894,0.0016732457689968199,0.0,0.27845237795788924,3562.8639202099544,0.023222873470605778,0.0023992405687476553,0.001701441182239079,1.7837317116391618,10.085910943119863,64.84720387354442,1.7092731318435699,0.00030339687025935513,1343195.6791053966,1116899759.6738515
3.476566637985273e-05,2.746550006341646e-05,70.09162676992521,4209.432423839164,0.0,397.0032067459647,10486.566915803463,0.0016673582078326715,0.0,0.2787769047473664,3557.8338056698904,0.023175742632400846,0.0024114001922011085,0.0017117554941177894,1.7876515119987255,10.123377966270528,65.32002557097749,1.6978523934875334,0.00030326294397284005,1343173.4789984676,1112742023.4842346
3.4765846816903603e-05,2.7478627010645038e-05,75.39500472475743,4206.54938926024,0.0,395.16589437322614,10471.325895552785,0.001660280994002697,0.0,0.27883547978384127,3552.45160742631,0.02311380714632958,0.0024213821968690438,0.0017207127657604309,1.7900358415815418,10.153663229692198,65.76737445459288,1.685619390981982,0.0003031183699728758,1343151.2782141957,1108296656.3868062
3.476602725395447e-05,2.7492702733377064e-05,80.608033542788,4203.473651285471,0.0,393.2044234249423,10455.108392454678,0.0016520464143241296,0.0,0.2786342750981451,3546.72569292056,0.02303738463055311,0.002429199031501992,0.0017283145652581542,1.7909149351729232,10.17687732183125,66.18935709581504,1.6726076002940389,0.0003029633786608788,1343129.0767526007,1103574457.2566624
3.4766207691005336e-05,2.7507710927861468e-05,85.73071555905828,4200.209930254134,0.0,391.1236150845265,10437.937449899915,0.0016426897862258335,0.0,0.2781801863368545,3540.6644814249826,0.022946832720834347,0.00243487138170937,0.0017345675888501872,1.790323162673196,10.193149631477445,66.58614370418724,1.6588513950942145,0.00030279820956395686,1343106.8746136986,1098586368.7933006
3.4766534697544744e-05,2.7537233853573852e-05,94.78474022494053,4193.831433309887,0.0,387.06412856244685,10404.463848205876,0.0016229982310672318,0.0,0.276737652406691,3528.8526734971038,0.02274801735114679,0.0024397834178780443,0.001742503146926225,1.785628188681269,10.205434918880334,67.24180978403346,1.6321379994729235,0.00030247374285816283,1343066.6358933027,1088904680.0551448
3.476676564930591e-05,2.755984525802152e-05,101.00144165265083,4188.979410345385,0.0,383.9861777901498,10379.057018772684,0.0016070794505785313,0.0,0.27526031851895905,3519.891102287829,0.022581841303462233,0.002439189036732264,0.0017455188115191786,1.7796151677108876,10.201206394060039,67.65645062009511,1.6119836142400583,0.00030222576451824937,1343038.2155392612,1081598561.32521
3.4766996601067085e-05,2.7583875509443416e-05,107.07184166373013,4183.851447802556,0.0,380.7451936645532,10352.244036255152,0.0015896008813156776,0.0,0.2734248943163369,3510.4370668988877,0.022395480841541745,0.0024353437759599052,0.0017464474097435025,1.7714807131502008,10.186738703775113,68.03188044028977,1.5908497787757965,0.0003019628377821694,1343009.7940757123,1073931347.1856148
3.476722755282826e-05,2.760929093314218e-05,112.99696437017936,4178.457583466172,0.0,377.35126384431464,10324.073690520987,0.0015706596033779495,0.0,0.2712513578260796,3500.508332240314,0.022190004679560553,0.0024283633680478867,0.00174534883251708,1.761329276903504,10.162453687020738,68.36899294374012,1.5688129185453505,0.0003016855299363874,1342981.3715026951,1065926306.0376734
3.4767458504589426e-05,2.7636058114323457e-05,118.77803574476182,4172.807819705326,0.0,373.81438092507034,10294.594613029441,0.00155035576260721,0.0,0.2687604129929849,3490.1225889725624,0.021966528789859337,0.0024183761677976498,0.0017422913073384648,1.7492699042561983,10.128795938608754,68.66877361810162,1.5459493072930008,0.00030139441607770107,1342952.9478202476,1057606507.6970462
3.47676894563506e-05,2.7664143943403785e-05,124.41646567399445,4166.912099428749,0.0,370.1444125796381,10263.85518262224,0.0015287916082274502,0.0,0.2659732676989153,3479.297418846342,0.02172620475852929,0.002405521116246334,0.0017373502077306507,1.7354150375846733,10.086227716053417,68.93228531576756,1.522334645759332,0.0003010900762695808,1342924.5230284058,1048994731.2104591
3.4767920408111774e-05,2.7693515656317048e-05,129.91383032796622,4160.7802820613615,0.0,366.35107577111484,10231.903438843627,0.0015060705894109818,0.0,0.26291143429235414,3468.050263097681,0.02147020872545209,0.0023899457794203482,0.0017306068767767488,1.7198794252214034,10.035224222065855,69.1606544653651,1.4980436690970533,0.000300773092918404,1342896.097127208,1040113381.5023327
3.476832069136504e-05,2.774737288750091e-05,139.11284319808453,4149.622153828891,0.0,359.51231208775766,10173.793655614878,0.0014642563055436997,0.0,0.25701777035326606,3447.608108731983,0.020992908574176884,0.002356964927773779,0.0017149069021479269,1.6893143530172192,9.928273953246693,69.47671655290948,1.4545564080552225,0.00030019546898802865,1342846.8270156886,1024146255.362766
3.476857693429039e-05,2.7783750023728367e-05,144.78645084569956,4142.145349937116,0.0,354.9772473812737,10134.870671521287,0.0014360756159385352,0.0,0.252897496802546,3433.9246541085727,0.020667392574253172,0.002332190610697893,0.001702368912114222,1.6675595993736096,9.848443654362239,69.62842930614086,1.4259382642450664,0.0002998080721752657,1342815.284807459,1013585486.0742071
3.476883317721574e-05,2.7821559826657887e-05,150.29540141994028,4134.423149449432,0.0,350.3340171414569,10094.677010373207,0.0014069557052106693,0.0,0.24854023922779517,3419.8020119509106,0.020328203494488564,0.0023048229946761242,0.0016880414085681755,1.6442828084907801,9.760530752598921,69.74266821362644,1.3968227180240531,0.0002994078418938736,1342783.7412337791,1002793037.376207
3.47690894201411e-05,2.7860760477408572e-05,155.64264452838424,4126.468099425703,0.0,345.5944421154608,10053.274627047296,0.001377030777714145,0.0,0.24397402981298597,3405.2625533266387,0.019976924219675417,0.002275086222443059,0.0016720548114243765,1.6196376411088584,9.665191736047863,69.82117005254682,1.3672994468988435,0.000298995546775056,1342752.1962946993,991795766.2268692
3.476934566306645e-05,2.790131092855515e-05,160.83124581784028,4118.292473619842,0.0,340.76994086781855,10010.72438940142,0.0013464307026235156,0.0,0.23922601550777353,3390.328226955333,0.01961509753707165,0.0022432028202678893,0.001654539853176628,1.5937738337267975,9.563070696740379,69.86567428027062,1.3374543184510101,0.0002985719416158465,1342720.649990272,980619482.3000587
3.4769601905991796e-05,2.7943170932629833e-05,165.86436619484286,4109.908254341879,0.0,335.87151027726793,9967.086004700303,0.0013152803777352342,0.0,0.2343223150629859,3375.0205325600928,0.019244218320268756,0.0022093919114008227,0.0016356263736335974,1.5668363759695707,9.454795660444395,69.87791068090291,1.3073691952414908,0.0002981377651841774,1342689.1023205477,969288903.439041
3.476985814891715e-05,2.7986301062941676e-05,170.74524300571548,4101.327120017278,0.0,330.9097099479072,9922.417956815296,0.0012836990890586026,0.0,0.22928788361505223,3359.360498425166,0.018865725088080012,0.00217386738494974,0.0016154423310248507,1.5389647212505024,9.34097510007423,69.85958991916125,1.277121730867706,0.00029769373846882144,1342657.5532855764,957827624.30705
3.47701143918425e-05,2.8030662729656494e-05,175.47717271090676,4092.560434555658,0.0,325.89465104412284,9876.777452296159,0.0012518000810759324,0.0,0.22414643363092546,3343.368662217844,0.0184809933251715,0.002136836633142955,0.0015941129286981218,1.5102923236164316,9.222195738861595,69.81239472546464,1.2467852582364602,0.0002972405632281034,1342626.0028854115,946258095.9224106
3.477037063476785e-05,2.807621819289881e-05,180.06349480193586,4083.6192371582533,0.0,320.83599010908387,9830.220372660107,0.0012196902688082641,0.0,0.21892036981278434,3327.065054598157,0.018091332484461792,0.0020984994794287014,0.0015717597996608987,1.4809462141157481,9.099020587594843,69.73797252277238,1.216428741908288,0.0002967789207452447,1342594.4511201023,934601614.4740047
3.477062687769321e-05,2.8122930572513394e-05,184.5075770679526,4074.5142346402463,0.0,315.7429251343022,9782.801234320523,0.0011874699595113187,0.0,0.2136307405150652,3310.469185686313,0.017697981871523976,0.002059047129268217,0.0015485004197937043,1.4510466621201212,8.971987198806367,69.6379294621312,1.1861167207313077,0.0002963094708032365,1342562.8979897,922878319.041344
3.477088312061856e-05,2.817076385383495e-05,188.81280232834285,4065.255796782215,0.0,310.6241931769714,9734.573156936047,0.0011552326766340849,0.0,0.20829721346326707,3293.60003436705,0.01730210599766221,0.0020186614812235945,0.0015244476683361073,1.4207070060738989,8.841606686557569,69.51382532497166,1.1559092884847888,0.0002958328509094743,1342531.343494257,911107197.5657982
3.477113936354391e-05,2.8219682889758015e-05,192.98255652313273,4055.853953346182,0.0,305.4880713306434,9685.587838347095,0.0011230651599437116,0.0,0.2029380666073986,3276.4760401790277,0.016904795673479474,0.0019775147094555187,0.0014997093088523015,1.390033532855985,8.708363121773417,69.36716963927826,1.1258621696028188,0.00029534967575191887,1342499.7876338237,899306099.8286364
3.4771395606469265e-05,2.8269653399921476e-05,197.02021802062046,4046.318392760313,0.0,300.3423805654068,9635.895535374204,0.001091047386975153,0.0,0.19757019784598379,3259.115097584068,0.016507069188983255,0.001935768814086419,0.0014743877046954654,1.3591254428806367,8.572713004794656,69.1994189596449,1.0960267965038424,0.0002948605368419273,1342468.2304084504,887491756.4588107
3.4771651849394614e-05,2.8320641967548202e-05,200.92914809366067,4036.6584623391277,0.0,295.19449120377476,9585.545050647748,0.0010592525997923485,0.0,0.19220914640160575,3241.5345524020563,0.01610986698877209,0.001893575431763893,0.0014485798887987774,1.3280749485314516,8.43508531858241,69.01197457177409,1.0664503562578047,0.0002943660023143214,1342436.6718181896,875679803.0743774
3.4771908092319964e-05,2.8372616034078247e-05,204.71268245442621,4026.8831694458318,0.0,290.0513304641708,9534.583724427277,0.0010277474694843807,0.0,0.18686911896946015,3223.7512001464484,0.015714055593244635,0.0018510758762427032,0.0014223771669865375,1.2969673289834276,8.295881815725787,68.80618100783997,1.0371759262481985,0.00029386661687088743,1342405.1118630916,863884808.6493683
3.477216433524532e-05,2.8425543891681103e-05,208.3741237863271,4017.001184052253,0.0,284.9193913893172,9483.0574314586,0.000996592315237795,0.0,0.18156303372486132,3205.7812862047253,0.015320435297182477,0.0018084011363286674,0.0013958648313966515,1.2658810764656592,8.155477284809253,68.58332535161033,1.0082426417487431,0.00029336290185699043,1342373.5505432072,852120307.5197568
3.477242057817067e-05,2.847939467390325e-05,211.91673531094966,4007.0208429340296,0.0,279.8047426673902,9431.010582799556,0.000965841276854458,0.0,0.17630257031912294,3187.640507779573,0.014929732996067847,0.0017656719253980723,0.0013691228502372484,1.2348881934495388,8.014220143772523,68.3446368610571,0.9796857987877923,0.00029285535545938254,1342341.987858589,840398834.4227144
3.477267682109603e-05,2.853413834478214e-05,215.34373520322134,3996.9501541180084,0.0,274.7130404533323,9378.486131070349,0.0009355425411200079,0.0,0.17109821079437018,3169.3440172756314,0.01454259857315716,0.0017229990635053297,0.0013422259422457335,1.204054325569272,7.872433385921088,68.09128710290668,0.9515369899788095,0.00029234445300310534,1342310.4238092857,828731961.6356528
3.477308416766105e-05,2.8622930007971792e-05,220.56140891794507,3980.773731569746,0.0,266.67885592710064,9294.107189422259,0.0008884109182468313,0.0,0.16296302919096087,3139.9735655479353,0.013935975793172104,0.0016555243786022305,0.0012993156424685895,1.155509901716227,7.646672141057222,67.66108614304557,0.9076971140920221,0.00029152647626158617,1342260.243977728,810323557.2745442
3.477349151422607e-05,2.8713791310010326e-05,225.50735178161702,3964.4175419771414,0.0,258.7349425143147,9208.784995288797,0.0008426718333344563,0.0,0.1550250022211176,3110.302301732041,0.01334193312724229,0.0015888034297100798,0.0012564333676853146,1.107725533596195,7.421394283380415,67.20082076812935,0.8650543367639167,0.0002907028611605829,1342210.0606977972,792118006.1338149
3.477389886079109e-05,2.8806614034271656e-05,230.19362864353204,3947.9088622724953,0.0,250.89809359050557,9122.669823241411,0.0007984377312264036,0.0,0.14730997452974734,3080.382823961393,0.012762171747306875,0.001523139579359371,0.0012137954546046815,1.0608767395673295,7.19753433227129,66.71433155000054,0.8236850643986932,0.0002898751776198981,1342159.8739696993,774148325.7516505
3.477430620735611e-05,2.890129479852721e-05,234.63190390261892,3931.2730913217238,0.0,243.18291982768955,9035.903146014827,0.0007557930889137989,0.0,0.13983819019462726,3050.2644824837703,0.012198067080125554,0.0014587852566605895,0.0011715874262383573,1.015108016163353,6.975896394570424,66.20512806366061,0.7836480682259879,0.00028904486617877597,1342109.6837936398,756442722.2331564
3.477471355392113e-05,2.8997734886058423e-05,238.83342723219948,3914.5338330636423,0.0,235.60200004488883,8948.617872706862,0.0007147974887196907,0.0,0.13262491162199538,3019.9934795142494,0.011650690236494914,0.0013959466701223774,0.001129967214145456,0.9705359108945695,6.757165455426124,65.67640672354382,0.7449862284187525,0.00028821324461726736,1342059.4901698246,739025001.2749623
3.4775120900486154e-05,2.9095840075009717e-05,242.80902419394818,3897.712980708973,0.0,228.1660315331587,8860.938610976094,0.000675488592037492,0.0,0.1256810174457129,2989.612977128138,0.011120844582590685,0.0013347885344324652,0.0010890673884130207,0.9272519628846289,6.541918417418209,65.1310694240274,0.7077282284754216,0.0002873815146763324,1342009.293098459,721914966.568927
3.4775528247051175e-05,2.919552046633715e-05,246.56909149095557,3880.830802052506,0.0,220.88397782294246,8772.98194901797,0.0006378850294655181,0.0,0.11901356665033706,2959.16321145973,0.010609110683363539,0.0012754386193362993,0.0010489965832377946,0.8853255254977319,6.330634705472516,64.57174260194304,0.6718902305492004,0.00028655076883056806,1341959.0925797478,705128801.7657766
3.4775935593616196e-05,2.9296690309665094e-05,250.12359733976257,3863.9060261760746,0.0,213.76321296045538,8684.85675362212,0.0006019891189697379,0.0,0.11262632027763606,2928.681611878654,0.01011586167442626,0.0012179920047668982,0.0010098425449268868,0.8448065040339658,6.123706531821629,64.00079652241932,0.6374774626925436,0.0002857219971394078,1341908.8886138971,688679433.4231157
3.477634294018122e-05,2.9399267828863248e-05,253.4820861778462,3846.955929762834,0.0,206.80966191329185,8596.664478706753,0.0005677892719162941,0.0,0.10652022219175562,2898.2029233761778,0.0096412601781022,0.0011625151884222774,0.0009716765382165095,0.8057278500557734,5.921448686059631,63.420364699336474,0.6044856022936783,0.000284896094082124,1341858.6812011125,672576872.5773108
3.477675028674624e-05,2.9503175050224436e-05,256.65368613549134,3829.996421562462,0.0,200.02793548823314,8508.499479541417,0.0005352621916106343,0.0,0.10069384774145877,2867.7593302509713,0.00918531975321198,0.0011090501976185761,0.0009345538494863113,0.7681077307015746,5.724107423456499,62.83236312143068,0.5729020576479306,0.0002840738652200317,1341808.4703416002,656828533.3713828
3.477715763331126e-05,2.9608337634840078e-05,259.6471183571855,3813.0421255241704,0.0,193.4214567077476,8420.449331006415,0.0005043750726024117,0.0,0.0951438081854251,2837.380579758194,0.008748015285108551,0.0010576183001767608,0.0008985099476134054,0.731951688226026,5.531868519580827,62.238508164399526,0.5427073599674764,0.0002832560335928175,1341758.2560355642,641439528.3973784
3.477756497987629e-05,2.97146847154132e-05,262.4707081511058,3796.1064618148025,0.0,186.99257884256986,8332.595147227976,0.00047508755847093965,0.0,0.08986507868735422,2807.094105066432,0.008329225041550514,0.0010082225664604877,0.0008635650943393853,0.6972548870735104,5.344865183914564,61.64033275758087,0.5138764386919006,0.00028244324583869934,1341708.0382832105,626412940.820321
3.477797232644131e-05,2.982214873761752e-05,265.132397566711,3779.201722115474,0.0,180.7427003088901,8245.01189534334,0.00044735303244957124,0.0,0.08485127898759477,2776.9251467651065,0.007928460909051728,0.000960849787452031,0.000829743889226107,0.6640036225153342,5.163185545303365,61.03920307534349,0.486379234941248,0.00028163607804312447,1341657.8170847455,611750073.1906862
3.477837967300633e-05,2.993066530641202e-05,267.6397581834805,3762.339140276275,0.0,174.67237542661516,8157.76870106002,0.0004211197457187977,0.0,0.0800950175459262,2746.8968715736305,0.007544972405702369,0.0009154742528538748,0.0007970786209882455,0.6321758110293987,4.986878011024345,60.43633696938379,0.460181063714021,0.0002808350412879904,1341607.5924403747,597450673.9373213
3.477878701957135e-05,3.0040173037722362e-05,270.0000042502773,3745.5289674864325,0.0,168.78140629415591,8070.929158602784,0.0003963326723050763,0.0,0.07558825469822794,2717.0304875283628,0.0071787170056460976,0.0008720639918576442,0.0007655579702444479,0.6017427609813321,4.815955084059889,59.8328175342768,0.4352442926926467,0.0002800405868673428,1341557.3643503033,583513144.2383511
3.477919436613637e-05,3.015061341608845e-05,272.22000857399786,3728.7805501974904,0.0,163.06891396168086,7984.55164973993,0.0003729349437349918,0.0,0.07132232330280992,2687.345356960321,0.006830816581781497,0.0008305823821371143,0.0007350814733740672,0.5726736398978479,4.650400418714081,59.22959551504923,0.411531054689302,0.0002792531111803827,1341507.132814738,569934726.2707556
3.4779477125690973e-05,3.0227794418062045e-05,273.6820326546578,3717.195465809389,0.0,159.20778276580765,7924.892802862851,0.0003574803557211134,0.0,0.06849744753039039,2666.8553805985525,0.006597910148081043,0.0008028832630857658,0.0007145942348730327,0.553280072712534,4.538622502908545,58.81148712677599,0.3957690226092915,0.0002787107732260096,1341472.2625763244,560718480.4663672
3.477975988524558e-05,3.030537996258234e-05,275.0817435495632,3705.6468493816005,0.0,155.43134453281854,7865.4989562758055,0.00034264495739549667,0.0,0.065781059915312,2646.466698035905,0.006372804312635054,0.0007760723165252903,0.0006946591976193906,0.5345115085682628,4.429393102469794,58.394187118305915,0.38056085395047745,0.00027817206824026764,1341437.390677887,551671978.9054915
3.478004264480018e-05,3.038335271881105e-05,276.4211700828234,3694.1371345256157,0.0,151.73886283190663,7806.385611140277,0.000328412062880534,0.0,0.06316995447952535,2626.184374416105,0.006155419291034645,0.0007501278173997789,0.0006752338245694252,0.5163555209890721,4.322689941212047,57.97792552103802,0.36589301134174873,0.00027763708872847445,1341402.517119496,542793547.56496
3.478032540435479e-05,3.046169591963827e-05,277.7022729071971,3682.668594203191,0.0,148.1295028948254,7747.567276530058,0.0003147605754069068,0.0,0.060660776310114406,2606.013129230036,0.005945236542685793,0.0007250254851322702,0.0006563191563521972,0.49879848851057323,4.2184871929954735,57.56291216845215,0.3517518542397066,0.0002771059177867264,1341367.6419012186,534081360.0665488
3.478060816390939e-05,3.054039334279534e-05,278.92694711089865,3671.2433441780377,0.0,144.60234906839005,7689.057505739253,0.00030166980891475854,0.0,0.05825033769969184,2585.957352086207,0.005742173392088702,0.0007007497894526676,0.0006379176379518887,0.48182560872749247,4.116753825969479,57.149340613373816,0.33812217045086496,0.00027657862969079265,1341332.7650231258,525533455.661576
3.478089092346399e-05,3.0619429292836217e-05,280.09702406116656,3659.8633469731667,0.0,141.15641239012848,7630.8689381455015,0.0002891213749401289,0.0,0.05593544484935409,2566.0211157223503,0.005546052581762533,0.0006772790573794784,0.0006200120651649354,0.4654223315307227,4.017457011979004,56.737386334733046,0.3249891116344117,0.00027605529044216374,1341297.8864852847,517147755.87022424
3.47811736830186e-05,3.069878858349783e-05,281.2142732492639,3648.5304222175196,0.0,137.79063792698017,7573.0133383356815,0.00027709549286155516,0.0,0.053712894459146066,2546.2081903097956,0.0053566398102041215,0.0006545901585670435,0.0006025924006171333,0.44957379590776086,3.9205615703815626,56.32720926641211,0.31233844402934113,0.00027553595828402715,1341263.0062877636,508922080.62273896
3.47814564425732e-05,3.0778456520412404e-05,282.2804044470088,3637.246257421596,0.0,134.50390993072898,7515.501636797302,0.00026557265099834605,0.0,0.05157953026983451,2526.5220584094923,0.005173764016860226,0.0006326635773086996,0.0005856542086750787,0.4342649826975166,3.826029972769395,55.91895475392963,0.3001557129182655,0.0002750206841961407,1341228.1244306336,500854163.2807543
3.478173920212781e-05,3.085841888442018e-05,283.2970698772126,3626.0124143334183,0.0,131.2950597772573,7458.343967121845,0.00025453476064640394,0.0,0.04953224079865585,2506.9659284920876,0.004997244658237462,0.0006114783415670659,0.0005691853894142885,0.41948093056072905,3.7338231235994166,55.51275411560366,0.2884263121739557,0.0002745095123682736,1341193.2409139608,492941663.86647314
3.478202196168241e-05,3.093866191558725e-05,284.2658661873157,3614.8303334298316,0.0,128.16287546473478,7401.549699701072,0.00024396340097857433,0.0,0.047567953765681084,2487.5427473220816,0.004826858045808585,0.0005910119370853383,0.0005531739686293119,0.405206635190319,3.643900548203398,55.10872615879537,0.27713603276303145,0.0002740024806454589,1341158.355737816,485182180.90631956
3.478230472123702e-05,3.101917229782459e-05,285.1883363383492,3603.701340414367,0.0,125.10610781473139,7345.12747632794,0.0002338400154533281,0.0,0.0456836608289298,2468.255212480723,0.004662434707509885,0.0005712436268826934,0.0005376134286715435,0.39142716233001656,3.5562205055458347,54.706978223446214,0.26627095108426757,0.00027349962094343655,1341123.4689022666,477573262.5371606
3.478258748079162e-05,3.109993714399515e-05,286.06597148462686,3592.6266535824093,0.0,122.12347487719346,7289.085244767782,0.0002241476073649389,0.0,0.043876417068495564,2449.1057847449997,0.004503817144359851,0.0005521531803328818,0.0005224929966332727,0.37812776643232243,3.4707404536400626,54.30760676137881,0.25581718050162267,0.0002730009596405173,1341088.5804073836,470112416.7869413
3.478287024034622e-05,3.118094398149574e-05,286.900212778926,3581.607389709017,0.0,119.21366772816349,7233.430290632975,0.00021486963663388067,0.0,0.04214333581418915,2430.0966996016045,0.004350774075098848,0.0005337191389567526,0.0005077985410822981,0.3652937910469491,3.3874171750270157,53.91069843559757,0.24576105201355192,0.00027250651795017396,1341053.6902532335,462797120.77189815
3.478315299990083e-05,3.126218073834637e-05,287.6924531164036,3570.6445690573314,0.0,116.37535607415155,7178.169268141303,0.00020598867760627463,0.0,0.040481605559473645,2411.2299781910933,0.004203121505540373,0.0005159205367639126,0.0004935226368877923,0.35291074835617026,3.3062067905467494,53.51633091524378,0.23608925992825008,0.0002720163122727301,1341018.7984398855,455624828.9816398
3.478343575945543e-05,3.134363572979446e-05,288.44403886307106,3559.739120717885,0.0,113.60719254463586,7123.308230592,0.0001974877487863892,0.0,0.03888849302808756,2392.5074380995566,0.004060780275873873,0.0004987380086663019,0.00047966161701999715,0.340964448032213,3.2270650876750615,53.124573228959925,0.22678879513633207,0.0002715303545249088,1340983.9049674098,448592980.86569536
3.478371851901004e-05,3.1425297645409626e-05,289.15627155155244,3548.891887904924,0.0,110.90781667243031,7068.852659463241,0.0001893535123976231,0.0,0.03736132553251637,2373.9307039270984,0.003923575264360008,0.0004821527137202993,0.00046619690839999243,0.32944095926681854,3.1499480017864316,52.73548637881278,0.21784679371872084,0.0002710486524496075,1340949.0098358735,441699007.707998
3.478430930966211e-05,3.159654007028478e-05,290.52286826994646,3526.419099755058,0.0,105.48379002552568,6956.4042769557855,0.00017347445858744722,0.0,0.0343720438743859,2335.59365626855,0.0036521596363105844,0.00044933817524306005,0.00043928990574784645,0.30666812184016295,2.9951603053852134,51.93139090471281,0.2002659673893292,0.0002700559438441414,1340876.0954776187,427728590.8990812
3.478473270026831e-05,3.171973443165572e-05,291.40601418066393,3510.4756099445694,0.0,101.77071302438273,6876.941196913143,0.0001629630848089236,0.0,0.0323873710358739,2308.5207668652956,0.0034699921260356497,0.0004272707252507805,0.0004209883457612539,0.2913786905815229,2.8893241583218896,51.362680618512236,0.18853419219935685,0.0002693559486232193,1340823.836888336,418066993.5863726
3.478515609087451e-05,3.1843286479129495e-05,292.21311197359324,3494.66911478949,0.0,98.1977410166201,6798.428716392466,0.00015312385757909106,0.0,0.030525397185900117,2281.786506123122,0.0032982697244636743,0.00040635071520686615,0.00040349331956400123,0.27690151619913295,2.7875737595196592,50.80040247607698,0.177483256404036,0.00026866547151696183,1340771.574580045,408688228.89245933
3.478557948148071e-05,3.196716478134544e-05,292.94775316246916,3479.001057546285,0.0,94.76029004666692,6720.875781285849,0.0001439197881794151,0.0,0.028778718918841376,2255.3931657391804,0.003134594673298386,0.00038651970593741225,0.0003867457185663458,0.2631945006565059,2.6897642182881216,50.24465059926171,0.16707695505858092,0.0002679844746690604,1340719.3085529762,399583865.4638235
3.478600287208691e-05,3.2091339390708416e-05,293.61335420435523,3463.4725922189255,0.0,91.45382118101979,6644.289335353001,0.00013531280708346634,0.0,0.027140301781594673,2229.3423752925974,0.0029778658746872676,0.00036771389198250363,0.00037068381056043346,0.25021820509263526,2.5957533370756476,49.695498570755824,0.15727892043847141,0.0002673129079205094,1340667.0388073614,390745590.9611857
3.4786426262693114e-05,3.2215781770535076e-05,294.2131666694789,3448.084610457892,0.0,88.27384429995104,6568.67449309383,0.00012724704368748753,0.0,0.02560339988748917,2203.635155990825,0.002833000499286094,0.0003498838181222372,0.0003553497860257688,0.23793632596742256,2.5054013257771794,49.152990780966334,0.14805413035220485,0.0002666507102230586,1340614.76534343,382165232.61854935
3.478684965329931e-05,3.2340464726920336e-05,294.75028559972844,3432.837771364816,0.0,85.21594069904775,6494.034667476214,0.00011970057806164194,0.0,0.024161819894159216,2178.2719740915763,0.002695530822225803,0.00033299462750564524,0.000340718620424049,0.2263102080369767,2.4185721935113436,48.61716292421044,0.1393745207309544,0.00026599781090105406,1340562.4881614153,373834773.8924504
3.478727304390551e-05,3.2465362344637674e-05,295.2276573785533,3417.7325172739193,0.0,82.27577123359426,6420.3717111324295,0.0001126428504077564,0.0,0.02280957090152194,2153.2527889673506,0.002564016223095995,0.0003169746913558227,0.0003266922392483346,0.2153059144050452,2.3351319591373016,48.088036115269375,0.13120729322261138,0.0002653541308041414,1340510.2072615486,365746366.9834317
3.478769643451171e-05,3.259044992602901e-05,295.64808716346687,3402.7690839393235,0.0,79.44908985991233,6347.686039271616,0.00010603470098934911,0.0,0.021541046808294047,2128.577091376216,0.0024401502067270204,0.00030178395364511667,0.00031325684362183416,0.20489056758167284,2.254951901176608,47.56561689487375,0.12352137809119373,0.0002647195833636177,1340457.9226440594,357892342.062438
3.478811982511791e-05,3.271570393269874e-05,296.0142466472405,3387.947525223935,0.0,76.73174611095756,6275.976752190764,9.985016827877915e-05,0.0,0.020350996898221466,2104.243945801446,0.0023229470816118433,0.0002873868273902966,0.00030042267643324926,0.19503224574636147,2.1779064391373297,47.04990265034383,0.11629128262229077,0.0002640940755316752,1340405.63430918,350265215.90768796
3.478854321572411e-05,3.284110193034513e-05,296.3286813333058,3373.26773615962,0.0,74.11968561121476,6205.241753513518,9.40635253344907e-05,0.0,0.019234444134796254,2080.2520328521496,0.002211455974312306,0.00027373432718786196,0.0002881433915668812,0.1857010048491685,2.1038733064153203,46.540880315903635,0.10949109660596855,0.00026347750863389013,1340353.3422571414,342857698.4443349
3.478896660633031e-05,3.296662253670049e-05,296.5938167858185,3358.7294639464308,0.0,71.60895734914784,6135.477852611428,8.864327811045617e-05,0.0,0.01818672554154663,2056.59968348769,0.0021063453548905,0.00026078614074802195,0.0002763819106818384,0.1768682245757445,2.032734431683837,46.03852628953396,0.103094604723665,0.0002628697791552339,1340301.0464881759,335662696.23856086
3.478938999693651e-05,3.309224537215972e-05,296.81196455682755,3344.332318393247,0.0,69.19572034905224,6066.680856920136,8.356805449273672e-05,0.0,0.017203471017255133,2033.2849100917024,0.0020067823663915607,0.00024850820930155866,0.0002651368828960804,0.16850667167983988,1.9643756551175204,45.54281071225701,0.0970787774013509,0.000262270779451934,1340248.7470025131,328673314.4708737
3.478981338754271e-05,3.321795101279288e-05,296.98532810386166,3330.0757858201623,0.0,66.87624510746778,5998.845663949317,7.881576947298942e-05,0.0,0.016280565465198796,2010.3054378590355,0.0019123772798904266,0.00023686338351371913,0.00025438354607168164,0.1605906179892802,1.8986864133606238,45.05369750925777,0.09142171862851307,0.0002616803983882375,1340196.4438003846,321882858.14771825
3.479023677814891e-05,3.334372094570727e-05,297.1160084344396,3315.9592431376377,0.0,64.64691298393728,5931.966347958074,7.436376777354183e-05,0.0,0.015414154903556845,1987.6587341111601,0.0018230585891399133,0.0002258170258024351,0.00024408843657251251,0.15309561601409075,1.8355602059848548,44.571144486378614,0.08610211914276364,0.00026109852191043823,1340144.1368820234,315284832.28948313
3.4790927633047474e-05,3.354903477925836e-05,297.24276605510954,3293.22365766466,0.0,61.19374695746985,5824.872793249636,6.769380967779067e-05,0.0,0.014112426274468562,1951.412876144751,0.0016873407797808617,0.00020899529906367846,0.00022823004008894616,0.1417101792204765,1.7377933138983332,43.79771436297415,0.07809532423837338,0.00026016701924302975,1340058.7786612564,304915588.03335977
3.479138920282877e-05,3.368624128712673e-05,297.27116251137727,3278.238528932599,0.0,59.007937100187014,5754.714235749676,6.361499057679234e-05,0.0,0.013314031118663491,1927.679621587279,0.0016030908946500374,0.00019853373066064335,0.00021825721378579833,0.13464716058195444,1.675912800158786,43.2905247340394,0.07317696528188807,0.00025955685879430724,1340001.744132102,298250897.80694467
3.479185077261006e-05,3.382345102805159e-05,297.2571520361032,3263.4160725704514,0.0,56.914427651975736,5685.658389897177,5.981251413955788e-05,0.0,0.012568123953518247,1904.3284537836953,0.0015238562756432772,0.00018865067481397302,0.00020874069278094663,0.12798935804261777,1.616645522638025,42.79089848261867,0.068578255206652,0.00025895628065237495,1339944.705187298,291788238.6947183
3.4792632528397615e-05,3.405579599738392e-05,297.14274346425174,3238.678784473934,0.0,53.56806846530858,5571.1821264963355,5.395045964720781e-05,0.0,0.011414436354368819,1865.6378434278538,0.0013994404590057605,0.00017314177146638966,0.00019363169430130256,0.11756923216640008,1.5219052649130969,41.96171710615176,0.061461153740915375,0.00025796050349108005,1339848.0888664518,281283226.65420365
3.479341428418517e-05,3.42880096476827e-05,296.9227564597656,3214.397428474533,0.0,50.4566549849362,5459.77620732904,4.873907523975715e-05,0.0,0.01038487825106184,1828.007695446492,0.0012867013801033931,0.00015904768284632844,0.00017970020032680452,0.10813273275910996,1.4338024006916548,41.15360089615001,0.05510945471971116,0.0002569909921292255,1339751.459881262,271303819.2619079
3.479419603997272e-05,3.45200130389522e-05,296.60626217299443,3190.5645627449308,0.0,47.56298365234593,5351.376928835112,4.410087214704654e-05,0.0,0.009465210307884634,1791.4140992858866,0.0011847033314266462,0.00014623148029160624,0.0001668313488899499,0.09958154589518531,1.3518445516073496,40.36612364492498,0.049440970207364,0.00025604697678516085,1339654.8182331854,261818715.64723232
3.479497779576027e-05,3.475173402500182e-05,296.20159635869976,3167.172326449479,0.0,44.87102235418435,5245.917466670062,3.996941759805195e-05,0.0,0.008642881123549832,1755.8322826011552,0.001092074102742447,0.00013456956936679272,0.00015494745219174098,0.09182712223014325,1.275574961313077,39.598843362405816,0.04438191144819184,0.0002551276921116032,1339558.163923679,252798575.38089523
3.479553532889977e-05,3.491678379336065e-05,295.8633917135625,3150.754107648128,0.0,43.066110236221384,5172.463624616959,3.729911104537458e-05,0.0,0.008109695753803879,1731.0601142277435,0.0010312362384697574,0.00012689636728487662,0.0001470392603051679,0.08673934124221723,1.2244206008117944,39.06372224840718,0.04110904557086069,0.00025448676537964145,1339489.2242014948,246634379.00873676
3.479609286203926e-05,3.508163419137263e-05,295.48683767463956,3134.5528000905756,0.0,41.35110691028815,5100.444289106206,3.4835133361440314e-05,0.0,0.00761673299112284,1706.7803290864567,0.0009747698733375696,0.00011971801517188086,0.0001395588680010862,0.08198997274066434,1.1757995043575145,38.538476218630755,0.038090397588001375,0.00025385776060717855,1339420.2780406396,240683241.27759534
3.479665039517876e-05,3.524626452783759e-05,295.07437094720507,3118.5653073245794,0.0,39.72119782624434,5029.83352146287,3.256288592632012e-05,0.0,0.007160708974906252,1682.9835279288206,0.0009217268143275537,0.00011299838808915295,0.00013248729993535697,0.07755455019778526,1.1295757651600449,38.02293756996303,0.03530642339787037,0.00025324040974055996,1339351.3254416422,234936177.66279057
3.4797207928318246e-05,3.5410655427453306e-05,294.62828871421874,3102.788498107085,0.0,38.17182219437784,4960.605169173963,3.046901208131545e-05,0.0,0.006738610077272446,1659.6602796959141,0.0008712882396043369,0.00010670480194450257,0.00012581899843888992,0.07341054889381794,1.085620679672668,37.51693863401224,0.032738476866008746,0.0002526344485418313,1339282.3664050316,229384620.09849483
3.479776546145774e-05,3.557478875663259e-05,294.15075697991585,3087.2192161124685,0.0,36.69865949741526,4892.732957492904,2.852819673453387e-05,0.0,0.006347637582570133,1636.8011484657843,0.0008254273273532418,0.00010081236200815984,0.00011950295198371725,0.06953731738591902,1.0438120690985497,37.020308878825425,0.03036851481127413,0.0002520396168837841,1339213.400931336,224020398.49840453
3.4798322994597236e-05,3.573864755534326e-05,293.64381826174457,3071.854291611193,0.0,35.297617854170554,4826.190565357609,2.6731827064424002e-05,0.0,0.005985294342264116,1614.39671819569,0.0007829233281058839,9.52926006190644e-05,0.00011351470490760562,0.06591530505454066,1.0040353206071806,36.53287857303307,0.028182238856252848,0.00025145565895696336,1339144.4290210837,218835722.85897255
3.479888052773673e-05,3.5902215970916575e-05,293.10939889946206,3056.6905485416114,0.0,33.96482663259497,4760.951691857862,2.507581503016415e-05,0.0,0.0056492823548003526,1592.43761510855,0.0007419802971133743,9.011536990318976e-05,0.00010785956831729662,0.06252661348726175,0.9661815516663497,36.05448031085911,0.026165461611744236,0.0002508823234755778,1339075.4506748058,213823165.6918338
3.4799438060876226e-05,3.6065479194076016e-05,292.5493159532588,3041.7248080828754,0.0,32.696626135365754,4696.990119863495,2.3540897459901894e-05,0.0,0.005337471741890118,1570.9145254526884,0.0007039825855294456,8.52603323840303e-05,0.00010251714427539508,0.05935478453283437,0.9301476223769354,35.5849460050759,0.024303310963855355,0.0002503193638751846,1339006.4658930292,208975644.9172992
3.479999559401572e-05,3.622842339911336e-05,291.96528385971925,3026.953897774957,0.0,31.48955492962793,4634.279772001254,2.21168991617818e-05,0.0,0.005047932892917658,1549.8182118904272,0.0006687702666887762,8.070829699930141e-05,9.745756203292224e-05,0.056384459558523135,0.89583675291642,35.12410846513243,0.022584172929347824,0.00024976653845317393,1338937.4746762847,204286407.7614506
3.4800553127155215e-05,3.63910356886571e-05,291.35892057961416,3012.3746600828513,0.0,30.34034012482902,4572.794758640748,2.079825651404403e-05,0.0,0.004778903913624604,1529.1395293754078,0.0006354765540900139,7.643450641860109e-05,9.26651928051864e-05,0.05360143198609789,0.8631569804056717,34.67180236232546,0.020997524150523257,0.00024922361045539096,1338868.4770251,199749015.24400985
3.4801110660294704e-05,3.655330404196586e-05,290.73175316579847,2997.9839561555195,0.0,29.24588818459681,4512.509419818788,1.9575145141025244e-05,0.0,0.004528762286184971,1508.8694377706272,0.0006042054379120761,7.242124026602932e-05,8.813079348210936e-05,0.05099257736129986,0.8320214499190156,34.227863208241786,0.01953236970472744,0.00024869034813657277,1338799.4729400065,195357326.99412525
3.48016681934342e-05,3.671521726580805e-05,290.08522297213966,2983.7786682158408,0.0,28.20327624078164,4453.398360880335,1.8438547253505684e-05,0.0,0.004296024406112286,1488.999011663321,0.0005750494693869493,6.86530152891818e-05,8.38391335039904e-05,0.048545731108727175,0.8023483748218929,33.792127970453436,0.01817883108738063,0.0002481665248050714,1338730.4624215304,191105486.64463842
3.4802225726573694e-05,3.68767649478638e-05,289.42069065774143,2969.7557037807114,0.0,27.20974332863056,4395.436484054553,1.7382644775802185e-05,0.0,0.004079335445551818,1469.519449573274,0.0005476462877608763,6.511190508991098e-05,7.977339415784453e-05,0.04624963445089412,0.7740603061779437,33.364435837069756,0.01692850144560603,0.0002476519188464056,1338661.4454702032,186987908.02447194
3.480278325971319e-05,3.703793741291139e-05,288.73944090027203,2955.9120000741486,0.0,26.26268144801749,4338.599016441994,1.6402436722981522e-05,0.0,0.0038774534250301885,1450.4220823012367,0.0005216253682512269,6.178157143483578e-05,7.59216790163389e-05,0.044093867684332454,0.7470839981261099,32.944628004568685,0.01577353724762194,0.0002471463137243495,1338592.4220865532,182999262.0105077
3.4803664958725715e-05,3.729203267795081e-05,287.6309013780059,2934.377698131366,0.0,24.85387035034151,4250.950331939885,1.4986374468117176e-05,0.0,0.0035856637840097454,1420.9803443710332,0.0004841434927713898,5.691602712023454e-05,7.023715871514384e-05,0.040947781573349495,0.7069339190219633,32.296441233552706,0.014122703979507214,0.0002463645938906485,1338483.2533855443,176942368.14595488
3.480454665773824e-05,3.754513509837565e-05,286.4880237737164,2913.2723433225883,0.0,23.54610320839454,4165.9580421164055,1.3718944318763935e-05,0.0,0.003324042132419774,1392.4401602649887,0.0004503435203158256,5.249703016270198e-05,6.501587637460826e-05,0.03809403355675889,0.6696393511566685,31.666967007158707,0.01266429343194894,0.0002456040462752767,1338374.068601246,171176339.47075027
3.480542835675077e-05,3.779721621855382e-05,285.314881523091,2892.5843700571418,0.0,22.331108772327287,4083.529907585889,1.2585823174684921e-05,0.0,0.0030890712518670347,1364.7694755869643,0.000419219395556011,4.847699692511594e-05,6.022023749091497e-05,0.03550190537296189,0.6349681891594494,31.055608388078177,0.011375255156624764,0.00024486389109886327,1338264.8677357533,165683577.53084704
3.4806310055763296e-05,3.80482510155885e-05,284.1151964781677,2872.302463275398,0.0,21.201333297916154,4003.5762566103717,1.1568205434648671e-05,0.0,0.002877673720516578,1337.937203936639,0.00039102043739109855,4.4816816491498435e-05,5.580999137463606e-05,0.03314411376762867,0.6027085901359106,30.461781909810167,0.01023480882458692,0.00024414337897579264,1338155.6507911617,160447722.7539431
3.480719175477582e-05,3.82982176076193e-05,282.8923691079507,2852.415571297362,0.0,20.149877174958238,3926.0100622145906,1.065160028184841e-05,0.0,0.0026871606790423714,1311.913243004492,0.00036556151599231857,4.1481529859597995e-05,5.174995935673288e-05,0.030996486999902297,0.5726668803544626,29.884918782260616,0.009225225046976865,0.0002434417901611469,1338046.4177695648,155453559.06559163
3.480807345378835e-05,3.854709698232264e-05,281.6495064116485,2832.912914795272,0.0,19.170438173912693,3850.7469895161553,9.827290355949075e-06,0.0,0.0025151808371586433,1286.6684821266308,0.00034201072259744733,3.843775620423981e-05,4.801263189574973e-05,0.02903754284722899,0.5446660142093501,29.324465763583976,0.008331017785512285,0.0002427584337525359,1337937.168673059,150686926.03184372
3.4808955152800876e-05,3.879487274637485e-05,280.3894474358582,2813.783990447658,0.0,18.257260005780083,3777.705418260353,9.085491330263444e-06,0.0,0.002359671665512109,1262.174801601608,0.00032009434993266183,3.565628701461042e-05,4.457304488931775e-05,0.027248142364944116,0.5185441729223859,28.77988499474337,0.007537980089285226,0.00024209264685007295,1337827.9035037386,146134637.85199323
3.48098368518134e-05,3.904153089838341e-05,279.11478625658015,2795.0185727124826,0.0,17.40508331855664,3706.806445939037,8.410086717877119e-06,0.0,0.0022188200143441012,1238.4050651424202,0.0003008275684286401,3.311358302056978e-05,4.140073977562595e-05,0.02561130766701238,0.4941532523258392,28.250652871979185,0.006833509493424913,0.0002414437936563163,1337718.6222637002,141784408.81221515
3.481071855082593e-05,3.9287059623414514e-05,277.827892818447,2776.6067178280878,0.0,16.609100451341938,3637.9738720013834,7.793927812735411e-06,0.0,0.0020910369872146582,1215.3331081824379,0.0002838014365483615,3.0787286059198405e-05,3.847152452940897e-05,0.024111937535191606,0.47135796077739317,27.7362613185192,0.006207741414018288,0.00024081126452609123,1337609.3249550406,137624784.8902259
3.481160024983846e-05,3.953144910492099e-05,276.53093184760473,2758.5387633656414,0.0,15.864917395675638,3571.134164652462,7.242135336851676e-06,0.0,0.001974928681449858,1192.9337223054404,0.0002667632329189374,2.8653998491957527e-05,3.577276759643867e-05,0.022736486208402785,0.45003488793388907,27.236219622741487,0.005652009397229257,0.00024019447500912765,1337500.0115798546,133645080.71707807
3.4812481948850984e-05,3.9774691351329804e-05,275.225879937217,2740.805320526384,0.0,15.168518621442104,3506.2164196067683,6.743013651064552e-06,0.0,0.0018692589719400896,1171.182634642667,0.0002506869718089585,2.6694103389731173e-05,3.32848122122848e-05,0.02147292652222429,0.43007031732814743,26.750051934152662,0.005156481207617432,0.00023959286490998318,1337390.682140241,129835321.37504481
3.481336364786351e-05,4.001678003665365e-05,273.91454136337694,2723.3972723565134,0.0,14.51622938126987,3443.1523141148214,6.2782195335391135e-06,0.0,0.00177293782192253,1150.0564849364118,0.00023768686027839022,2.489615051281793e-05,3.0983941445742874e-05,0.020310586056185045,0.411360216808605,26.277295259039327,0.0047134857801771545,0.00023900589734381848,1337281.3366382949,126186189.24266838
3.481424534687604e-05,4.0257710354903105e-05,272.5985627544881,2706.3057770894684,0.0,13.904684376935851,3381.8760482216385,5.85528379617537e-06,0.0,0.001685010772192614,1129.5328032765083,0.00022526720385129202,2.3245441147047e-05,2.88565243763048e-05,0.01923981610737338,0.3938105416835941,25.817502806536318,0.0043191194502986575,0.00023843305778777275,1337171.9750761155,122688975.37814021
3.4815127045888564e-05,4.0497478887141105e-05,271.2794461164345,2689.5222602487825,0.0,13.330805640987995,3322.3242766188173,5.481326028058007e-06,0.0,0.0016046286417665354,1109.5899855410394,0.0002114272076223286,2.1721458140323886e-05,2.6892262006140602e-05,0.018251986466079846,0.3773341641569494,25.370245051765572,0.003967610067253739,0.00023787385316508154,1337062.5974557986,119335534.32940155
3.481600874490109e-05,4.0736083479439064e-05,269.9585604753606,2673.038401619835,0.0,12.79177557124218,3264.436045247717,5.129756550317393e-06,0.0,0.0015310322865938577,1090.2072645968926,0.00020044277753568745,2.031505528542337e-05,2.5073635126320326e-05,0.017339502334509895,0.36184980166925407,24.935103880127684,0.0036507363164626763,0.00023732781096125172,1336953.2037794439,116118242.40060918
3.481689044391362e-05,4.097352313060432e-05,268.6371530777056,2656.8461370098944,0.0,12.285007385108619,3208.1527243670257,4.7994539653896124e-06,0.0,0.001463558527496029,1071.3646829165386,0.00019158570679854865,1.9025021489478933e-05,2.338944070165051e-05,0.01649543401316977,0.34728577963426427,24.51167396777821,0.003366371453511484,0.00023679447833722115,1336843.7940491494,113029959.91348656
3.4817772142926145e-05,4.120979788916989e-05,267.31635957768,2640.937656444894,0.0,11.808130347361928,3153.4179306251676,4.502040589156571e-06,0.0,0.0014016166938964018,1053.0430678225862,0.00018207029119775357,1.783075139283673e-05,2.1831629997591263e-05,0.015713566191035234,0.3335748721632629,24.099567118730246,0.0031127611184397098,0.0002362734212734246,1336734.3682670128,110063996.33634034
3.481865384193867e-05,4.144490875900663e-05,265.99721301709747,2625.30539172237,0.0,11.358972013598205,3100.177453679511,4.23201243437144e-06,0.0,0.0013446751242228942,1035.2240036458763,0.00017258344440093722,1.672342391194958e-05,2.0388387268230852e-05,0.014988347992709187,0.32065477698035283,23.69840834106442,0.0028845469581501434,0.00023576422375936202,1336624.9264351344,107214077.75877096
3.48195355409512e-05,4.167885761265735e-05,264.68065207851834,2609.9420065851627,0.0,10.93553798008044,3048.3791843067156,3.979420043678015e-06,0.0,0.001292263259060319,1017.8898020421532,0.00016448453858903514,1.5701331966913273e-05,1.9048995168912085e-05,0.014314797838738413,0.30846930666304767,23.307834180307538,0.002677610123009758,0.00023526648700833094,1336515.468555612,104474317.04303467
3.4820417239963725e-05,4.19116471116512e-05,263.3675288860557,2594.8403945688624,0.0,10.535995713718032,2997.97304035694,3.744648176848738e-06,0.0,0.0012439648363014046,1001.0234752248713,0.00015712827234106626,1.475544703650789e-05,1.7806759102106544e-05,0.013688422489740427,0.2969666114358769,22.927494664786956,0.0024908688538286396,0.00023477982868769524,1336405.9946305458,101839186.64193296
3.482129893897625e-05,4.214328063331928e-05,262.05861616294914,2579.9936757496002,0.0,10.15866104033657,2948.9108933235134,3.5297326099500854e-06,0.0,0.0011994047904753395,984.6087110191537,0.00014977590699521566,1.3876676590358852e-05,1.6654991215824738e-05,0.01310515552498665,0.28609853020792736,22.55705276737554,0.002322776727606655,0.00023430388217898283,1336296.5046620364,99303493.51239043
3.482218063798878e-05,4.2373762203632663e-05,260.75461363428104,2565.3951880191757,0.0,9.80198530139668,2901.1464959716577,3.331039077134558e-06,0.0,0.0011582451725106347,968.6298464985318,0.00014287041857751563,1.3060745070335134e-05,1.5585425364728772e-05,0.01256133104605486,0.2758210812285145,22.19618281169634,0.00217033967672725,0.00023383829587676422,1336186.9986521828,96862355.75762966
3.4823062337001306e-05,4.2603096435501523e-05,259.4561538880885,2551.0384784871308,0.0,9.464543171214348,2854.6354110970983,3.142237851435969e-06,0.0,0.0011201842838714732,953.0718412587029,0.0001372871968111132,1.2304671067899177e-05,1.4589403328166127e-05,0.012053647295301562,0.2660940977422098,21.844570127010147,0.0020309410114934907,0.00023338273251706984,1336077.4766030866,94511181.07028832
3.4824477577502695e-05,4.296882169486989e-05,257.3849596875991,2528.4839890658645,0.0,8.959862873410842,2782.4928882962918,2.8710408391060224e-06,0.0,0.0010649115456596158,928.9430945133545,0.00012816150063736992,1.1198969789885202e-05,1.3137243246815902e-05,0.011306953551818611,0.2515384012839108,21.2987882157668,0.0018334628472884368,0.00023267164248373846,1335901.6460756233,90914571.81430154
3.4825471257256315e-05,4.322386187138541e-05,255.94124147256238,2512.9971104418837,0.0,8.630473013580541,2733.6130971884004,2.7040752186396418e-06,0.0,0.0010299410526608357,912.5968000757865,0.00012112859579275928,1.0491511182909983e-05,1.2217314289891237e-05,0.010827859315297641,0.24203295158464033,20.928725878043764,0.0017125436696591948,0.00023218661572928473,1335778.1658819518,88512223.95223433
3.482646493700994e-05,4.347747207186651e-05,254.50691829885065,2497.7889604479383,0.0,8.319932073412396,2686.1334090828645,2.545581536863796e-06,0.0,0.0009977935799359734,896.7202356229916,0.00011541491557540902,9.839641621084148e-06,1.1367406193622642e-05,0.010382229835092639,0.23306765575174712,20.56905820364214,0.0016023962591407237,0.0002317128684974993,1335654.6653261285,86205224.0662658
3.482745861676356e-05,4.372966190867018e-05,253.08253262975163,2482.851621659456,0.0,8.02685791204912,2640.0012898103982,2.3958012694722262e-06,0.0,0.000968211060286912,881.2956682963542,0.00011069030809437373,9.238502343468421e-06,1.0581105548390077e-05,0.009967139415945988,0.22460296692252013,20.219408970924675,0.001501858869118805,0.00023125000426160348,1335531.1444111634,83988627.83643095
3.482845229651718e-05,4.398044150004444e-05,251.66856080896832,2468.1774564876623,0.0,7.749986682726848,2595.1665066503947,2.2592619786329924e-06,0.0,0.0009409659001058764,866.3061510390567,0.00010579594313845884,8.680508524703236e-06,9.855402600134918e-06,0.00957992757917089,0.2166027315855059,19.879417896623877,0.0014109026374081758,0.00023079764414273777,1335407.6031400657,81857802.16342726
3.482996420554429e-05,4.4359327677256524e-05,249.53806442463886,2446.3386684429915,0.0,7.357226347455141,2529.330350303218,2.072557670747136e-06,0.0,0.0009035332555864096,844.2975051602077,9.843227498895249e-05,7.906884059827953e-06,8.856439659031717e-06,0.00903894337098283,0.20524774774869936,19.379864695200908,0.0012879823531796205,0.00023012870586102018,1335219.592910819,78770525.05075917
3.483106375605416e-05,4.4632863304131316e-05,248.00509183923023,2430.8139717486406,0.0,7.091376633809646,2483.1754475179223,1.9463619620342582e-06,0.0,0.0008790381956081401,828.8697135126482,9.407726442755128e-05,7.397966901376503e-06,8.200800728880216e-06,0.00867834730954572,0.1975577011796551,19.02943848572376,0.0012079136497769368,0.00022965627167365207,1335082.8310592058,76635588.7031891
3.4832163306564026e-05,4.490472117427949e-05,246.48641637920622,2415.5802762817484,0.0,6.840767240144198,2438.4076176000553,1.8298164677494145e-06,0.0,0.0008566032233855508,813.9067309156594,8.996496363454364e-05,6.928757677321383e-06,7.599073274958396e-06,0.008342624307239239,0.1903051284160497,18.689382016426134,0.0011352705136860233,0.00022919518099915175,1334946.0442961045,74587880.82777575
3.48332628570739e-05,4.517491719377176e-05,244.9823614014829,2400.628832977677,0.0,6.604256615673922,2394.9715785123844,1.7241739368730202e-06,0.0,0.0008360427521950596,799.3899468420345,8.565926243485355e-05,6.4942965141500185e-06,7.0467281586000946e-06,0.008029542247634223,0.18345743973427978,18.359293470515667,0.0010694352557083552,0.00022874501727158873,1334809.232625594,72622727.1392543
3.4834362407583766e-05,4.544346759224092e-05,243.49319296426853,2385.9512290539847,0.0,6.380804865277082,2352.8146722014685,1.6253913891983426e-06,0.0,0.0008171848274010438,785.3016418344486,8.182218574772738e-05,6.092215102385256e-06,6.538756725982986e-06,0.007737058043444733,0.17698511964497976,18.038788622223468,0.0010088567104842852,0.00022830538359190275,1334672.396051758,70735758.64758915
3.483546195809364e-05,4.5710388860635675e-05,242.0191258435756,2371.539373094563,0.0,6.1694634026233315,2311.886728166512,1.5320322938866015e-06,0.0,0.0007998775574348938,771.6249398709567,7.854120624445612e-05,5.721311087302069e-06,6.0710983368460615e-06,0.007463483060860543,0.17086077600920943,17.727501070943855,0.0009530220658579713,0.00022787590162949678,1334535.5345786766,68922888.42506036
3.4836561508603506e-05,4.5975697699094766e-05,240.56032869941066,2357.3854826906118,0.0,5.969365688680883,2272.139933952192,1.4477565932170735e-06,0.0,0.0007839941164273998,758.3437640469339,7.489542814623147e-05,5.378146677261426e-06,5.640757766646534e-06,0.007207366469634558,0.165059318025154,17.42508135975419,0.0009023384844766635,0.00022745621061108422,1334398.6482104338,67180290.41435124
3.483766105911337e-05,4.6239410970771136e-05,239.11692868465855,2343.4820721211922,0.0,5.779719182132248,2233.5287125467157,1.3731132104471685e-06,0.0,0.0007694237839384917,745.4427949618425,7.074079961847264e-05,5.056721025417615e-06,5.245134682957379e-06,0.006967053906429792,0.1595589246694005,17.131194715482202,0.0008559853703493366,0.00022704596637403295,1334261.7369511127,65504380.021936946
3.48395284138945e-05,4.6683664568547864e-05,236.70113327811927,2320.4237535133775,0.0,5.479573938983614,2170.435799277796,1.253024839113723e-06,0.0,0.000747354811796792,724.363451743203,6.525654457845319e-05,4.562026415556627e-06,4.641893639326547e-06,0.006591172041644281,0.150849452801766,16.650745496669163,0.0007838837563840936,0.00022636997752716544,1334029.1650150488,62801605.99283007
3.4841395768675625e-05,4.712344891690697e-05,234.33021697476784,2298.0336862701224,0.0,5.20434329957587,2110.293820034349,1.139660474259255e-06,0.0,0.0007282479062753457,704.2717645110287,6.150940297778594e-05,4.129152380902989e-06,4.113923060780847e-06,0.006251937952553964,0.14285682060795887,16.192519108385373,0.0007198682893669567,0.00022571878212745896,1333796.5213202676,60266444.644479156
3.484326312345676e-05,4.755884784782954e-05,232.004178217823,2276.280440511185,0.0,4.951286782660953,2052.918221481834,1.0392455611249254e-06,0.0,0.0007117536939381897,685.1057748202752,5.7916854594802726e-05,3.7445151866795526e-06,3.652807107663058e-06,0.005944572185654999,0.13550353240212282,15.75515125301269,0.0006635357039519409,0.0002250909804259993,1333563.8058867855,57885291.63039616
3.4845130478237883e-05,4.798994500076567e-05,229.72282627831726,2255.1345225116547,0.0,4.718028521221655,1998.1384108983355,9.516857972108822e-07,0.0,0.0006975530283525772,666.808237052564,5.427721214854102e-05,3.401297328703446e-06,3.250294988760501e-06,0.005664818567226875,0.12872158587526292,15.337378528936794,0.000613028800419421,0.00022448527539178258,1333331.018734626,55645886.79009656
3.484650311671807e-05,4.830413715969878e-05,228.07417110393342,2239.9618924313254,0.0,4.557980021027386,1959.4344734445428,8.921838272279881e-07,0.0,0.0006883975729716686,653.881123893838,5.2018721855074544e-05,3.1737061251320485e-06,2.9863700099306595e-06,0.005474918364225805,0.12406547613120585,15.042097259986988,0.0005788372497431566,0.00022405342726859764,1333159.8579098363,54083679.73144565
3.4847875755198266e-05,4.861608264882156e-05,226.44929359705304,2225.091997752132,0.0,4.4067768689352755,1921.9889806199849,8.373016150656815e-07,0.0,0.0006802287976040045,641.3749169297992,4.9812600609351834e-05,2.963916174165966e-06,2.746229619128841e-06,0.005297102146769721,0.11966488171444922,14.756332486252113,0.0005475412890005393,0.00022363241884035392,1332988.6583521084,52588031.73819865
3.484924839367846e-05,4.892581396814485e-05,224.84797878736686,2210.514883384472,0.0,4.263757852371222,1885.7465097576344,7.874427750221878e-07,0.0,0.000672972031504767,629.2710356195543,4.751105485278081e-05,2.7701423840442003e-06,2.5276443994379003e-06,0.005130209476616191,0.11550095185419001,14.479671181420082,0.0005188795675023671,0.000223221825666326,1332817.4200694025,51155196.92868962
3.485062103215865e-05,4.9233363298246895e-05,223.2699853421078,2196.2210314779763,0.0,4.128322729149706,1850.6546322861407,7.413671486744112e-07,0.0,0.0006665440955951886,617.5519074982941,4.53391168700207e-05,2.5912854321427832e-06,2.328528263199273e-06,0.004973314822433078,0.11155611959320538,14.21172237444749,0.0004920887522042711,0.00022282124518687747,1332646.1430696798,49781688.321215324
3.485199367063884e-05,4.9538762469593253e-05,221.71504941074735,2182.2013370502564,0.0,3.9999249697663815,1816.6637277244572,6.979866342367424e-07,0.0,0.0006608695068489583,606.2009043786828,4.3441679802703495e-05,2.4262852561483572e-06,2.146940414545164e-06,0.004825653229892156,0.10781473734827939,13.952115147863312,0.00046686238991757703,0.00022243029539025273,1332474.827360902,48464256.7825817
3.485336630911904e-05,4.9842042938429276e-05,220.18288790542726,2168.4470879816877,0.0,3.878066375999977,1783.726809428942,6.575267860542346e-07,0.0,0.0006558944557230672,595.2022835724333,4.166944686656285e-05,2.2738459648432925e-06,1.981206121220598e-06,0.004686402931991342,0.10426293008824129,13.700497637095133,0.00044338593976159214,0.00022204861359463024,1332303.4729510336,47199871.99021353
3.4854738947599225e-05,5.0143235763143916e-05,218.6732017131622,2154.9499462322487,0.0,3.7622929465496218,1751.7993621341739,6.202931828672251e-07,0.0,0.00065156955642132,584.5411335828087,3.989626921053827e-05,2.132511516160187e-06,1.829836646010603e-06,0.004554813085358921,0.10088745161688896,13.456536705469789,0.00042163032521239324,0.00022167585527192995,1332132.0798480415,45985705.14543367
3.485611158607942e-05,5.044237158232489e-05,217.185678704798,2141.7019277304494,0.0,3.6521898134652857,1720.839192008908,5.857041131305291e-07,0.0,0.0006478370646796702,574.2033231600915,3.821063629681755e-05,2.0013423755930665e-06,1.6914461756082636e-06,0.004430404488285644,0.09767591525465552,13.21991627942618,0.00040122349576019096,0.00022131169292534194,1331960.6480598925,44819113.1989801
3.485748422455961e-05,5.0739480597606996e-05,215.7199963049759,2128.6953829590925,0.0,3.547376658792583,1690.8062866032467,5.531593582035734e-07,0.0,0.0006446502739756558,564.1754535241156,3.669188980173723e-05,1.879833074282282e-06,1.564794031781201e-06,0.004312653165447921,0.09461777498874488,12.990335598099476,0.0003819426488854325,0.0002209558150541803,1331789.1775945574,43697624.47003678
3.48588568630398e-05,5.103459256146861e-05,214.27582364773193,2115.922980502934,0.0,3.4475049461396274,1661.662682797496,5.226617322539697e-07,0.0,0.0006419763611167747,554.4448140348704,3.527855545541817e-05,1.7671262461196209e-06,1.448794027183299e-06,0.004200886373890682,0.09170354499709304,12.767509085417283,0.0003638366512589823,0.00022060792520710074,1331617.6684600066,42618925.56877375
3.486022950152e-05,5.1327736767995854e-05,212.85282346794673,2103.377691978572,0.0,3.3522556236410015,1633.3723436091223,4.943184982430829e-07,0.0,0.0006397760055425618,544.9993410627483,3.390250431703307e-05,1.6621655419706576e-06,1.342504100839545e-06,0.0040946975726472625,0.08892320455917141,12.55116654705357,0.00034690335946716607,0.00022026774110268352,1331446.120664214,41580849.46971519
3.4861602140000184e-05,5.161894204530185e-05,211.4506537917975,2091.0527760343875,0.0,3.2613351006378273,1605.9010452986734,4.679041783042879e-07,0.0,0.000638008495212488,535.827579489451,3.25828051096019e-05,1.5644346368057279e-06,1.2450496534754866e-06,0.003993905219887692,0.0862676483385666,12.341050826826244,0.00033097445066547563,0.0002199349938037487,1331274.5342151555,40581364.58191317
3.486297477848038e-05,5.190823674970396e-05,210.06896943580375,2078.9417633213807,0.0,3.174471683007178,1579.2162717376118,4.430969316206681e-07,0.0,0.0006366524172933215,526.9186466327797,3.135499716162347e-05,1.4735706977147726e-06,1.1555727690284669e-06,0.0038979165578423747,0.08373084907553464,12.136915432826472,0.0003159060528930252,0.0002196094269430289,1331102.9091208065,39618564.75133255
3.4864347416960574e-05,5.2195648762072856e-05,208.7074233437748,2067.0384445759364,0.0,3.0914156942462423,1553.2871122770428,4.1978171849466296e-07,0.0,0.0006356856701167969,518.2621986392315,3.020551620242947e-05,1.3888643746753774e-06,1.0733314354038286e-06,0.0038059979324034867,0.08130666356929574,11.938526709988905,0.00030167448151098764,0.00021929079599976385,1330931.2453891472,38690660.143821694
3.486572005544076e-05,5.248120548621133e-05,207.36566775584373,2055.3368583975475,0.0,3.0119394672489834,1528.0841667402253,3.9795844818122104e-07,0.0,0.0006350579676877858,509.8483991977233,2.910500467568236e-05,1.3098166770077383e-06,9.977145370568913e-07,0.0037184530191518572,0.07898465481065746,11.745666122762792,0.0002882689972372125,0.00021897886762683067,1330759.5430281572,37795968.872429624
3.4867092693920956e-05,5.276493384869407e-05,206.04335513058447,2043.8312754894328,0.0,2.9358298064988135,1503.5794644312753,3.77534610097302e-07,0.0,0.0006347496063477967,501.6678902708048,2.804996128712509e-05,1.2359958442144603e-06,9.281529140166411e-07,0.0036352250368482456,0.07675901495092566,11.558121977461667,0.0002756164974469943,0.000218673419028831,1330587.8020458182,36932909.250659004
3.486846533240115e-05,5.304686029977721e-05,204.74013900423597,2032.516188954813,0.0,2.8628873844208536,1479.746381531545,3.583398309147236e-07,0.0,0.0006347668303165471,493.711764664623,2.7052686773989472e-05,1.1669808074567593e-06,8.641045093498616e-07,0.0035553374039976934,0.07462826232474772,11.375689650433321,0.000263630565636203,0.00021837423737519558,1330416.0224501153,36099992.75921152
3.486983797088134e-05,5.3327010815361586e-05,203.45567482034153,2021.3863075216689,0.0,2.792932076443443,1456.5595579153533,3.402673716717824e-07,0.0,0.0006350770115046227,485.9715403824404,2.6112937150250173e-05,1.1025385726549517e-06,8.050738786726652e-07,0.003478626560834636,0.07258463591857252,11.198179930074504,0.0002522698746526919,0.0002180811192456429,1330244.2042490349,35295817.6132763
3.487121060936153e-05,5.360541090001271e-05,202.18962055989104,2010.4365415313084,0.0,2.7257988943386597,1433.9948290270177,3.2328648646619777e-07,0.0,0.0006356314401273511,478.4391366760494,2.521792896755655e-05,1.042349509290176e-06,7.506061910854739e-07,0.0034058811373065823,0.07061722783945884,11.025415162498577,0.00024151828801205,0.00021779387011845613,1330072.3474505632,34519062.72869256
3.487258324784172e-05,5.3882085590798e-05,200.94163715654,1999.6619886168078,0.0,2.6613234214790307,1412.0291728189093,3.073156559326098e-07,0.0,0.0006364575088782568,471.1068516382826,2.4362345892525198e-05,9.85655045120218e-07,7.003322358855121e-07,0.0033356869404433756,0.06873194030824066,10.857211835601724,0.00023133570437428803,0.00021751230389827588,1329900.452062691,33768482.160574086
3.487355716635802e-05,5.4077359710208604e-05,200.0669398627961,1992.1208695242647,0.0,2.617106580703382,1396.7952878965302,2.9653500451596765e-07,0.0,0.0006372063604583945,466.0217572398863,2.3781844854149725e-05,9.477060379325513e-07,6.67028202634513e-07,0.0032868158266529486,0.06744410216008956,10.740540904230002,0.0002244241182644495,0.00021731587485137395,1329778.4649393763,33251155.38293525
3.487453108487432e-05,5.427178624527284e-05,199.2010523229411,1984.663954695231,0.0,2.574109268821863,1381.8443743443065,2.861976283736429e-07,0.0,0.0006380434929960485,461.03118375244077,2.3222650301936112e-05,9.115606964747916e-07,6.355457492008076e-07,0.0032396433852153127,0.066188066522158,10.626030855058184,0.00021776161073058518,0.0002171221555664818,1329656.458396154,32746012.391464774
3.487550500339062e-05,5.44653737186636e-05,198.34385696416822,1977.2896555546404,0.0,2.532284338505966,1367.1691448175236,2.7629122719392957e-07,0.0,0.0006389688065137065,456.132694317054,2.2682038697767773e-05,8.768973815895747e-07,6.05765223983116e-07,0.003194223869890644,0.06496308262442445,10.513625761888026,0.0002113424287515041,0.0002169310865806481,1329534.4324358795,32252669.183623772
3.4876478921906916e-05,5.4658130539059526e-05,197.49523730379983,1969.9964232990012,0.0,2.4915840806393583,1352.7625511658655,2.6679091927124485e-07,0.0,0.0006400071779076847,451.32393120106536,2.2158504146459446e-05,8.437599404472021e-07,5.775824700476428e-07,0.0031498850661930513,0.06377286592853773,10.40326777501424,0.00020515590965019696,0.00021674261020349108,1329412.3870614087,31770756.790981736
3.487745284042321e-05,5.485006500225486e-05,196.65507807399914,1962.7827529741617,0.0,2.451966490414341,1338.6177685573034,2.576723937036159e-07,0.0,0.0006411556500395721,446.6026127398672,2.165225085617372e-05,8.121465093805576e-07,5.509056933007131e-07,0.0031064291657435486,0.06261620512387325,10.294905294014665,0.0001991888504206127,0.00021655667044645187,1329290.3222755985,31299920.652831577
3.4878426758939514e-05,5.504118529237305e-05,195.82326524640624,1955.6471801213115,0.0,2.413393583344613,1324.7281885102475,2.48918706295967e-07,0.0,0.0006423901115787529,441.96653041064627,2.116334747389702e-05,7.818891064130827e-07,5.256483685010594e-07,0.0030641835029128557,0.06148875972745246,10.188491045373821,0.00019343080515012238,0.00021637321296224017,1329168.238081304,30839819.920835584
3.487940067745581e-05,5.5231499483093504e-05,194.9996860147134,1948.588275457954,0.0,2.3758269994095875,1311.087415128199,2.405146925223329e-07,0.0,0.0006437030074746164,437.41354603911174,2.0690735108462495e-05,7.528990075661645e-07,5.017259172820883e-07,0.0030232120005684094,0.060389358752738403,10.083976470159028,0.0001878744146744923,0.00021619218498889812,1329046.1344813847,30390126.774014253
3.4880374595972105e-05,5.5421015538859164e-05,194.18422883411864,1941.604644719379,0.0,2.339228702502518,1297.6892562369014,2.3244350576082272e-07,0.0,0.0006451033702649382,432.9415891319557,2.0233109693703025e-05,7.251595868989088e-07,4.790584104366425e-07,0.002983204609554291,0.05931921270510774,9.981312559966064,0.00018251231090930879,0.00021601353529142445,1328924.0114786965,29950525.838988755
3.488134851448841e-05,5.5609741316114264e-05,193.37678348900337,1934.6949304936477,0.0,2.3035639735899855,1284.5277124757158,2.246892648749618e-07,0.0,0.000646590227518633,428.54865432380257,1.9789921466181312e-05,6.986249813846105e-07,4.5757264559677796e-07,0.002944034174703587,0.058277376557950365,9.880453803409319,0.00017733583098843676,0.0002158372141036529,1328801.869076098,29520713.66644789
3.48823224330047e-05,5.5797684564602285e-05,192.57724111176742,1927.857810487606,0.0,2.2688007570637163,1271.5969706306328,2.172379878779956e-07,0.0,0.0006481506956941377,424.2327989319452,1.936102380203491e-05,6.73212428365662e-07,4.3720052293112353e-07,0.0029058473618835323,0.05726125186656847,9.781357538270244,0.0001723364456004625,0.00021566317307595203,1328679.7072764481,29100398.18731326
3.4883296351521e-05,5.5984852928690774e-05,191.78549417239884,1921.0919942950788,0.0,2.234907349171599,1258.891399026989,2.100758577060744e-07,0.0,0.0006497781498830454,419.9921406166201,1.8945906462189044e-05,6.488500786138813e-07,4.1787801248250853e-07,0.0028686779882370274,0.05626981468513969,9.683981038170144,0.00016750696954813697,0.00021549136522698654,1328557.526082606,28689298.177058555
3.48842702700373e-05,5.617125394869e-05,191.00143649336025,1914.3962226706158,0.0,2.2018525193025114,1246.405540615231,2.031888965766459e-07,0.0,0.0006514755527772988,415.82485514334695,1.8543702000836522e-05,6.254962889981653e-07,3.995453748249714e-07,0.0028323273945329783,0.05530356609718824,9.588281626095343,0.00016284104906427296,0.0002153217448954005,1328435.3254974298,28287142.77948186
3.4885244188553596e-05,5.635689506217845e-05,190.2249632873529,1907.769268306071,0.0,2.1696074231476317,1234.1341044760368,1.965649684974546e-07,0.0,0.0006532408801627062,411.7291742409489,1.8153827502913303e-05,6.031309438115138e-07,3.8214620856138355e-07,0.0027967145867199643,0.05436165319426712,9.4942191672501,0.00015833220028570375,0.00021515426769167306,1328313.1055237819,27893671.073401205
3.48862181070699e-05,5.654178360535283e-05,189.4559711646587,1901.2099344892893,0.0,2.1381452250583095,1222.0719600412237,1.9019336545630228e-07,0.0,0.0006550654788070312,407.7033835493445,1.7776023108087655e-05,5.816971887102373e-07,3.6562659540541793e-07,0.0027619442851756844,0.05344211517272355,9.401755708929018,0.0001539738452280107,0.00021498889045386185,1328190.86616452,27508631.63420232
3.4887192025586194e-05,5.6725926814388924e-05,188.6943581179842,1894.717052765926,0.0,2.107439391079401,1210.2141329573858,1.8406282151224043e-07,0.0,0.0006569452032753391,403.7458206535569,1.7409873455307623e-05,5.61118772701661e-07,3.4993712718527673e-07,0.0027280216237210654,0.05254423574985436,9.310853357024888,0.0001497598903982807,0.0002148255712065385,1328068.6074225074,27131782.10472242
3.488816594410249e-05,5.690933182679617e-05,187.94002352724505,1888.2894824340522,0.0,2.0774638760675534,1198.5557991814105,1.7816168074803513e-07,0.0,0.0006588815060744247,399.8548732008391,1.7054736479258783e-05,5.413684683067996e-07,3.350324889347186e-07,0.0026947866678659485,0.05166834592634407,9.221474493650488,0.00014568480950880868,0.00021466426911987535,1327946.3293006038,26762888.809838805
3.488913986261879e-05,5.709200568277407e-05,187.19286818037529,1881.926110947968,0.0,2.048194557327554,1187.092278026564,1.7247991496403538e-07,0.0,0.0006608715633985076,396.0289770966609,1.671014012761076e-05,5.224401272394033e-07,3.208686685417416e-07,0.002662178855707261,0.05081367495181976,9.133583629117023,0.00014174327290153929,0.00021450494446917774,1327824.0318016713,26401726.400803715
3.489011378113509e-05,5.727395532657839e-05,186.45279427138942,1875.6258526768881,0.0,2.0196089668588373,1175.819027249695,1.6700911813779226e-07,0.0,0.0006629076984203895,392.2666147752534,1.637585419951968e-05,5.042813615441527e-07,3.074034156924833e-07,0.0026303010520826375,0.049978507888809684,9.047147140743709,0.00013793002152824707,0.00021434755859747843,1327701.7149285723,26048077.496824306
3.489108769965138e-05,5.7455187607884656e-05,185.71970537868745,1869.387646884252,0.0,1.9916848161880754,1164.7316395976031,1.6174038140490522e-07,0.0,0.0006649868686128299,388.5663135414832,1.6051531389141707e-05,4.86825860346918e-07,2.9459856177553365e-07,0.0025991633626047212,0.04916223617259764,8.962131430826501,0.00013424006837798433,0.00021419207388081543,1327579.37868417,25701732.334695924
3.4892061618167685e-05,5.763570928313811e-05,184.99350646126092,1863.2104573682518,0.0,1.9644001013974852,1153.8258378709013,1.56664015911564e-07,0.0,0.0006671111170496595,384.9266439811694,1.573662892156252e-05,4.7005528577333013e-07,2.824190305036742e-07,0.0025686121360546897,0.048365268926566084,8.878503048779718,0.00013066876143181668,0.00021403845369354045,1327457.0230713258,25362488.454984114
3.489303553668398e-05,5.7815527016900445e-05,184.27410387229472,1857.0932729719643,0.0,1.937734484716637,1143.0974688715692,1.5177170210634178e-07,0.0,0.0006692778323462092,381.3462184364218,1.5430759670077345e-05,4.539692112736171e-07,2.708304941582302e-07,0.002538591698988493,0.047586962884066816,8.796230473293447,0.0001272116185336368,0.00021388666237376846,1327334.6480929058,25030150.413127396
3.489400945520028e-05,5.7994647383200454e-05,183.56140535028837,1851.0351064175056,0.0,1.9116690510137562,1132.5424992726385,1.4705662137545283e-07,0.0,0.000671479809659852,377.82368954272823,1.513373685156034e-05,4.385234499712059e-07,2.597996302987022e-07,0.0025091965561691463,0.04682579135019062,8.715283857180854,0.00012386428784275433,0.00021373666519165313,1327212.253751771,24704529.484483276
3.489498337371658e-05,5.817307686687486e-05,182.85531999184437,1845.0349924121267,0.0,1.8861849262770605,1122.1570128362778,1.4251147951877085e-07,0.0,0.0006737143110457656,374.35774882526454,1.484524767950415e-05,4.2365774065099064e-07,2.4929658296092805e-07,0.0024804303407703465,0.046081276580211245,8.635633294731537,0.00012062265887518661,0.00021358842832003367,1327089.8400507893,24385443.374930296
3.4895957292232874e-05,5.835082186489026e-05,182.15575824448354,1839.091987444763,0.0,1.8612634993355115,1111.9372060944802,1.3812842891425935e-07,0.0,0.0006759827190964745,370.9471253519613,1.4564847036156598e-05,4.0936333848053666e-07,2.3929423939350445e-07,0.0024521737359352656,0.04535371957972649,8.557249092813336,0.0001174828452142716,0.00021344191880477543,1326967.406992823,24072715.96436102
3.4896931210749176e-05,5.852788868765644e-05,181.46263191133983,1833.2051701906344,0.0,1.8368874683221776,1101.8793833445213,1.33900537499703e-07,0.0,0.0006782830019990646,367.5905844404701,1.4292206167954023e-05,3.9564046795570395e-07,2.2976554100047547e-07,0.002424374463111953,0.04464263797449534,8.480103120191341,0.00011444107969680235,0.00021329710453540243,1326844.9545807377,23766177.068806894
3.489790512926547e-05,5.870428356034015e-05,180.77585414326379,1827.3736406754163,0.0,1.8130411078428275,1091.9799526614393,1.298228892620557e-07,0.0,0.00068060794137722,364.28692641634507,1.4027275858252236e-05,3.824592979742985e-07,2.206847965764164e-07,0.0023971527415168068,0.0439463029343579,8.40416913787067,0.00011149370771368193,0.000213153954217731,1326722.4828174012,23465662.19918567
3.489887904778177e-05,5.888001262416244e-05,180.09533939724014,1821.5965180389785,0.0,1.7897079497397244,1082.2354247141013,1.2588878169433482e-07,0.0,0.0006829568554019133,361.0349854205564,1.3769687960135275e-05,3.697467936698685e-07,2.1202817612123305e-07,0.002370465886740528,0.04326484441779613,8.329419990782728,0.00010863731828702904,0.00021301243734965882,1326599.9917056786,23171012.316129636
3.489985296629807e-05,5.905508193767353e-05,179.4210034360871,1815.8729410956964,0.0,1.7668718306886169,1072.6424081897692,1.2209112780108378e-07,0.0,0.0006853316281521637,357.83362826429027,1.351896005995037e-05,3.575086099917627e-07,2.0377457808379267e-07,0.002344171922781592,0.042598903017111014,8.25582886900562,0.00010586865978157125,0.0002128725241950732,1326477.481248435,22882073.626398932
3.4900826884814365e-05,5.922949747802105e-05,178.75276333452496,1810.2020688957036,0.0,1.7445183331243808,1063.1976049774069,1.184245889637693e-07,0.0,0.0006877285274479376,354.68175332848136,1.3274886225807089e-05,3.4576962016827956e-07,1.959019978417997e-07,0.002318265144557993,0.04194759290543873,8.183371091372505,0.00010318452632278626,0.00021273418575831093,1326354.951448541,22598697.388234317
3.490265041299414e-05,5.955432891565416e-05,177.51768549654926,1799.7230263265083,0.0,1.7039136014453757,1045.901002954769,1.1189489993466618e-07,0.0,0.0006922632428906611,348.9096667180942,1.2834944841800976e-05,3.249561161955811e-07,1.8212428702426798e-07,0.0022708033528065392,0.0407655565168546,8.050667616350232,9.83756642351773e-05,0.00021247930297919545,1326125.479283949,22082576.19773139
3.490382057770294e-05,5.976159567373186e-05,176.73599433802073,1793.0919650472256,0.0,1.6786835079992921,1035.060090160183,1.0792598271754898e-07,0.0,0.0006951890695417619,345.29195783840083,1.2564376771809068e-05,3.1231957666402976e-07,1.7389471212800401e-07,0.0022413764300278213,0.04002900093414868,7.967490191300755,9.543143577773633e-05,0.0002123185162993623,1325978.1904512246,21760966.79749449
3.490499074241175e-05,5.996795261195076e-05,175.96263445910552,1786.5323094128498,0.0,1.6540720998308893,1024.4150645763168,1.0411924959837594e-07,0.0,0.0006981319348991499,341.73964453950686,1.2302486023560602e-05,3.002591748335477e-07,1.6610603622802817e-07,0.0022126116492214506,0.03931012904405705,7.885812057794458,9.259254491689612e-05,0.00021215984278154362,1325830.8737121946,21446582.232544526
3.4906160907120555e-05,6.017340940143065e-05,175.19747322061838,1780.042755812526,0.0,1.630057051540518,1013.9609719340659,1.0046522560338408e-07,0.0,0.000701097384974887,338.25107155771093,1.204858034803521e-05,2.8873551770410595e-07,1.5873308756809245e-07,0.0021842660925327924,0.038610153041503045,7.805593814688516,8.985469811313993e-05,0.00021200323817647883,1325683.5290718384,21139204.565246675
3.490733107182936e-05,6.037797555955463e-05,174.44038051152464,1773.6220363969471,0.0,1.6066185598155787,1003.6930156712876,9.695708088297274e-08,0.0,0.0007040782590414064,334.8246369262321,1.1802267677729378e-05,2.777146176867884e-07,1.5175276872206078e-07,0.0021563385415437632,0.03792799301537064,7.726799361475807,8.72136186313846e-05,0.00021184865950218767,1325536.1565351337,20838624.09345124
3.490850123653817e-05,6.058166045290376e-05,173.6912286894186,1767.2689158537448,0.0,1.583738247659121,993.6065519367016,9.358926546567587e-08,0.0,0.0007070637597853258,331.45878990954316,1.1563379863734236e-05,2.671732528107939e-07,1.4514170428433115e-07,0.00212894595797835,0.03726180236368669,7.649394439529602,8.466519523273151e-05,0.00021169606499890796,1325388.7561070584,20544638.957534067
3.490967140124697e-05,6.078447330011844e-05,172.94989251625708,1760.9821885216472,0.0,1.5613977459522086,983.6970851671556,9.035555262893285e-08,0.0,0.0007100501861644267,328.1520290310781,1.1331688131498725e-05,2.570850807299667e-07,1.3887697990394264e-07,0.0021021047603372728,0.03661094335779748,7.573344819112097,8.220562603644896e-05,0.00021154541408717836,1325241.3277925933,20257054.771400414
3.4910841565955774e-05,6.098642317468442e-05,172.2162491216784,1754.760678271601,0.0,1.5395788889474726,973.9602621605299,8.724921445612904e-08,0.0,0.0007130389972383926,324.90290018966004,1.1106845841816525e-05,2.4742647962167123e-07,1.3293769713793617e-07,0.002075726546607491,0.03597564475006045,7.498616604123076,7.98313577648779e-05,0.0002113966673258931,1325093.8715967205,19975684.300518647
3.49127744740445e-05,6.131814284785831e-05,171.02092633042903,1744.6236218326055,0.0,1.5046357821718264,958.243661610474,8.238194777767699e-08,0.0,0.0007179734322400669,319.6583940366222,1.0749732429949166e-05,2.3236925154090899e-07,1.237892554436313e-07,0.002033126741792442,0.03495883817086123,7.377987540245734,7.608715393657191e-05,0.00021115503224314767,1324850.238617184,19524040.41403773
3.491470738213323e-05,6.164757161628966e-05,169.84573590847347,1734.656399181489,0.0,1.470998265364202,942.968434809443,7.782251448258885e-08,0.0,0.0007228933006598574,314.5612230655233,1.040933996592502e-05,2.1835077673327627e-07,1.153990076850431e-07,0.0019916491468712737,0.03398071504086093,7.260737740502733,7.255166755563301e-05,0.00021091832186845007,1324606.5295984964,19088086.78806674
3.491599211533206e-05,6.186528238926e-05,169.07551482110023,1728.1231435377238,0.0,1.449329672964577,933.0511835071192,7.49512494212626e-08,0.0,0.0007261485830015791,311.2519755275115,1.019174353475873e-05,2.0956708300613881e-07,1.1020761425797801e-07,0.0019646498400460017,0.03335101065870126,7.1846103759338265,7.031051794087423e-05,0.00021076363516750013,1324444.5030861376,18806644.537641834
3.49172768485309e-05,6.208200912132527e-05,168.31381412950105,1721.66143314379,0.0,1.4281894953763787,923.3163821815813,7.220017952783129e-08,0.0,0.0007293862007258664,308.0036299168857,9.980748372486654e-06,2.0118354304417551e-07,1.0530107653085304e-07,0.0019381207350773356,0.03273678372041119,7.109880345444689,6.815182029662943e-05,0.00021061100869021167,1324282.4429979236,18531607.27523625
3.491856158172974e-05,6.229776266723819e-05,167.56049018726188,1715.2699416779697,0.0,1.4075598767244186,913.7593206975785,6.956359393726033e-08,0.0,0.0007326028045892758,304.8146133065669,9.776100104510853e-06,1.9317894477316426e-07,1.0066132611054184e-07,0.0019120542890514688,0.032137514234664454,7.036511670568135,6.607203851098183e-05,0.00021046039874908558,1324120.3493404556,18262779.176186454
3.4919846314928574e-05,6.251255369859418e-05,166.81540235747678,1708.9473776285854,0.0,1.3874236890980347,904.3754439908179,6.70360044490507e-08,0.0,0.0007357960242973645,301.68340457008514,9.577533804161431e-06,1.8553447566006101e-07,9.62717903431375e-08,0.0018864244901037087,0.0315527815556076,6.964469493811958,6.406781896888984e-05,0.00021031176293409185,1323958.2221203349,17999971.901250225
3.4921131048127414e-05,6.272639270776279e-05,166.07841294789867,1702.692483197255,0.0,1.3677645677262518,895.1603458298997,6.461223840679637e-08,0.0,0.000738963315252437,298.6085323222822,9.384788942797387e-06,1.7823252264333512e-07,9.211716527269078e-08,0.0018612067056942316,0.030982143035666338,6.893720133459282,6.213596753171497e-05,0.000210165060064364,1323796.061344163,17743004.255148996
3.4922415781326254e-05,6.293929001199528e-05,165.3493871414137,1696.504033016929,0.0,1.3485668741963432,886.1097629332163,6.228744044926567e-08,0.0,0.0007421017246886999,295.588572951554,9.197619082001473e-06,1.712557785815762e-07,8.818318331054444e-08,0.0018363840910439497,0.03042512549284594,6.824231040213957,6.0273438898338914e-05,0.00021002025013850344,1323633.8670185448,17491701.860707436
3.492370051452509e-05,6.315125575724689e-05,164.62819292987825,1690.3808329577398,0.0,1.329815633384776,877.2195693940946,6.005703013821836e-08,0.0,0.0007452081301887895,292.62214874543145,9.015793099904113e-06,1.6458743782301132e-07,8.445650197388138e-08,0.0018119456359061165,0.029881262146726702,6.755970718436449,5.847733172542461e-05,0.00020987729428960746,1323471.6391500873,17245896.850798983
3.492567540433052e-05,6.347529543013218e-05,163.53455025571176,1681.0928357118541,0.0,1.3018290116140383,863.8572079700087,5.68025424633301e-08,0.0,0.00074991444525158,288.16351135016714,8.746208219447068e-06,1.549035538914107e-07,7.910367370813815e-08,0.0017750980702108954,0.02906993518914395,6.6533674008761325,5.5839579819780776e-05,0.00020966107186673534,1323222.1973354812,16878396.336938236
3.492765029413595e-05,6.379719287584585e-05,162.45865151397572,1671.95218609802,0.0,1.27481401878632,850.8505116586981,5.374599918494022e-08,0.0,0.0007545290380126108,283.8235857951299,8.487981925429872e-06,1.4586127653537883e-07,7.416985124942742e-08,0.0017390789483116573,0.028287288786817497,6.553489326536611,5.3342864973023835e-05,0.00020944900921526216,1322972.6762994681,16522945.550832497
3.4929625183941384e-05,6.411698269502227e-05,161.40005402223582,1662.954946201374,0.0,1.2487242306557391,838.1862200575989,5.087377164162836e-08,0.0,0.0007590428761656417,279.5979444647803,8.240420141509733e-06,1.374128234890247e-07,6.961764138894931e-08,0.0017038450567826641,0.027531947020188505,6.456235163460154,5.0978433584558325e-05,0.0002092409795581868,1322723.0760660581,16179015.401127925
3.493160007374682e-05,6.44346986287322e-05,160.35832907718236,1654.0973258381405,0.0,1.223516063410813,825.8517019135984,4.8173305415554826e-08,0.0,0.0007634473044671921,275.48236991974966,8.002877581869218e-06,1.2951447678382379e-07,6.541335060049499e-08,0.0016693587104451729,0.026802600789377275,6.361508386430136,4.8738150129332793e-05,0.0002090368613940302,1322473.396659272,15846105.744647743
3.4933574963552245e-05,6.475037358709339e-05,159.33306144210607,1645.3756749828206,0.0,1.199148528124448,813.8349191537781,4.563298273682909e-08,0.0,0.0007677342401496689,271.47284286067145,7.774751701679096e-06,1.221263745600713e-07,6.152654232338394e-08,0.0016355843870528234,0.026098047171812317,6.269216961215441,4.661444964458754e-05,0.00020883653820274374,1322223.6381031382,15523743.493204841
3.493554985335768e-05,6.506403967369056e-05,158.32384890594926,1636.786477604771,0.0,1.175583048275508,802.1243933821404,4.324205096188554e-08,0.0,0.0007718963065055148,267.56553093255576,7.555483046070331e-06,1.1521109416419607e-07,5.7929716636248857e-08,0.001602486608216024,0.025417178214369604,6.179273097733024,4.4600293151213346e-05,0.0002086398982053723,1321973.8004216892,15211480.874921957
3.493752474316311e-05,6.537572820921361e-05,157.33030185560267,1628.3263458816364,0.0,1.152783319739046,790.7091745431164,4.099059144029732e-08,0.0,0.0007759266276116605,263.75677826320697,7.344554832501231e-06,1.0873443133834952e-07,5.4598042395580755e-08,0.0015700329631453684,0.02475893220747175,6.091593052978671,4.2689125822909265e-05,0.00020844683413826263,1321723.8836389706,14908893.82485937
3.493949963296854e-05,6.568546975611322e-05,156.35204282986126,1619.9920141756606,0.0,1.1307151736377503,779.5788115673967,3.886946679110552e-08,0.0,0.0007798185834287808,260.0430956600961,7.141489652484133e-06,1.0266722988936718e-07,5.150902931626692e-08,0.0015381983043909508,0.024122259503028452,6.0060969335856855,4.087483999897252e-05,0.00020825724302130183,1321473.8877790298,14615580.487570867
3.494147452277397e-05,6.59932941431458e-05,155.38870607335048,1611.7803330472038,0.0,1.1093463873725231,768.7233249531582,3.687019863663848e-08,0.0,0.0007835660217813392,256.4211514318455,6.945841610272274e-06,9.698190828890766e-08,4.864221357505833e-08,0.0015069611784570875,0.02350617380160012,5.9227084347583,3.915174228661544e-05,0.00020807102593190213,1321223.8128659278,14331159.825947067
3.494526409267158e-05,6.657870813289738e-05,153.58068370687892,1596.3555848957883,0.0,1.0701908373708822,748.6282504696613,3.334674489852145e-08,0.0,0.0007903332568574311,249.71647412982819,6.5896754023060035e-06,8.70323296190941e-08,4.3697560595025184e-08,0.0014485972585316813,0.022378536961368243,5.7683343068254525,3.608156632202326e-05,0.00020772280254843897,1320743.7286601071,13808988.400795855
3.494778943174121e-05,6.696506149774858e-05,152.40443261777637,1586.311119942134,0.0,1.0453673774252292,735.7483548197522,3.120696975024673e-08,0.0,0.0007945208512167346,245.41916952575693,6.365305382027818e-06,8.103597206192796e-08,4.0763162556433126e-08,0.0014107817087244314,0.02166471557844875,5.66938162259609,3.419438826336696e-05,0.00020749713937257328,1320423.6429001396,13477288.129541721
3.495031477081084e-05,6.734847245581067e-05,151.25026580998662,1576.4474824945642,0.0,1.0214962780891212,723.2569660442041,2.9218275880632146e-08,0.0,0.0007984405641834381,241.25152101597251,6.15050533957286e-06,7.55153880786263e-08,3.808265794699506e-08,0.0013737914159694944,0.020978972124156097,5.573408733552798,3.242353374436271e-05,0.00020727637973419453,1320103.4280428274,13157841.12935884
3.495284010988047e-05,6.772899595260568e-05,150.1175352208403,1566.759211344339,0.0,0.9985277168655604,711.1376479055832,2.736884454968561e-08,0.0,0.0008020848885501167,237.20804183964367,5.944652254170081e-06,7.041206993219894e-08,3.563025901890101e-08,0.0013376026646688963,0.0203196882094565,5.480289964413796,3.0760718412255436e-05,0.00020706035551220408,1319783.0841385568,12850041.778761216
3.49553654489501e-05,6.810668532855819e-05,149.0056175810964,1557.2410766657365,0.0,0.9764149626658163,699.3748504077712,2.56480682419572e-08,0.0,0.0008054484589587324,233.28354110066232,5.747142343139455e-06,6.564589924013683e-08,3.338472972103883e-08,0.0013021751019895978,0.019685654569584918,5.389906112399938,2.9198339197154153e-05,0.0002068489064605574,1319462.6112377371,12553321.728729093
3.4957890788019734e-05,6.848159238146919e-05,147.9139132860367,1547.8880676212636,0.0,0.9551142888277554,687.9538519524278,2.404576543450987e-08,0.0,0.0008085271740271374,229.4731045135191,5.557413777816169e-06,6.127315715855932e-08,3.13260092691562e-08,0.0012674646961289638,0.019075798321553924,5.302144260471022,2.7729393244858235e-05,0.00020664187972548972,1319142.0093907935,12267147.170590391
3.496041612708936e-05,6.88537674243013e-05,146.84184535356292,1538.6953811585543,0.0,0.9345850669553055,676.8607057770615,2.2552047028828856e-08,0.0,0.0008113169160939576,225.7720766259891,5.37499205675549e-06,5.7308377592016986e-08,2.943276496661276e-08,0.0012334542453491617,0.01848876031926163,5.216897758336205,2.6347416541299303e-05,0.00020643912942084236,1318821.2786481762,11991016.339488475
3.4962941466158995e-05,6.922325934008708e-05,145.78885842849502,1529.6584106080727,0.0,0.9147895421246038,666.0821907661474,2.1159167201141018e-08,0.0,0.0008138139560553572,222.17604437441145,5.199489428750237e-06,5.353987202236596e-08,2.768893721166513e-08,0.0012001531355621126,0.01792296086132224,5.134065775242435,2.5046455783521985e-05,0.00020624051623876853,1318500.4190603523,11724457.220167017
3.496546680522862e-05,6.95901156352331e-05,144.75441781097956,1520.7727344705686,0.0,0.8956920308267453,655.6057664742567,1.9862580979025104e-08,0.0,0.0008160171911182414,218.68082184752328,5.030515178299502e-06,4.976665864646192e-08,2.609059448077246e-08,0.001167546343229221,0.01737735590685168,5.0535522384589875,2.3821047585317056e-05,0.0002060459070780426,1318179.430677812,11467025.43835153
3.4967992144298255e-05,6.995438249095227e-05,143.7380085300411,1512.0341073563538,0.0,0.877258268323572,645.4195312667883,1.8653406398636345e-08,0.0,0.0008179288628964177,215.282436161462,4.867572184504686e-06,4.661239930777692e-08,2.4622914489580723e-08,0.001135551633460977,0.01685189763977407,4.975265085305913,2.2666165353121338e-05,0.00020585517469035936,1317858.3135510627,11218302.33440625
3.497051748336788e-05,7.031610481222445e-05,142.7391344965818,1503.4384533334285,0.0,0.8594563771242679,635.5121818747805,1.7518161937880004e-08,0.0,0.0008195496911418355,211.97711436007586,4.7102242125788026e-06,4.422577963287312e-08,2.325144394120287e-08,0.0011041193365455575,0.016346029509757068,4.899117371413537,2.1577117594794867e-05,0.00020566819735011536,1317537.0677306354,10977893.204598775
3.4973042822437516e-05,7.067532627430346e-05,141.75731769082455,1494.9818569645718,0.0,0.8422576453006388,625.8729761062551,1.645574991928599e-08,0.0,0.0008208767600781433,208.76127125666173,4.558306868733467e-06,4.113546621236579e-08,2.197382776487797e-08,0.0010733129713172802,0.015857684490800526,4.8250279138134475,2.0549514591157073e-05,0.00020548485855153596,1317215.6932670774,10745425.663757393
3.4975568161507143e-05,7.103208936714843e-05,140.7920973410581,1486.6605513476775,0.0,0.8256351188852568,616.4917004532246,1.5474117505899154e-08,0.0,0.0008219097652454277,205.63149813813453,4.411723830569415e-06,3.7395251507488834e-08,2.0823120016877266e-08,0.001043194434925254,0.01538506832915478,4.752919348270286,1.957935052254377e-05,0.0002053050467305017,1316894.1902109603,10520548.114520408
3.497809350057678e-05,7.138643543800214e-05,139.8430291425858,1478.4709098673034,0.0,0.8095618083900299,607.3586403085492,1.4555627081760802e-08,0.0,0.0008226559193053774,202.5845522613612,4.270041123275357e-06,3.608844459727239e-08,1.9761589385427394e-08,0.0010136790181057022,0.014928594407969847,4.682716088314676,1.866301930593469e-05,0.00020512865500261219,1316572.5586128721,10302928.357130669
3.498061883964641e-05,7.173840473218232e-05,138.90968458266423,1470.4094445512526,0.0,0.7940116639960663,598.4645493875419,1.3671225154386976e-08,0.0,0.0008231232350324327,199.6173470785197,4.1326906819140144e-06,3.6187101636588426e-08,1.870207294356951e-08,0.0009846372763028864,0.014489187817295175,4.614345712658997,1.7797132943281684e-05,0.00020495558091143662,1316250.7985234247,10092252.345234092
3.498314417871604e-05,7.208803643217269e-05,137.99165031903644,1462.472802506067,0.0,0.7789620370555597,589.8006198223192,1.285073975940356e-08,0.0,0.0008233115858550773,196.72694313340978,3.999663423644845e-06,3.092077488798244e-08,1.772689219413491e-08,0.0009561186929565365,0.014065139312163213,4.547741687031147,1.6978376700922702e-05,0.00020478572619132447,1315928.909993249,9888223.021351708
3.498566951778567e-05,7.24353686950413e-05,137.08852748678024,1454.6577532234182,0.0,0.7643924111815159,581.3584581971982,1.2101720092474426e-08,0.0,0.0008232198688668726,193.91053957687862,3.871057354333131e-06,2.8379811582734447e-08,1.688148346165061e-08,0.0009282442096308636,0.013653947760072116,4.482841385683094,1.620372259555217e-05,0.00020461899655386192,1315606.8930729935,9690559.181772307
3.49881948568553e-05,7.278043868816669e-05,136.1999310268626,1446.961178379308,0.0,0.7502822243267376,573.1300640662475,1.1332019146171842e-08,0.0,0.0008228547435683663,191.1654662548231,3.746382283886865e-06,3.754314088743904e-08,1.5889017261367987e-08,0.000901015799537136,0.01325504898575116,4.4195833903995165,1.547053677702348e-05,0.00020445530148923487,1315284.7478133303,9498994.439788762
3.499072019592493e-05,7.312328262336872e-05,135.3254891169234,1439.380070562924,0.0,0.7366103508308686,565.1078080652326,1.0560041670153333e-08,0.0,0.0008222292170558516,188.489176324701,3.625221654863319e-06,3.536053563172645e-08,1.4754901276679003e-08,0.0008742863539619319,0.012869982183620976,4.357907246697903,1.4776376428373028e-05,0.0002042945540742926,1314962.4742649496,9313276.317172274
3.499324553499456e-05,7.34639357896914e-05,134.46484269942815,1431.9115353378834,0.0,0.7233581125620467,557.2844079832598,9.910642364000534e-09,0.0,0.0008213493255270029,185.87923935844296,3.5079104252278408e-06,2.194946504302465e-08,1.387053545434589e-08,0.0008480363023603806,0.012498246481940737,4.297757072189451,1.4118713510766257e-05,0.0002041366707861907,1314640.072478564,9133165.419007745
3.4995096856388584e-05,7.37122962162497e-05,133.8424670158451,1426.5062615122674,0.0,0.7139000792943518,551.6713771875726,9.515169856127658e-09,0.0,0.000820542742205732,184.00670412064167,3.424473939156388e-06,2.360377313230109e-08,1.3447445226552088e-08,0.0008291628927348357,0.012232795484929053,4.254600527685714,1.3658431045710386e-05,0.00020402269973203378,1314403.6388903563,9004556.624739872
3.499694817778261e-05,7.395951101305934e-05,133.2271861687896,1421.1589187195887,0.0,0.7046521215820011,546.1588420452944,9.106082313044369e-09,0.0,0.0008196030557919555,182.1677014091284,3.3427909756164418e-06,2.918433881078976e-08,1.2967480528219519e-08,0.0008105954236426851,0.011973250420545653,4.212215905935207,1.3215839331982744e-05,0.00020391019416437635,1314167.1364300842,8878753.479549129
3.499879949917663e-05,7.420559319461376e-05,132.61887075633723,1415.8684655983834,0.0,0.695607410003116,540.7442570923567,8.751419001707704e-09,0.0,0.0008185352312836461,180.36138153760277,3.262919361575597e-06,1.4057386401353567e-08,1.2593704457158399e-08,0.0007922892683527772,0.011720122787887335,4.170583068154938,1.2790168543661952e-05,0.00020379912436618798,1313930.5651177499,8755673.601982322
3.500065082057066e-05,7.445055553884426e-05,132.01739456539866,1410.6338889232645,0.0,0.6867597002741375,535.4251593393084,8.640014020490236e-09,0.0,0.0008173424418710694,178.5869224789123,3.185541417637169e-06,0.0,1.2918417912909673e-08,0.0007742305197946627,0.01147337143871735,4.129682990326428,1.2380539312724597e-05,0.00020368946144486074,1313693.9249733575,8635237.650721408
3.500276346918939e-05,7.472874400230492e-05,131.33921380343352,1404.7274174911988,0.0,0.6768969245074231,529.4688433641044,8.463938601484122e-09,0.0,0.0008158296319429485,176.5998937841493,3.0991865375409475e-06,1.960252562709603e-08,1.3250202999247643e-08,0.0007539799558748027,0.011198409417942383,4.083882202169753,1.1931948045485159e-05,0.00020356600169406622,1313423.797317646,8500933.730891049
3.500487611780813e-05,7.50055087894075e-05,130.66960082495058,1398.8909976185782,0.0,0.6672758353585354,523.6303512260191,8.011662076113377e-09,0.0,0.0008141583157685074,174.6521788408854,3.0139781701956206e-06,3.2492567552651156e-08,1.2786346224873123e-08,0.000734141351504143,0.010929812708184153,4.038986907179173,1.1502567084923534e-05,0.0002034442969406719,1313153.580081913,8369864.171712749
3.5006988766426865e-05,7.528086781690496e-05,130.00838225383305,1393.1232384790171,0.0,0.6578879574584288,517.9063865255,7.764469924451418e-09,0.0,0.0008123353829989633,172.74267739698158,2.9313648540953892e-06,0.0,1.2783279236359479e-08,0.0007146706872542702,0.01066810773182476,3.994971230958793,1.1091245887985694e-05,0.00020332430790659,1312883.2732959162,8241924.214247303
3.5009101415045595e-05,7.555483864025262e-05,129.35538942269267,1387.4227886082372,0.0,0.6487252913537306,512.2937713057302,7.629783024081257e-09,0.0,0.000810367043357873,170.87032874283676,2.851168503337298e-06,4.569849064360758e-09,1.3166308812804764e-08,0.0006955349922575753,0.01041341752297463,3.951810283217199,1.0697137544542222e-05,0.00020320599651871849,1312612.8769894256,8117013.348525023
3.501121406366433e-05,7.58274384634147e-05,128.7104582378123,1381.7883363371973,0.0,0.6397806292386107,506.7894402825753,7.329581645684697e-09,0.0,0.0008082573186551938,169.03410998461638,2.7723600299003224e-06,2.5458470651283305e-08,1.3127362968842737e-08,0.0006767437518508016,0.010165299302825124,3.9094807567315293,1.0319538850012591e-05,0.00020308932586019494,1312342.391192216,7995035.117904436
3.501332671228307e-05,7.609868414837818e-05,128.0734290292348,1376.218606100557,0.0,0.6310471259373525,501.3904364574525,6.893902459645168e-09,0.0,0.0008060099929363864,167.2330344055447,2.6948856209582994e-06,1.455614540701746e-08,1.2618968565109874e-08,0.0006583132294904351,0.009923313371034317,3.8679602707251473,9.957596346382931e-06,0.00020297426012549647,1312071.8159340764,7875896.911687977
3.50154393609018e-05,7.636859222434133e-05,127.44414638989463,1370.712355592893,0.0,0.6225179783319967,496.09390689940636,6.539459297844371e-09,0.0,0.0008036300493083894,165.4661499104901,2.6194937458091165e-06,0.0,1.2248667133615221e-08,0.0006402385282386617,0.00968732981729283,3.8272268407923296,9.610414717928414e-06,0.00020286076457903408,1311801.1512448047,7759509.773030045
3.501755200952054e-05,7.663717889656263e-05,126.82245902720817,1365.268375898248,0.0,0.6141866339092003,490.8970980234423,6.237590900325797e-09,0.0,0.000801122904638155,163.73253754928976,2.5460849118519725e-06,1.5842130600375145e-08,1.2016313098779864e-08,0.0006225092435375816,0.009457251618235667,3.7872591911071987,9.277428921168935e-06,0.00020274880551523624,1311530.3971542087,7645788.232723768
3.5019664658139275e-05,7.690446005490993e-05,126.20821963991077,1359.8854914356912,0.0,0.606046898598938,485.7973511685716,5.893770690701354e-09,0.0,0.0007984935547072751,162.03131011412094,2.4741865132804095e-06,2.4047449649396468e-08,1.1635994311167774e-08,0.0006051227863761696,0.009232902163274326,3.7480369760374077,8.958134730245884e-06,0.00020263835021899204,1311259.5536921064,7534650.151255245
3.502206153131675e-05,7.72061387241914e-05,125.52018080240275,1353.8509528468023,0.0,0.5970365396763316,480.1257945488709,5.5113497060851644e-09,0.0,0.000795368470813951,160.13933915576305,2.3946287615935862e-06,1.522198274199021e-08,1.1147781527210508e-08,0.0005858107899774954,0.00898508556557934,3.704415727264687,8.611443590246142e-06,0.00020251481554205993,1310952.1642068035,7411588.546093538
3.5024458404494216e-05,7.750617931706094e-05,124.84134057160091,1347.8919576030175,0.0,0.5882567760867906,474.5722573149313,5.167145474925321e-09,0.0,0.0007920990865932789,158.28674519081494,2.3173378629631003e-06,1.0488265538247731e-08,1.0707935298661006e-08,0.0005669373755690795,0.008744125353437729,3.6617009003816983,8.280379409028824e-06,0.00020239313065248773,1310644.6597672342,7291640.106603233
3.502685527767169e-05,7.780460364244582e-05,124.17150125924633,1342.006929556535,0.0,0.5796996306015889,469.13326366773674,4.864807121658802e-09,0.0,0.0007886924829723192,156.4723683283717,2.242273386082161e-06,1.1225266311559775e-08,1.0336386570287148e-08,0.0005484995435637315,0.008509780455543103,3.619865819736988,7.964203542604089e-06,0.00020227325205783028,1310337.0404169871,7174698.956813589
3.5029252150849164e-05,7.810143304256347e-05,123.51047091731192,1336.1943387948097,0.0,0.571357468956607,463.80546931253394,4.592057260575433e-09,0.0,0.0007851557856263411,154.69509256826447,2.1693191368583566e-06,1.0959148727125408e-08,1.0003812830044635e-08,0.0005304929759433882,0.00828184195941723,3.5788848123553687,7.66222343616109e-06,0.00020215513766334286,1310029.3061996675,7060663.726096448
3.503164902402664e-05,7.839668840676558e-05,122.85806312676598,1330.4526998766028,0.0,0.5632229854786696,458.5856554126487,4.336158160846471e-09,0.0,0.0007814960260656593,152.95384378038375,2.098380638664583e-06,9.87416875722738e-09,9.685487649132285e-09,0.0005129133406784702,0.008060103157586746,3.5387331596497242,7.373715384697413e-06,0.00020203874671346106,1309721.457158898,6949437.319453596
3.503404589720411e-05,7.869039018427559e-05,122.21409680435546,1324.7805702474702,0.0,0.5552891889908392,453.470722864287,4.092355585329788e-09,0.0,0.000777720102539059,151.24758779656338,2.0294031546366878e-06,9.612191075258558e-09,9.37528130768693e-09,0.0004957566735288067,0.007844359813499475,3.4993870638199764,7.097963023411032e-06,0.0002019240397388447,1309413.4933383167,6840926.702120196
3.5036442770381585e-05,7.898255839647309e-05,121.57839601692018,1319.1765486737272,0.0,0.547549386701793,448.4576868825596,3.862529446237021e-09,0.0,0.0007738347960565382,149.575328604416,1.9623503770345123e-06,9.342638873141135e-09,9.077133103412047e-09,0.0004790191208201232,0.007634416496609649,3.4608236085975927,6.834304339770333e-06,0.0002018109785060565,1309105.4147815793,6735042.696513484
3.503978650061491e-05,7.938761932533578e-05,120.70505491108895,1311.4699364484818,0.0,0.5370640780997693,441.6291189308228,3.567418937422971e-09,0.0,0.0007682445172834902,147.2974496802114,1.8719502874855335e-06,8.326640918860627e-09,8.686563313331604e-09,0.0004563620327503082,0.0073508761896467385,3.4082919798874842,6.485559359233555e-06,0.00020165593325967483,1308675.4417564906,6591557.403687565
3.504313023084824e-05,7.978978574899474e-05,119.84701894787537,1303.889654990709,0.0,0.5269273259409673,434.98580412695486,3.299298958225805e-09,0.0,0.0007624721084510889,145.08137796299982,1.785103440582193e-06,7.614225941512771e-09,8.324977051498474e-09,0.00043450093868951554,0.007077782801474697,3.35718325413566,6.157660123583721e-06,0.0002015039220180838,1308245.245643272,6452797.022767678
3.504647396108156e-05,8.01891081141799e-05,119.00385678332576,1296.4322699828213,0.0,0.5171235266363883,428.5206429922389,3.053499466349526e-09,0.0,0.0007565348353078047,142.92474443084345,1.701692361624954e-06,7.238464279746519e-09,7.987629822641678e-09,0.0004134234908720868,0.006814687435822041,3.307442908173062,5.849186242721539e-06,0.0002013548519828086,1307814.8265606025,6318552.935688047
3.504981769131489e-05,8.058563545551583e-05,118.17515348969685,1289.0944778430094,0.0,0.5076379534085358,422.2268848529152,2.827219412661855e-09,0.0,0.000750449402439344,140.825296472506,1.6216077029691406e-06,6.6155014323975116e-09,7.670992703311367e-09,0.0003931168453550795,0.0065611674681827345,3.259019095822706,5.558815390569514e-06,0.00020120863421372491,1307384.1846272182,6188628.018953074
3.505316142154821e-05,8.097941544991991e-05,117.36050976405814,1281.8730992058995,0.0,0.4984566967798282,416.098107039455,2.6192554504440687e-09,0.0,0.0007442319169262893,138.7808909438736,1.5447481422173854e-06,5.9424559993181394e-09,7.374028788892427e-09,0.0003735676864093786,0.006316823080896665,3.211862487596211,5.28533356959297e-06,0.00020106518342228796,1306953.3199619227,6062835.886644048
3.505650515178154e-05,8.137049446429747e-05,116.5595412425682,1274.7650733061885,0.0,0.4895666100564553,410.1281955992973,2.42705196001413e-09,0.0,0.0007378978710869602,136.789487730081,1.4710144297660715e-06,5.957167156262061e-09,7.095134300362905e-09,0.0003547621862570462,0.0060812765354552436,3.1659261226843562,5.027626366177863e-06,0.00020092441779430594,1306522.2326835764,5941000.194528337
3.505984888201486e-05,8.175891760237829e-05,115.77187783394122,1267.767452553814,0.0,0.4809552586102339,404.31132731411054,2.248838772473956e-09,0.0,0.0007314621245836731,134.8491437437297,1.400309031300133e-06,5.84286283015013e-09,6.83240226350237e-09,0.0003366859992189481,0.005854173067523476,3.121165272973735,4.784658551084166e-06,0.00020078625881878728,1306090.9229111029,5822953.995464886
3.506319261224819e-05,8.214472875229431e-05,114.99716304699655,1260.8773970598668,0.0,0.4726108728592822,398.6419529032529,2.0866543978948896e-09,0.0,0.0007249388831660527,132.9580073181241,1.3325400173173322e-06,4.344330546788553e-09,6.586462041119425e-09,0.0003193243127800531,0.005635177912055138,3.0775373135866197,4.5554650375592755e-06,0.00020065063111612182,1305659.3907634872,5708539.140473366
3.506910535453558e-05,8.282069893167446e-05,113.65787365135172,1248.9485820903715,0.0,0.4584749377731837,388.9616419398785,1.827157329926545e-09,0.0,0.0007132308672005921,129.72895829628908,1.2196060875795714e-06,3.6433142365497426e-09,6.184379879861968e-09,0.0002903253287513856,0.005266798750081796,3.0030386997116234,4.181193288798394e-06,0.0002004167742956181,1304895.7654332248,5514650.339297503
3.507501809682296e-05,8.348886229610172e-05,112.3561997407174,1237.3332084182368,0.0,0.445081963434351,379.69869106115124,1.5870288176712717e-09,0.0,0.0007013609531450508,126.63914868705413,1.1150652875255997e-06,5.389662935128039e-09,5.810643194395024e-09,0.000263425694335702,0.0049211449054642415,2.931745765345824,3.84279698421745e-06,0.00020019022850814727,1304131.4457868147,5330880.860196795
3.507907959267801e-05,8.394341760094915e-05,111.48298211738623,1229.5290915380676,0.0,0.4362854239843869,373.5645283398346,1.4465778839527132e-09,0.0,0.0006931466654598378,124.59300928661384,1.0478859405097554e-06,3.499154144961245e-09,5.577571821618777e-09,0.00024611768589157093,0.00469610656310559,2.8845301611665133,3.6290863448414956e-06,0.0002000386640766877,1303606.0284073513,5210143.876101518
3.508314108853305e-05,8.439445986973675e-05,110.62619023843295,1221.862314063733,0.0,0.42779905664349094,367.60767593992864,1.3268186219268906e-09,0.0,0.0006849046237800266,122.60602312036646,9.843091975739195e-07,2.440928933748444e-09,5.365608277953824e-09,0.00022972756273657006,0.004480640440869117,2.838676431867827,3.4293215448644854e-06,0.00019989027345708986,1303080.2839471619,5093637.279701719
3.508720258438809e-05,8.484205479038573e-05,109.78532514250723,1214.328890578882,0.0,0.41960814154145,361.8208893694743,1.2145176931319468e-09,0.0,0.0006766521443258721,120.67577297618132,9.241804702796308e-07,4.234551711402807e-09,5.166329831319489e-09,0.00021422484016298562,0.0042743243597350685,2.794128925240599,3.2424686582376003e-06,0.00019974495322774196,1302554.2126202323,4981162.45517718
3.509126408024313e-05,8.528626606918017e-05,108.95990842354881,1206.9249974420259,0.0,0.4116988259106278,356.197303737007,1.1101226766683103e-09,0.0,0.0006684051686598087,118.79996831931417,8.673556462128424e-07,2.7176987079944213e-09,4.977554249113348e-09,0.0001995786698629832,0.004076768750805304,2.7508349138093697,3.0675733816317743e-06,0.00019960260453608688,1302027.8146406822,4872532.416745217
3.509532557609818e-05,8.572715551266321e-05,108.14948115911061,1199.6469641588867,0.0,0.4040580615338939,350.73040962540097,1.0208745205176888e-09,0.0,0.0006601783087866897,116.97643723475281,8.137011680147082e-07,0.0,4.803549397160011e-09,0.00018575792509353478,0.0038875987096660563,2.7087443932020925,2.9037585839692186e-06,0.0001994631328399115,1301501.090222763,4767570.9950763015
3.509938707195322e-05,8.616478310153788e-05,107.35360296308353,1192.4912659183371,0.0,0.3966735513656812,345.4140307876738,9.348142680791778e-10,0.0,0.0006519849007910927,115.20311898480998,7.630748346765822e-07,3.5457579939476888e-09,4.63864261698743e-09,0.000172731381808279,0.0037064534258749934,2.667809914619378,2.7502245829131083e-06,0.00019932644768310862,1300974.039580862,4666112.092668734
3.510344856780826e-05,8.659920706234546e-05,106.57185107780444,1185.454516578075,0.0,0.3895336961411426,340.24230344660543,8.484230757184022e-10,0.0,0.000643837059701193,113.47805710714925,7.153379467658198e-07,5.351611074394108e-09,4.477839747395609e-09,0.00016046777681210828,0.003533007025601997,2.627986445994253,2.606236907909649e-06,0.00019919246248025502,1300446.6629294965,4567998.99826417
3.510751006366331e-05,8.703048393815735e-05,105.80381948244647,1178.5334615883476,0.0,0.3826275414032103,335.20965709728165,8.036945603386863e-10,0.0,0.0006357457313401598,111.79939300437711,6.703854674985949e-07,0.0,4.343482623905987e-09,0.00014893581686968439,0.00336696129521767,2.5892312160137285,2.471117675332303e-06,0.00019906109430409112,1299918.9604833168,4473083.753119936
3.5114361237131655e-05,8.775100786843067e-05,104.53827133933835,1167.1121372708851,0.0,0.37147890292463515,327.020848822201,6.877961861104227e-10,0.0,0.0006222517687617933,109.06798909396358,6.004324642921153e-07,2.6642656186692474e-09,4.106792942311748e-09,0.00013105495160731497,0.003102741959703708,2.5261650390697636,2.261567560397265e-06,0.00019884520554220618,1299028.0628100573,4319836.29061727
3.511932181803213e-05,8.826735420076719e-05,103.64462036219834,1159.0343705128942,0.0,0.36377730726112834,321.31587819098615,5.713928687773842e-10,0.0,0.0006126223307682317,107.16508741081003,5.540996094361458e-07,5.217313734002088e-09,3.924015038212843e-09,0.00011926948441204265,0.0029232306085472115,2.4822234659568423,2.1229523537838147e-06,0.00019869319386962107,1298382.4321645566,4213955.69640556
3.51242823989326e-05,8.877931319780044e-05,102.76928690730955,1151.111923538737,0.0,0.35636864799670653,315.78963632538574,4.950739343439354e-10,0.0,0.0006031258711955346,105.32180886309779,5.111883003433761e-07,0.0,3.76656417794212e-09,0.00010839736851476915,0.0027531143474873927,2.439654661739751,1.9943206374073563e-06,0.00019854464984969005,1297736.3167713343,4112092.8908265284
3.5129242979833074e-05,8.928697420407495e-05,101.91166296651527,1143.3399014625413,0.0,0.3492378205088328,310.4342081143073,4.558871643386166e-10,0.0,0.0005937732696120284,103.53551264829032,4.7149307749949145e-07,8.91411046281893e-10,3.6371264177992794e-09,9.838490989209454e-05,0.002591937371401133,2.3983978401839177,1.8748544727001454e-06,0.00019839945087510874,1297089.717022685,4014043.776821238
3.513420356073354e-05,8.97904236162075e-05,101.07116801676891,1135.7136255743962,0.0,0.3423706763869093,305.24212795002825,4.2273044966575403e-10,0.0,0.0005845736099427376,101.80370795735551,4.3479332501225745e-07,2.7232252917487994e-09,3.5178401758724485e-09,8.917980823811726e-05,0.0024392737365562336,2.3583956829803485,1.7638050988542097e-06,0.00019825748021519895,1296442.6333112016,3919617.1790836295
3.513916414163402e-05,9.028974501766363e-05,100.24724743291154,1128.2286207284212,0.0,0.3357539490426148,300.20634874778966,3.8306243149761654e-10,0.0,0.0005755343259051088,100.12404363217574,4.008857300998044e-07,4.083219662091004e-10,3.399823335645233e-09,8.07312275019328e-05,0.0022947196670283013,2.319594088965571,1.6604898581230816e-06,0.00019811862665200685,1295795.0660297666,3828633.8669881816
3.5144124722534486e-05,9.078501930300573e-05,99.43937104543848,1120.880603964393,0.0,0.3293751882936912,295.32021349064144,3.3812593949004533e-10,0.0,0.0005666613507188731,98.49429866730236,3.695854558454968e-07,1.2587087746004287e-09,3.2842088413174303e-09,7.298991478842427e-05,0.0021578863559829154,2.2819419471394813,1.5642914165427037e-06,0.00019798278415374015,1295147.0155715612,3740925.6645854
3.514908530343496e-05,9.127632479434121e-05,98.64703180843152,1113.6654743478655,0.0,0.32322269990173214,290.5774290204349,2.996787561511583e-10,0.0,0.0005579592628607012,96.91237347066412,3.4072117754231e-07,2.0957315287811657e-09,3.175902759088977e-09,6.590834526974885e-05,0.0020284172063373554,2.2453909567757333,1.4746495075765062e-06,0.00019784985157517216,1294498.482330055,3656334.638832253
3.515404588433543e-05,9.176373735252775e-05,97.86974453878476,1106.579303079709,0.0,0.31728549015034213,285.9720419108813,2.732883551133142e-10,0.0,0.0005494314228534097,95.3762818075599,3.1412791931424535e-07,2.2837794162975937e-10,3.077375859233163e-09,5.944085565061073e-05,0.0019059695361534406,2.2098954288989163,1.391051526508329e-06,0.0001977197323753856,1293849.4666990144,3574712.3553475793
3.51590064652359e-05,9.224733048327307e-05,97.10704472411892,1099.6183240959958,0.0,0.31155321708905687,281.49841620032504,2.4918130574065694e-10,0.0,0.0005410800999862889,93.88414336768669,2.8964177353563755e-07,8.098271434335793e-10,2.984931389296097e-09,5.3543739371218756e-05,0.0017902057062818347,2.1754121071611534,1.3130286828166673e-06,0.00019759233435174517,1293199.969072497,3495919.196188332
3.5163967046136374e-05,9.2727175437326e-05,96.35848741207754,1092.7789254936138,0.0,0.30601614426121915,277.15121281481703,2.2192148520854724e-10,0.0,0.0005329065927561306,92.43417690366957,2.6710680766423225e-07,2.1725983588800366e-09,2.8949535903816974e-09,4.8175246506469465e-05,0.0016808105555438215,2.141900023819481,1.240153401858544e-06,0.00019746756939254396,1292549.9898448512,3419823.7350682416
3.516892762703684e-05,9.320334130477247e-05,95.6236461782572,1086.057641465431,0.0,0.30066509746926895,272.925370575368,1.9950938141142608e-10,0.0,0.0005249113399333611,91.02469389196737,2.4638226274125766e-07,0.0,2.8098776666591035e-09,4.3295613548557464e-05,0.0015774870417959626,2.1093203503193902,1.1720353166137081e-06,0.00019734535324847464,1291899.5294107231,3346302.1637690365
3.517388820793732e-05,9.367589510423804e-05,94.90211215938736,1079.4511446883073,0.0,0.29549142682707014,268.8160886367295,1.870389923553592e-10,0.0,0.00051709402408538,89.65409266944924,2.2733674386341842e-07,0.0,2.732929826135428e-09,3.886713239694583e-05,0.0014799429397939553,2.0776362523373844,1.1083175492383628e-06,0.00019722560532022904,1291248.5881650457,3275237.7649111943
3.5178848788837786e-05,9.414490186767864e-05,94.19349314371152,1072.956239322932,0.0,0.290486973104996,264.8188102056013,1.7500373687815466e-10,0.0,0.000509453668033284,88.32085300383127,2.0983880801716358e-07,1.6764954901193073e-09,2.6600017826570625e-09,3.485419789477864e-05,0.0013878984758358952,2.0468127745807783,1.0486734260634654e-06,0.0001971082484594912,1290597.166503047,3206520.4272925523
3.518380936973826e-05,9.461042472097266e-05,93.4974127193536,1066.569854402859,0.0,0.2856440325666938,260.92920745656335,1.6943993483599317e-10,0.0,0.0005019887245871399,87.02353106147481,1.9377172207961093e-07,0.0,2.5926947528191584e-09,3.122320635413585e-05,0.001301093392175547,2.0168167284631306,9.92802472206001e-07,0.00019699320878207864,1289945.2648202442,3140046.1995742554
3.518876995063873e-05,9.507252496035618e-05,92.81350947014697,1060.289037366501,0.0,0.28095532810282964,257.14316756395044,1.6411770047324927e-10,0.0,0.0004946971596758232,85.76075473991206,1.790211657299626e-07,0.0,2.5290377581245766e-09,2.7942556453784514e-05,0.0012192657376207162,1.9876165644439927,9.404296027057169e-07,0.00019688041549378453,1289292.8835124495,3075716.8780465852
3.5193730531539206e-05,9.553126212489758e-05,92.14143622492222,1054.1109483334112,0.0,0.27641398226788666,253.456779700098,1.5129095742195476e-10,0.0,0.0004875765239980327,84.53121933502794,1.6547798021310163e-07,1.2878689930277398e-09,2.4653333053302745e-09,2.498263063014447e-05,0.0011421683364852147,1.959182288444052,8.91302658218643e-07,0.00019676980072749122,1288640.0229757628,3013439.6274308576
3.5198691112439674e-05,9.5986694065342e-05,91.48085935307351,1048.0328546450492,0.0,0.2720134904141063,249.86632296871656,1.359152458588235e-10,0.0,0.0004806240188342173,83.3336835152186,1.53046032128701e-07,0.0,2.4026267190231376e-09,2.2315735331062427e-05,0.0010695705369030354,1.9314853712737399,8.451894330013193e-07,0.00019666129939063126,1287986.6836065773,2953126.630478578
3.520365169334014e-05,9.643887700960848e-05,90.83145809943886,1042.0521256227873,0.0,0.2677476964458535,246.36825519387887,1.2787868725662826e-10,0.0,0.00047383655718907146,82.1669655774853,1.416401739853574e-07,0.0,2.3451871263688315e-09,1.9916053401190395e-05,0.0010012477346789431,1.9044986538448077,8.018765241629105e-07,0.00019655484902223282,1287332.8658015756,2894694.763765817
3.520861227424062e-05,9.688786562511272e-05,90.19292395596383,1036.1662276757365,0.0,0.26361077331175886,242.9592024751727,1.2066378880567644e-10,0.0,0.0004672108176260352,81.02993996294936,1.3117404970033605e-07,1.5945923356694258e-09,2.2905016888995286e-09,1.775964338620731e-05,0.0009369799533050253,1.8781962683516107,7.611684928053308e-07,0.00019645038965889153,1286678.56995773,2838065.297779539
3.521357285514109e-05,9.73337130780621e-05,89.56496007467081,1030.3727197478247,0.0,0.25959720127888736,239.6359494548862,1.1625869432898043e-10,0.0,0.0004607432937826117,79.92153401132241,1.215709317650965e-07,0.0,2.23882584180196e-09,1.582429501543422e-05,0.0008765614269123758,1.8525535692340913,7.228846327886512e-07,0.00019634786370863059,1286023.7964723066,2783163.6195120052
3.521853343604156e-05,9.777647108989232e-05,88.94728071093273,1024.6692487898265,0.0,0.25570174900374154,236.39543026650404,1.1132889623204372e-10,0.0,0.0004544303415736557,78.84072493559947,1.1275769583568264e-07,0.0,2.189385029818023e-09,1.4089426714448719e-05,0.0008197869478074342,1.82754704759559,6.868580376719057e-07,0.00019624721583280931,1285368.5457428575,2729918.9746920955
3.5227776455867606e-05,9.859338993407024e-05,87.82285962017555,1014.2744528677453,0.0,0.24874162400046576,230.56814125110043,1.0436246752319954e-10,0.0,0.0004430668508168821,76.89715801808443,9.822115457492764e-08,0.0,2.1041341587886707e-09,1.1327646699329379e-05,0.0007230691358191667,1.7825733442656637,6.252329641996151e-07,0.00019606450796192664,1284146.3493769676,2634900.7308966317
3.523409217994704e-05,9.914568102953974e-05,87.07366268350125,1007.3397866782896,0.0,0.2441964079498495,226.73660597862286,9.306798771057026e-11,0.0,0.00043559059629550925,75.61923631973117,8.95316842780044e-08,1.4301724153828772e-09,2.0468215245553803e-09,9.74682300070796e-06,0.0006632744820477414,1.7529985185243673,5.868685873211161e-07,0.00019594314033487395,1283310.275976705,2572941.8090965864
3.524040790402647e-05,9.969328781292487e-05,86.33939518096203,1000.5366778084737,0.0,0.23981199839557188,223.02092497348144,8.13712026855246e-11,0.0,0.0004283392459826969,74.37995854170441,8.172706615564511e-08,0.0,1.9907992825004655e-09,8.379235782605438e-06,0.0006081876222727283,1.7243149884753164,5.512511266405226e-07,0.00019582448120210417,1282473.431637757,2513253.247749841
3.5243759603562784e-05,9.99820272519599e-05,85.95562238510841,996.9783669836157,0.0,0.2375477150326216,221.09438897398474,7.935990385606567e-11,0.0,0.00042457963092436084,73.7374091783774,7.791421949256543e-08,0.0,1.963562628544379e-09,7.730729472475764e-06,0.000580750814299705,1.709441776930429,5.333865211841114e-07,0.0001957625778224387,1282029.0128214837,2482460.711590365
3.524711130309909e-05,0.00010026948711831354,85.57584699363946,993.455352518257,0.0,0.2353252395446266,219.19836833939124,7.101961364998386e-11,0.0,0.0004208799268288257,73.10503832583262,7.430851135938662e-08,4.2785595638350276e-09,1.934924604879777e-09,7.130983061990942e-06,0.0005544936187594317,1.694803382938909,5.162004707382021e-07,0.00019570139751149464,1281584.377238411,2452260.1430874635
3.524928760738443e-05,0.00010045545986483486,85.33136163559742,991.1864197657627,0.0,0.23390400865104707,217.98326920979363,6.461056968823284e-11,0.0,0.00041850918329283383,72.69977246592525,7.207244595317983e-08,2.8907159057942017e-09,1.915644072462166e-09,6.7660233650461235e-06,0.0005380596362806997,1.6854217090852772,5.053903357168689e-07,0.00019566205327659926,1281295.5532697565,2432960.1498622037
3.525146391166976e-05,0.00010064090232257323,85.08851431282201,988.9319448510158,0.0,0.23249962897400459,216.7805604174111,6.186399909375235e-11,0.0,0.0004161628849632025,72.2986394310475,6.991781722863642e-08,0.0,1.8978385364574227e-09,6.419253977746861e-06,0.00052209489245839,1.6761353969085535,4.948455385987985e-07,0.0001956230048652903,1281006.6379961502,2413899.098453839
3.5253640215955095e-05,0.00010082581803664726,84.84728692438055,986.6917679197838,0.0,0.23111180748687615,215.5900613199834,6.061004228642823e-11,0.0,0.0004138407150862506,71.90157895941498,6.78412812520489e-08,0.0,1.8813200451750558e-09,6.089820624765796e-06,0.0005065832312955651,1.6669430577460083,4.84558658431736e-07,0.00019558424882673044,1280717.6314513534,2395072.968179487
3.5256213345447505e-05,0.00010104377632903575,84.56413992027844,984.0613505256136,0.0,0.2294919027337915,214.1979975514749,5.965328113667266e-11,0.0,0.0004111258219720801,71.43729216992831,6.548173025987969e-08,7.360669131205773e-10,1.8624863995008806e-09,5.721567307257208e-06,0.0004888139856857751,1.6561939783982964,4.727189439049115e-07,0.0001955387986054397,1280375.8100285311,2373111.7987608844
3.5258786474939915e-05,0.00010126100889796675,84.28320358473334,981.4504456136887,0.0,0.2278942828645749,212.8224674869402,5.807347771300889e-11,0.0,0.00040844370446196915,70.97852020520835,6.322045793059014e-08,4.797613360170738e-10,1.8436580091812625e-09,5.375115282254935e-06,0.00047164662425931117,1.645572172130307,4.6121799811113966e-07,0.0001954937468399494,1280033.8611184368,2351467.1805157503
3.526135960443233e-05,0.0001014775213949811,84.00444946336462,978.8588029196278,0.0,0.22631849720313477,211.4631905341742,5.553232705801897e-11,0.0,0.0004057938526871114,70.52516946294294,6.105285993633193e-08,4.052703717184859e-12,1.8247740462729772e-09,5.049235231815382e-06,0.0004550619563427391,1.6350754871043902,4.5004448583358867e-07,0.0001954490881185401,1279691.7847769305,2330132.918025371
3.526393273392474e-05,0.00010169331939907523,83.72784960830475,976.2861773051351,0.0,0.22476410644615843,210.1198922685421,5.250714200282013e-11,0.0,0.00040317576225836404,70.0771483985389,5.8974934383907945e-08,6.983976922182902e-11,1.8061003966708837e-09,4.7427595001624454e-06,0.00043904146360426185,1.6247018188934974,4.3918753657528764e-07,0.00019540481713008212,1279349.5810598987,2309102.9700907352
3.5268132897055125e-05,0.00010204404945063808,83.28090792857243,972.1270701682237,0.0,0.22227170318453077,207.96083620471464,4.759192175830115e-11,0.0,0.00039896915015321586,69.35705407667757,5.576543978282382e-08,1.759057488969645e-10,1.7762322056873536e-09,4.2813279548822055e-06,0.0004140587112281662,1.6080276577038328,4.2211879399561776e-07,0.0001953333723190151,1278790.7225929792,2275413.947945086
3.5272333060185514e-05,0.00010239291397212302,82.83951657148422,968.0169786379141,0.0,0.21983336800792896,205.84250735558686,4.336750479025603e-11,0.0,0.00039484370526796016,68.65054421774327,5.2767931514584176e-08,7.56325231300589e-11,1.7473181197645017e-09,3.864188700742957e-06,0.0003904602999890601,1.5916671077944227,4.058230471455182e-07,0.00019526292462081405,1278231.5251314251,2242495.3141370467
3.5276533223315904e-05,0.0001027399360355593,82.40356220876312,963.9549188895471,0.0,0.21744737316139695,203.76381113440874,3.991546579917719e-11,0.0,0.00039079733852718195,67.95725368574772,4.996710417434136e-08,3.824630361172812e-11,1.719433891232888e-09,3.4872415047505585e-06,0.00036817497819614163,1.575611775726278,3.9025990805443244e-07,0.00019519345256383615,1277671.9889186453,2210323.2478055805
3.5280733386446286e-05,0.00010308513824398612,81.9729347011003,959.9399381825424,0.0,0.2151120606773176,201.72369094710012,3.698832852584033e-11,0.0,0.0003868280078449809,67.27683001995045,4.734861011856764e-08,7.633719632897374e-11,1.6924854591754815e-09,3.1467392255077956e-06,0.0003471347366230521,1.5598535587884625,3.7539134906289595e-07,0.0001951249353055717,1277112.114198198,2178874.8605002942
3.5284933549576676e-05,0.00010342854274510294,81.54752697952622,955.9711133738194,0.0,0.21282583910509661,199.7211265789901,3.436166287344501e-11,0.0,0.000382933719612472,66.60893289656809,4.489913465186186e-08,8.088503739380138e-11,1.6663498985108372e-09,2.839260575594978e-06,0.00032727468958065144,1.544384632572044,3.6118158715685006e-07,0.00019505735260804208,1276551.9012137859,2148128.1515956507
3.528913371270706e-05,0.00010377017124347294,81.12723494045123,952.0475496432837,0.0,0.2105871804289286,197.75513266789474,3.193839529925437e-11,0.0,0.0003791125294810593,65.95323361925352,4.260641506738173e-08,3.947940564721784e-11,1.6409568204916956e-09,2.561685456089178e-06,0.00030853279444269255,1.5291974391022565,3.4759696040852484e-07,0.00019499068481611335,1275991.3502092618,2118061.9665651484
3.529333387583745e-05,0.00010411004501236519,80.71195734451155,948.1683792841301,0.0,0.20839461718253943,195.82475725210182,2.967167631594296e-11,0.0,0.0003753625428696146,65.30941463462612,4.045915466322795e-08,4.2574954124218215e-11,1.6162778601005838e-09,2.3111724362948928e-06,0.0002908497475245565,1.5142846756893842,3.346057796277191e-07,0.00019492491283666915,1275430.4614286225,2088655.9575478823
3.529753403896783e-05,0.00010444818490551558,80.30159571696952,944.332760524655,0.0,0.20624673969337493,193.92908038753782,2.7563001133892546e-11,0.0,0.00037168191524912856,64.67716907094997,3.8446927284485194e-08,8.545517827309048e-11,1.5922947985220137e-09,2.085136556028051e-06,0.00027416906731544195,1.4996392845178659,3.2217818741697333e-07,0.0001948600181181451,1274869.2351160154,2059890.545983368
3.530173420209822e-05,0.0001047846113686319,79.89605425099872,940.5398763965135,0.0,0.2041421934398178,192.06721283171296,2.565774761496043e-11,0.0,0.00036806885220175506,64.05620029902921,3.656010405186499e-08,7.230354462555667e-11,1.5689856128341866e-09,1.8812282732307526e-06,0.0002584369746322535,1.4852544425741505,3.102860369161555e-07,0.000194795982630707,1274307.6715157316,2031746.8872383942
3.5308369262969704e-05,0.00010531262662842205,79.26501005850777,934.633355679896,0.0,0.20090275458067194,189.19280225455208,2.2997161093554063e-11,0.0,0.0003624946888621899,63.097530266764984,3.381356200887436e-08,2.8176328140925572e-11,1.53347128013357e-09,1.5990789633530477e-06,0.00023539357314054634,1.463045422458281,2.925268364139384e-07,0.0001946965331332831,1273419.8743844477,1988510.9349426138
3.531500432384119e-05,0.00010583649302765602,78.6454076347142,928.8284933945097,0.0,0.19776333602293047,186.39737850126843,2.064552168722703e-11,0.0,0.00035707816953551506,62.16520541018768,3.132618219414429e-08,5.28571388013072e-11,1.4994646481692848e-09,1.3594541212074415e-06,0.00021439985160976311,1.4414452793086874,2.7594091014339483e-07,0.00019459911759523604,1272531.2371263113,1946713.3239143789
3.532163938471268e-05,0.00010635628533818924,78.03690671383814,923.1224100342961,0.0,0.19471935001527235,183.67785922404678,1.8586106058122713e-11,0.0,0.0003518129691009543,61.25819755005564,2.906995619957524e-08,4.56226366838763e-11,1.4668717929328475e-09,1.1559997603450357e-06,0.00019528038091930357,1.4204303501501268,2.6043956021342447e-07,0.00019450367223091119,1271641.7607066047,1906289.7635580245
3.532827444558416e-05,0.00010687207612336815,77.43918091485222,917.5123500063869,0.0,0.1917664801799797,181.03131689616413,1.680030405140174e-11,0.0,0.0003466930571580733,60.375530156625615,2.7020153455058434e-08,1.6792417668030976e-12,1.4356119162449872e-09,9.832833432557648e-07,0.00017787324505540725,1.3999781552987745,2.4594167907973465e-07,0.0001944101359489805,1270751.4460915213,1867179.5737587335
3.533490950645565e-05,0.00010738393583364536,76.85191697356467,911.9956734128855,0.0,0.1889006627606136,178.45496931815975,1.5198561512236664e-11,0.0,0.00034171268913055886,59.51627518209219,2.51548989949051e-08,3.131709404865843e-11,1.4056087221205521e-09,8.366651146120608e-07,0.0001620292148785426,1.380067325792383,2.323730291826245e-07,0.00019431845019753126,1269860.2942481656,1829325.438642705
3.534154456732713e-05,0.00010789193288516257,76.27481412135569,906.569849617162,0.0,0.18611806948595594,175.94617086691431,1.3713320194625863e-11,0.0,0.0003368663947375963,58.67955014101559,2.3454839883324966e-08,1.224909037460682e-10,1.3767877745029311e-09,7.121948418974459e-07,0.00014761115607974415,1.3606775368338877,2.196656103165766e-07,0.00019422855883938748,1268968.306144549,1792673.1829061727
3.534817962819862e-05,0.00010839613373427648,75.7075835051754,901.2324513590879,0.0,0.18341509161532685,173.50240436319106,1.2466331457079757e-11,0.0,0.000332148965862052,57.86451539706282,2.190288860264797e-08,3.406211284644188e-11,1.3490845717378787e-09,6.065138388419106e-07,0.00013449326836334973,1.341789445929178,2.07757064952356e-07,0.00019414040803611123,1268075.482749594,1757171.5656613177
3.5354814689070106e-05,0.00010889660295527487,75.14994758704282,895.981148686159,0.0,0.18078832515232976,171.12127347515624,1.154756090721214e-11,0.0,0.0003275554452968241,57.07037162837585,2.0483940366093768e-08,0.0,1.3224436008482493e-09,5.167702527085208e-07,0.0001225598568906627,1.32338463442033,1.96590140696311e-07,0.0001940539461281697,1267181.8250331287,1722772.088578978
3.536144974994159e-05,0.00010939340331724371,74.60163955432324,890.8137030529834,0.0,0.17823455729803664,168.8004956354712,1.0472667328499948e-11,0.0,0.0003230811155397836,56.29635746437982,1.9184499713080734e-08,3.8564352023714533e-10,1.296793553454642e-09,4.4054213827680933e-07,0.00011170456380377905,1.3054455530175324,1.861122240033671e-07,0.00019396912351754022,1266287.3339658903,1689428.8180438967
3.5368084810813074e-05,0.00010988659585480355,74.06240278388492,885.7279621238854,0.0,0.17575075358811448,166.53789545526885,9.257943353975754e-12,0.0,0.0003187214872144645,55.541747288964025,1.7992638569898452e-08,5.408282389408634e-10,1.272075201834188e-09,3.7577403689158864e-07,0.00010183105885647809,1.2879554732333802,1.7627493160460984e-07,0.00019388589256126725,1265392.0105195167,1657098.221444962
3.5374719871684564e-05,0.00011037623993281835,73.53199035888662,880.7218552138836,0.0,0.17333404543864755,164.33139859943665,8.892041039424253e-12,0.0,0.00031447228730177595,54.805849196927504,1.689793685151175e-08,0.0,1.248269883623656e-09,3.207189619829807e-07,9.285144864877735e-05,1.2708984408452118,1.6703370626738324e-07,0.00019380420747579745,1264495.8556665527,1625739.0163090688
3.538135493255605e-05,0.0001108623933080692,73.01016461279897,875.793388894078,0.0,0.17098172014764276,162.17902607511695,8.859770877359909e-12,0.0,0.0003103294477913794,54.088003087495714,1.5890945518300965e-08,0.0,1.2253289762667885e-09,2.739012542958901e-07,8.468331400012107e-05,1.254259228691546,1.5834748843860566e-07,0.00019372402424715825,1263598.870380448,1595312.0302325662
3.538798999342753e-05,0.00011134511218932098,72.49669668947641,870.940642844081,0.0,0.1686912118038073,160.07888888906828,7.398106675493633e-12,0.0,0.000306289094685878,53.387578882580335,1.496302785631267e-08,1.5913352273218235e-09,1.2031559824274962e-09,2.340730149699746e-07,7.725198435246982e-05,1.238023297169844,1.5017844401854325e-07,0.0001936453005443825,1262701.055635551,1565780.070866645
3.5394625054299017e-05,0.00011182445129506282,71.99136612521129,866.161766276141,0.0,0.16646008951019536,158.02918305203866,5.486777998724143e-12,0.0,0.0003023475380220506,52.703974861627366,1.4106734705614399e-08,1.8396310368491914e-09,1.1817102368244723e-09,2.0017033011825038e-07,7.049306102946436e-05,1.2221767628216529,1.4249161442065515e-07,0.00019356799563714975,1261802.4124071118,1537107.8057550967
3.540126011517051e-05,0.00011230046390808436,71.49396045786044,861.4549744555779,0.0,0.16428604744701628,156.02818491816552,7.202462066678227e-12,0.0,0.00029850126172208325,52.03661610567905,1.3316038103576433e-08,0.0,1.1610750412826646e-09,1.712919743700767e-07,6.434750416844352e-05,1.2067063608616209,1.3525468019623832e-07,0.0001934920703190118,1260902.9416712807,1509261.650491732
3.541123527193591e-05,0.00011300995557853949,70.76062535403886,854.5106599523953,0.0,0.16112023769927514,153.10794012599035,7.401181688863322e-12,0.0,0.00029289074204969065,51.062677732025925,1.2236750422933229e-08,6.144770043670714e-10,1.1313101357107497e-09,1.3570866766246942e-07,5.612911838020831e-05,1.184128206710177,1.2515638470841807e-07,0.00019338043766635896,1259549.1214572345,1468882.531025086
3.542121042870131e-05,0.00011371221637005913,70.04407565713814,847.7197902008922,0.0,0.15807158252200132,150.288781174624,2.7064218654066977e-12,0.0,0.00028747729732109717,50.12245387973088,1.1272764025778355e-08,7.543067116302821e-10,1.1028560323417067e-09,1.0769576917744637e-07,4.899198986208376e-05,1.162330819657175,1.1591590021957103e-07,0.0001932717157167012,1258193.4364314675,1430196.7159053783
3.543118558546671e-05,0.00011440741054851114,69.34368075395952,841.0770448352717,0.0,0.155133645517804,147.5657496473821,0.0,0.0,0.0002822509171868829,49.21429070226435,1.0409604854354642e-08,0.0,1.0757537311961875e-09,8.559796423900359e-08,4.2795640660269775e-05,1.141275998626579,1.0745103683868403e-07,0.00019316578859273408,1256835.8899223981,1393109.3805318677
3.5441160742232115e-05,0.0001150956962538287,68.65884249704352,834.5773664941022,0.0,0.15230045928466093,144.93419948961514,1.0351451738659852e-12,0.0,0.000277202259815934,48.336638547671036,9.635271291689873e-09,0.0,1.0500184087379724e-09,6.814528965265198e-08,3.7413821242680186e-05,1.1209279385957258,9.968856060701164e-08,0.00019306254656383936,1255476.4852630154,1357532.3168352095
3.5451135898997517e-05,0.00011577722581019175,67.98899312163879,828.2159428917879,0.0,0.14956648692070332,142.38977313040013,2.7056867798985253e-12,0.0,0.0002723225976002792,47.4880439924696,8.938934206213617e-09,3.9659225964589154e-10,1.0255218313378865e-09,5.4349855798249756e-08,3.2735109064502395e-05,1.101253044507024,9.25629083600528e-08,0.00019296188564292953,1254115.225790869,1323383.381061898
3.546111105576292e-05,0.00011645214601986742,67.33359329654245,821.9881904912045,0.0,0.14692658426221678,139.9283797249022,3.665941380108717e-12,0.0,0.0002676037679584807,46.667142584187566,8.31096093995767e-09,0.0,1.0021294956330523e-09,4.342004512689912e-08,2.866467939894956e-05,1.0822197677392997,8.601524780093462e-08,0.00019286370720939607,1252752.1148480652,1290585.995096326
3.547108621252832e-05,0.00011712059843987704,66.69213031112932,815.8897394908211,0.0,0.14437596512343556,137.54617531723838,3.6341965500546978e-12,0.0,0.0002630381284871534,45.8726522231717,7.742883580544101e-09,0.0,9.797408123515354e-10,3.474419913727314e-08,2.5120307968843126e-05,1.0637984537871246,7.999287401352971e-08,0.00019276791765917553,1251387.1557812535,1259068.695251546
3.548106136929372e-05,0.00011778271963980232,66.06411641207148,809.91642047994,0.0,0.14191016879010404,135.23954473195874,3.2132520804734863e-12,0.0,0.0002586185155757133,45.10336712287217,7.227576138640297e-09,2.7048291394241235e-10,9.58294172077812e-10,2.7849027250010584e-08,2.203257881339309e-05,1.045961209524021,7.444849213472138e-08,0.00019267442808432623,1250020.3519416214,1228764.7242300825
3.5491036526059124e-05,0.0001184386414421665,65.44908727657501,804.0642521863899,0.0,0.13952503150738335,133.00508503085842,3.0800280186655404e-12,0.0,0.00025433820691391954,44.35815229078575,6.759142138918761e-09,1.7478828325645755e-11,9.377512119827422e-10,2.236100897432942e-08,1.9341415476744666e-05,1.0286817766387628,6.933951926325689e-08,0.00019258315397960933,1248651.706684886,1199611.6609649886
3.5501011682824526e-05,0.00011908849114829591,64.8466005971772,798.3294299606328,0.0,0.13721666273266658,130.8395903726982,3.2585726814451694e-12,0.0,0.00025019088760735975,43.63593847697024,6.332514832271839e-09,0.0,9.180707398739686e-10,1.7981077781500293e-08,1.6993409633420193e-05,1.011935412225993,6.462758059728499e-08,0.00019249401497112894,1247281.2233712845,1171551.0839376983
3.551098683958993e-05,0.00011973239175140098,64.25623476315552,792.7083151050791,0.0,0.134981424177386,128.74003813332956,3.2618012725676342e-12,0.0,0.00024617061967013637,42.935717544152176,5.943095632537463e-09,2.1362788006078773e-10,8.991888960382799e-10,1.4483515729515297e-08,1.4942861643072803e-05,0.9956987819073797,6.02780919764541e-08,0.0001924069345639074,1245908.9053655688,1144528.264752333
3.552096199635533e-05,0.00012037046213725816,63.6775876351328,787.1974252587685,0.0,0.13281590866280904,126.70357617048644,3.2464197163446745e-12,0.0,0.0002422718137472215,42.256538219817585,5.5868490998482865e-09,0.0,8.810542816396582e-10,1.1685441066878276e-08,1.3151210392954628e-05,0.9799498641778878,5.625981810522145e-08,0.00019232183990746562,1244534.756036993,1118491.8893132482
3.553093715312073e-05,0.0001210028172728034,63.11027540872538,781.7934254849359,0.0,0.13071692113592984,124.72751112979127,3.245367252315989e-12,0.0,0.00023848920359836664,41.59750219486546,5.2602786053413334e-09,0.0,8.63627388261786e-10,9.445618861112277e-09,1.1584215141174801e-05,0.9646678600776779,5.254450756046526e-08,0.00019223866157884177,1243158.7787593089,1093393.8034331168
3.554091230988613e-05,0.00012162956838353084,62.55393155991518,776.4931200001564,0.0,0.12868146231523195,122.80929769017924,3.077762166913257e-12,0.0,0.00023481782249435074,40.9577605364524,4.9603117653969624e-09,2.2507551596330858e-10,8.468656213494911e-10,7.647042434195522e-09,1.0212448847513302e-05,0.9498331115002415,4.910658945507383e-08,0.00019215733338154577,1241780.976910755,1069188.7804372753
3.5550887466651535e-05,0.00012225082312078945,62.00820586353776,771.2934445573482,0.0,0.1267067133370343,120.94652866373934,3.2152704658747694e-12,0.0,0.00023125298182964044,40.33651038578087,4.684338602438115e-09,0.0,8.307397477264903e-10,6.193672345748271e-09,9.011147821808138e-06,0.9354270262176934,4.59228901005758e-08,0.00019207779215861672,1240401.3538740505,1045834.3086989016
3.556086262341694e-05,0.00012286668571978094,61.47276347721645,766.1914591952562,0.0,0.12479002260760202,119.13692587493514,3.502628582617149e-12,0.0,0.0002277902521995163,39.73299191484367,4.430007137905982e-09,0.0,8.152160986239107e-10,5.028708460718442e-09,7.957683789081318e-06,0.9214320048957406,4.297239044478321e-08,0.0001919999776185065,1239019.9130363842,1023290.3968435043
3.557083778018234e-05,0.00012347725714877383,60.94728408692931,761.1843415360606,0.0,0.12292889401901701,117.37833174345114,3.0889452745647517e-12,0.0,0.00022442544496163478,39.146485519013346,4.19508522648093e-09,7.248435864702789e-10,8.002446100073675e-10,4.084372646137664e-09,7.0326790259363865e-06,0.9078313766467179,4.0235996607422026e-08,0.00019192383217286633,1237636.657789411,1001519.3952362303
3.558081293694774e-05,0.00012408263525002367,60.43146111095576,756.2693808692412,0.0,0.12112097405335302,115.66870150967186,2.484520714961535e-12,0.0,0.00022115459545047833,38.576309224661856,3.977697783033242e-09,6.404450357837942e-10,7.857969053043207e-10,3.290913564373337e-09,6.221005691223949e-06,0.8946093436521585,3.769633581579152e-08,0.00019184930078535364,1236251.5915292378,980485.8325745105
3.559078809371314e-05,0.000124682914872968,59.92500095622627,751.4439724240914,0.0,0.11936404082910293,114.00609605361834,2.8454420148973366e-12,0.0,0.00021797395098054528,38.02181629294844,3.7763876074263015e-09,0.0,7.718729931125144e-10,2.708281327562535e-09,5.508043434553125e-06,0.8817509240604244,3.533760784672678e-08,0.0001917763308306683,1234864.7176564182,960156.2654641256
3.5600763250478544e-05,0.00012527818800025817,59.427622321942096,746.7056116082434,0.0,0.1176559972317727,112.38867525060697,3.320111259279885e-12,0.0,0.0002148799549411835,37.48239300273822,3.5896848933311382e-09,3.469925253408875e-11,7.584403628432958e-10,2.292702745144764e-09,4.879775723668808e-06,0.8692418958046033,3.314543752321114e-08,0.00019170487196301672,1233476.039575945,940499.1395268085
3.561745322446206e-05,0.0001262632187339397,58.61500704147819,738.9657144445885,0.0,0.11490213036960183,109.77878357303848,5.729448294069789e-12,0.0,0.00020988782967823791,36.61197277657049,3.3067149138174656e-09,2.3151813262783606e-10,7.370201526323642e-10,1.6977461372522278e-09,3.991968360008821e-06,0.8490570473658478,2.981464685167057e-08,0.00019158855851806277,1231148.5418046732,909032.7067743524
3.562863249918173e-05,0.00012691551365495165,58.08390116579897,733.908540066356,0.0,0.11312667187376978,108.09481750497396,6.281132777305587e-12,0.0,0.00020666701166699062,36.05035653712401,3.1352151545143013e-09,0.0,7.233163138858473e-10,1.2593352192823138e-09,3.494428276272878e-06,0.8360332170668793,2.7796594152230558e-08,0.00019151283349940737,1229586.7264624115,888897.4310945692
3.563981177390141e-05,0.0001275619284842205,57.562988113791754,728.9498050526942,0.0,0.11140386001743219,106.45983832039101,5.376316846409173e-12,0.0,0.00020354003698142822,35.505077974636464,2.976379405215187e-09,0.0,7.100833566651276e-10,9.872082201230362e-10,3.0613887691077903e-06,0.823388202476387,2.5932381410483514e-08,0.00019143878997916563,1228022.6613206072,869475.3322127389
3.5650991048621084e-05,0.00012820257534306754,57.0519439120067,724.0865774431055,0.0,0.10973142986056054,104.87181982535054,4.291214246718049e-12,0.0,0.00020050300657086873,34.97546131764589,2.829061352957834e-09,6.815261295853377e-11,6.973184465947903e-10,8.393304066009568e-10,2.6845044564163437e-06,0.8111063428794216,2.4208949295740686e-08,0.00019136637039758134,1226456.3512023124,850732.592147117
3.566217032334076e-05,0.0001288375628111521,56.55045877346246,719.3160434608285,0.0,0.10810724520945797,103.32884382938099,3.879080318973783e-12,0.0,0.0001975522312639172,34.46086681695654,2.6923019455136194e-09,0.0,6.850125916427863e-10,7.43844285128818e-10,2.3564050071849755e-06,0.7991728116458259,2.2614465313727143e-08,0.000191295519808644,1224887.8009374985,832637.388895518
3.567862157884066e-05,0.00012976192952722846,55.829243958872254,712.4587069827588,0.0,0.1058006433652438,101.13633570007899,4.420692748146649e-12,0.0,0.0001933594662802356,33.7296485030842,2.508406780664538e-09,0.0,6.676952826426369e-10,4.924607298502422e-10,1.948856279686226e-06,0.782215682058159,2.0480200802936925e-08,0.00019119400059970437,1222575.4818517682,807123.7172121516
3.569064688475658e-05,0.00013043018659298803,55.31423446217038,707.564793358278,0.0,0.10417447837320923,99.589779235767,4.341276701870069e-12,0.0,0.00019040206858525808,33.21386017327589,2.3856618061181773e-09,8.158766098608143e-11,6.555745694361161e-10,3.55199772025256e-10,1.698240520818457e-06,0.7702543880816578,1.9064516312303563e-08,0.0001911217799712214,1220882.2020488903,789268.9700840205
3.57026721906725e-05,0.00013109231041786993,54.809133563735095,702.7675864573347,0.0,0.10259642849271405,98.08836139196745,3.712893318249153e-12,0.0,0.00018753106058275241,32.71312602039591,2.271683642376207e-09,2.2550976007595635e-11,6.438749778163469e-10,2.983009570394543e-10,1.4812843905854578e-06,0.7586421778230444,1.775885498880891e-08,0.00019105117123799486,1219186.3500965864,772049.2097318994
3.5714697496588424e-05,0.00013174841823704084,54.313625074371416,698.064168211449,0.0,0.10106443869896305,96.63020883712507,3.0846666484195645e-12,0.0,0.00018474284807723816,32.22682126087018,2.165660696682158e-09,0.0,6.325842375934583e-10,2.129694604247896e-10,1.2935023060318197e-06,0.7473645674267434,1.6553716463440726e-08,0.0001909821187539883,1217487.9320457526,755434.1843865447
3.572672280250435e-05,0.0001323986235680608,53.827406718788176,693.4517390803594,0.0,0.09957656975743769,95.21354845447861,2.7118381693794205e-12,0.0,0.00018203403110081338,31.7543545350175,2.066904122835074e-09,1.7995745893568578e-10,6.216879001375604e-10,2.8442652889286757e-10,1.1305347406403781e-06,0.7364078472627127,1.54405024768426e-08,0.0001909145694194462,1215786.9539564443,739395.4359184526
3.574419153580595e-05,0.00013333286335325928,53.137054644852036,686.9080360473372,0.0,0.09749006147246317,93.22610983145805,2.855778782354758e-12,0.0,0.00017823390230735551,31.09152917381318,1.9351793329653396e-09,1.588773393546505e-10,6.065236789596758e-10,1.5331057717737798e-10,9.317440478872608e-07,0.7210365949928411,1.3971335600941807e-08,0.00019081901727843937,1213311.4555792285,717068.5597320163
3.5761660269107555e-05,0.00013425520332057894,52.46485894133116,680.5428512267389,0.0,0.095487566654297,91.31787904023403,3.2329890424419928e-12,0.0,0.00017458530100007526,30.455120343810417,1.8158965369529359e-09,0.0,5.920891728717531e-10,4.474359810615568e-11,7.692927962222997e-07,0.70627792764846,1.265864134184949e-08,0.00019072638358401208,1210830.586370737,695825.1399362878
3.5774104718153514e-05,0.00013490517718418998,51.99663438593438,676.1131814662899,0.0,0.09410957961420562,90.0043202560137,2.9883980491034293e-12,0.0,0.0001720737710174276,30.01703902161106,1.7376650874398199e-09,2.5182394017019813e-11,5.822133478846899e-10,1.5299073649030122e-10,6.716880636470923e-07,0.6961185676885855,1.1808668243313262e-08,0.00019066209657047083,1209059.9888498066,681313.5858966596
3.578654916719947e-05,0.00013554937768354899,51.53695187625567,671.7677972620227,0.0,0.09277012753160596,88.72717045951,2.556581048509951e-12,0.0,0.00016963188236134716,29.59110041406073,1.6644727887117183e-09,2.6492921727923114e-11,5.726599681359689e-10,7.000234362137909e-11,5.874475784673308e-07,0.6862407934234245,1.1022787140589971e-08,0.00019059917346226222,1207286.6819237825,667292.5580231919
3.5798993616245426e-05,0.00013618790948827155,51.08555236152736,667.5042527551851,0.0,0.09146766094654067,87.48499368169684,2.246276997408467e-12,0.0,0.00016725688421611925,29.17682560841836,1.5958941041742268e-09,0.0,5.634183128274819e-10,0.0,5.142643542342007e-07,0.6766335011850438,1.0295635953740194e-08,0.00019053756924981206,1205510.6723686897,653739.8090845008
3.5811438065291385e-05,0.000136820874117456,50.6421876216517,663.320197162482,0.0,0.09020071240876153,86.27642701426672,2.081066880543031e-12,0.0,0.00016494616704567204,28.773760058899153,1.531569025054258e-09,0.0,5.544745787936753e-10,6.269715409524952e-11,4.5041019117749086e-07,0.6672861513204783,9.622343453924996e-09,0.00019047724088743135,1203731.966970875,640634.3482722581
3.5823882514337344e-05,0.00013744837007101455,50.20661969141333,659.2133701811058,0.0,0.08896789068141682,85.10017607882916,1.93701020547877e-12,0.0,0.00016269725108886363,28.381472075588956,1.4711720177351337e-09,1.46852967139737e-11,5.458131514431318e-10,0.0,3.953649662402062e-07,0.6581887333505607,8.998484064488982e-09,0.00019041814718628492,1201950.572526991,627956.356690123
3.5836326963383296e-05,0.00013807049294846705,49.77862035346571,655.1815979859808,0.0,0.08776787515841039,83.95501083643704,1.7606033232404284e-12,0.0,0.0001605077753651157,27.999551426875755,1.414394297435982e-09,0.0,5.374199856553291e-10,0.0,3.48512037154445e-07,0.6493317348464201,8.420032588002328e-09,0.00019036024872030364,1200166.4958439653,615687.10980009
3.5848771412429255e-05,0.0001386873355646223,49.357970647512616,651.2227892486633,0.0,0.08659941134546552,82.83976169283144,1.5740184689775331e-12,0.0,0.00015837550941145154,27.62760804041821,1.3609502373001435e-09,0.0,5.292833785170964e-10,3.50227635962812e-11,3.057380249448176e-07,0.6407061128936289,7.883323265016688e-09,0.00019030350773521743,1198379.7437389717,603808.9055621735
3.587153562168795e-05,0.0001398023369180904,48.606820797128954,644.1632859747048,0.0,0.08453973804730675,80.87345042881716,1.219537594428622e-12,0.0,0.00015461609253391052,26.971829562313548,1.270983563726922e-09,0.0,5.150257835507138e-10,1.0203764727889379e-10,2.418703850643385e-07,0.6254981510249604,6.998725520931281e-09,0.0001902025901874558,1195104.3978752368,583037.7243184386
3.5894299830946636e-05,0.00014090049928235722,47.87835057845735,637.329557321509,0.0,0.0825749061396656,78.99719651110465,8.384574339121388e-13,0.0,0.00015102884645713119,26.346085919319954,1.1899705118506987e-09,0.0,5.015239840198793e-10,1.1930427007917226e-10,1.9402848957486262e-07,0.6109867094715756,6.22481672582361e-09,0.00019010521706538532,1191820.1642075586,563424.635852366
3.591706404020533e-05,0.0001419823259188952,47.171428908402305,630.7106803399524,0.0,0.08069871425944779,77.20517724810824,5.306558985601604e-13,0.0,0.0001476026672443657,25.748435186197074,1.1167837129387208e-09,0.0,4.88722223227698e-10,4.6229032432017255e-11,1.5384985313944416e-07,0.5971267575039564,5.546340780718591e-09,0.00019001119491465253,1188527.084729088,544883.5702480667
3.593223816054733e-05,0.0001426946112049592,46.711656391373026,626.4129475702093,0.0,0.07949450779374818,76.0547899175221,4.703505834632664e-13,0.0,0.00014540328248868214,25.3647731435706,1.0718768661889003e-09,2.4037562158103887e-11,4.805540214359604e-10,0.0,1.3007996474484945e-07,0.5882293506583222,5.140610012930427e-09,0.0001899502939098203,1186327.097863169,533081.0724659017
3.594741228088933e-05,0.00014339998706945314,46.26069451120579,622.2032595854597,0.0,0.07832559723797551,74.93797557238808,4.668577427020109e-13,0.0,0.00014326810598853213,24.99230794501102,1.0297784796976256e-09,7.526911814640305e-12,4.726600439680016e-10,3.251589686336401e-11,1.1264934033333631e-07,0.5795915994757994,4.768136513038802e-09,0.00018989075176138116,1184123.21177722,521698.65311113396
3.596258640123134e-05,0.00014409858504299872,45.81826222711903,618.078875933511,0.0,0.07719049601094954,73.85334124149327,4.39934416552928e-13,0.0,0.0001411944509826855,24.63057502189611,9.902596532951577e-10,0.0,4.650257950527906e-10,1.7142068489116572e-11,9.771094320416081e-08,0.5712027367410075,4.425902162133778e-09,0.0001898325208245526,1181915.4389921469,510716.2279544698
3.5977760521573335e-05,0.00014479053249830687,45.384090870304156,614.0371689938111,0.0,0.0760878055859417,72.79956849600948,3.8800743683222954e-13,0.0,0.0001391797943716814,24.27913466639905,9.531128799029087e-10,7.559902014836915e-12,4.5763877825205784e-10,0.0,8.382197746595886e-08,0.5630525668222716,4.111189508013696e-09,0.0001897755556576088,1179703.7920509386,500114.907604364
3.599293464191534e-05,0.00014547595282919006,44.95792346729362,610.0756185373974,0.0,0.07501620761006272,71.77540859443839,3.4609040605446784e-13,0.0,0.00013722175698219118,23.937570412241303,9.181524482586606e-10,6.835252304921898e-12,4.5048782440000164e-10,0.0,7.236186127645818e-08,0.5551314291257272,3.821551765751607e-09,0.0001897198128979182,1177488.283518589,489876.91320698406
3.600810876225734e-05,0.00014615496561292378,44.53951414356721,606.191808217408,0.0,0.0739744507313792,70.77967800865596,3.229123695731305e-13,0.0,0.00013531807931103248,23.605487542543287,8.852120908345684e-10,0.0,4.43562190139339e-10,0.0,6.294542923253895e-08,0.5474301698148228,3.554779765911759e-09,0.0001896652511526941,1175268.9259820357,479985.50032950385
3.602328288259934e-05,0.0001468276867713264,44.12862753179097,602.383420255467,0.0,0.07296134690524853,69.81125427625491,3.038232307306752e-13,0.0,0.00013346661219333148,23.282511706520516,8.541409380950167e-10,0.0,4.3685142517999185e-10,9.850636267788822e-12,5.445004653495127e-08,0.5399401088026096,3.308876079810062e-09,0.00018961183089085692,1173045.7320500838,470424.8872798941
3.6038457002941345e-05,0.00014749422872982622,43.72503818692452,598.6482296217531,0.0,0.07197577058351633,68.86907215335818,2.8052409748037175e-13,0.0,0.00013166531611923153,22.968287636394294,8.248006038436212e-10,3.279123614559996e-12,4.3034568919563246e-10,9.863571221424748e-11,4.6929659382931715e-08,0.5326530073748448,3.0820350415633073e-09,0.00018955951433624016,1170818.7143533286,461180.188474556
3.605363112328335e-05,0.00014815470056695173,43.32853004341282,594.9840994136493,0.0,0.07101665415297974,67.95212005378689,2.565110591853205e-13,0.0,0.00012991225626609405,22.662477959797233,7.970644011861896e-10,2.6097036007983433e-12,4.2403589219172775e-10,1.569017522203431e-11,4.092702840676588e-08,0.5255610413104012,2.8726227557263716e-09,0.00018950826536850182,1168587.885544095,452237.3537657087
3.6068805243625354e-05,0.00014880920815204778,42.93889592444663,591.3889766730489,0.0,0.07008298373688734,67.05943675392491,2.3598989295517685e-13,0.0,0.0001282055954390153,22.36476210079422,7.708172357505322e-10,4.156030556268724e-13,4.1791354968802185e-10,0.0,3.5657779364036893e-08,0.5186567765824788,2.6791582669321513e-09,0.0001894580494337583,1166353.2582963584,443583.1126813129
3.608397936396735e-05,0.00014945785427472797,42.55593708762752,587.8608883268447,0.0,0.06917379582897336,66.19010833680811,2.1892813783235042e-13,0.0,0.00012654358693138743,22.074835260696627,7.459546374556449e-10,7.250718379255613e-13,4.119706110171431e-10,2.7163195546409126e-11,3.093747363454544e-08,0.5119331447877836,2.500298206895034e-09,0.0001894088334620062,1164114.8453056728,435204.92289278156
3.6099153484309356e-05,0.00015010073876916768,42.17946279266348,584.3979373216514,0.0,0.06828817427133411,65.34326535216496,2.036925897119397e-13,0.0,0.00012492456802954468,21.79240747090059,7.223811371345406e-10,1.9126184950472633e-12,4.061994198681734e-10,0.0,2.7007443680541816e-08,0.5053834212477937,2.334823400400862e-09,0.00018936058578860948,1161872.6592891,427090.9225788005
3.611432760465136e-05,0.00015073795863321715,41.80928989051455,580.9982989878655,0.0,0.06742524728476144,64.51808017541072,1.893346503851933e-13,0.0,0.0001233469559035593,21.517202712075186,7.000089825252247e-10,1.609125022240676e-12,4.005927462407094e-10,0.0,2.3581926590004673e-08,0.4990012051054557,2.1816261759632904e-09,0.00018931327607973184,1159626.7129851405,419229.8863877877
3.612950172499336e-05,0.0001513696081411847,41.44524243862236,577.6602175193597,0.0,0.06658418505044798,63.71376455149005,1.7571345519773598e-13,0.0,0.0001218092436665558,21.248958095001246,6.787574989186025e-10,8.547048714032293e-13,3.9514378631112444e-10,5.216266694961882e-11,2.046022317681185e-08,0.4927803998967659,2.0396990753294665e-09,0.00018926687526263526,1157377.0191536546,411611.1846374353
3.614467584533536e-05,0.0001519957789502395,41.08715134267291,574.3820027255967,0.0,0.06576419725782066,62.929567309268116,1.6316900646265444e-13,0.0,0.00012030999503810657,20.987423098293963,6.585526728261668e-10,1.0425946566242786e-12,3.898461166731863e-10,0.0,1.794465419577374e-08,0.4867151956611031,1.908125166587719e-09,0.00018922135546088953,1155123.5905757942,404224.74559750117
3.615984996567737e-05,0.00015261656020139073,40.734854020764,571.162027056715,0.0,0.0649645305613999,62.16477223219304,1.5202950815105712e-13,0.0,0.0001188478399154068,20.732358858244194,6.393265874824505e-10,1.4549611479693154e-12,3.8469364773445675e-10,0.0,1.5897005324914846e-08,0.48080005307126444,1.7860692776145965e-09,0.0001891766899337003,1152866.440053931,397061.02060056984
3.617502408601937e-05,0.0001532320386158303,40.38819408631566,567.9987227617412,0.0,0.06418446624416142,61.41869607242692,1.4207145682278615e-13,0.0,0.00011742147245674031,20.483537506506377,6.210167418796139e-10,1.294510925591386e-12,3.7968060129072457e-10,1.0789996597494318e-11,1.3795580276263045e-08,0.4750296881407212,1.6727699729813712e-09,0.00018913285301867369,1150605.5804115813,390110.9516528016
3.619019820636137e-05,0.0001538422985868108,40.047021048307606,564.8905788306906,0.0,0.06342331947861535,60.69068669747802,1.3279820739868692e-13,0.0,0.00011602964637971808,20.240741551979276,6.035654475143363e-10,9.889824163480734e-13,3.748015005535299e-10,0.0,1.2012288400301553e-08,0.4693990566234853,1.567532473758943e-09,0.00018908982007788356,1148341.024493333,383365.9411223005
3.620537232670337e-05,0.00015444742226704093,39.71119002967188,561.8361387628806,0.0,0.06268043606030295,59.98012135952624,1.240532080770988e-13,0.0,0.00011467117094338293,20.003763303607457,5.869194020292926e-10,1.0260344814844162e-12,3.700511553206289e-10,0.0,1.0579882124342063e-08,0.4639033419523536,1.4697223745328197e-09,0.00018904756744715656,1146072.785164773,376817.8240232621
3.622054644704538e-05,0.00015504748965179527,39.38056150228125,558.8339981150112,0.0,0.06195519074191693,59.286405078201106,1.160126139733526e-13,0.0,0.00011334490854610419,19.772404331020084,5.710293609262315e-10,1.1690733623602013e-12,3.6542464067871783e-10,6.821937861280281e-11,9.169980530769323e-09,0.4585379427090355,1.3787599302135133e-09,0.00018900607238844737,1143800.8753124187,370458.84201674064
3.6235720567387375e-05,0.000155642578658098,39.05500103699238,555.8828020280649,0.0,0.06124698618918802,58.608969128148225,1.0873980943111369e-13,0.0,0.00011204977071647347,19.546474960118452,5.558497971277781e-10,1.1123202018629444e-12,3.6091727690791384e-10,0.0,8.411207959053956e-09,0.45329845998023105,1.2941149159494719e-09,0.00018896531304502326,1141525.3078436365,364281.61912438914
3.626299912902422e-05,0.0001567000931553325,38.48207528108472,550.7014062568986,0.0,0.0600148957814459,57.43036452393596,9.741700032723918e-14,0.0,0.00010979648855657396,19.15340253519339,5.302158422617337e-10,7.337046214154387e-13,3.530999854122219e-10,3.4562046025775525e-12,6.4589729766156965e-09,0.4441827966282856,1.156316128415124e-09,0.00018889382357351771,1137425.356670905,353611.7610441586
3.6282846263729614e-05,0.00015745979784015387,38.07485149921547,547.0282458674885,0.0,0.05915013012863149,56.603106818830085,8.992275151034745e-14,0.0,0.00010821492064008683,18.87750662859986,5.127965107700933e-10,8.92632749751208e-13,3.4763151915512503e-10,4.82516977438473e-12,5.431499797708449e-09,0.4377845496398924,1.0664752933489891e-09,0.00018884319523908202,1134434.9849357414,346181.8217801693
3.6302693398435e-05,0.00015821149822287342,37.67543731752077,543.4335399237613,0.0,0.05831077037449022,55.800129802869556,8.293258542727398e-14,0.0,0.00010667977280200029,18.609708496149544,4.963282003217204e-10,1.0919317443459307e-12,3.423379333417053e-10,2.7414292527693473e-12,4.6860508080033035e-09,0.431574096247946,9.84453987378946e-10,0.000188793686411895,1131438.446935926,339017.1264193843
3.63225405331404e-05,0.00015895534681226997,37.28358387601976,539.91476581067,0.0,0.05749575523367407,55.02042198020541,7.662206124239041e-14,0.0,0.00010518911075518642,18.349670796739225,4.807419420448979e-10,1.000444598606313e-12,3.372111550340645e-10,0.0,3.9927445615985076e-09,0.42554361364107224,9.095010577934522e-10,0.00018874525711404084,1128435.7717957138,332104.9139812368
3.6342387667845794e-05,0.00015969149128784317,36.89905342551958,536.4695103012235,0.0,0.056704081472995035,54.263026255924004,7.096665161425119e-14,0.0,0.00010374110529489929,18.097074332408297,4.659749140264035e-10,8.563508561515842e-13,3.322435984451204e-10,0.0,3.4176996802108054e-09,0.4196856992366409,8.409440862322499e-10,0.00018869786926633986,1125426.9886990078,325433.19006474805
3.6362234802551183e-05,0.00016042007471712792,36.521618689546216,533.0954637144978,0.0,0.055934799387282116,53.52703636552449,6.582244444124078e-14,0.0,0.0001023340244282613,17.851616857536825,4.519697975767587e-10,8.728091631137934e-13,3.2742812671036187e-10,5.073156972956243e-13,2.8913562146273415e-09,0.4139933436490453,7.781805636306192e-10,0.00018865148657501245,1122412.1268890793,318990.67196540313
3.638208193725658e-05,0.00016114123575749112,36.15106228139669,529.7904143954421,0.0,0.05518700920059348,52.81159358303812,6.111506706215168e-14,0.0,0.00010096622639630973,17.61301198097373,4.3867419113543086e-10,9.244377966100997e-13,3.2275802002007143e-10,4.4488828535620247e-13,2.4596376387551873e-09,0.40845990515878766,7.206699983707554e-10,0.00018860607442840223,1119391.2156682746,312766.7383275873
3.640192907196197e-05,0.0001618551088452372,35.78717616610633,526.5522436224644,0.0,0.054459857687157484,52.11588368113358,5.6820324956857496e-14,0.0,9.963615418967747e-05,17.38098815220468,4.260401087091869e-10,8.840824237263195e-13,3.182269470500523e-10,0.0,2.096680332727874e-09,0.40307908637355067,6.679269460251913e-10,0.00018856159980184015,1116364.2843977432,306751.38296884304
3.6421776206667364e-05,0.00016256182437548176,35.42976115432635,523.3789206686563,0.0,0.0537525355063856,51.43913411862009,5.289602232883954e-14,0.0,9.834233068408003e-05,17.155287723359407,4.1402355119241495e-10,8.202403386283531e-13,3.138289375531298e-10,0.0,1.8084160994195809e-09,0.3978449122671608,6.195149604724221e-10,0.00018851803116830623,1113331.3624971374,300935.17233374965
3.644162334137275e-05,0.00016326150887355586,35.078626424833125,520.2684982176772,0.0,0.053064274437952225,50.78061143573288,4.9297797466378184e-14,0.0,9.708335371808587e-05,16.935666080516924,4.025841241707427e-10,8.115655745385861e-13,3.095583564424687e-10,5.327219210858918e-13,1.5527460310884038e-09,0.39275171007902,5.750412551137845e-10,0.0001884753384142865,1110292.4794443427,295309.2063701449
3.646147047607815e-05,0.00016395428515720604,34.73358907789513,517.2191080565699,0.0,0.05239434483413246,50.13961884081041,4.6001759416645645e-14,0.0,9.585789124377628e-05,16.721890838841972,3.916846900563527e-10,8.221550593957566e-13,3.0540988030032846e-10,0.0,1.3174522041994675e-09,0.387794090608671,5.341519549942894e-10,0.00018843349276122186,1107247.6647751746,289865.0824958133
3.648131761078354e-05,0.0001646402724895656,34.39447371954764,514.2289570572553,0.0,0.05174205323916464,49.51549397280626,4.298571990913063e-14,0.0,9.466467689893137e-05,16.513741096364058,3.8129105568594684e-10,7.975380732372257e-13,3.0137847631407316e-10,0.0,1.1710185676391817e-09,0.38296693089389483,4.965279171100611e-10,0.00018839246669252198,1104196.9480831071,284594.86239941366
3.6501164745488934e-05,0.0001653195867238876,34.06111207311408,511.29632348481107,0.0,0.0511067399575706,48.90760682459119,4.0211808564496566e-14,0.0,9.350250618452702e-05,16.31100674138142,3.713716966637295e-10,7.638862418033869e-13,2.974593829823676e-10,1.1015370001357054e-14,9.849683085039428e-10,0.37826535840757197,4.6188104310127873e-10,0.00018835223388549412,1101140.3590189712,279491.04145217093
3.652101188019433e-05,0.00016599234044104046,33.73334261420648,508.4195533128923,0.0,0.05048777744161659,48.31535781337781,3.7650557976466976e-14,0.0,9.237023280714239e-05,16.11348780893201,3.6189751306577044e-10,7.537213415044331e-13,2.9364809213473503e-10,6.059534104779859e-16,8.416778449872052e-10,0.37368473571870064,4.299510104007945e-10,0.00018831276914752241,1098077.9272906776,274546.52033988404
3.655697385985638e-05,0.000167194974319689,33.15318965582536,503.3442049402656,0.0,0.04940598799633739,47.28024182648852,3.349828010206214e-14,0.0,9.039127763212791e-05,15.768269835946814,3.457791706411348e-10,7.723129271493834e-13,2.870031818250455e-10,6.926493514398711e-15,6.384764419549722e-10,0.3656788536051777,3.7826931202366056e-10,0.00018824314037177182,1092514.1715807142,265971.60969044006
3.6581116901176735e-05,0.00016799079194440602,32.7732828634159,500.0323672068327,0.0,0.048707083908515816,46.611482271121226,3.104920711515128e-14,0.0,8.911272997685775e-05,15.545234138162021,3.356566770033984e-10,7.320937935640679e-13,2.8272102016383985e-10,1.4541019780056138e-13,5.545872217123286e-10,0.36050647655562057,3.4753222553248653e-10,0.00018819769786481436,1088768.3310384688,260477.34958499428
3.660525994249709e-05,0.00016877752733349163,32.400779883082016,496.79425619078285,0.0,0.04802905934586757,45.96269513605763,2.8825068550629645e-14,0.0,8.78723660442079e-05,15.328859374677808,3.2604978294817694e-10,6.893517656371171e-13,2.785748402181669e-10,1.0803428720256985e-13,4.5926893260193415e-10,0.3554885719354709,3.1960051159183165e-10,0.00018815325699862725,1085014.0227539577,255181.84178511603
3.662940298381745e-05,0.000169555356347427,32.03544342839537,493.62743353778427,0.0,0.04737103085873655,45.33303599625292,2.67881061057206e-14,0.0,8.66685714201019e-05,15.118863924038294,3.169231028638582e-10,6.819380841569454e-13,2.745584436595711e-10,1.545476816470181e-13,3.875532127516367e-10,0.3506186086837602,2.9419151211270076e-10,0.00018810978131230744,1081251.3007221299,250075.3828075361
3.6653546025137807e-05,0.00017032444924863365,31.677046996100028,490.5295700550936,0.0,0.0467321632464553,44.721706521489224,2.4927185623825883e-14,0.0,8.549981982026795e-05,14.914981537736836,3.082442539472151e-10,6.833361842611956e-13,2.7066600077068834e-10,0.0,3.1883920295867084e-10,0.3458904123067536,2.710536123892067e-10,0.00018806723612392162,1077480.2190589383,245148.86161047316
3.6677689066458164e-05,0.00017108497095865438,31.32537423337285,487.49843941890344,0.0,0.0461116664349917,44.12795140390723,2.3233820438129336e-14,0.0,8.436466723108764e-05,14.716960315524528,2.999835527800417e-10,6.666840646402648e-13,2.668920234167736e-10,3.7332325006887503e-13,2.7659918946171466e-10,0.34129814101080347,2.499626221216138e-10,0.00018802558842122803,1073700.8320005687,240393.71631783116
3.6701832107778514e-05,0.00017183708129446876,30.980218367494203,484.5319125482708,0.0,0.04550879240781238,43.551055530895844,2.168734589022429e-14,0.0,8.326174649690009e-05,14.524561762547751,2.921137514106254e-10,6.440751230416766e-13,2.6323134045996443e-10,1.978542392353709e-12,2.343496272185151e-10,0.3368362639331456,2.30718506607834e-10,0.00018798480676351988,1069913.1939026546,235801.8947440567
3.672597514909887e-05,0.0001725809351901834,30.64138167891716,481.62795233997275,0.0,0.04492283252704195,42.99034137728026,2.0267188825186508e-14,0.0,8.21897623347238e-05,14.337559919623642,2.8460980349665153e-10,6.324944316747709e-13,2.596790752965732e-10,8.010408706027365e-12,1.7362686077052559e-10,0.3324995409135737,2.131425511025526e-10,0.0001879448611911924,1066117.359239495,231365.81820419445
3.675011819041923e-05,0.00017331668290907648,30.308675002205113,478.78460867975485,0.0,0.044353115035377005,42.44516659439049,1.896263807775401e-14,0.0,8.114748665349212e-05,14.155740559176765,2.7744865441680356e-10,6.266437267696675e-13,2.5623062523813744e-10,6.357640360967125e-14,1.6510658769949553e-10,0.32828300379060377,1.9707492526232047e-10,0.00018790572314022124,1062313.3826032744,227078.34825590093
3.6774261231739586e-05,0.00017404447024580116,29.981917254662264,476.00001377760344,0.0,0.04379900261351791,41.914921779610765,1.7766410059490818e-14,0.0,8.013375435261493e-05,13.978900441367516,2.706090534192712e-10,6.156488558606421e-13,2.5288164256758643e-10,0.0,1.4273696739623068e-10,0.324181939314126,1.8237252501395535e-10,0.0001878673653615139,1058501.3187032791,222932.75613905364
3.679840427305994e-05,0.00017476443871698868,29.660934997474158,473.27237774593755,0.0,0.04325989029459874,41.399028412655035,1.6667768516091896e-14,0.0,7.914745942528721e-05,13.806846625824996,2.6407138636111103e-10,6.011685387660879e-13,2.49628017149984e-10,3.3495739709837095e-12,1.1277312445779671e-10,0.3201918730394767,1.6890706786420522e-10,0.00018782976184600648,1054681.2223651037,218922.69464933258
3.68225473143803e-05,0.0001754767257404325,29.34556202880987,470.5999845269445,0.0,0.04273520344611056,40.896936944688925,1.5655202277520177e-14,0.0,7.818755123175874e-05,13.639395834355472,2.5781752669375537e-10,5.899494102562369e-13,2.4646586046341345e-10,0.0,1.1153292260825243e-10,0.31630855457620444,1.5656343475571935e-10,0.00018779288775540653,1050853.1485298672,215042.17228350663
3.684669035570065e-05,0.00017618146480458962,29.035639003823945,467.98118809876695,0.0,0.0422243958570948,40.40812502663435,1.4720660492336305e-14,0.0,7.725303115169674e-05,13.476373860069302,2.5183070213784593e-10,5.821732240199497e-13,2.4339149090402305e-10,2.2544848491221678e-12,6.692869670340259e-11,0.3125279439819821,1.4523821202001382e-10,0.00018775671935764457,1047017.1522534246,211285.52942548483
3.687083339702101e-05,0.00017687878562972948,28.731013077428926,465.41440877910964,0.0,0.041726948257198804,39.93209586455497,1.3858805305013783e-14,0.0,7.634294930608068e-05,13.317615018890336,2.4609537494081035e-10,5.726518412238749e-13,2.404014202367407e-10,0.0,2.1186855176066716e-10,0.30884619871442515,1.3483840087668135e-10,0.000187721233966302,1043173.2887055681,207647.416317918
3.6894976438341366e-05,0.0001775688143210424,28.431537568384407,462.8981301560877,0.0,0.04124236595051636,39.4683766918203,1.3063036544471727e-14,0.0,7.545640191567089e-05,13.162961640011746,2.405971341828628e-10,5.617964698627915e-13,2.374923410913624e-10,0.0,7.709078956977935e-11,0.305259662700109,1.2528027948028626e-10,0.00018768640988381317,1039321.61316924,204122.77289856563
3.691911947966172e-05,0.00017825167351375186,28.13707164447764,460.43089534829176,0.0,0.04077017874017773,39.01651734884325,1.2326481542380753e-14,0.0,7.459252845996521e-05,13.012263592228502,2.353225987257277e-10,5.526026052175288e-13,2.3466111541579355e-10,2.6094165884914463e-12,3.99863134550337e-11,0.3017648538690226,1.1648840567572098e-10,0.00018765222634837457,1035462.1810397378,200706.80979551323
3.694326252098208e-05,0.0001789274825106499,27.84748002821141,458.0113045632612,0.0,0.0403099381831916,38.576088961754316,1.164393659124801e-14,0.0,7.375050900278913e-05,12.865377843266073,2.3025932986436474e-10,5.450734730767472e-13,2.3190476380477315e-10,1.6250946160749443e-12,4.0437085928100217e-11,0.29835845525759613,1.0839472873077118e-10,0.00018761866348430796,1031595.0478239125,197394.99121578154
3.696740556230244e-05,0.00017959635741272116,27.562632720096985,455.63801209250414,0.0,0.0398612168290674,38.14668271197967,1.1011399950910799e-14,0.0,7.292956188986743e-05,12.722168049426099,2.2539575262497047e-10,5.372707597785082e-13,2.292204556257583e-10,2.40748122243693e-12,3.9899906757787193e-11,0.2950373049989025,1.0093780355026219e-10,0.00018758570225557605,1027720.269139373,194183.01879719723
3.699154860362279e-05,0.00018025841124339533,27.28240473823784,453.30972366675275,0.0,0.03942360704267643,37.727908689473374,1.0424749971946244e-14,0.0,7.212894164344764e-05,12.582504173131328,2.207210845993363e-10,5.287706235931108e-13,2.2660549987119867e-10,1.2207759801870855e-14,3.487928154261872e-11,0.29179838743442915,9.406209783614553e-11,0.0001875533244221473,1023837.9007136902,191066.81672606667
3.7015691644943145e-05,0.00018091375406675546,27.00667587335503,451.0251939634302,0.0,0.038996719904453074,37.31939482311316,9.879734214041055e-15,0.0,7.134793694332251e-05,12.446262126205216,2.1622527142682714e-10,5.206455840953393e-13,2.2405733667560756e-10,0.0,3.0157095612405776e-11,0.28863882484464515,8.77173764481071e-11,0.00018752151249900882,1019947.9983835862,188042.51793579623
3.70398346862635e-05,0.00018156249309997632,26.735330458381547,448.7832242933029,0.0,0.03858018409277326,36.92078588235413,9.3727127559873e-15,0.0,7.058586868070002e-05,12.313323436916544,2.118989282990944e-10,5.133788645719648e-13,2.2157352944298193e-10,8.487438592866228e-13,2.5820580459339084e-11,0.2855558697701376,8.185815322901885e-11,0.00018749024971768296,1016050.6180941398,185106.45131266688
3.706397772758386e-05,0.00018220473282032349,26.468257151571233,446.58266038773365,0.0,0.03817364492336701,36.53174254469785,8.900769644286993e-15,0.0,6.984208814770707e-05,12.18357493897398,2.077332869256729e-10,5.063888737930582e-13,2.1915175753446434e-10,5.202202917313017e-12,2.5523676217674865e-11,0.28254689778716346,7.644320474246796e-11,0.00018745951999008236,1012145.8158979777,182255.12979911626
3.708812076890422e-05,0.00018284057506706719,26.20534873192458,444.4223903401033,0.0,0.03777676339334521,36.15194052397468,8.46118536839022e-15,0.0,6.91159753527282e-05,12.056908480802258,2.0372014736341527e-10,4.993171137602116e-13,2.1678980946999177e-10,3.0883866788916954e-12,2.1041572322084493e-11,0.2796094007949752,7.143513771567848e-11,0.00018742930787454207,1008233.6479544716,179485.23934650622
3.7112263810224574e-05,0.00018347011913862358,25.946501906602286,442.30134257871026,0.0,0.037389215466131706,35.7810697548759,8.051258132783295e-15,0.0,6.840693752348306e-05,11.93322065357807,1.998518341711258e-10,4.924416913532004e-13,2.1448557660166032e-10,1.7973559560529856e-11,2.894121369799292e-11,0.2767409806211365,6.680000373768154e-11,0.00018739959854381096,1004314.1705289251,176793.6286046139
3.715248152960016e-05,0.00018450509737993502,25.52406205185549,438.8523820275529,0.0,0.03676352295790914,35.182301211984026,7.427931630545661e-15,0.0,6.726220031470778e-05,11.733527428417736,1.9371022145655646e-10,4.814196698570519e-13,2.1076989480141294e-10,1.675451422052476e-12,1.3432163508182061e-11,0.27210993422456986,5.982437678355919e-11,0.00018735118642125125,997768.9891448575,172475.65712231616
3.719269924897576e-05,0.00018552329976535278,25.112179600647153,435.5048572192509,0.0,0.0361615231369879,34.60620444713522,6.870790657013854e-15,0.0,6.616080730071893e-05,11.541395389752406,1.8792017546540018e-10,4.709195297872578e-13,2.0720007737502754e-10,0.0,9.766166221757856e-12,0.2676542378006135,5.367321661737327e-11,0.00018730406773046114,991203.942191037,168353.6578014773
3.7221956970702824e-05,0.0001862537222430583,24.818938908734925,433.1308660628931,0.0,0.03573774335276507,34.20065844609746,6.5021238919011904e-15,0.0,6.538547660099052e-05,11.40614314632477,1.8391309889739383e-10,4.641268907735671e-13,2.0469009573978193e-10,8.086815532308269e-14,9.666076532802735e-12,0.2645176295436685,4.965421757389105e-11,0.00018727056882353083,986415.6467214769,165471.23187893466
3.725121469242989e-05,0.00018697564185488367,24.5309154033061,430.8067127222326,0.0,0.03532537899838267,33.806036148924846,6.1613304281622856e-15,0.0,6.463103011233145e-05,11.27453402966827,1.8006778440870861e-10,4.576122291231437e-13,2.022500839617157e-10,5.627699871952533e-14,7.340589254491053e-12,0.26146550832343385,4.597794225053541e-11,0.00018723770208454687,981617.0775363895,162681.85678704953
3.7280472414156956e-05,0.0001876892091047915,24.247964309208413,428.53089217733566,0.0,0.034923997015871004,33.421923209836905,5.846039398884993e-15,0.0,6.389667562393992e-05,11.146429852742669,1.7637523644512724e-10,4.5101290895522207e-13,1.998772703519481e-10,0.0,6.236135884434588e-12,0.25849466947243854,4.26119103207756e-11,0.00018720544717171727,976808.3359876433,159981.46675063003
3.730973013588402e-05,0.0001883945703515641,23.96994678244053,426.3019605235334,0.0,0.03453318556039676,33.04792557020583,5.55392217085893e-15,0.0,6.318165973761438e-05,11.02169919440739,1.7282708695892388e-10,4.4449844679735366e-13,1.9756902599051763e-10,9.237061945291461e-13,5.70476764945885e-12,0.2556020652297364,3.952701181584147e-11,0.00018717378465057488,971989.5236419602,157366.21877689543
3.736694463394198e-05,0.00018975075402600182,23.440028266703393,422.07347756058556,0.0,0.033798010876664945,32.34437911813473,5.042058599349312e-15,0.0,6.183660591576493e-05,10.787061852440427,1.6627663707109706e-10,4.3207570428095063e-13,1.9323237433449064e-10,0.0,4.292189553518751e-12,0.2501606366521282,3.420973556711687e-11,0.00018711350935919318,962537.4527211031,152484.383588593
3.740118060433941e-05,0.00019054794422736622,23.131325175477098,419.6224005285978,0.0,0.03337557902805974,31.94012026222779,4.768700580626108e-15,0.0,6.106373600286565e-05,10.652238880816961,1.6258493105709524e-10,4.2565497306896246e-13,1.9074374294489356e-10,9.997056976018874e-13,2.9605480370649624e-12,0.24703398355518064,3.1424763917354236e-11,0.00018707843721008655,956863.6144925242,149701.83299136453
3.743541657473685e-05,0.0001913346697590896,22.82867047048334,417.2281677460465,0.0,0.03296556653273809,31.547746076859248,4.5172125650347874e-15,0.0,6.031358749787536e-05,10.521379524590955,1.590513403952134e-10,4.195963570512806e-13,1.8833049112935232e-10,0.0,1.7930958760408917e-11,0.24399924986853105,2.889896810506714e-11,0.0001870440781696746,951176.5635947051,147016.9786485605
3.7469652545134284e-05,0.0001921111345707741,22.531883964741013,414.8889017164088,0.0,0.03256746060917235,31.16676593437587,4.285668770179646e-15,0.0,5.958522231935532e-05,10.39432015622249,1.5566651321044308e-10,4.134056486658717e-13,1.8598938691091087e-10,0.0,3.1106384851141375e-11,0.2410526409670138,2.6605509483692336e-11,0.00018701040750005254,945476.4644993193,144425.18147884565
3.750388851553172e-05,0.00019287753658670095,22.240793510083986,412.6028078692785,0.0,0.032180775759056486,30.796715293267546,4.072103748141956e-15,0.0,5.887775234506809e-05,10.270905848072196,1.5242179232580683e-10,4.07243587995464e-13,1.8371737797441056e-10,5.774927693686228e-16,2.0651818333046746e-12,0.2381905639859842,2.452059057410109e-11,0.0001869774016659015,939763.4820553975,141922.07834515406
3.753812448592916e-05,0.00019363406798113218,21.955234526745212,410.3681696784065,0.0,0.0318050520887769,30.4371539980403,3.874701954777085e-15,0.0,5.819033611974277e-05,10.150989805397643,1.4930915234871688e-10,4.014387425498827e-13,1.8151157932657376e-10,0.0,9.431061491725534e-13,0.23540961455602122,2.2623084178716396e-11,0.0001869450382590061,934037.7814845615,139503.56230166665
3.757236045632659e-05,0.00019438091542096783,21.675049601758126,408.1833446544181,0.0,0.03143985344551503,30.08766471734016,3.69197899811084e-15,0.0,5.752217579427044e-05,10.034432845457287,1.4632114590750357e-10,3.959741990987019e-13,1.7936926207905688e-10,1.8837002604143415e-13,8.470955114782312e-12,0.23270656493844022,2.089420862986931e-11,0.00018691329593441172,928299.5283762475,137165.76469696074
3.760659642672403e-05,0.0001951182602962151,21.400088113592222,406.0467603737353,0.0,0.031084766065250975,29.747851499168473,3.522685054911253e-15,0.0,5.6872514355589425e-05,9.921102915665234,1.4345085512154792e-10,3.9062799511567355e-13,1.7728784311534017e-10,0.0,6.218393857772535e-11,0.23007835269858828,1.931724506342226e-11,0.00018688215435076682,922548.8886829126,134905.03865167924
3.76603409805927e-05,0.00019625701830491054,20.978638246887016,402.78640533979143,0.0,0.030546799223830332,29.2330251965617,3.281163993970803e-15,0.0,5.5888259541961955e-05,9.74940497812872,1.391671489587244e-10,3.8247244043954724e-13,1.7413738329063198e-10,0.0,2.9067095062958457e-12,0.22609653955163755,1.7112894568837738e-11,0.00018683443294958876,913496.7931140065,131503.35882798053
3.7714085534461375e-05,0.00019737345016657845,20.569179119357088,399.63572065328486,0.0,0.030031364075526538,28.739760963639227,3.0656579021214878e-15,0.0,5.494522751765743e-05,9.584898131858283,1.3513507804174302e-10,3.7478192243868723e-13,1.7112216191453406e-10,2.2236665665947488e-13,0.0,0.22228149354193602,1.5196729417504953e-11,0.0001867880737685489,904415.2276734244,128270.8198598753
3.775162942035256e-05,0.00019814043895399934,20.2899953711325,397.49706505207195,0.0,0.029683962147733785,28.407301967532238,2.928658266006831e-15,0.0,5.430962602033943e-05,9.474020883323547,1.3245675341834386e-10,3.697068135027905e-13,1.690917036054446e-10,0.0,4.47097866853739e-12,0.21971016100700724,1.4006503400964974e-11,0.0001867564619053179,898054.0556403428,126106.9583803362
3.778917330624375e-05,0.00019889704890327503,20.016261709838442,395.40772918851854,0.0,0.02934649166574423,28.084347100318652,2.801658591283863e-15,0.0,5.369219469812524e-05,9.366313323928992,1.2988489686376793e-10,3.6478756313140887e-13,1.671206594098422e-10,2.599110868118848e-12,0.0,0.2172123361250806,1.2924033077592785e-11,0.00018672546150092745,891679.0396901283,124016.50974811331
3.782671719213494e-05,0.00019964348174262298,19.747825782492416,393.3661174106688,0.0,0.029018554817498664,27.77051567898882,2.683765385380849e-15,0.0,5.3092205756828634e-05,9.26164849339889,1.2741362049680274e-10,3.599972553117337e-13,1.6520657738833658e-10,9.961427839882708e-16,4.4884932232346625e-13,0.2147850745730555,1.193839524894007e-11,0.00018669505246692394,885290.4015393846,121996.10093111807
3.786426107802612e-05,0.00020037993360947078,19.4845418427169,391.37070229189425,0.0,0.028699774257632222,27.465446588890185,2.574149062586841e-15,0.0,5.250896880752003e-05,9.159905957632974,1.250374472669468e-10,3.5536420377096527e-13,1.6334713621080634e-10,2.5656793613950208e-14,4.1982176935430217e-13,0.21242558337644357,1.1039886450448964e-11,0.00018666521566010731,878888.3633784797,120042.55289661078
3.793159915889606e-05,0.000201676417470653,19.0247891279798,387.9028986599423,0.0,0.028149830269576757,26.93915667451154,2.3960081606774832e-15,0.0,5.150279763383577e-05,8.98438483090393,1.209979021746643e-10,3.4744111402151323e-13,1.6014206825760437e-10,6.009255947225302e-14,2.4840095872215783e-13,0.20835510732158932,9.619864131772223e-12,0.00018661307715357189,867372.9107739697,116696.81322998635
3.7973420759346625e-05,0.00020246623614619762,18.74703404331849,385.81808795667257,0.0,0.027821676050946077,26.625116825779415,2.295961832458922e-15,0.0,5.0902410213415775e-05,8.879650488540115,1.1862302632582676e-10,3.427635570621582e-13,1.5823122579187728e-10,0.0,2.4845149210497134e-13,0.20592623371609178,8.846256190112693e-12,0.0001865815491355278,860200.246291148,114715.25223649238
3.801524235979718e-05,0.0002032445596396988,18.475035850998573,383.78392480966954,0.0,0.027503268827066888,26.320404657556168,2.2031198556185693e-15,0.0,5.031985563071729e-05,8.778026988614291,1.1634374658548228e-10,3.382488605275876e-13,1.5637829604955205e-10,0.0,1.83938736554793e-13,0.20356950305500615,8.14506271109357e-12,0.00018655064836776953,853012.0370671693,112803.25752215998
3.805706396024774e-05,0.00020401162526726942,18.20863170380472,381.79869677986954,0.0,0.02719420335349011,26.024632362925484,2.1168283302896512e-15,0.0,4.975439247020541e-05,8.679384994982643,1.1415469185036929e-10,3.3387881172922176e-13,1.5458080803349572e-10,0.0,1.744472249230324e-13,0.20128191592212932,7.508672228239545e-12,0.00018652035383680295,845808.5933151777,110957.51914913916
3.80988855606983e-05,0.00020476766369390562,17.947666083077664,379.8607671258274,0.0,0.026894095910700938,25.737432734986196,2.0364948127755712e-15,0.0,4.920531869945588e-05,8.583602041741363,1.1205087200626544e-10,3.296488140604417e-13,1.5283642617212492e-10,7.962943840605912e-14,8.092012245091548e-14,0.19906063223112314,6.930352365987971e-12,0.00018649064554647347,838590.225905779,109174.92392052867
3.8140707161148857e-05,0.0002055128992391144,17.69199036970976,377.9685703681902,0.0,0.026602582895034192,25.4584578202578,1.961582798478499e-15,0.0,4.8671969094284944e-05,8.490562084128548,1.1002764498856795e-10,3.255582656614537e-13,1.5114294113788643e-10,1.706919373103066e-13,0.0,0.1969029608124839,6.404140150367304e-12,0.0001864615044525379,831357.2463536226,107452.5412802494
3.818252876159942e-05,0.0002062475501480648,17.441462473894585,376.1206084841843,0.0,0.026319319529694213,25.18737768184088,1.891613747692253e-15,0.0,4.8153712874057214e-05,8.400155086030086,1.0808068807039096e-10,3.2160082715194655e-13,1.494982614713935e-10,0.0,1.5820037170584097e-13,0.19480634984282963,5.9247479452946855e-12,0.0001864329124068517,824109.9668039526,105787.61050264628
3.822435036204998e-05,0.00020697182884892585,17.195946488797826,374.3154473374258,0.0,0.026043978672461603,24.923879255566533,1.826162326910052e-15,0.0,4.764995151582001e-05,8.312276638497968,1.0620597190092846e-10,3.1776665544415797e-13,1.479004058584125e-10,0.0,2.0531947918505117e-13,0.19276837799499547,5.487479567801171e-12,0.00018640485210533197,816848.7000191477,104177.52891857867
3.8266171962500537e-05,0.0002076859422055969,16.955312351713097,372.55171316431415,0.0,0.025776249704497257,24.667665288167658,1.7648465457243138e-15,0.0,4.716011672565867e-05,8.226827605623459,1.0439973652801446e-10,3.1404858337472967e-13,1.4634749596694107e-10,0.0,8.082696085243138e-14,0.1907867462264804,5.088158175571559e-12,0.00018637730703696442,809573.759365214,102619.84102619051
3.8307993562951094e-05,0.00020839009176010768,16.719435521040243,370.8280892396032,0.0,0.02551583750102676,24.418453352821093,1.7073206976436768e-15,0.0,4.668366855541723e-05,8.143713796213936,1.0265846949639666e-10,3.104426353032125e-13,1.4483774981984854e-10,0.0,5.7287918474131e-14,0.18885927016672877,4.7230641638449345e-12,0.00018635026143534522,802285.4587982631,101112.2284531113
3.834981516340166e-05,0.00020908447395856573,16.4881966794089,369.14331281856204,0.0,0.025262461477344657,24.175974937941344,1.6532725325480707e-15,0.0,4.6220093659758885e-05,8.062845659899617,1.009788861577679e-10,3.0694469203568725e-13,1.4336947568325248e-10,7.404820379199585e-19,4.7901892828709264e-14,0.18698387307097378,4.3888806119851755e-12,0.00018632370023441688,794984.1128509666,99652.50073382296
3.8391636763852217e-05,0.00020976928036195718,16.261481461091662,367.4961723293189,0.0,0.02501585470735446,23.939974602909217,1.6024209870631343e-15,0.0,4.5768903682006544e-05,7.984138005563538,9.935791195667311e-11,3.0354916641636817e-13,1.419410664244764e-10,0.0,3.6043635201110254e-14,0.18515857928926646,4.082645736630347e-12,0.00018629760902807765,787670.0366189836,98238.58682586208
3.8433458364302774e-05,0.00021044469784634834,16.039180196282906,365.8855047308129,0.0,0.02477576310481875,23.710209193902198,1.5545125386348102e-15,0.0,4.53296337556192e-05,7.907509739815832,9.779266630881761e-11,3.0025047663970934e-13,1.4055099428511638e-10,0.0,4.327403199494708e-14,0.18338150820083854,3.801711563356783e-12,0.0001862719740324198,780343.545747353,96868.52727579664
3.847527996475333e-05,0.00021111090879451856,15.821187668479247,364.3101930055463,0.0,0.024541944661114805,23.48644711446344,1.5093174112734307e-15,0.0,4.490184111001095e-05,7.832883623723715,9.628044783536945e-11,2.970442550382459e-13,1.3919780602874376e-10,0.0,1.5487645074066097e-14,0.18165086857263293,3.543707711099938e-12,0.00018624678205000553,773004.9564168816,95540.46697163864
3.85171015652039e-05,0.00021176809127828531,15.607402885825296,362.76916380095406,0.0,0.024314168735860186,23.268467646838634,1.4666269231110417e-15,0.0,4.448510377288516e-05,7.760186046472875,9.481872087352882e-11,2.939268646535394e-13,1.378801184366366e-10,0.0,1.2895428399957436e-16,0.17996495331050658,3.306509635401385e-12,0.00018622202043633916,765654.5853304936,94252.64843943331
3.8558923165654454e-05,0.00021241641923086123,15.397728867398754,361.2613852289236,0.0,0.024092215396467907,23.056060320426973,1.4262516401845025e-15,0.0,4.407901936256636e-05,7.689346814741741,9.340510319469258e-11,2.908945542128945e-13,1.3659661412723617e-10,0.0,0.0,0.17832213457501436,3.0882108570693023e-12,0.0001861976770686974,758292.7496995686,93003.40564440488
3.860074476610501e-05,0.00021305606260998836,15.192072443369277,359.78586480521466,0.0,0.02387587480386085,22.849024323553238,1.3880195566432928e-15,0.0,4.368320396336527e-05,7.62029895652362,9.20373548078025e-11,2.8794336297457994e-13,1.3534603767228865e-10,4.1646216679948633e-19,1.0280229915402876e-13,0.17672085923140093,2.8870985326299407e-12,0.00018617374031712245,750919.767230242,91791.15825169916
3.864256636655557e-05,0.00021368718755309065,14.990344066895934,358.3416475161712,0.0,0.023664946638446732,22.647167954936535,1.3517741080953294e-15,0.0,4.329729107705017e-05,7.552978538187915,9.071336771036902e-11,2.850696556823251e-13,1.3412719198312517e-10,0.0,0.0,0.1751596446079218,2.7016319986757574e-12,0.00018615019901725274,743535.9561097054,90614.40630650928
3.8684387967006134e-05,0.00021430995652513686,14.79245763676449,356.9278139770666,0.0,0.023459239567844726,22.45030811171353,1.3173724483891522e-15,0.0,4.292093064397653e-05,7.487324493732545,8.943115648446702e-11,2.822703183393761e-13,1.3293893494464484e-10,5.116378082756526e-18,9.594381527890328e-13,0.17363707453335614,2.530423876516609e-12,0.00018612704244477644,736141.6349924649,89471.72529182836
3.872620956745669e-05,0.00021492452845936876,14.598330329505302,355.5434787709698,0.0,0.023258570735248965,22.25826981130491,1.2846841636686854e-15,0.0,4.255378812951198e-05,7.423278465323255,8.818884966816034e-11,2.7954240690209006e-13,1.3178017627830717e-10,0.0,0.0,0.17215179565097236,2.372223417718104e-12,0.00018610426029152204,728737.1229866,88361.76155716824
3.876803116790725e-05,0.00021553105889112264,14.407882444079029,354.1877886118055,0.0,0.023062765331367297,22.0708857446155,1.2535901417644737e-15,0.0,4.2195543667831686e-05,7.360784654282949,8.698468183925325e-11,2.768829048365688e-13,1.3064987461690344e-10,9.062912467496286e-17,1.311957519198683e-11,0.1707025139239917,2.2259017686950632e-12,0.00018608184264286463,721322.7396399829,87283.22800282744
3.880985276835781e-05,0.00021612970008514127,14.221037250411824,352.8599211676327,0.0,0.022871656073097258,21.887995858212786,1.2239813923028798e-15,0.0,4.184589126604886e-05,7.29978968174548,8.581698634459573e-11,2.742889432861902e-13,1.2954703477462814e-10,4.969999120025897e-21,1.741618805143699e-14,0.16928799148872448,2.0904390506096963e-12,0.00018605977995696157,713898.8049264934,86234.90020340854
3.8851674368808365e-05,0.00021672060115686054,14.037720850486794,351.5590834331155,0.0,0.022685082924256014,21.709446963293825,1.1957580036426095e-15,0.0,4.150453805567431e-05,7.240242458243557,8.468418860842121e-11,2.717579347630139e-13,1.2847070519702937e-10,5.056415556849844e-19,4.072962056108296e-14,0.1679070435008566,1.9649127973615818e-12,0.00018603806304493082,706465.6392322053,85215.6126715326
3.889349596925893e-05,0.00021730390818808936,13.857862047489226,350.2845103456848,0.0,0.022502892584049274,21.53509236944649,1.1688282946640802e-15,0.0,4.1171203591255836e-05,7.182094061565729,8.358479996692687e-11,2.692874792341638e-13,1.2741997557705242e-10,8.321062229798929e-19,6.200092805518147e-14,0.16655853543167642,1.8484877838074652e-12,0.0001860166830521929,699023.5633415657,84224.25541485175
3.893531756970949e-05,0.00021787976433736288,13.681392220660616,349.03546347207225,0.0,0.02232493819856045,21.36479154141034,1.1431080742446605e-15,0.0,4.0845619194361365e-05,7.125297622283882,8.251741198406996e-11,2.6687524574800635e-13,1.2639397462485794e-10,0.0,0.0,0.16524138034319547,1.7404070085282343e-12,0.00018599563144105615,691572.8984235509,83259.77072565004
3.8977139170160046e-05,0.00021844830994518968,13.508245206530425,347.8112298696493,0.0,0.022151079012380982,21.198409777201046,1.1185199357629903e-15,0.0,4.052752733886622e-05,7.0698082164056375,8.148069120689942e-11,2.6451897380611517e-13,1.253918679801595e-10,0.0,0.0,0.1639545364106815,1.6399836617700458e-12,0.00018597489997439196,684113.9660177982,82321.15021029064
3.90189607706106e-05,0.0002190096826344502,13.338357187048208,346.611120965693,0.0,0.021981180050037512,21.035817906079206,1.0949926017355693e-15,0.0,4.021668107372723e-05,7.015582764644968,8.047337432123072e-11,2.622165308987793e-13,1.24412856256615e-10,1.91202708038378e-22,4.916355053776355e-15,0.16269700458961675,1.5465939960388854e-12,0.0001859544807002454,676647.0880207393,81407.43200523172
3.9093044847424236e-05,0.00021998692331144686,13.04522340670749,344.54239001971143,0.0,0.021689540434860516,20.756721241132663,1.0557197974390766e-15,0.0,3.9683098703596565e-05,6.922502202641578,7.8757500718402e-11,2.582639071675758e-13,1.2273294988394517e-10,0.0,0.0,0.16053839152116925,1.3967070005738562e-12,0.0001859190521558123,663401.519905141,79847.16306280749
3.916712892423787e-05,0.00022094280900074006,12.761798146952229,342.5437565017592,0.0,0.02140924395097974,20.488479838054907,1.0192448844716226e-15,0.0,3.917026963147015e-05,6.833041941426934,7.712397714662765e-11,2.5446359973515874e-13,1.2111910570772737e-10,1.4506876907406089e-18,5.798807000074849e-14,0.1584637361355477,1.2643672150330304e-12,0.0001858845385479775,650133.8238645026,78357.38971032269
3.924121300105151e-05,0.00022187804748270763,12.487774778756018,340.61189285132167,0.0,0.021139656943229456,20.230487301285336,9.852826205745777e-16,0.0,3.867703453909362e-05,6.746999744117508,7.556715010096039e-11,2.508061783392505e-13,1.1956758386977304e-10,0.0,0.0,0.15646834840112267,1.1472212340120503e-12,0.00018585090143229796,636845.7966176261,76933.69227821502
3.931529707786514e-05,0.00022279332450513941,12.222864654416,338.7436587674794,0.0,0.020880188588380033,19.982178222354186,9.535838473798647e-16,0.0,3.820231246803759e-05,6.664187043292553,7.408185037945175e-11,2.472829091573063e-13,1.1807490205780836e-10,3.1018130381228335e-18,5.844531105403379e-14,0.15454785528979745,1.0432665479486095e-12,0.00018581810447856515,623539.2376365832,75571.98666485831
3.9389381154678774e-05,0.00022368930504548066,11.966795787134048,336.9360877090624,0.0,0.020630287291889923,19.743024730903183,9.239303046644637e-16,0.0,3.7745094225493e-05,6.584427790736939,7.266334330964319e-11,2.438856759814671e-13,1.1663781341854294e-10,0.0,0.0,0.15269817410079778,9.507943266969785e-13,0.0001857861132964605,610215.9489030159,74268.49358014944
3.946346523149241e-05,0.00022456663449828021,11.719311620694711,335.1863743984248,0.0,0.02038943743254428,19.512533381198043,8.961301260040464e-16,0.0,3.730443643210579e-05,6.507557419072703,7.130728462694328e-11,2.406070251164331e-13,1.1525328665592235e-10,0.0,0.0,0.15091548838194294,8.683422946685039e-13,0.0001857548952747081,596877.7346641241,73019.7109968452
3.953754930830604e-05,0.00022542593978787956,11.480169887321383,333.4918632588028,0.0,0.020157156419269743,19.29024233846728,8.700140228384589e-16,0.0,3.6879456143135135e-05,6.433421903384643,7.000968134769393e-11,2.374401442891749e-13,1.1391848807970447e-10,5.599920422137949e-16,4.3864346984880366e-14,0.14919622617099593,7.946558962493783e-13,0.00018572441943328735,583526.4011883236,71822.38944233836
3.961163338511967e-05,0.0002262678303939079,11.24914156839049,331.850037898477,0.0,0.019932992035546368,19.075718836847006,8.45432157993917e-16,0.0,3.646932598833261e-05,6.36187691342828,6.876685727671888e-11,2.3437874892212135e-13,1.1263076542546014e-10,1.272185817286941e-30,5.719715060351719e-13,0.14753704033384485,7.286559994661549e-13,0.0001856946562908176,570163.7565206488,70673.50985976921
3.9685717461933306e-05,0.0002270928992935261,11.026009952900488,330.2585115558252,0.0,0.019716520036012868,18.868556879989505,8.222515526071891e-16,0.0,3.6073269776342025e-05,6.292787046767789,6.75754225950949e-11,2.314169855661672e-13,1.1138763325460995e-10,0.0,8.415411382728648e-16,0.14593479078119684,6.694120078797795e-13,0.00018566557774626365,556791.6102378989,69570.26374434405
3.975980153874694e-05,0.00022790172383595054,10.81056977331105,328.7150183738037,0.0,0.01950734197314233,18.66837515594317,8.003538597378167e-16,0.0,3.5690558507846686e-05,6.22602513337482,6.64322468666769e-11,2.285494032100312e-13,1.1018675974164384e-10,0.0,4.4069163446642585e-15,0.14438652833599572,6.161194552660948e-13,0.00018563715697200356,543411.7732035872,68510.035276218
3.983388561556057e-05,0.00022869486656011692,10.602626404516238,327.21740536219215,0.0,0.01930508321108476,18.474815142312305,7.796334379214707e-16,0.0,3.532050675276136e-05,6.161471603686897,6.533443494591825e-11,2.2577094540127159e-13,1.090259546872912e-10,0.0,8.045912839955961e-15,0.14288948008423338,5.680812475775998e-13,0.00018560936831607457,530026.0573227156,67490.38520618319
3.9907969692374204e-05,0.00022947287595771108,10.401995122412371,325.76362497417426,0.0,0.01910939112683439,18.287539382485356,7.59995712337975e-16,0.0,3.4962469354894606e-05,6.099013913718266,6.42793054571448e-11,2.2307691759663435e-13,1.0790315863215122e-10,3.2413109461091164e-17,0.0,0.1414410360404199,5.246919206035161e-13,0.0001855821872130162,516636.2752963993,66509.0362999856
3.998205376918784e-05,0.00023023628718205581,10.20850042108346,324.3517282755252,0.0,0.018919933470042553,18.10622991627886,7.41355791460602e-16,0.0,3.461583843181121e-05,6.038546021669395,6.326437158485037e-11,2.2046293970308712e-13,1.068164329631248e-10,5.442276698983224e-18,0.0,0.1400387370100846,4.854244016503922e-13,0.0001855555901031248,503244.24037639657,65563.8601810831
3.998671561549808e-05,0.00023028384979748262,10.196559276534183,324.26424019962127,0.0,0.01890821277116375,18.09501330083697,7.402144174084345e-16,0.0,3.459439429077634e-05,6.0348052071058715,6.320179566920856e-11,2.2030103270692054e-13,1.0674921291801474e-10,2.0870418882518046e-18,2.595918504860255e-15,0.13995198451289328,4.830803712620064e-13,0.0001855539354473081,502401.49381959275,65505.546854428605
3.999137746180832e-05,0.00023033135680936457,10.18464568689761,324.1769101413017,0.0,0.018896515436652116,18.083819044908147,7.390766715219599e-16,0.0,3.45729928970883e-05,6.031071849586101,6.313936916672815e-11,2.2013942536933373e-13,1.0668212799358798e-10,0.0,0.0,0.139865404950555,4.807507230827304e-13,0.0001855522830085511,501558.7459750235,65447.3683566749
3.999362950863482e-05,0.00023035428663774438,10.178900323463202,324.13477916948125,0.0,0.018890873030309084,18.078419306981957,7.385283431097671e-16,0.0,3.456266957431407e-05,6.029271001694137,6.310926550359566e-11,2.200614630772124e-13,1.0664976885099982e-10,4.866588134820274e-18,8.079301165194922e-15,0.13982364184013038,4.796304335876292e-13,0.00018555148554025777,501151.6306373429,65419.31161904802
3.999588155546132e-05,0.0002303772035345227,10.173161376461962,324.09268491832864,0.0,0.01888523605030786,18.07302476206227,7.379808552093634e-16,0.0,3.455235617962958e-05,6.027471885703785,6.307919651812396e-11,2.1998357037626985e-13,1.0661744108912832e-10,0.0,0.0,0.13978191889394204,4.785134623532299e-13,0.00018555068858744746,500744.5151555498,65391.28618109456
4.000104647891661e-05,0.00023042971222173172,10.159594637963263,323.996284597561,0.0,0.018872328688493832,18.06067251943665,7.367284000381743e-16,0.0,3.45287409247118e-05,6.023352332051846,6.301036667602539e-11,2.1980519350516466e-13,1.065434190557231e-10,8.739636552508796e-17,7.64272147308112e-14,0.13968638313262505,4.759642528549328e-13,0.00018554886881203147,500000.0,65327.13074431948
4.0004738713681756e-05,0.00023046720518788414,10.149467725159475,323.92749297330926,0.0,0.018863119595683323,18.05185949076278,7.35835772290238e-16,0.0,3.4511892007065816e-05,6.020413129385701,6.296127548866464e-11,2.196779073158824e-13,1.0649060689660419e-10,1.0257491852133995e-16,1.062762343722248e-13,0.13961822065960056,4.741525501799456e-13,0.00018554757591853838,500000.0,65281.3711864192
4.000739252932603e-05,0.00023049413035798055,10.142194973822317,323.87811226154906,0.0,0.018856509880698313,18.045534046237755,7.35195587485635e-16,0.0,3.449979890061924e-05,6.018303552292459,6.29260494365719e-11,2.1958653927059994e-13,1.0645270199886281e-10,2.337547303576393e-17,3.2538710473527098e-15,0.1395692978708832,4.728558569472047e-13,0.00018554664759531714,500000.0,65248.5349002961
4.00100463449703e-05,0.0002305210362399267,10.134978413328518,323.8287846691884,0.0,0.018849907985103984,18.03921608477908,7.345565669580263e-16,0.0,3.448772010044348e-05,6.0161964708507565,6.289087220148593e-11,2.1949527099920548e-13,1.0641484226826645e-10,4.686772370439256e-17,0.0,0.13952043295830605,4.715637369173288e-13,0.0001855457193480501,500000.0,65215.74336980211
4.001270016061457e-05,0.0002305479230031361,10.127771326446627,323.7795098537072,0.0,0.01884331385904692,18.032905558567787,7.339187061039724e-16,0.0,3.4475655515116313e-05,6.014091869112652,6.285574356149129e-11,2.194041018784618e-13,1.0637702742020472e-10,1.347363859236385e-16,1.2409062190332236e-13,0.13947162555190903,4.702761700519515e-13,0.00018554479182767743,500000.0,65182.99632937386
4.0015353976258836e-05,0.0002305747906753595,10.12054214519053,323.73028771846174,0.0,0.018836727487121386,18.02660245309825,7.332820016829257e-16,0.0,3.446360511690527e-05,6.011989742240429,6.2820663411115e-11,2.1931303169454277e-13,1.063392573666e-10,1.6835847226942657e-16,9.208745391836112e-14,0.1394228755397496,4.689931331673288e-13,0.00018554386547590243,500000.0,65150.29368362353
4.0018007791903104e-05,0.00023060163916412547,10.11330252129575,323.68111838896345,0.0,0.01883014888358669,18.020306782074123,7.326464516117398e-16,0.0,3.4451568932010396e-05,6.0098900948043426,6.27856317433376e-11,2.192220605770916e-13,1.0630153218578853e-10,1.9187064900801757e-17,0.0,0.13937418302787574,4.677146081834337e-13,0.0001855429401307224,500000.0,65117.635483935985
4.002066160754737e-05,0.00023062846841532853,10.10607340162319,323.6320019294144,0.0,0.018823578053163408,18.014018550181557,7.320120534531e-16,0.0,3.4439546969392176e-05,6.007792928367256,6.275064851975402e-11,2.1913118854375974e-13,1.0626385190291334e-10,1.9270776881604411e-16,0.0,0.13932554805270805,4.664405807237175e-13,0.0001855420154987535,500000.0,65085.021736728966
4.002331542319164e-05,0.00023065527847049777,10.098857626281301,323.58293821664984,0.0,0.0188170149776908,18.00773773969694,7.31378803871007e-16,0.0,3.442753919516446e-05,6.005698237018229,6.271571362398069e-11,2.190404153381434e-13,1.0622621641092688e-10,0.0,9.4423916888068e-15,0.13927697047680582,4.651710359305317e-13,0.00018554109153846884,500000.0,65052.452329747866
4.0025969238835916e-05,0.00023068206939272658,10.091645749601689,323.5339270834723,0.0,0.018810459634003733,18.00146432787939,7.307466993348727e-16,0.0,3.441554556584867e-05,6.003606013173027,6.268082692236215e-11,2.1894974064437515e-13,1.0618862557319452e-10,2.1980970635970555e-15,2.3369638397896263e-13,0.13922845012369053,4.639059540759226e-13,0.0001855401683802501,500000.0,65019.92712385698
4.0028623054480185e-05,0.00023070884119694987,10.084432305049111,323.48496846699743,0.0,0.018803912008645035,17.99519830329741,7.301157367813009e-16,0.0,3.4403566059592445e-05,6.001516253019174,6.264598832084645e-11,2.1885916428656642e-13,1.0615107931980529e-10,0.0,0.0,0.13917998690644504,4.626453128538264e-13,0.0001855392460997674,500000.0,64987.44604186525
4.003127687012445e-05,0.0002307355938626608,10.077219704341067,323.43606236289355,0.0,0.018797372100757995,17.98893966282837,7.294859134936048e-16,0.0,3.439160067042296e-05,5.99942895551525,6.261119775445872e-11,2.1876868619071139e-13,1.0611357762986793e-10,1.8824814619663895e-14,1.3947544265444436e-12,0.1391315807985443,4.613890933988992e-13,0.0001855383246629694,500000.0,64955.009048435204
4.003393068576872e-05,0.0002307623273812308,10.070011688445735,323.3872087753977,0.0,0.018790839894740233,17.982688400576656,7.288572266543217e-16,0.0,3.4379649387081974e-05,5.997344118695032,6.257645514867767e-11,2.1867830624620732e-13,1.0607612046613836e-10,0.0,0.0,0.13908323176369752,4.60137281134469e-13,0.00018553740401689266,500000.0,64922.616099952174
4.003658450141299e-05,0.00023078904176997858,10.062808608467508,323.3384075632632,0.0,0.01878431539734009,17.976444504592564,7.282296732106892e-16,0.0,3.436771218669501e-05,5.995261738573212,6.254176040803569e-11,2.18588024271227e-13,1.0603870775566612e-10,1.6835892372706033e-13,1.0141227045846283e-11,0.13903493969053843,4.588898600338325e-13,0.00018553648415551603,500000.0,64890.26710181648
4.003923831705726e-05,0.0002308157370511165,10.055608725959166,323.289658848738,0.0,0.018777798527621927,17.970207961803716,7.276032500764719e-16,0.0,3.435578904434998e-05,5.99318181079007,6.250711343334881e-11,2.1849784006070658e-13,1.0600133941888661e-10,0.0,0.0,0.1389867045440343,4.576468117842633e-13,0.00018553556510207813,500000.0,64857.962008231065
4.0041892132701526e-05,0.00023084241323424062,10.048411131205674,323.24096244398464,0.0,0.01877128933721419,17.96397876210549,7.2697795429410725e-16,0.0,3.4343879940689405e-05,5.991104331975644,6.247251413590834e-11,2.1840775345052737e-13,1.0596401539374892e-10,0.0,0.0,0.13893852618492825,4.564081165090801e-13,0.00018553464686841016,500000.0,64825.70072208324
4.00445459483458e-05,0.00023086907032050124,10.04121631145234,323.1923181584168,0.0,0.01876478784206174,17.957756897380957,7.263537829935781e-16,0.0,3.433198486013019e-05,5.989029299422889,6.243796243405166e-11,2.1831776431077128e-13,1.0592673562993337e-10,2.838052328300129e-14,2.505024277959191e-13,0.13889040452656604,4.551737558449015e-13,0.0001855337294469297,500000.0,64793.483152871384
4.004719976399007e-05,0.00023089570831435748,10.034024924160851,323.143725949662,0.0,0.018758294025714956,17.951542358754654,7.257307332825683e-16,0.0,3.432010378570162e-05,5.986956710171778,6.240345824361743e-11,2.1822787250698485e-13,1.0588950007265225e-10,0.0,0.0,0.13884233950727753,4.5394371291813935e-13,0.0001855328128276348,500000.0,64761.30923719731
4.004985357963434e-05,0.00023092232722645288,10.02683699656499,323.0951858517164,0.0,0.018751807854328593,17.94533513592392,7.251088022219478e-16,0.0,3.430823669774637e-05,5.9848865607863075,6.236900147563504e-11,2.181380778832377e-13,1.0585230865870591e-10,1.755052154736462e-14,3.839929786119965e-13,0.13879433107010009,4.527179707878431e-13,0.0001855318970092447,500000.0,64729.17892188453
4.0052507395278607e-05,0.00023094892706832575,10.019652205660003,323.04669785001835,0.0,0.018745329305333583,17.93913521839483,7.244879868766421e-16,0.0,3.429638357623633e-05,5.982818847766686,6.233459204062556e-11,2.1804838027435972e-13,1.0581516132377367e-10,1.595899855787372e-13,0.0,0.1387463791453653,4.5149651204849333e-13,0.00018553098199535853,500000.0,64697.092143368296
4.0055161210922875e-05,0.00023097550784847754,10.012470397855232,322.99826187229183,0.0,0.018738858374402118,17.9329425963984,7.238682843512294e-16,0.0,3.428454440248846e-05,5.980753567854892,6.230022985177778e-11,2.1795877952203388e-13,1.057780580078177e-10,8.660499838426018e-14,0.0,0.1386984836514221,4.5027931938646533e-13,0.0001855300677872557,500000.0,64665.04882919497
4.006066589210027e-05,0.00023103058233367704,9.997582688017662,322.8979591152992,0.0,0.01872546027848347,17.92012075936608,7.225864010459276e-16,0.0,3.426003136810569e-05,5.9764774013989985,6.2229104292587e-11,2.1777323316760203e-13,1.0570123648715339e-10,1.4863883976398535e-14,0.0,0.13859931594851557,4.477680835370609e-13,0.00018552817405992128,500000.0,64598.72122016345
4.006617057327766e-05,0.00023108557490802878,9.982707892248364,322.79787941573653,0.0,0.018712094840384563,17.907330185041523,7.213092677394969e-16,0.0,3.4235578102399596e-05,5.972211661260488,6.21581808762537e-11,2.1758810153099719e-13,1.0562460358128282e-10,0.0,5.33096141020913e-15,0.13850039004991738,4.452749773156893e-13,0.00018552628378712887,500000.0,64532.57970657692
4.0071675254455056e-05,0.0002311404856340073,9.967847036150795,322.69802217161805,0.0,0.018698762001108114,17.89457079001239,7.200368591219376e-16,0.0,3.4211184445792124e-05,5.967956319620797,6.208745884700614e-11,2.1740338330142975e-13,1.0554815877691275e-10,0.0,6.530091576770884e-15,0.138401705282906,4.427998491755008e-13,0.00018552439694706046,500000.0,64466.62366665542
4.007717993563245e-05,0.0002311953145862948,9.953000296014952,322.5983868651027,0.0,0.018685461674213085,17.8818424883196,7.187691499514902e-16,0.0,3.4186850233935565e-05,5.963711347812008,6.201693744287301e-11,2.1721907714927388e-13,1.0547190154584948e-10,0.0,2.4312397801507826e-14,0.1383032609793752,4.403425481315875e-13,0.00018552251352956954,500000.0,64400.85248743523
4.0082684616809844e-05,0.00023125006184607466,9.938167252470988,322.4989730346283,0.0,0.01867219375620776,17.86914519279237,7.175061151099346e-16,0.0,3.416257530023045e-05,5.9594767167621,6.194661590032693e-11,2.1703518173278179e-13,1.0539583135287379e-10,4.652382068393931e-15,2.5436393973503e-14,0.13820505647731854,4.379029253180408e-13,0.00018552063353275422,500000.0,64335.26556396508
4.009219341697923e-05,0.00023134444018376395,9.912576463332984,322.327765640153,0.0,0.018649350793678365,17.847284641791546,7.153352839252644e-16,0.0,3.412078187849338e-05,5.952186080119233,6.182561088617866e-11,2.167184840043045e-13,1.0526486656807925e-10,0.0,8.931836400421309e-15,0.1380359807344175,4.337299301187663e-13,0.00018551739406294754,500000.0,64222.40282738863
4.010170221714862e-05,0.00023143857537273534,9.887025314331028,322.15721518545246,0.0,0.018626603783626825,17.82551591646298,7.131781994212637e-16,0.0,3.4079164010850816e-05,5.944926067938257,6.170519612274344e-11,2.1640300114755203e-13,1.0513445562559128e-10,2.890327270591291e-14,0.0,0.13786761519741444,4.296085016800169e-13,0.00018551416475549396,500000.0,64110.085009951
4.01161699342553e-05,0.00023158133725382536,9.84822546314424,321.89897569167414,0.0,0.01859217708641826,17.792569793703457,7.099222656888521e-16,0.0,3.401617697979999e-05,5.933938320656803,6.152310772362255e-11,2.159253068215384e-13,1.049370907361925e-10,0.0,8.32951760617751e-16,0.1376128004562384,4.234349777069356e-13,0.00018550927073944103,500000.0,63940.23091446992
4.013063765136198e-05,0.00023172353843792936,9.809517818088617,321.6422421756616,0.0,0.01855796992906471,17.75983373021586,7.06697431415829e-16,0.0,3.395359154392887e-05,5.923020629515532,6.134236357020171e-11,2.1545038625809969e-13,1.0474099253047855e-10,0.0,0.0,0.1373596103338885,4.1737658662318137e-13,0.00018550440001858677,500000.0,63771.6204771687
4.014510536846866e-05,0.00023186518026524838,9.770899917241836,321.38700603988576,0.0,0.018523980689287605,17.72730622106117,7.035032702675119e-16,0.0,3.3891404826269964e-05,5.912172492607448,6.116295048214402e-11,2.1497821652118834e-13,1.0454615176843396e-10,0.0,3.948664156039745e-16,0.13710803323936643,4.1143085106045295e-13,0.0001854995524932449,500000.0,63604.24312819253
4.015957308557534e-05,0.0002320062640420079,9.732369546528306,321.1332587782464,0.0,0.018490207773155277,17.694985782508457,7.003393641997837e-16,0.0,3.382961399038422e-05,5.9013934150985845,6.098485546974462e-11,2.145087750335581e-13,1.0435255934050426e-10,0.0,5.358403600858436e-17,0.13685805773967327,4.0559535366373126e-13,0.00018549472806225325,500000.0,63438.08844261732
4.017404080268202e-05,0.000232146791024703,9.693926683584166,320.8809917812277,0.0,0.01845664967092203,17.66287095538862,6.972053033942653e-16,0.0,3.3768216246553236e-05,5.890682910346511,6.080806574318834e-11,2.140420396315734e-13,1.0416020628726929e-10,8.556981179254955e-15,1.748730212332474e-16,0.1366096725345102,3.998677338927777e-13,0.00018548992659599318,500000.0,63273.14611311046
4.01885085197887e-05,0.00023228676246169163,9.65557216172188,320.6301964181919,0.0,0.018423304911125708,17.63096029534165,6.94100685686218e-16,0.0,3.370720883326879e-05,5.880040496647721,6.063256867681516e-11,2.1357798851079854e-13,1.0396908374183329e-10,1.5350954244995658e-14,5.340915696620734e-15,0.13636286641576556,3.9424568750628837e-13,0.00018548514795412035,500000.0,63109.405930611916
4.019017126317593e-05,0.00023230281354031713,9.651169842149365,320.6014669483509,0.0,0.01841948627188848,17.627305887902846,6.937457471504315e-16,0.0,3.3700222266873796e-05,5.878821727881095,6.061248143191157e-11,2.135248271235823e-13,1.039471968790771e-10,0.0,0.0,0.13633460218824797,3.936062196858133e-13,0.00018548460021136276,500000.0,63090.6641874538
4.019183400656317e-05,0.0002323188572999855,9.646768680248412,320.5727566751057,0.0,0.01841567042832599,17.623654155979906,6.933911916907316e-16,0.0,3.369324081557895e-05,5.877603851416499,6.059241107689834e-11,2.1347170087476725e-13,1.0392532613924475e-10,0.0,0.0,0.13630635865398363,3.929681128318945e-13,0.00018548405276831698,500000.0,63071.93815084579
4.01934967499504e-05,0.00023233489374262033,9.64236867523087,320.544065281404,0.0,0.018411857377963217,17.620005097406274,6.930370187124189e-16,0.0,3.368626447523995e-05,5.8763868665313685,6.057235759299752e-11,2.1341860973463252e-13,1.0390347150904364e-10,0.0,0.0,0.13627813579633472,3.9233136190993006e-13,0.00018548350562480178,500000.0,63053.22774569513
4.019685646119741e-05,0.00023236727438685756,9.633481626167098,320.48614906736907,0.0,0.01840416130844897,17.612640020521862,6.923225475376914e-16,0.0,3.367218377965175e-05,5.873930565251111,6.053188927007607e-11,2.1331144169985461e-13,1.0385936151881278e-10,0.0,5.80764404918938e-16,0.13622117219527707,3.910488691953749e-13,0.00018548240098917245,500000.0,63015.46937216051
4.020021617244442e-05,0.000232399625181129,9.624599289523324,320.4283092126066,0.0,0.018396476617622434,17.60528583161472,6.916096306055654e-16,0.0,3.365812389993216e-05,5.871477895182442,6.049148959714068e-11,2.1320441667433093e-13,1.0381531713675585e-10,1.7240909049151876e-17,6.360154289425269e-16,0.13616429280415218,3.897718487400307e-13,0.000185481297574235,500000.0,62977.774520673076
4.0202704836270545e-05,0.0002324235693894284,9.618022847102502,320.38551391486794,0.0,0.0183907916036768,17.59984531790599,6.910825455167526e-16,0.0,3.3647722621241245e-05,5.8696634483005266,6.046160821701196e-11,2.131252313138757e-13,1.0378273404939407e-10,0.0,0.0,0.1361222143219863,3.8882941678339207e-13,0.00018548048101960286,500000.0,62949.89335107383
4.020519350009666e-05,0.0002324474972343577,9.611448985931967,320.3427600977919,0.0,0.018385112814125117,17.594410761382953,6.905563085582887e-16,0.0,3.363733273160336e-05,5.867850988178975,6.043176435801971e-11,2.130461242250622e-13,1.037501868566804e-10,6.052075577613826e-17,3.428655965534199e-16,0.13608018191467702,3.878899545169057e-13,0.00018547966513332041,500000.0,62922.046854740474
4.0207682163922785e-05,0.00023247140872236237,9.604877701720127,320.3000478902903,0.0,0.018379440241794914,17.588982154839673,6.900309177575607e-16,0.0,3.362695421724828e-05,5.866040512414562,6.040195795797473e-11,2.129670953201466e-13,1.0371767551441788e-10,0.0,2.0160591042763763e-16,0.1360381955262935,3.8695345234720254e-13,0.00018547884991480863,500000.0,62894.23501510704
4.021017082774891e-05,0.00023249530385986432,9.598308990858824,320.257377362338,0.0,0.018373773879510714,17.583559491086504,6.89506371149645e-16,0.0,3.361658706443667e-05,5.864232018609497,6.037218895483132e-11,2.1288814451039255e-13,1.0368519997850954e-10,2.0101912631958107e-17,2.3749385975780716e-16,0.1359962551010401,3.860199003039217e-13,0.00018547803536348025,500000.0,62866.457804088684
4.021265949157503e-05,0.00023251918265325755,9.591742850759687,320.2147484516522,0.0,0.018368113719747146,17.57814276295111,6.889826667760537e-16,0.0,3.3606231259455904e-05,5.862425504371756,6.03424572866981e-11,2.1280927170731747e-13,1.0365276020496468e-10,1.295752325237022e-16,1.904516762201189e-16,0.13595436058346083,3.8508928768912797e-13,0.0001854772214787364,500000.0,62838.71516770546
4.0215148155401156e-05,0.00023254304510892743,9.585179278966086,320.17216106279045,0.0,0.018362459754844483,17.572731963274006,6.884598026841797e-16,0.0,3.359588678861521e-05,5.860620967313603,6.031276289182496e-11,2.1273047682294955e-13,1.0362035614987313e-10,7.416740460561821e-18,2.893842581997196e-16,0.1359125119182818,3.841616035728224e-13,0.0001854764082599781,500000.0,62811.00704555932
4.021763681922728e-05,0.00023256689123326204,9.578618272587677,320.1296151494432,0.0,0.018356811977274252,17.56732708490599,6.879377769275143e-16,0.0,3.358555363824552e-05,5.8588184050507355,6.028310570859212e-11,2.126517597694432e-13,1.0358798776938966e-10,2.2019700999343416e-17,1.9043265972267376e-16,0.1358707090502419,3.832368371623339e-13,0.00018547559570661313,500000.0,62783.33338698436
4.022215151424145e-05,0.00023261010891725508,9.566722463814413,320.05253814277773,0.0,0.018346582090418676,17.557537164631473,6.869929015029233e-16,0.0,3.3566837080452267e-05,5.8555534026507265,6.022939927842646e-11,2.125091572282886e-13,1.0352935907955834e-10,5.3118079612314536e-18,2.230283295613766e-16,0.1357949910199117,3.8156662725142506e-13,0.0001854741233468206,500000.0,62733.218295206534
4.0226666209255626e-05,0.00023265327291428303,9.554835071248068,319.97559724088586,0.0,0.018336372496786487,17.547766665247146,6.860507671082434e-16,0.0,3.3548157651882025e-05,5.852294877244536,6.017581474258556e-11,2.1236681001055505e-13,1.0347084738928553e-10,1.6371379249014556e-17,2.1417594822918688e-16,0.1357194231965349,3.799059204631535e-13,0.00018547265317135013,500000.0,62683.216162089906
4.0231180904269797e-05,0.00023269638326232531,9.542956076426623,319.89879239784307,0.0,0.018326183152642287,17.53801554438,6.851113622876548e-16,0.0,3.3529515271534876e-05,5.849042814700488,6.012235173654859e-11,2.1222471758523256e-13,1.0341245243873413e-10,3.336523831754926e-17,1.9850807334021291e-16,0.1356440052520834,3.782546559377797e-13,0.0001854711851767064,500000.0,62633.32673244779
4.023569559928397e-05,0.00023273943999927596,9.531085461067574,319.8221235431051,0.0,0.018316014014289922,17.528283759792927,6.841746756592603e-16,0.0,3.351090985866885e-05,5.845797200932232,6.00690098972162e-11,2.1208287941529246e-13,1.0335417396891136e-10,1.4704667971710784e-17,2.1167089681858696e-16,0.13556873685963775,3.766127743262037e-13,0.000185469719359403,500000.0,62583.54974710145
4.024021029429814e-05,0.0002327824431629215,9.519223208259339,319.745590421731,0.0,0.01830586503760539,17.518571269389287,6.832406959122831e-16,0.0,3.349234133280035e-05,5.84255802190026,6.001578886293495e-11,2.1194129496027443e-13,1.0329601172169634e-10,0.0,2.629967426103157e-16,0.13549361769368637,3.7498021514584453e-13,0.000185468255715948,500000.0,62533.88491164061
4.024791351696907e-05,0.00023285569396085855,9.499002434456408,319.6153180716168,0.0,0.0182885947151676,17.50204370677889,6.81653305502179e-16,0.0,3.346074362088442e-05,5.837045971742958,5.992525807241468e-11,2.1170029995065342e-13,1.0319703967342062e-10,2.2081390375353324e-18,2.147086229194096e-16,0.13536578881864855,3.722160016031795e-13,0.00018546576337544586,500000.0,62449.4021211657
4.025561673964001e-05,0.0002329287890870084,9.478805873271748,319.4854390032139,0.0,0.01827138274445428,17.4855719857946,6.800737075466787e-16,0.0,3.3429252668071864e-05,5.8315525451329595,5.983507615471061e-11,2.114600393192709e-13,1.0309840396365572e-10,5.8781367089180875e-18,2.0814984391137988e-16,0.13523839183835884,3.694784479413962e-13,0.0001854632773363499,500000.0,62365.243552642096
4.026331996231094e-05,0.00023300172872753024,9.458633442061723,319.35595190494195,0.0,0.018254228908985363,17.469155899990987,6.785018471919838e-16,0.0,3.3397868079662995e-05,5.826077673219359,5.97452413420846e-11,2.1122051037908374e-13,1.0300010332682616e-10,7.936924895688445e-18,2.1211380750026759e-16,0.1351114251565323,3.667672540540631e-13,0.00018546079758153313,500000.0,62281.40775288152
4.0271023184981876e-05,0.00023307451306795924,9.43848505779723,319.2268555648541,0.0,0.018237132993712435,17.45279524402726,6.769376701317385e-16,0.0,3.3366589463074894e-05,5.820621287519663,5.965575187870183e-11,2.1098171044325752e-13,1.0290213650424163e-10,4.7090746108899894e-18,1.9976017612452838e-16,0.13498488718527263,3.640821261186954e-13,0.00018545832409397163,500000.0,62197.89329568829
4.027872640765281e-05,0.00023314714229322262,9.418360635986582,319.09814901811546,0.0,0.018220094785453524,17.43648981365724,6.753811226073897e-16,0.0,3.333541642783006e-05,5.815183319916435,5.956660602047424e-11,2.107436368186614e-13,1.0280450224403109e-10,0.0,1.8720592938612004e-16,0.13485877634474566,3.614227769776585e-13,0.00018545585685675583,500000.0,62114.69881043295
4.0291651967895074e-05,0.00023326866192256498,9.384646630816029,318.8830599342493,0.0,0.018191634729061334,17.409253765658455,6.727863213376956e-16,0.0,3.3283346027655585e-05,5.806099919889805,5.941779166450093e-11,2.1034578747494376e-13,1.026414213727991e-10,5.407523267664216e-19,1.9783541005961381e-16,0.13464812499597145,3.5701768022016145e-13,0.00018545173097246116,500000.0,61975.818416215385
4.030457752813734e-05,0.00023338974621186,9.350999461693734,318.66906079381357,0.0,0.01816333555425885,17.3821716803888,6.702126033337514e-16,0.0,3.323156997637956e-05,5.797067867439675,5.926993174094372e-11,2.09949962641029e-13,1.0247926748582818e-10,1.9614653232939637e-18,1.9665322684914337e-16,0.13443866443899832,3.5268304392285263e-13,0.0001854476225597209,500000.0,61837.828621688415
4.0317503088379604e-05,0.00023351039602249069,9.317418737043289,318.45614695334183,0.0,0.01813519627499394,17.355242613567572,6.676597247393058e-16,0.0,3.318008646871977e-05,5.788086847642257,5.912301822874929e-11,2.0955614947673495e-13,1.0231803479733718e-10,8.5632782525246445e-19,1.8937890736530787e-16,0.13423038737011764,3.484175754133395e-13,0.0001854435315403461,500000.0,61700.723071364126
4.033042864862186e-05,0.00023363061221078963,9.283904068566468,318.244313707634,0.0,0.018107215913761725,17.32846562937564,6.651274457455749e-16,0.0,3.3128893715565785e-05,5.779156548395753,5.897704319612505e-11,2.0916433513572368e-13,1.0215771757418571e-10,1.611163440537314e-18,1.8685473926101074e-16,0.13402328655122966,3.4422000796578284e-13,0.00018543945783684564,500000.0,61564.49545367694
4.034335420886413e-05,0.00023375039562807345,9.250455071993947,318.0335561840359,0.0,0.018079393501200452,17.301839800366125,6.626155304843652e-16,0.0,3.307798994380272e-05,5.770276660390571,5.883199879943082e-11,2.0877450679388062e-13,1.019983101353133e-10,0.0,1.7689211312862772e-16,0.13381735480932666,3.4008909774963233e-13,0.000185435401372413,500000.0,61429.139480031365
4.036486622039999e-05,0.00023394879397874851,9.194930470684447,317.6851643709034,0.0,0.018033436246500095,17.257859070119316,6.584794713806679e-16,0.0,3.299390673822727e-05,5.755608799388469,5.859264373554765e-11,2.081300839602088e-13,1.0173501017303215e-10,0.0,1.6270433436096734e-16,0.1334771953200607,3.333585205764804e-13,0.0001854286882130482,500000.0,61205.782212914266
4.0386378231935846e-05,0.00023414599981308657,9.139584970907038,317.3397169720818,0.0,0.01798790945982036,17.214290293994857,6.543981299819886e-16,0.0,3.2910611114466873e-05,5.741078327778789,5.835580975162627e-11,2.0749106800910736e-13,1.014741890046735e-10,0.0,1.515765463267683e-16,0.1331402220011248,3.2680374852006496e-13,0.00018542202224693455,500000.0,60984.79380052679
4.04078902434717e-05,0.00023434201696531082,9.084416845703787,316.99719233987923,0.0,0.017942808829865528,17.171129346558786,6.503704875821965e-16,0.0,3.282809518542952e-05,5.72668386970234,5.812146225765121e-11,2.0685740066704036e-13,1.012158213737164e-10,0.0,1.347177968651459e-16,0.1328064029454928,3.204195033101089e-13,0.00018541540313266045,500000.0,60766.14640265796
4.0429402255007565e-05,0.0002345368492326934,9.029424386206014,316.6575691533809,0.0,0.017898130108991862,17.128372163072065,6.463955523993862e-16,0.0,3.2746351180064976e-05,5.712424069542087,5.7889567292766944e-11,2.0622902414969043e-13,1.0095988240074138e-10,0.0,1.3890738852156804e-16,0.13247570671544226,3.142006857229569e-13,0.00018540883053395107,500000.0,60549.81264191379
4.0467306443062024e-05,0.0002348772721480514,8.93294991267239,316.0661491044848,0.0,0.01782042006095597,17.05400426028581,6.395170332800568e-16,0.0,3.260417319384096e-05,5.687621887883039,5.748683450468811e-11,2.0513452403408558e-13,1.0051475278598116e-10,0.0,1.6217384843072706e-16,0.1319005241831,3.036307229491534e-13,0.00018539736178740563,500000.0,60174.18027326875
4.0512363654810984e-05,0.00023527719513118954,8.818959483544418,315.37459814807676,0.0,0.017729701245047667,16.967187069213544,6.315424026152829e-16,0.0,3.243819441893488e-05,5.658667787210262,5.7017625987797135e-11,2.038541889318006e-13,9.99951499604459e-11,0.0,1.894248986415317e-16,0.1312290553111353,2.9167893356813253e-13,0.00018538391281639136,500000.0,59736.69806133509
4.055742086655994e-05,0.00023567199864720092,8.70570441734618,314.6953392704844,0.0,0.01764074672413507,16.882058293872156,6.237794463909231e-16,0.0,3.227544358968564e-05,5.630276784219555,5.655849113380913e-11,2.0259587256802542e-13,9.948569458608709e-11,0.0,2.1816227808571528e-16,0.13057064512701336,2.803546099326312e-13,0.00018537066105908952,500000.0,59308.81016850447
4.06024780783089e-05,0.00023606171549664788,8.593170044744108,314.02819127526817,0.0,0.017553520970441758,16.79858393433803,6.162204470288089e-16,0.0,3.211585570438866e-05,5.602437539714156,5.610915199304552e-11,2.013590829659153e-13,9.898617883737422e-11,0.0,1.701979432573763e-16,0.1299250306655488,2.696200019037983e-13,0.00018535760371121286,500000.0,58890.28974069399
4.0647535290057857e-05,0.00023644637782688322,8.481342015584678,313.37297712912857,0.0,0.01746798952125006,16.716731010278625,6.088580818767184e-16,0.0,3.195936771060691e-05,5.575139054537593,5.566934078407614e-11,2.00143342975222e-13,9.849640120527735e-11,0.0,5.489163508550292e-17,0.1292919568475634,2.5943990172184485e-13,0.00018534473805608233,500000.0,58480.91732404845
4.069259250180681e-05,0.00023682601714632005,8.370206288136249,312.7295239608974,0.0,0.01738411894237882,16.63646752565587,6.016853973436151e-16,0.0,3.180591843769642e-05,5.548370657802029,5.523879944498368e-11,1.9894819034969082e-13,9.801616627417304e-11,0.0,1.5163622436774356e-16,0.1286711762066901,2.4978146013043795e-13,0.0001853320614619886,500000.0,58080.480607025216
4.077297704634735e-05,0.00023749093654356823,8.173610452858828,311.6102495602932,0.0,0.01723851287578568,16.49712366377243,5.893394838877579e-16,0.0,3.153951816376063e-05,5.501898569092193,5.449293739373259e-11,1.968657072578314e-13,9.718250933879342e-11,-6.038545356250518e-36,1.055978613451601e-15,0.1275934511080804,2.337509659954921e-13,0.00018530990730588115,500000.0,57387.63140229877
4.085336159088789e-05,0.00023814013696512261,7.979098751632808,310.526945959089,0.0,0.017097913684505847,16.362571341254082,5.77541415169604e-16,0.0,3.1282278446896924e-05,5.457024490078987,5.377444972812549e-11,1.948449061548167e-13,9.637759341649438e-11,-8.432781199552591e-37,2.6692899809004165e-15,0.1265527851390854,2.1912584989486342e-13,0.00018528833298212669,500000.0,56721.458217820116
4.093374613542843e-05,0.00023877378297355165,7.786598215414229,309.4787236672424,0.0,0.016962153795778645,16.23265019241611,5.662591287025526e-16,0.0,3.103389269690666e-05,5.4136949377583585,5.308207659870465e-11,1.9288349738236275e-13,9.560044061739267e-11,-3.162547928323683e-35,3.5741722757070385e-15,0.12554793798582942,2.057655546064784e-13,0.00018526732541574809,500000.0,56080.9089074718
4.1014130679968966e-05,0.0002393920333759008,7.596038512135654,308.4647291771868,0.0,0.01683107424884219,16.107208093178023,5.55463184440663e-16,0.0,3.079407008004889e-05,5.3718591777551365,5.2414635351737227e-11,1.9097932343072546e-13,9.485012387964507e-11,-5.922317302355156e-35,1.1322140412749315e-15,0.12457773307735602,1.9354527580618903e-13,0.00018524687226246055,500000.0,55464.99001890057
4.10945152245095e-05,0.0002399950414406534,7.407351801412554,307.4841431316761,0.0,0.01670452419541751,15.986100683040913,5.451264876378758e-16,0.0,3.056253460514761e-05,5.331469064899354,5.1771014801488185e-11,1.8913035056318178e-13,9.412576396350372e-11,3.858064212655902e-35,0.0,0.12364105388846917,1.823540583850606e-13,0.00018522696187033656,500000.0,54872.7630531803
4.117489976905004e-05,0.000240582955085043,7.2204726102237675,306.5361787576833,0.0,0.016582360439390344,15.869190924531287,5.352240612044645e-16,0.0,3.0339024281323814e-05,5.292478896297882,5.1150170125812834e-11,1.8733466013930073e-13,9.342652668886888e-11,-5.268697890528367e-35,1.5502582842188173e-14,0.12273684053231089,1.7209311543321457e-13,0.00018520758324727023,500000.0,54303.3410469898
4.125528431359058e-05,0.00024115591705311525,7.035337715697049,305.6200803938991,0.0,0.016464447008519796,15.756348693306611,5.257328445580164e-16,0.0,3.0123290334347516e-05,5.254845274631963,5.0551118189311594e-11,1.8559044059361192e-13,9.275162036834923e-11,-4.2294960668790284e-35,1.1626723453190573e-13,0.12186408659009804,1.626743680882734e-13,0.00018518872603050024,500000.0,53755.8854086723
4.133566885813112e-05,0.0002417140650905686,6.851886030305846,304.7351221455043,0.0,0.01635065475412242,15.647450395463158,5.166315108128812e-16,0.0,2.991509647503069e-05,5.218526980526861,4.997293321442819e-11,1.8389598016294238e-13,9.210029341234291e-11,6.609954636317177e-24,3.287427273516864e-17,0.12102183615169665,1.5401918171489877e-13,0.00018517038045707474,500000.0,53229.602990453
4.141605340267166e-05,0.00024225753211366385,6.670058492484591,303.88060644463735,0.0,0.016240860979049875,15.542378610550095,5.07900302526949e-16,0.0,2.971421821670394e-05,5.183484853494733,4.941474278847434e-11,1.8224966017032178e-13,9.147183209701707e-11,6.183053157303591e-24,0.0,0.1202091810535826,1.4605725733989693e-13,0.00018515253733561717,500000.0,52723.743342315895
4.14964379472122e-05,0.00024278644636925277,6.489797963226505,303.0558627615444,0.0,0.016134949089078247,15.441021758971342,4.995208864089558e-16,0.0,2.9520442239346318e-05,5.149681681010975,4.887572419789387e-11,1.8064994870783222e-13,9.086555848722626e-11,5.215649757683313e-24,1.1291963739682913e-14,0.11942525830749633,1.3872566825645326e-13,0.00018513518801994635,500000.0,52237.59617707605
4.1576822491752735e-05,0.00024330093158558217,6.311049128872003,302.2602464532804,0.0,0.01603280826956686,15.343273792083153,4.914762251721909e-16,0.0,2.9333565797120102e-05,5.117082095159742,4.8355101065097697e-11,1.79095394729473e-13,9.028082850353558e-11,6.0054529949975004e-24,0.0,0.1186692477030797,1.319680152892236e-13,0.00018511832438456932,500000.0,51770.489029198194
4.165720703629327e-05,0.0002438011071149983,6.133758409878608,301.4931376260726,0.0,0.015934333183470414,15.249033903163843,4.837504637521338e-16,0.0,2.9153396165794685e-05,5.085652476240455,4.7852140256126934e-11,1.7758462260241897e-13,8.971703012143627e-11,5.055090050672927e-24,5.569741404288644e-17,0.11794036957240087,1.2573368662076314e-13,0.00018510193880178343,500000.0,51321.78507158308
4.1737591580833816e-05,0.00024428708806959387,5.957873874348766,300.7539400914804,0.0,0.01583942368925848,15.158206257596229,4.76328827570012e-16,0.0,2.8979750126905515e-05,5.055360862781885,4.7366149030688194e-11,1.7611632710309854e-13,8.917358169193038e-11,3.4725430554496594e-24,7.734420975177781e-15,0.1172378827032451,1.1997720991642088e-13,0.0001850860241202025,500000.0,50890.88109145156
4.1817976125374354e-05,0.00024475898545030293,5.78334515602209,300.0420803861752,0.0,0.015747984577572757,15.070699740836185,4.691975312743401e-16,0.0,2.881245348591691e-05,5.026176867488024,4.689647241208939e-11,1.7468926881515778e-13,8.864993037426937e-11,4.6906046901517716e-24,0.0,0.1165610823898158,1.1465768258582006e-13,0.0001850705736445834,500000.0,50477.20560864059
4.189836066991489e-05,0.00024521690626967034,5.6101233766403,299.35700682561463,0.0,0.01565992532520563,14.986427722906498,4.623436968137697e-16,0.0,2.8651340621974407e-05,4.998071598695241,4.644249075848999e-11,1.733022698871604e-13,8.814555067276023e-11,6.2446181646604116e-24,0.0,0.11590929861119385,1.0973827066473962e-13,0.00018505558111688147,500000.0,50080.217121098394
4.197874521445543e-05,0.0002456609536685237,5.4381610724017255,298.69818860221494,0.0,0.015575159865029654,14.905307838256538,4.557552798230868e-16,0.0,2.849625406703259e-05,4.971017586954042,4.600361751862018e-11,1.7195421011835342e-13,8.765994307021345e-11,2.857947936750702e-24,1.3943945944241004e-14,0.11528189432874598,1.0518576771937656e-13,0.00018504104069847827,500000.0,49699.402470160945
4.2059129758995966e-05,0.00024609122702683796,5.267412123933615,298.0651149887457,0.0,0.015493606370844171,14.82726177990936,4.494210033697477e-16,0.0,2.8347044112307518e-05,4.944988716375783,4.557929715614041e-11,1.706440233391416e-13,8.719263275111695e-11,0.0,7.417939113563607e-15,0.11467826389404852,1.0097020640831487e-13,0.00018502694695352758,500000.0,49334.27532714202
4.21395143035365e-05,0.0002465078220691056,5.0978316899123435,297.45729456589214,0.0,0.015415187056223863,14.752215106898941,4.433302981904275e-16,0.0,2.8203568440133056e-05,4.919960160411737,4.516900322813049e-11,1.693706940675541e-13,8.67431684081462e-11,7.940239689306913e-24,0.0,0.11409783155948677,9.706451486751592e-14,0.00018501329483332503,500000.0,48984.374779691956
4.221989884807705e-05,0.0002469108309645236,4.929376144382512,296.8742544118237,0.0,0.015339827986275407,14.680097064078135,4.3747324865381335e-16,0.0,2.8065691779454402e-05,4.89590832175786,4.4772236604688017e-11,1.6813325443138925e-13,8.631112112613883e-11,2.665767021822857e-23,2.2649555425844747e-14,0.11354005008455127,9.344421271111821e-14,0.00018500007966162015,500000.0,48649.26400069876
4.2300283392617585e-05,0.00024730034242224176,4.762003016384515,296.31553948784233,0.0,0.015267458901209922,14.610840413461203,4.318405438324225e-16,0.0,2.7933285583398572e-05,4.872810776106429,4.4388523817730535e-11,1.6693078130938986e-13,8.589608333818353e-11,0.0,0.0,0.11300439943158308,9.008714399733583e-14,0.0001849872971208759,500000.0,48328.52903183949
4.238066793715812e-05,0.0002476764417819057,4.5956709330278604,295.7807119493107,0.0,0.015198013051609208,14.544381276330471,4.2642343311821837e-16,0.0,2.7806227727405758e-05,4.850646219487579,4.4017415528473383e-11,1.6576239369178925e-13,8.549766784892045e-11,7.38848002808696e-23,2.6438647654797322e-15,0.11249038554432608,8.697323787694116e-14,0.00018497494323934941,500000.0,48021.77763094867
4.246105248169866e-05,0.00024803921109972166,4.430339565101102,295.2693505268358,0.0,0.015131427043702012,14.480658985397364,4.212136858992614e-16,0.0,2.768440222658797e-05,4.829394418964032,4.365848510389162e-11,1.646272502328574e-13,8.511550692053172e-11,0.0,0.0,0.1119975392047387,8.408429846554709e-14,0.00018496301437898464,500000.0,47728.638201779875
4.25414370262392e-05,0.00024838872923025105,4.26596957523253,294.7810499370233,0.0,0.015067640694856417,14.419615946364356,4.162035548648751e-16,0.0,2.756769897105982e-05,4.80903616646112,4.3311327293400906e-11,1.635245469834014e-13,8.47492514172694e-11,0.0,0.0,0.11152541496212273,8.140381725728379e-14,0.000184951507224061,500000.0,47448.75879439843
4.262182157077974e-05,0.00024872507190413465,4.102522568390436,294.31542033170683,0.0,0.015006596898068329,14.361197508285818,4.113857425618066e-16,0.0,2.7456013478092102e-05,4.789553235531267,4.2975556997749045e-11,1.6245351528718266e-13,8.439857000469565e-11,1.683788954740131e-20,2.0055096098587712e-15,0.11107359013050307,7.891680666592549e-14,0.00018494041877055792,500000.0,47181.80617304288
4.270220611532028e-05,0.00024904831180192557,3.9399610445518896,293.87208678794656,0.0,0.014948241495103588,14.305351842173799,4.0675337087034845e-16,0.0,2.7349246660029507e-05,4.770928340868227,4.265080812282345e-11,1.614134198257763e-13,8.406314840011918e-11,1.253076174332277e-19,0.0,0.11064166384973827,7.660965203076738e-14,0.0001849297463161963,500000.0,46927.46494756458
4.2782590659860816e-05,0.0002493585186242045,3.7782483534931033,293.45068881811403,0.0,0.014892523157737762,14.252029827337475,4.0229995310468654e-16,0.0,2.724730460699238e-05,4.753145100400548,4.2336732511745005e-11,1.6040355680070182e-13,8.374268867098782e-11,7.693897346856042e-19,0.0,0.11022925620642915,7.446997965683175e-14,0.00018491948745111536,500000.0,46685.4367612296
4.2862975204401354e-05,0.00024965575915814677,3.617348651740929,293.0508798634916,0.0,0.014839393276620172,14.201184944983437,3.9801936847019875e-16,0.0,2.715009838345385e-05,4.736187999806576,4.203299894924693e-11,1.5942325224853868e-13,8.343690857824703e-11,5.1577565080789634e-18,2.0478141548728814e-14,0.1098360074109474,7.248653893676158e-14,0.00018490964004914246,500000.0,46455.43952555362
4.299506154757145e-05,0.0002501161888187691,3.35463462184565,292.4399315939753,0.0,0.014757592165139714,14.122901918670438,3.913458143444001e-16,0.0,2.7000435388816216e-05,4.710080098862926,4.155554377748804e-11,1.5787493247555762e-13,8.296563664462513e-11,3.865477865583868e-24,5.524630990082796e-18,0.10923054419859365,6.954007173858009e-14,0.00018489434775459894,500000.0,46102.94246505959
4.3091898461255255e-05,0.0002504317678469199,3.1632769159853122,292.02767541798534,0.0,0.014701872547810513,14.06957867913565,3.867259939411898e-16,0.0,2.6898490994375998e-05,4.6922964499502795,4.1221945933561157e-11,1.5678783413220143e-13,8.264421628030482e-11,0.0,0.0,0.10881812708311409,6.760713200659118e-14,0.0001848838352386843,500000.0,45864.06052098711
4.318873537493906e-05,0.0002507288647340624,2.972908798248633,291.6449936081909,0.0,0.014649672247332242,14.019623398517533,3.8232720365308277e-16,0.0,2.68029855285394e-05,4.675636037349753,4.0901713990791706e-11,1.5574023410773843e-13,8.23427210941018e-11,0.0,0.0,0.10843175872074239,6.585077674315673e-14,0.00018487391163045643,500000.0,45641.26631751346
4.328557228862286e-05,0.00025100757257001937,2.7834735591561084,291.2913905674461,0.0,0.014600927340102519,13.972974902443308,3.781413634400919e-16,0.0,2.6713802036963393e-05,4.660078459008183,4.059439344667822e-11,1.5473117500075093e-13,8.206077887918133e-11,0.0,0.0,0.10807096597146719,6.425870888124696e-14,0.00018486457547326577,500000.0,45434.19076305498
4.3382409202306655e-05,0.00025126797901422966,2.594915709488346,290.9663952803689,0.0,0.014555578503484741,13.929576419622078,3.74160920593553e-16,0.0,2.663083198320257e-05,4.645604781328985,4.029955543875206e-11,1.5375974526126097e-13,8.179804383497329e-11,4.2347719865027264e-19,1.1603385118906037e-15,0.10773530974996019,6.281997183841764e-14,0.0001848558258204573,500000.0,45242.49142502583
4.347924611599046e-05,0.000251510166391117,2.407180910181113,290.6695606741853,0.0,0.014513570845892085,13.889375419244372,3.703788166628429e-16,0.0,2.6553974937846076e-05,4.632197484943852,4.0016795253017637e-11,1.5282507667195805e-13,8.155419556431855e-11,2.7192455321236175e-19,1.289821532932191e-15,0.10742438376798599,6.152481784252902e-14,0.00018484766222461385,500000.0,45065.851395628764
4.3635447410952164e-05,0.00025186262082782637,2.1059578823730942,290.2490363471358,0.0,0.014452725557553532,13.831146953745726,3.6467956248774985e-16,0.0,2.6442652638106774e-05,4.612777911110876,3.9585185391362007e-11,1.5139281150549157e-13,8.119992098059764e-11,0.0,0.0,0.10697402823843408,5.97167109844063e-14,0.00018483572943377876,500000.0,44811.928590127354
4.379164870591387e-05,0.0002521681660346185,1.806519725999166,289.89903027643055,0.0,0.014400253275724237,13.780931390692087,3.5945395945654217e-16,0.0,2.6346649559304038e-05,4.596030692616639,3.9182525173310124e-11,1.5005079049118398e-13,8.089291161976511e-11,0.0,0.0,0.10658564677764332,5.822899065869409e-14,0.00018482532450287762,500000.0,44595.335120561715
4.394785000087558e-05,0.000252427064133954,1.5086539906303194,289.6180307000011,0.0,0.014355990475136391,13.738572237715964,3.5467925140163155e-16,0.0,2.626566651632033e-05,4.581903638233724,3.880745703100977e-11,1.4879598776784992e-13,8.063220485819807e-11,3.3436326252345856e-19,2.8851408582613245e-16,0.10625802902909405,5.703642867286984e-14,0.0001848164532879913,500000.0,44415.12014083751
4.410405129583728e-05,0.0002526395444895053,1.212153348099391,289.40466555453247,0.0,0.014319798970923116,13.70393725301271,3.5033506189854364e-16,0.0,2.6199450686730988e-05,4.570352644455923,3.845874280610346e-11,1.4762559614882787e-13,8.041698238227801e-11,0.0,0.0,0.10599015219702249,5.6118854630668144e-14,0.00018480912467180657,500000.0,44270.47425778477
4.4260252590798985e-05,0.0002528058044420889,0.9168148886302857,289.2576976031274,0.0,0.014291564917563487,13.676917487336171,3.464031834588567e-16,0.0,2.6147793779272878e-05,4.561341375997533,3.813525339647662e-11,1.465370092676735e-13,8.024656418819053e-11,0.0,7.935711606765346e-17,0.10578117363693865,5.5460566776698055e-14,0.00018480335049998346,500000.0,44160.722771900444
4.441645388576069e-05,0.0002529260099332425,0.622439456754779,289.17602030304874,0.0,0.01427119798787363,13.657426498306556,3.4286739555159384e-16,0.0,2.6110530531742685e-05,4.554841003759889,3.783595958188515e-11,1.4552780553594932e-13,8.012040362108488e-11,4.881128873432362e-19,2.365431298931871e-16,0.10563042477886626,5.504987679345454e-14,0.00018479914553415122,500000.0,44085.32009084623
4.45726551807224e-05,0.00025300029603927206,0.3288310088397881,289.15865425356526,0.0,0.014258630718275466,13.645399723838107,3.3971330559464157e-16,0.0,2.6087537513103613e-05,4.550829995865398,3.75599238247845e-11,1.4459573359186486e-13,8.003808336779401e-11,5.682594840659572e-19,8.862534402858333e-16,0.10553740628125362,5.487876806745649e-14,0.00018479652741886643,500000.0,44043.845207144375
4.4728856475684106e-05,0.0002530287674152412,0.03579598651044938,289.20474423208356,0.0,0.014253818012626969,13.640794007311973,3.3692821074238444e-16,0.0,2.6078732215702275e-05,4.549293959299591,3.73062929358323e-11,1.4373869907396392e-13,7.999931235495181e-11,5.16296124830626e-19,0.0,0.10550178435852843,5.4942650584927234e-14,0.00018479551666302272,500000.0,44035.99818435765
4.4885057770645806e-05,0.0002530114986398512,-0.2568572919126438,289.313556838343,0.0,0.014256736800265821,13.6435872703145,3.3450097928519675e-16,0.0,2.608407242960262e-05,4.550225530767202,3.7074291536169816e-11,1.4295475256734459e-13,8.000392352479818e-11,0.0,2.0247837095818697e-15,0.10552338824994913,5.5240207396187366e-14,0.0001847961366367603,500000.0,44061.59761539581
4.504125906560751e-05,0.00025294853446066926,-0.5493192228707372,289.48447879271583,0.0,0.01426738584421392,13.653778329109006,3.324219494873751e-16,0.0,2.610355589171401e-05,4.553624315484304,3.686321623526468e-11,1.4224207857162363e-13,8.00518724622853e-11,0.0,9.354053058046014e-16,0.10560220880016413,5.577332004714992e-14,0.00018479841358378288,500000.0,44120.57902853255
4.519746036056922e-05,0.0002528398899466227,-0.841779498029433,289.71701580531607,0.0,0.014285785696090812,13.671386851472972,3.3068284320127285e-16,0.0,2.613722020327201e-05,4.559496872783232,3.6672430427929813e-11,1.4159898533509892e-13,8.014323684885771e-11,2.17728142792658e-19,0.0,0.1057383981253618,5.6547074457250917e-14,0.00018480237664822657,500000.0,44212.99420501243
4.5353661655530926e-05,0.00025268555055273106,-1.1344276800971957,290.01079197397075,0.0,0.014311978796170568,13.69645345245995,3.292766923414643e-16,0.0,2.6185143012916692e-05,4.567856748049803,3.6501359628285e-11,1.4102389546593308e-13,8.027821672975515e-11,0.0,6.587213361499256e-16,0.10593227035392806,5.756984079807424e-14,0.00018480805791583888,500000.0,44339.011390802465
4.5509862950492633e-05,0.0002524854720966354,-1.4274537784327257,290.3655497569969,0.0,0.01434602971967629,13.729039930105149,3.2819777721275843e-16,0.0,2.6247442467319522e-05,4.578724551332672,3.634948728051289e-11,1.4051533720771961e-13,8.04571355966781e-11,0.0,0.0,0.1061843034494638,5.885343488558644e-14,0.00018481549246984597,500000.0,44498.91641233039
4.5666064245454334e-05,0.0002522395806444871,-1.7210488271018214,290.7811505116124,0.0,0.01438802557239515,13.769229644018555,3.274415759543273e-16,0.0,2.63242779349853e-05,4.592128083606611,3.6216350998020704e-11,1.4007193628738613e-13,8.06804422990856e-11,4.88912481276089e-20,0.0,0.10649514213892323,6.041336184842215e-14,0.0001848247184620786,500000.0,44693.114709850444
4.582226554041604e-05,0.0002519477723050178,-2.015405468761385,291.257575606046,0.0,0.01443807654017499,13.817128041256773,3.270047242632306e-16,0.0,2.641585101162394e-05,4.608102512154204,3.610153918357785e-11,1.3969240826799759e-13,8.094871380551082e-11,0.0,5.0907778245747405e-17,0.10686560197986383,6.226915074484625e-14,0.00018483577719984414,500000.0,44922.13431549102
4.597846683537775e-05,0.00025160991293149594,-2.3107185487064235,291.79492811533015,0.0,0.014496316598570758,13.872863335446798,3.268849846093848e-16,0.0,2.652240681851229e-05,4.626690597058065,3.600468798343548e-11,1.3937555134806957e-13,8.126265884507804e-11,0.0,1.7589536800300816e-16,0.10729667461297933,6.44447913528601e-14,0.00018484871324902328,500000.0,45186.62981481601
4.6134668130339454e-05,0.0002512258377302883,-2.607185723871891,292.39343512586663,0.0,0.014562904390951417,13.936587347129352,3.2708122437738513e-16,0.0,2.664423560907869e-05,4.647942971460832,3.592547853382638e-11,1.3912023959402466e-13,8.162312247072775e-11,1.6841148960016304e-20,1.0254895100006555e-16,0.10778953426155521,6.696928693338946e-14,0.0001848635745542879,500000.0,45487.38734629932
4.629086942530116e-05,0.00025079535077316773,-2.90500809090268,293.05345066515764,0.0,0.014638024285740748,14.008476515530887,3.2759340274601455e-16,0.0,2.6781674703228136e-05,4.6719184789977435,3.586363446297278e-11,1.3892541651073994e-13,8.203109159837147e-11,0.0,0.0,0.10834554555680093,6.98773437190084e-14,0.00018488041257728498,500000.0,45825.330706409375
4.644707072026286e-05,0.0002503182244096045,-3.204390837697343,293.7754592942492,0.0,0.014721887625889133,14.0887330943,3.284225662036457e-16,0.0,2.6935110773374054e-05,4.698684572582548,3.581891961560857e-11,1.3879008891781237e-13,8.248770158923663e-11,5.4719172216054006e-21,1.3606582616111268e-16,0.10896627278601574,7.3210219601279e-14,0.00018489928245399005,500000.0,46201.52864695855
4.660327201522457e-05,0.0002497941985749316,-3.5055439232153143,294.56008040678466,0.0,0.014814734186260902,14.177586546218537,3.2957085266065763e-16,0.0,2.710498251087389e-05,4.728317779552774,3.579113596806649e-11,1.387133211312155e-13,8.299424395632487e-11,5.65174375693369e-20,8.403808309612544e-17,0.1096534906796827,7.701676457596801e-14,0.00018492024317266363,500000.0,46617.20346955995
4.6759473310186275e-05,0.00024922297998974263,-3.8086827910109013,295.40807328122867,0.0,0.01491683385754653,14.2752951546935,3.310415042720912e-16,0.0,2.7291783706910366e-05,4.760904239112811,3.578012170226297e-11,1.3869422943509736e-13,8.355217529126171e-11,0.0,0.0,0.11040919687520442,8.135469229591793e-14,0.00018494335777408444,500000.0,47073.74104192658
4.691567460514798e-05,0.0002486042412449866,-4.114029121460166,296.32034293231,0.0,0.015028488578657663,14.382147873046856,3.3283888936086934e-16,0.0,2.749606678799917e-05,4.79654031908415,3.578574940658746e-11,1.3873197679701235e-13,8.41631275254398e-11,0.0,1.1793631739219323e-16,0.11123562621983737,8.629212990121848e-14,0.00018496869357554805,500000.0,47572.70238297331
4.707187590010969e-05,0.0002479376197661368,-4.421811629517534,297.29794683836593,0.0,0.015150034543406929,14.498466436294725,3.3496853391221057e-16,0.0,2.771844685332908e-05,4.835333320197545,3.5807924373112844e-11,1.3882576784004428e-13,8.482891965942057e-11,1.137625406390412e-19,2.766832835140172e-17,0.1121352671037941,9.190951328265198e-14,0.00018499632242109185,500000.0,48115.83699422437
4.722807719507139e-05,0.0002472227166487497,-4.732266914638651,298.3421026207808,0.0,0.015281844711652675,14.624607764296119,3.3743716338624404e-16,0.0,2.7959606269147913e-05,4.877402277558821,3.584658295894981e-11,1.3897484406410036e-13,8.555157111733486e-11,0.0,0.0,0.1131108800468786,9.830190102350882e-14,0.00018502632096038647,500000.0,48705.098144681164
4.7384278490033096e-05,0.00024645909535670016,-5.045640369942121,299.45419676012773,0.0,0.015424331660103714,14.760966689955536,3.402527558519219e-16,0.0,2.8220299884592562e-05,4.922878870522275,3.5901690977205255e-11,1.3917847931158844e-13,8.6333316909007e-11,0.0,3.355835975617348e-16,0.114165518799182,1.055818094728603e-13,0.00018505877095897024,500000.0,49342.66035210019
4.75404797849948e-05,0.00024564628027324187,-5.362187158732953,300.6357944555459,0.0,0.015577950813799236,14.907979051731086,3.434246077200131e-16,0.0,2.8501360944005662e-05,4.971908454062343,3.597324208007616e-11,1.3943597548944334e-13,8.717662481250977e-11,5.1406501147832885e-19,1.2932348549075275e-16,0.11530255425942249,1.1388269459886937e-13,0.0001850937596430045,500000.0,50030.93934749657
4.769668107995651e-05,0.00024478375509369443,-5.682173267615286,301.8886507447239,0.0,0.015743204106072828,15.066125196196861,3.469634137093777e-16,0.0,2.880370778320173e-05,5.024651226901045,3.6061256092727804e-11,1.3974665857038957e-13,8.808421482472562e-11,3.6365134763992624e-19,0.0,0.11652570156475785,1.2336324037423293e-13,0.00018513138008227989,500000.0,50772.614858957444
4.785288237491822e-05,0.00024387096104700628,-6.005876646451554,303.214723017645,0.0,0.015920644122752358,15.235933944016963,3.508813631453561e-16,0.0,2.9128351411692002e-05,5.081283554186248,3.616577725131873e-11,1.4010987490013152e-13,8.905908116817563e-11,0.0,1.2332864824274213e-15,0.11783905076475652,1.3421265878524285e-13,0.00018517173161572892,500000.0,51570.6566095544
4.800908366987992e-05,0.0002429072949317315,-6.3335884466405465,304.6161850970762,0.0,0.01611087879567676,15.417987081620389,3.5519225527336954e-16,0.0,2.9476404099955226e-05,5.141999465494586,3.6286872291562337e-11,1.405249878410396e-13,9.010451718994619e-11,1.8017499649423628e-18,1.4023841645710223e-15,0.11924710156129516,1.4665726413603414e-13,0.00018521492032427925,500000.0,52428.35399741115
4.8165284964841624e-05,0.00024189210695007353,-6.665614370543458,306.0954430636835,0.0,0.016314576721629587,15.61292445139093,3.5991163700191733e-16,0.0,2.984908911096159e-05,5.207012352443073,3.6424628325392204e-11,1.4099137479456207e-13,9.122414354436609e-11,4.306850850871647e-18,0.0,0.12075480267753531,1.609686597111736e-13,0.0001852610595565753,500000.0,53349.350006250635
4.832148625980333e-05,0.00024082469832152923,-7.002276146543026,307.6551530133255,0.0,0.01653247319579606,15.821449725642907,3.6505696742143953e-16,0.0,3.0247751738968197e-05,5.276556894347733,3.657915043236068e-11,1.4150842466573653e-13,9.242194011688682e-11,0.0,1.6753413183754186e-15,0.12236759651548255,1.7747397430635766e-13,0.00018531027051393604,500000.0,54337.679991101555
4.847768755476504e-05,0.00023970431865523938,-7.343913146490451,309.2982410292291,0.0,0.016765377064279437,16.04433696445899,3.7064781467774314e-16,0.0,3.0673871846919464e-05,5.350891245305384,3.675055887875899e-11,1.4207553584779188e-13,9.370228222449069e-11,0.0,8.116986337377865e-15,0.12409146987618391,1.9656871793641847e-13,0.0001853626829019258,500000.0,55397.8161141801
4.8633888849726745e-05,0.00023853016305736338,-7.690884164442152,311.0279256564261,0.0,0.0170141785187256,16.282438075128912,3.7670609241636327e-16,0.0,3.1129078127548884e-05,5.430299521965194,3.6938985860428355e-11,1.4269211481748217e-13,9.506998172044042e-11,3.377402626430797e-17,4.216797068763447e-15,0.12593301165316842,2.1873299993080878e-13,0.00018541843565703092,500000.0,56534.71834466164
4.8790090144688445e-05,0.00023730136894663776,-8.0435693781558,312.84774319061927,0.0,0.01727985797821208,16.5366913120677,3.8325634517970824e-16,0.0,3.161516435369001e-05,5.515094638306962,3.714457164415284e-11,1.4335757545663128e-13,9.653033374136163e-11,8.91656095517242e-17,0.0,0.1278994785732193,2.44552085871662e-13,0.00018547767775824658,500000.0,57753.89310675057
4.894629143965015e-05,0.00023601701254772177,-8.402372517441892,314.7615760493722,0.0,0.01756349623009327,16.80813098148205,3.903260950120039e-16,0.0,3.213410793182172e-05,5.605621542210783,3.736745995664222e-11,1.44071339277681e-13,9.808916996634026e-11,2.987610536297722e-17,4.093748600989226e-14,0.12999887025493548,2.7474258105578797e-13,0.00018554056913488252,500000.0,59061.46085343108
4.906073481541925e-05,0.00023504017204720824,-8.669385956167117,316.2258983970404,0.0,0.0177833922752471,17.01856984237531,3.9585333297315015e-16,0.0,3.253642899153432e-05,5.675804277765531,3.75418272924697e-11,1.446246196286024e-13,9.929747941035631e-11,0.0,2.7085619759023047e-14,0.13162646431672198,3.0013888107237516e-13,0.0001855890627044126,500000.0,60079.486679237925
4.917517819118834e-05,0.0002340325640782608,-8.940092162763596,317.7447817762548,0.0,0.01801407738721296,17.239333762005124,4.0168942531313846e-16,0.0,3.2958489697031e-05,5.749430487893897,3.7725611895575584e-11,1.452033030412494e-13,1.0056484463094696e-10,1.2373799172684828e-16,0.0,0.13333391532233171,3.2876585420657945e-13,0.00018563967921679864,500000.0,61151.54400331532
4.928962156695743e-05,0.00023299375537146394,-9.214678626150143,319.3201694201045,0.0,0.018256101909079926,17.47094941514494,4.078491055365955e-16,0.0,3.3401296955265175e-05,5.826675822075104,3.7918862651183053e-11,1.4580717344131182e-13,1.0189422630789033e-10,5.734528687644558e-17,3.3503096598403125e-14,0.13512529672431692,3.611096272922958e-13,0.00018569249473411167,500000.0,62280.82116795447
4.940406494272653e-05,0.0002319232906736711,-9.493342360491635,320.9541416246858,0.0,0.018510058910110427,17.713984365401906,4.143485234825317e-16,0.0,3.3865935845231125e-05,5.907729566481639,3.812162235548712e-11,1.464360198655549e-13,1.0328881181455045e-10,0.0,1.0430301941878501e-13,0.13700499822118967,3.9774103648761673e-13,0.00018574758964698236,500000.0,63470.77761358893
4.943790184539216e-05,0.00023160065878391072,-9.576544542823408,321.4487938827803,0.0,0.018587523159936423,17.788117073935883,4.1633780410839714e-16,0.0,3.400766418251708e-05,5.932453309314871,3.818339797724741e-11,1.4662670154561958e-13,1.037141278201081e-10,1.4488171140836983e-16,6.655808735797648e-14,0.13757836169448234,4.094884887143057e-13,0.00018576432822066226,500000.0,63834.77126075977
4.9440831585805826e-05,0.00023157259141605313,-9.583766331284908,321.4918749234069,0.0,0.01859428258645031,17.794585794661966,4.16511529685175e-16,0.0,3.402003120715477e-05,5.934610669957078,3.818878604074427e-11,1.4664331325933258e-13,1.0375123865656217e-10,1.3990363328160082e-16,4.670673309877316e-14,0.13762839262223117,4.1052661763657924e-13,0.00018576578731200678,500000.0,63866.55555784215
4.944376132621948e-05,0.0002315445028860528,-9.590990972316671,321.5349956479483,0.0,0.018601050390943726,17.80106253308433,4.166854934208227e-16,0.0,3.403241356017857e-05,5.936770704553398,3.819418036507746e-11,1.4665994116877232e-13,1.0378839522008448e-10,5.719482317406811e-17,0.0,0.13767848556115608,4.11568141804373e-13,0.00018576724797120532,500000.0,63898.382771861296
4.944669106663314e-05,0.00023151639318554635,-9.598218469770405,321.57815505150194,0.0,0.018607826584877772,17.807547300141735,4.168596956230461e-16,0.0,3.404481126250151e-05,5.938933416751981,3.8199580950767126e-11,1.466765852845084e-13,1.0382559757199418e-10,0.0,9.500877763455177e-30,0.13772864059582976,4.1261306505557107e-13,0.00018576871019975274,500000.0,63930.25276244457
4.94496208070468e-05,0.00023148826230615967,-9.60544882734431,321.6213528108557,0.0,0.01861461117990593,17.81404010679456,4.1703413659046516e-16,0.0,3.405722433507693e-05,5.9410988102081825,3.8204987798385574e-11,1.4669324562629628e-13,1.0386284577373643e-10,3.268159780420479e-16,2.069773990843659e-13,0.13777885781082283,4.13661388307481e-13,0.00018577017399913973,500000.0,63962.16552470194
4.94542504783412e-05,0.00023144376577620326,-9.616880313769931,321.68969345887297,0.0,0.0186253495732512,17.82431666841544,4.173102813809526e-16,0.0,3.407687126313395e-05,5.944526110677142,3.82135446427432e-11,1.4671960597578367e-13,1.0392180021935205e-10,2.5252439865273882e-15,1.0192405407718793e-12,0.13785833966343147,4.1532493021824674e-13,0.00018577249034871496,500000.0,64012.68244357902
4.9457609066948966e-05,0.00023141145269875202,-9.625177753504317,321.73933155571973,0.0,0.018633152897394697,17.831784392410043,4.1751098452320633e-16,0.0,3.409114820142109e-05,5.947016645438959,3.821976198234769e-11,1.4673875449823243e-13,1.0396464053168015e-10,1.9204075911676127e-19,1.3938460551801199e-15,0.13791609716792577,4.1653709559242536e-13,0.00018577417320198654,500000.0,64049.397049503925
4.946096765555674e-05,0.00023137911174727377,-9.633478969823633,321.7890206757597,0.0,0.01864096731926551,17.83926273582122,4.177120029117534e-16,0.0,3.410544544211608e-05,5.949510721845611,3.8225987554064874e-11,1.467579244449525e-13,1.040075414013272e-10,0.0,0.0,0.13797393680493758,4.1775378723490434e-13,0.00018577585812695356,500000.0,64086.16828024028
4.946619928771035e-05,0.00023132867908889687,-9.646417208517994,321.8665225573529,0.0,0.018653161894302526,17.850932853033648,4.180257558547281e-16,0.0,3.412775659655262e-05,5.953402782212736,3.82357014511416e-11,1.467878279700042e-13,1.0407448841152448e-10,6.329289016959254e-18,5.098935012140813e-16,0.13806419681381565,4.196580786078552e-13,0.00018577848684609086,500000.0,64143.55940856748
4.946981773428155e-05,0.0002312937578450165,-9.655371291678808,321.9201985242308,0.0,0.018661612055287283,17.859019594012867,4.1824321142533053e-16,0.0,3.4143216983417035e-05,5.956099763184863,3.8242431734090304e-11,1.4680854116760895e-13,1.041208784377225e-10,6.57474778296702e-18,2.26936437462264e-15,0.13812674197079522,4.209816631426437e-13,0.0001857803079421592,500000.0,64183.334446566856
4.947343618085275e-05,0.0002312588041932934,-9.664329781779527,321.9739333186551,0.0,0.018670075170133096,17.867118731797834,4.184610348557815e-16,0.0,3.415870107073026e-05,5.958800878572731,3.8249171575724366e-11,1.468292793424266e-13,1.0416733914994295e-10,0.0,0.0,0.13818938300825412,4.2231057429906967e-13,0.00018578213145246258,500000.0,64223.175514191345
4.947705462742395e-05,0.000231223818117769,-9.673292685754745,322.0277272740991,0.0,0.01867855126085793,17.875230287408403,4.18679226717754e-16,0.0,3.41742088986809e-05,5.9615061353866015,3.825592097709525e-11,1.4685004253445163e-13,1.042138706660007e-10,1.8265933700247062e-18,6.305701697757577e-16,0.13825212008871263,4.236448389014939e-13,0.0001857839573798464,500000.0,64263.08279199582
4.9480673073995146e-05,0.00023118879960245923,-9.682260010557414,322.0815805992659,0.0,0.018687040349502033,17.883354281915928,4.188977875916054e-16,0.0,3.418974050755507e-05,5.964215540653908,3.8262679939209794e-11,1.4687083077731748e-13,1.0426047310399126e-10,0.0,2.1512373225873062e-16,0.13831495337512068,4.249844857602885e-13,0.00018578578572716204,500000.0,64303.05643601581
4.948429152056635e-05,0.00023115374863135504,-9.691231763157234,322.13549329012784,0.0,0.01869554245812748,17.891490736443277,4.1911671806501097e-16,0.0,3.420529593773529e-05,5.966929101419263,3.826944846303719e-11,1.4689164409976157e-13,1.0430714658229156e-10,8.054483985854794e-20,3.236417270165798e-17,0.13837788303085855,4.2632954059034197e-13,0.00018578761649726546,500000.0,64343.09656013158
4.9487909967137546e-05,0.00023111866518842202,-9.700207950535088,322.18946531091245,0.0,0.01870405760884379,17.899639672165062,4.193360187266802e-16,0.0,3.4220875229702604e-05,5.96964682474454,3.8276226549543794e-11,1.4691248253135615e-13,1.0435389121956515e-10,1.909250509887277e-18,7.882219881141496e-16,0.13844090921971325,4.2768002640694346e-13,0.00018578944969301693,500000.0,64383.20327216139
4.949152841370875e-05,0.0002310835492576005,-9.709188579681273,322.24349671720256,0.0,0.01871258582382755,17.90780111030774,4.195556901642454e-16,0.0,3.4236478424038066e-05,5.9723687177089015,3.82830141997045e-11,1.4693334610431185e-13,1.0440070713476411e-10,0.0,2.118773824075766e-16,0.13850403210586001,4.2903596712289595e-13,0.00018579128531728183,500000.0,64423.37669847328
4.9495146860279945e-05,0.00023104840082280553,-9.718173657597198,322.29758761816674,0.0,0.018721127125323325,17.915975072149784,4.1977573296704975e-16,0.0,3.425210556142271e-05,5.975094787408855,3.828981141448752e-11,1.4695423485089963e-13,1.0444759444712821e-10,0.0,3.538248552791262e-17,0.1385672518538628,4.30397388819485e-13,0.00018579312337293086,500000.0,64463.6169764684
4.949876530685115e-05,0.00023101321986792678,-9.727163191296883,322.35173809947463,0.0,0.01872968153562487,17.924161579021806,4.1999614772862863e-16,0.0,3.426775668263705e-05,5.977825040958302,3.829661819484058e-11,1.469751488012506e-13,1.044945532761841e-10,1.2939544809374336e-18,6.78858706931379e-16,0.13863056862869405,4.3176431799596503e-13,0.0001857949638628403,500000.0,64503.92423917215
4.9504465802190214e-05,0.00023095772983346147,-9.74133434546861,322.4371677210898,0.0,0.01874318478795445,17.937084090814892,4.2034414482908134e-16,0.0,3.429246218910447e-05,5.982134783103806,3.8307360993817894e-11,1.4700814780708206e-13,1.0456867751690631e-10,0.0,2.8778414210107995e-16,0.13873051501390674,4.339290112047633e-13,0.00018579786831310742,500000.0,64567.56044309262
4.951016629752929e-05,0.00023090215898476262,-9.755516603335943,322.5227455981846,0.0,0.01875672071787946,17.950037874829373,4.2069306891395476e-16,0.0,3.4317227482406315e-05,5.986454954739542,3.831812753929861e-11,1.470412095480025e-13,1.0464298002089478e-10,0.0,2.3102150961822665e-16,0.13883070326737532,4.361075368363779e-13,0.00018580077882336283,500000.0,64631.36371633432
4.951586679286836e-05,0.0002308465072584551,-9.769709992504483,322.60847190420793,0.0,0.018770289413365407,17.96302301526041,4.21042922344019e-16,0.0,3.434205272350779e-05,5.990785583945144,3.832891783480204e-11,1.4707433413145357e-13,1.0471746125987169e-10,0.0,2.8149610929277017e-16,0.13893113404030225,4.382999948186718e-13,0.0001858036954049303,500000.0,64695.334551419524
4.952156728820743e-05,0.00023079077459100603,-9.783914540652717,322.6943468599151,0.0,0.018783890962726854,17.976039596629278,4.2139370749191945e-16,0.0,3.436693807399801e-05,5.995126698909011,3.8339731883794644e-11,1.4710752166481736e-13,1.0479212170736134e-10,0.0,2.6962819557473747e-16,0.13903180798640413,4.4050648731992605e-13,0.00018580661806916543,500000.0,64759.47345228207
4.9527267783546505e-05,0.00023073496091872473,-9.798130275531763,322.78037074659534,0.0,0.018797525454631526,17.989087703784794,4.217454267430637e-16,0.0,3.439188369609292e-05,5.9994783279287764,3.835056968968456e-11,1.4714077225466495e-13,1.0486696183869747e-10,3.932245740518923e-19,3.792649592031028e-16,0.13913272576191998,4.4272711828386063e-13,0.00018580954682745603,500000.0,64823.780936968855
4.953296827888557e-05,0.00023067906617776197,-9.812357224966417,322.8665438500273,0.0,0.018811192978091276,18.002167421904886,4.220980824988355e-16,0.0,3.441688975263766e-05,6.003840499411839,3.83614312558035e-11,1.4717408600393439e-13,1.0494198213102967e-10,7.05862350666333e-20,3.8129597383405874e-16,0.13923388802563402,4.4496199219727354e-13,0.00018581248169122273,500000.0,64888.257526422894
4.954164302384478e-05,0.0002305938525029554,-9.83402870634818,322.99796489577966,0.0,0.01883205515110502,18.022132366066653,4.2263653975813666e-16,0.0,3.445505911668976e-05,6.010498938782145,3.837800547192148e-11,1.4722490270470567e-13,1.0505649123569677e-10,0.0,3.1394185773620565e-16,0.13938830258776194,4.4839048304437244e-13,0.000185816959569131,500000.0,64986.700592046465
4.9556311711895666e-05,0.00023044933108649465,-9.87073392685473,323.2209833086877,0.0,0.01886750774041741,18.056060229989,4.2355202296815644e-16,0.0,3.451992305916273e-05,6.021814103155269,3.8406157120125034e-11,1.4731116617775935e-13,1.0525107858203647e-10,0.0,2.790987000495318e-16,0.13965071034651202,4.5426458447367486e-13,0.0001858245638444444,500000.0,65154.06315985867
4.957098039994656e-05,0.00023030427070161515,-9.907514351348011,323.44499828160264,0.0,0.01890318208823921,18.090200315238512,4.2447378993080786e-16,0.0,3.458519273044924e-05,6.033200044728083,3.8434466201238544e-11,1.473978510095264e-13,1.0544687515891077e-10,0.0,1.7432457151708661e-16,0.1399147594854138,4.602365982850908e-13,0.0001858322089360259,500000.0,65322.563018881556
4.958564908799744e-05,0.0002301586702416387,-9.94437046274202,323.6700140212135,0.0,0.018939079752155353,18.12455411244024,4.2540188336485023e-16,0.0,3.4650870980353414e-05,6.044657260633779,3.846293276300004e-11,1.4748495864258552e-13,1.0564388931315025e-10,0.0,2.190599116079188e-16,0.14018046153341196,4.663083980413296e-13,0.0001858398950423309,500000.0,65492.209148388254
4.960031777604833e-05,0.00023001252859277844,-9.981302747302562,323.89603490427953,0.0,0.018975202305460844,18.15912312723169,4.263363466348553e-16,0.0,3.471696068738181e-05,6.056186253012309,3.8491556849761216e-11,1.475724904493511e-13,1.0584212947438589e-10,0.0,3.5221249009274633e-16,0.14044782813553897,4.724819009611576e-13,0.00018584762236327978,500000.0,65663.01065228698
4.961498646409921e-05,0.00022986584463408722,-10.01831169468106,324.1230654248459,0.0,0.019011551337338957,18.193908880442216,4.272772237657967e-16,0.0,3.478346475908581e-05,6.0677875290702,3.8520338502325455e-11,1.4766044773002137e-13,1.0604160415601082e-10,0.0,3.578541177792095e-16,0.1407168710543115,4.787590668649544e-13,0.0001858553911002748,500000.0,65834.97674983321
4.9637585892308816e-05,0.00022963879086795443,-10.075480997033914,324.4748281622182,0.0,0.019067999719399664,18.247929562527034,4.28739449734035e-16,0.0,3.4886742537580554e-05,6.085803779628507,3.8564989642061415e-11,1.4779679531817455e-13,1.0635136239300496e-10,5.660712223348573e-41,3.715461245223603e-16,0.14113468238915297,4.886375503448246e-13,0.00018586744159151925,500000.0,66102.21847170944
4.967393063755714e-05,0.00022927092369638295,-10.167810235453816,325.0456284400486,0.0,0.019159931353134808,18.335907453354114,4.311235979155745e-16,0.0,3.505494036053199e-05,6.115144981248994,3.863758314658156e-11,1.4801820616987007e-13,1.0685578933424874e-10,1.3083222682369294e-38,3.511214838287227e-16,0.14181512844403993,5.050693794253057e-13,0.00018588703045543153,500000.0,66537.93187757391
4.969827771892322e-05,0.0002290226113923208,-10.229932305882075,325.431544618254,0.0,0.019222320027539857,18.395612951857622,4.327434948711548e-16,0.0,3.516908648033717e-05,6.135057155239167,3.868675452649116e-11,1.4816800670497279e-13,1.0719808312051781e-10,-1.0694287468073979e-38,1.6318693219726125e-16,0.1422769077675556,5.164669023576301e-13,0.00018590029845868636,500000.0,66833.96699435718
4.9722624800289295e-05,0.00022877278391849817,-10.292274833156103,325.82032712020373,0.0,0.019285363040747128,18.455944648019695,4.3438192026672124e-16,0.0,3.5284429776866266e-05,6.155178170241286,3.87363604623695e-11,1.4831899890798113e-13,1.075439407145782e-10,1.1026032889548821e-39,6.375939744379832e-16,0.14274353028199033,5.281892097356858e-13,0.00018591368437400382,500000.0,67133.38730401939
4.974697188165537e-05,0.00022852143587846099,-10.354840186022782,326.21199757322296,0.0,0.019349068273306076,18.516910083511927,4.3603910095091334e-16,0.0,3.540098466843037e-05,6.175510541452117,3.878640099025364e-11,1.484711868199311e-13,1.0789340428021781e-10,9.07848300006568e-23,5.559612902834691e-16,0.14321505431680912,5.402469476193388e-13,0.00018592718917907075,500000.0,67436.23874202203
4.977131896302144e-05,0.00022826856181773917,-10.417630761404375,326.60657792176914,0.0,0.01941344374052353,18.578516928969293,4.377152693400923e-16,0.0,3.551876581989514e-05,6.196056827078555,3.8836876110795775e-11,1.4862457428715476e-13,1.0824651669058607e-10,1.15084999085086e-22,2.2157041783719245e-16,0.14369153919891756,5.526511538339148e-13,0.0001859408138638664,500000.0,67742.56809379638
4.979566604438752e-05,0.00022801415622335458,-10.480648984733106,327.00409060897994,0.0,0.019478497595190433,18.64077298656835,4.394106635438841e-16,0.0,3.563778814761159e-05,6.216819629197478,3.8887785787823115e-11,1.4877916498992092e-13,1.0860332154213913e-10,0.0,1.5371976350206092e-15,0.14417304527256952,5.65413280783681e-13,0.0001859545594308012,500000.0,68052.42304994384
4.982001312575359e-05,0.0002277582135230165,-10.543897310496508,327.40455850086465,0.0,0.019544238130398937,18.703686192742666,4.4112552753961403e-16,0.0,3.5758066824606746e-05,6.23780159466135,3.893912994644558e-11,1.4893496246926814e-13,1.0896386316919357e-10,0.0,2.361219538482148e-15,0.14465963392038958,5.785452085479766e-13,0.00018596842689495654,500000.0,68365.85220913686
4.984436020711967e-05,0.00022750072808425912,-10.607378222825272,327.8080047651477,0.0,0.019610673782439757,18.767264620976597,4.428601113507712e-16,0.0,3.587961728592368e-05,6.259005416029969,3.899090847111398e-11,1.4909197016159114e-13,1.093281866588826e-10,2.837097538076244e-22,0.0,0.14515136758500258,5.92059257679797e-13,0.00018598241728433947,500000.0,68682.90507170897
4.988186595361507e-05,0.00022710104971838894,-10.705629064817964,328.43538055412733,0.0,0.019714395390152364,18.86652543413412,4.455713515726601e-16,0.0,3.606938601668889e-05,6.292109545992777,3.907152086939405e-11,1.4933621032911697e-13,1.0989691930795883e-10,1.2547473520564148e-22,3.4437681318693364e-17,0.14591907897329365,6.136545203404704e-13,0.0001860042118847919,500000.0,69178.52026023078
4.991937170011047e-05,0.0002266976757734233,-10.804447148429608,329.0699673972913,0.0,0.019819819002589004,18.967415054258634,4.483309637018753e-16,0.0,3.6262268731924543e-05,6.325756893724878,3.9153162856180717e-11,1.495833424647385e-13,1.1047490671303692e-10,0.0,5.710491373417183e-15,0.14669938801836135,6.362360282370844e-13,0.000186026304531941,500000.0,69683.04326027265
4.995687744660587e-05,0.00022629058479663503,-10.903841984419191,329.7118547785533,0.0,0.01992697755709231,19.069965002259423,4.511399519641839e-16,0.0,3.645832569391014e-05,6.359957971655533,3.923583338082686e-11,1.4983337866358547e-13,1.1106232470961255e-10,8.729585558940712e-22,0.0,0.14749253851193161,6.598556559887697e-13,0.00018604869917093712,500000.0,70196.6683713334
4.999438319310127e-05,0.00022587975497528992,-11.00382326504019,330.3611343781315,0.0,0.02003590488638485,19.17420765588434,4.539993601054626e-16,0.0,3.665761880304674e-05,6.394723577975254,3.9319531109686024e-11,1.5008633112577897e-13,1.1165935382905882e-10,3.2567722626813193e-22,0.0,0.14829878087272327,6.845683578055257e-13,0.0001860713998258853,500000.0,70719.59564983768
5.003188893959667e-05,0.00022546516412974403,-11.104400868809913,331.01790013715976,0.0,0.02014663574781704,19.280176277702342,4.569102734471701e-16,0.0,3.686021165135133e-05,6.43006480596818,3.94042544075905e-11,1.5034221225805167e-13,1.1226617944842915e-10,0.0,4.0822850969902667e-14,0.14911837236286474,7.104323689265438e-13,0.00018609441060189698,500000.0,71252.0311139056
5.0069394686092075e-05,0.00022504678970627147,-11.205584865534439,331.68224823829604,0.0,0.020259205853636626,19.387905044207674,4.598738210993484e-16,0.0,3.706616957810112e-05,6.465993053718506,3.949000131825916e-11,1.5060103477690704e-13,1.128829919460823e-10,5.879656642336488e-21,6.05148522115168e-14,0.1499515773131364,7.375094166433027e-13,0.0001861177356872376,500000.0,71794.18693818
5.013747807461225e-05,0.00022427758064774456,-11.390845026180603,332.90792169002043,0.0,0.020468371666182483,19.58807519799395,4.653918331787351e-16,0.0,3.7448858726119426e-05,6.5327511083281,3.964826375751785e-11,1.5107842886677835e-13,1.1402883666091159e-10,3.8007270800979256e-21,0.0,0.1514997502705652,7.899767794796863e-13,0.0001861608943108945,500000.0,72803.9035555536
5.0205561463132434e-05,0.0002234956874708305,-11.578200490357283,334.1595157379059,0.0,0.02068394803014737,19.79438020765246,4.710946432463052e-16,0.0,3.784327660953156e-05,6.601555177467918,3.98098745604191e-11,1.5156564204382865e-13,1.152094534110515e-10,0.0,0.0,0.15309537194982964,8.470855433278622e-13,0.0001862051291103252,500000.0,73847.73913460944
5.027364485165261e-05,0.0002227009653118572,-11.767716679427858,335.43766627100763,0.0,0.020906174929895653,20.00704973731069,4.769902856772523e-16,0.0,3.824986230463305e-05,6.6724818556254455,3.997481245473086e-11,1.520627636137146e-13,1.164261187647115e-10,2.661339704804398e-20,0.0,0.15474021863878926,9.093103478506412e-13,0.00018625046739115968,500000.0,74927.13394209213
5.0341728240172787e-05,0.00022189326477438484,-11.959461425537013,336.74303763130393,0.0,0.02113530484452575,20.226325408465296,4.830874437503405e-16,0.0,3.866907774804366e-05,6.745611725148919,4.014305127789014e-11,1.525698905593176e-13,1.176801744356182e-10,4.813003779143222e-20,0.0,0.15643615910689823,9.771807716357722e-13,0.00018629693750538592,500000.0,76043.61001956533
5.040981162869297e-05,0.0002210724317527841,-12.153505098534188,338.07632415014155,0.0,0.02137160354160464,20.45246155951634,4.893955240002841e-16,0.0,3.910140918878765e-05,6.821029609556965,4.031455943224976e-11,1.5308712849126728e-13,1.1897303131203745e-10,0.0,1.9432979417297866e-14,0.1581851604795775,1.051288383405e-12,0.00018634456890624694,500000.0,77198.77681272505
5.0477895017213146e-05,0.00022023830725659632,-12.34992073373248,339.43825171636274,0.0,0.021615350928350055,20.685726060692073,4.95924739673376e-16,0.0,3.954736874631192e-05,6.89882484532133,4.0489299292353775e-11,1.5361459238929275e-13,1.2030617377424938e-10,0.0,3.221601547433635e-14,0.15998929454142344,1.1322948237310001e-12,0.00018639339220361022,500000.0,78394.33723619256
5.054597840573333e-05,0.00021939072722788726,-12.54878416580932,340.8295794397147,0.0,0.021866841968368984,20.92640119132513,5.026862059852664e-16,0.0,4.000749608768077e-05,6.979091574444227,4.066722655684607e-11,1.5415240739506321e-13,1.216811643330156e-10,1.588180898265024e-19,0.0,0.16185074452125472,1.2209410598189847e-12,0.00018644343922225753,500000.0,79632.09423588488
5.0614061794253505e-05,0.00021852952234720978,-12.750174172048945,342.2511014524521,0.0,0.022126387670674024,21.174784586190682,5.096920494307712e-16,0.0,4.048236023679023e-05,7.061929060068287,4.084828953815695e-11,1.54700709927695e-13,1.2309964862120098e-10,4.001001282444647e-19,0.0,0.1637718124111886,1.3180579332117412e-12,0.0001864947430644669,500000.0,80913.95790904568
5.068214518277369e-05,0.00021765451782779715,-12.954172626179675,343.7036488428656,0.0,0.022394316157364758,21.43119025714063,5.169555350611977e-16,0.0,4.097256152750969e-05,7.147442027198241,4.1032428383039106e-11,1.552596481756853e-13,1.2456336076895326e-10,3.2063470656435924e-19,1.478794265502695e-13,0.16575492686808924,1.4245784719833219e-12,0.00018654733817744594,500000.0,82241.95323215707
5.0750228571293864e-05,0.00021676553319866974,-13.160864661805725,345.18809175745656,0.0,0.022670973816251314,21.695949696587814,5.244912121276808e-16,0.0,4.147873371337426e-05,7.2357410307201055,4.1219574218725496e-11,1.558293836490282e-13,1.2607412919547566e-10,0.0,3.9392903138840413e-13,0.16780265174864945,1.5415516486395017e-12,0.00018660126042509693,500000.0,83618.22846150603
5.081831195981404e-05,0.00021586238207662843,-13.37033884581647,346.7053416490499,0.0,0.022956726546992493,21.96941307027999,5.323150822757351e-16,0.0,4.2001546248005216e-05,7.326942853199098,4.140964821708907e-11,1.5641009207755807e-13,1.276338828537459e-10,2.444355259295072e-20,3.476474943673794e-13,0.16991769533484746,1.6701585584319863e-12,0.0001866565471644267,500000.0,85045.06426426594
5.088639534833422e-05,0.00021494487192635637,-13.582687362596289,348.25635367202216,0.0,0.023251961109810874,22.25195050781131,5.404447945864466e-16,0.0,4.254170675238637e-05,7.421170935273639,4.160256056845351e-11,1.5700196501219683e-13,1.2924465796920197e-10,1.1734658211788768e-18,0.0,0.17210292031488023,1.811730956904082e-12,0.00018671323732705143,500000.0,86524.88365111139
5.09544787368544e-05,0.00021401280380766553,-13.79800620874863,349.84212911602424,0.0,0.02355708658760906,22.543953500275354,5.48899872102618e-16,0.0,4.30999636866833e-05,7.518555841781773,4.179820935604314e-11,1.5760521091812268e-13,1.3090860531788e-10,3.498239957314996e-18,0.0,0.17436135459130908,1.9677726382516645e-12,0.0001867713715061849,500000.0,88060.26276179058
5.102256212537458e-05,0.00021306597210893365,-14.016395402168623,351.4637181578511,0.0,0.023872535967686934,22.84583641547463,5.577019761953637e-16,0.0,4.367710924705561e-05,7.619235767093423,4.1996479320674284e-11,1.5822005670497492e-13,1.3262799809399686e-10,4.068168336422932e-18,9.126390774713498e-13,0.17669620300164987,2.13998428094994e-12,0.0001868309920498824,500000.0,89653.9426600645
5.106950893577817e-05,0.0002124043748940586,-14.16882814966082,352.6033177537844,0.0,0.024096305874315486,23.05998271130985,5.639860690932432e-16,0.0,4.4086518251924066e-05,7.690654956402416,4.213465575631684e-11,1.5865090837965106e-13,1.3384715069968078e-10,2.071140605366709e-22,9.506780759239552e-15,0.1783524714210283,2.269147274612423e-12,0.00018687299214059446,500000.0,90788.34011950112
5.1116455746181763e-05,0.00021173558533636947,-14.322805664487914,353.7608451613459,0.0,0.024325359936402356,23.279185919227768,5.704552244992853e-16,0.0,4.45055951585494e-05,7.763760658940628,4.2273970025470155e-11,1.590874804919266e-13,1.3509463316127685e-10,0.0,0.0,0.180047851437154,2.407610782640739e-12,0.00018691573496717301,500000.0,91952.85162868934
5.1163402556585354e-05,0.00021105953005279513,-14.47836441918893,354.9366898725216,0.0,0.024559862569568276,23.503603386060313,5.771188057026987e-16,0.0,4.493464078561344e-05,7.838605350904677,4.2414371197501865e-11,1.5952986581690838e-13,1.3637130531977188e-10,2.6907705003880725e-19,7.408675873706726e-14,0.18178356001608797,2.556140486755298e-12,0.00018695923602419308,500000.0,93148.53243788095
5.1210349366988945e-05,0.0002103761339293152,-14.635541973354087,356.1312548138067,0.0,0.024799985042071607,23.733399016147512,5.839869399657814e-16,0.0,4.537396848856895e-05,7.91524369546297,4.25558041679302e-11,1.5997816277301763e-13,1.3767806184219696e-10,0.0,0.0,0.18356086484093512,2.7155730071704354e-12,0.0001870035112831677,500000.0,94376.48600291897
5.1257296177392535e-05,0.00020968532006604735,-14.79437701838662,357.34495695838365,0.0,0.025045905826390442,23.968743607811412,5.910705993607039e-16,0.0,4.582390480291483e-05,7.993732654971952,4.2698209372619655e-11,1.6043247600414652e-13,1.390158339439243e-10,6.369881290631357e-20,1.881001370849801e-14,0.18538108691422417,2.8868230614473357e-12,0.00018704857721288138,500000.0,95637.86667614867
5.130424298779613e-05,0.00020898700971928036,-14.954909424982649,358.5782279734075,0.0,0.02529781097186396,24.209815210767776,5.983816918012158e-16,0.0,4.62847901275013e-05,8.074131610175227,4.284152248270323e-11,1.6089291689245954e-13,1.4038559121298067e-10,7.711499117118963e-19,1.9127941764089013e-13,0.18724560332304344,3.070891450855269e-12,0.00018709445080105085,500000.0,96933.88257700071
5.135118979819972e-05,0.00020828112224380047,-15.1171802908187,359.8315148758577,0.0,0.025555894500020913,24.456799504760614,6.059331616358308e-16,0.0,4.675697944844205e-05,8.156502486480656,4.2985674079239426e-11,1.6135960395451398e-13,1.4178834353956075e-10,5.389561877218897e-19,1.0843318069638034e-13,0.18915585016780814,3.2688741315311915e-12,0.00018714114957616216,500000.0,98265.79864332004
5.1415108528385655e-05,0.0002073077164508773,-15.340985639570468,361.570897036932,0.0,0.025917577306484127,24.802927681704652,6.16626623687046e-16,0.0,4.741871395061228e-05,8.27193849573676,4.318315065442409e-11,1.6200527484106796e-13,1.4375315623954722e-10,0.0,0.0,0.19183290402903055,3.5629814925633784e-12,0.00018720608987424274,500000.0,100139.33154215806
5.147902725857159e-05,0.00020631989684824652,-15.568203255350607,363.34946247917054,0.0,0.0262916269510875,25.160890887361546,6.278314108900081e-16,0.0,4.810307488813421e-05,8.391321564413278,4.338183557608569e-11,1.6266310241433675e-13,1.4578387853045683e-10,1.017370979872935e-18,2.4458537309421613e-13,0.19460149337121505,3.88850856500593e-12,0.00018727264087538465,500000.0,102085.41331748397
5.1542945988757525e-05,0.00020531744167077333,-15.798948860009924,365.16849088438437,0.0,0.026678613519118943,25.531234697682336,6.395920040891336e-16,0.0,4.881110530358021e-05,8.514833645654427,4.3581500553436136e-11,1.6333346098148363e-13,1.4788346385595947e-10,2.8133916812134194e-19,0.0,0.19746583783475197,4.2493003071485416e-12,0.00018734085212886026,500000.0,104107.81533528931
5.1606864718943456e-05,0.00020430012158576148,-16.03334326366517,367.02932688401387,0.0,0.027079142177395744,25.914538261872686,6.51958748328575e-16,0.0,4.954391242561548e-05,8.642667889504066,4.378189340420874e-11,1.640167594352203e-13,1.500550413353424e-10,0.0,0.0,0.20043041672438644,4.649731567867706e-12,0.0001874107754469464,500000.0,106210.5642442969
5.1670783449129395e-05,0.0002032676993549652,-16.271512654635455,368.9333841587812,0.0,0.027493855843853093,26.31141685547776,6.649887940995242e-16,0.0,5.030267254950543e-05,8.775029494376152,4.3982735814165334e-11,1.647134448335263e-13,1.5230192856106082e-10,1.048140637439293e-17,2.5781509635134966e-12,0.20349998875352268,5.094788073503181e-12,0.00018748246504162404,500000.0,108397.96309161498
5.176914351896913e-05,0.00020164890781192821,-16.645694720275706,371.95128493528335,0.0,0.028161327557412342,26.950183597037963,6.86488274754364e-16,0.0,5.152387908411656e-05,8.988062377489964,4.429195956747151e-11,1.6581281756830077e-13,1.559147954610849e-10,4.186253198781335e-18,4.253884078387771e-13,0.20844039258759905,5.880191732779549e-12,0.00018759636502967364,500000.0,111940.06056863461
5.184201969329598e-05,0.00020042553617192907,-16.92919670828974,374.2589681117385,0.0,0.028680159819305977,27.44670333623417,7.036949556544925e-16,0.0,5.247313506561057e-05,9.15365495560499,4.452054072509755e-11,1.6664972732293697e-13,1.587201508689141e-10,0.0,0.0,0.21228061760630343,6.553429048149353e-12,0.00018768366821222566,500000.0,114711.51873962513
5.191489586762284e-05,0.000199181302124679,-17.218276387566657,376.63046896714485,0.0,0.02922099558265692,27.964280442576257,7.221400586052525e-16,0.0,5.346264892612999e-05,9.32627030326392,4.4748026266407195e-11,1.675067019226089e-13,1.6164169768533427e-10,7.909419410643914e-18,8.724318762738468e-13,0.21628370629483862,7.317652429961571e-12,0.00018777355677956206,500000.0,117617.22316236145
5.1987772041949694e-05,0.00019791579082434452,-17.51316533472381,379.0684672558915,0.0,0.029785119747943834,28.504144591525854,7.4198449164312e-16,0.0,5.449477158279874e-05,9.506318525264914,4.497376372133253e-11,1.6838477266679642e-13,1.646859945855991e-10,0.0,0.0,0.22045916931684578,8.186953079745803e-12,0.00018786613117193306,500000.0,120666.03057377088
5.2060648216276547e-05,0.00019662857009002376,-17.814107761301976,381.57581224033027,0.0,0.03037391694721507,29.067620901866018,7.634177944284081e-16,0.0,5.557203642337897e-05,9.694241557376579,4.519702614720689e-11,1.692850916156943e-13,1.6786008831011588e-10,0.0,0.0,0.22481725551631931,9.177884474369246e-12,0.00018796149759709238,500000.0,123867.55648894644
5.2133524390603406e-05,0.00019531918946004502,-18.121361380853603,384.1555360239971,0.0,0.03098888114138015,29.656139120424896,7.866640511208187e-16,0.0,5.66971768641109e-05,9.890516229503108,4.541700408292875e-11,1.702089484347595e-13,1.7117155819164037e-10,1.0302801766755898e-16,8.398396992539487e-12,0.22936902295369174,1.0309942361310296e-11,0.0001880597684615607,500000.0,127232.25482650609
5.220640056493026e-05,0.00019398717917397517,-18.435198357004705,386.8108685203189,0.0,0.03163162630617989,30.27124387063835,8.119892170834832e-16,0.0,5.787314594393444e-05,10.095657683646625,4.563279665084432e-11,1.7115779015271033e-13,1.746285654834251e-10,2.998960721014361e-16,1.7966093967551974e-11,0.23412641819258026,1.1606147739510468e-11,0.00018816106284637709,500000.0,130771.50759933291
5.227927673925711e-05,0.00019263204907926892,-18.755906337425376,389.5452542288829,0.0,0.03230389838444139,30.9146061077533,8.397101786383798e-16,0.0,5.910313823131654e-05,10.310223194292004,4.5843401704828585e-11,1.7213324348719166e-13,1.782399080901606e-10,1.779762631509056e-16,0.0,0.2391023649131936,1.3093758720936034e-11,0.00018826550703003898,500000.0,134497.72613556334
5.235215291358397e-05,0.00019125328746182142,-19.083789555530856,392.3623697917333,0.0,0.03300758880148573,31.588035944181076,8.702059553836782e-16,0.0,6.0390614335767786e-05,10.534816445745605,4.604770491348216e-11,1.7313714085124392e-13,1.820150813821043e-10,0.0,0.0,0.24431086299094343,1.4805140928115722e-11,0.00018837323505975577,500000.0,138424.46510101735
5.2425029087910825e-05,0.00018985035979506595,-19.419170027783657,395.26614384917167,0.0,0.033744749354325226,32.29349703623525,9.0393160999286e-16,0.0,6.17393284103891e-05,10.770092330205827,4.6244467673782204e-11,1.7417155115880612e-13,1.8596434586290772e-10,9.497303745287511e-17,3.066240521342651e-12,0.24976709990834112,1.677883587432009e-11,0.00018848438937772908,500000.0,142566.55172269567
5.249790526223768e-05,0.00018842270739830204,-19.762388858075255,398.26077926032366,0.0,0.034517609157006746,33.033122755956896,9.414356055339555e-16,0.0,6.315335907518462e-05,11.016762341171834,4.64323137469219e-11,1.7523881561490171e-13,1.9009880257163155e-10,9.74076401712828e-18,0.0,0.25548757578157255,1.9060877027551188e-11,0.00018859912151048607,500000.0,146940.2324934991
5.257078143656454e-05,0.00018696974599510192,-20.11380764725319,401.35077746443125,0.0,0.035328593694863734,33.809234408013644,9.8338154515254e-16,0.0,6.463714424459206e-05,11.275600648897584,4.6609714495911525e-11,1.7634158930105095e-13,1.944304772281449e-10,0.0,4.339982211445111e-12,0.2614902442312526,2.1706416423360147e-11,0.00018871759282878544,500000.0,151563.33991297975
5.264365761089139e-05,0.00018549086416406524,-20.47381002038638,404.5409654652509,0.0,0.036180346264109195,34.62436179390804,1.0305754853962183e-15,0.0,6.619552044212043e-05,11.54745095868862,4.677497259584818e-11,1.7748288997367753e-13,1.989724142774101e-10,4.854094872534497e-16,5.397956075459709e-12,0.2677946714740022,2.4781742500027544e-11,0.0001888399753863802,500000.0,156455.48252868597
5.2716533785218244e-05,0.00018398542167396504,-20.842803282400087,407.83652578185496,0.0,0.03707575230219462,35.48126647676499,1.084000370724002e-15,0.0,6.783376727905241e-05,11.833234269859346,4.692620408499266e-11,1.7866615570958215e-13,2.0373878215503905e-10,2.4719105976792983e-16,0.0,0.27442221623044905,2.836679272616583e-11,0.00018896645284685444,500000.0,161638.2620653943
5.27894099595451e-05,0.0001824527476938253,-21.221220209369566,411.2430296617039,0.0,0.038017966965857686,36.38296816151057,1.1448596138833935e-15,0.0,6.955765788370159e-05,12.133957673693285,4.706131862698214e-11,1.7989531293413476e-13,2.087449912892444e-10,0.0,8.034269782945158e-12,0.28139623373394096,3.2558294525277104e-11,0.00018909722150936692,500000.0,167135.5220945401
5.286228613387196e-05,0.0001808921388669374,-21.609520994680643,414.7664743849312,0.0,0.039010446379629415,37.332774678883005,1.2146324713819192e-15,0.0,7.13735162282156e-05,12.450724353304432,4.7177997860982294e-11,1.811748562902625e-13,2.1400782657860435e-10,1.5201533573319577e-15,9.470777735900985e-12,0.28874230770460657,3.7473707735262295e-11,0.0001892324914466398,500000.0,172973.63373973913
5.29159280551931e-05,0.00017972514534144381,-21.901936607124522,417.4384393182992,0.0,0.03977529200626405,38.06473585116206,1.2727329906648624e-15,0.0,7.277289365760712e-05,12.694838186739371,4.7250615603515005e-11,1.821518589210533e-13,2.1805621113298545e-10,1.7591410208704649e-15,0.0,0.2944035037795949,4.163658439473499e-11,0.00018933506607309445,500000.0,177505.58169320386
5.296956997651425e-05,0.00017854231077271357,-22.200178138950104,420.18000826313835,0.0,0.04057105934673623,38.826290264175995,1.3375172389572986e-15,0.0,7.422884801155783e-05,12.948821559136466,4.731073859333492e-11,1.8316125824127134e-13,2.222613982272359e-10,0.0,1.5990282171948977e-11,0.3002935823745867,4.633641168136329e-11,0.00018944029649851937,500000.0,182250.72807405787
5.30232118978354e-05,0.00017734331689080475,-22.50446165418487,422.99409706190517,0.0,0.0413995101152587,39.61912412856846,1.4100117808785955e-15,0.0,7.574460301727995e-05,13.213236832725821,4.7357159748783736e-11,1.8420562891467862e-13,2.266318023703111e-10,6.233565994863074e-16,1.8552715095224906e-11,0.3064255851527654,5.1652027061939676e-11,0.00018954828328423003,500000.0,187222.87177953313
5.307685381915655e-05,0.00017612783356386237,-22.81501363008669,425.88379541929237,0.0,0.04226253752334188,40.445049528137424,1.4914239498948566e-15,0.0,7.732362305543922e-05,13.48868834924971,4.738857823250966e-11,1.8528783250430194e-13,2.3117641810425744e-10,4.30948849424798e-15,0.0,0.31281352730359885,5.767528082295086e-11,0.00018965913250782254,500000.0,192436.9572217233
5.3130495740477695e-05,0.0001748955182230212,-23.13207154261538,428.8523798558861,0.0,0.0431621784763339,41.3060160283934,1.5831771265896405e-15,0.0,7.896963534047146e-05,13.775826301491087,4.740359278529393e-11,1.864110543130718e-13,2.3590486803143697e-10,0.0,2.668316437028728e-11,0.3194724872512236,6.451341929237462e-11,0.00018977295615700727,500000.0,197909.1902802586
5.318413766179885e-05,0.00017364601525117802,-23.45588449658625,431.9033283900596,0.0,0.04410062678984912,42.20412356453715,1.6869536716595889e-15,0.0,8.06866545677349e-05,14.075351031496517,4.740069476917068e-11,1.8757884472296762e-13,2.408274553713553e-10,0.0,8.359452308757065e-12,0.3264187065731514,7.229195101189864e-11,0.00018988987256131072,500000.0,203657.1684029084
5.3237779583119995e-05,0.00017237895534016626,-23.786713883903612,435.0403361670942,0.0,0.04508024844287896,43.14163676790802,1.8047468933429525e-15,0.0,8.247901030385428e-05,14.38801780853802,4.737826088024927e-11,1.8879516662398634e-13,2.4595522155563097e-10,6.28999955719933e-16,7.29774713888039e-12,0.33366970050833394,8.115811165293253e-11,0.0001900100068590864,500000.0,209700.02635957574
5.329142150444114e-05,0.00017109395481483729,-24.124834071202304,438.26733263456805,0.0,0.04610359801601531,44.121000917352546,1.93892416525882e-15,0.0,8.435137747732673e-05,14.714642148995898,4.733454556294778e-11,1.9006444967207246e-13,2.5130000938357456e-10,0.0,2.346369763377613e-11,0.3412443815425368,9.128504920480571e-11,0.00019013349150358527,500000.0,216058.60006773763
5.3345063425762294e-05,0.00016979061491915952,-24.470533124112702,441.58850031131425,0.0,0.047173437281873086,45.14485973221648,2.0923040382924914e-15,0.0,8.630881040266056e-05,15.056105750434385,4.726767321234287e-11,1.9139165218322403e-13,2.568745322908416e-10,1.0985147126528626e-15,5.746478660781911e-12,0.34916319700546955,1.0287689793840206e-10,0.00019026046681537527,500000.0,222755.61103160947
5.339870534708344e-05,0.00016846852106103643,-24.824113565802136,445.00829536587776,0.0,0.048292756115567555,46.21607525517873,2.268250777744546e-15,0.0,8.835678078831193e-05,15.413363122652363,4.7175630256798496e-11,1.9278233253622897e-13,2.626924503481259e-10,1.5116686297109501e-15,9.979772590557779e-12,0.3574482826899545,1.161749522517462e-10,0.0001903910815871548,500000.0,229815.87441755307
5.345234726840459e-05,0.00016712724201495326,-25.18589316811013,448.53147034047583,0.0,0.04946479557661689,47.337750109198055,2.470790469709266e-15,0.0,9.050122027742826e-05,15.78744901051513,4.705625721820512e-11,1.9424273104081337e-13,2.687684536834948e-10,0.0,5.938196687205606e-11,0.36612363513613844,1.3146519769766222e-10,0.00019052549374571574,500000.0,237266.53432914038
5.350598918972573e-05,0.00016576632908178713,-25.556205776349632,452.16309915677493,0.0,0.050693073828307574,48.513252456801965,2.7047539236541983e-15,0.0,9.27485681889248e-05,16.17948671803359,4.6907240881106804e-11,1.957798633722056e-13,2.751183540885994e-10,7.70121830372817e-16,2.631724605508978e-11,0.3752153047945075,1.4908752697583906e-10,0.00019066387107652657,500000.0,245137.33032570052
5.3559631111046886e-05,0.00016438531520422762,-25.93540215794919,455.90860444346,0.0,0.05198141570826743,49.74624404259425,2.9759530826780633e-15,0.0,9.510582513678422e-05,16.590697460715276,4.672610675110578e-11,1.974016290473915e-13,2.817591856250406e-10,4.38483377189404e-15,0.0,0.3847516125956178,1.6944705683555985e-10,0.00019080639201761608,500000.0,253460.8998524202
5.361327303236803e-05,0.00016298371403621365,-26.323850863607607,459.77378766649787,0.0,0.053333985688752104,51.04071176119995,3.2913994947438173e-15,0.0,9.758061330083325e-05,17.02241089366975,4.651021204447229e-11,1.9911693741587276e-13,2.887093151062545e-10,0.0,1.865575249885803e-10,0.3947633940677022,1.9302806875398865e-10,0.00019095324653074867,500000.0,262273.12228587933
5.366691495368918e-05,0.00016156101896512164,-26.72193911785696,463.76486286410653,0.0,0.05475532426449195,52.4010032650014,3.659575678179771e-15,0.0,0.00010018124456582295,17.476076987007666,4.6256739530970914e-11,2.009358503393601e-13,2.9598856340001685e-10,0.0,2.443194785528475e-10,0.4052842754756125,2.2041123874379305e-10,0.0001911046370601164,500000.0,271613.5114813151
5.372055687501033e-05,0.00016011670208603563,-27.13007371407522,467.8884934494086,0.0,0.05625039062411084,53.83186721118158,4.09077318989826e-15,0.0,0.00010291679755396793,17.953279448475556,4.5962692613169154e-11,2.0286974740775112e-13,3.0361833855115235e-10,2.914825414862356e-15,6.803675674008277e-11,0.41635098438370266,2.522950169222946e-10,0.00019126077958776203,500000.0,281525.66413354944
5.377419879633148e-05,0.0001586502131286481,-27.548681880626898,472.15183286807843,0.0,0.05782461051893862,55.338498848050975,4.597515115795043e-15,0.0,0.0001057972046706614,18.455750926771994,4.5624892118718306e-11,2.0493152348010062e-13,3.1162178176090004e-10,0.0,1.307060858955435e-10,0.42800370186821957,2.895222465645057e-10,0.00019142190479590684,500000.0,292057.77335277287
5.3813269597431166e-05,0.0001575677931056082,-27.860429021845118,475.3494094469127,0.0,0.059024417796959154,56.48680317771239,5.022778698857475e-15,0.0,0.00010799255478677811,18.838717909072166,4.5349392521663995e-11,2.065220382272608e-13,3.177006485508869e-10,0.0,1.6145558511368456e-10,0.43688501405685715,3.2057665632006604e-10,0.00019154253928712448,500000.0,300149.5343105286
5.385234039853086e-05,0.00015647307675828443,-28.178150653692526,478.6283344595261,0.0,0.060271847139240865,57.68069538368508,5.503170501758087e-15,0.0,0.00011027506065015071,19.236888743670722,4.504754079384313e-11,2.081944209797582e-13,3.240013448331568e-10,1.6638513782626218e-15,1.3802212633482323e-10,0.4461189158604871,3.5546807676855456e-10,0.00019166604870220747,500000.0,308620.93793382496
5.3911957931595455e-05,0.0001547784305289591,-28.674896134008677,483.79598435236363,0.0,0.06227314789111495,59.59612731367189,6.3612657859819954e-15,0.0,0.00011393701981983934,19.8756977764793,4.4532959042663684e-11,2.1091994794148776e-13,3.3406802298252593e-10,0.0,2.38682532266646e-10,0.4609334108244553,4.17344156764602e-10,0.00019186029243900796,500000.0,322334.68349073257
5.3950577492439716e-05,0.00015366467149143323,-29.00466494368774,487.25474321354596,0.0,0.06363691507350422,60.90139769292455,7.012130034179712e-15,0.0,0.00011643246048738611,20.311013952201307,4.4162664143084486e-11,2.1280886987172013e-13,3.4089811934728887e-10,0.0,3.114627324739101e-10,0.47102874285339946,4.639363805175039e-10,0.0001919900151014421,500000.0,331765.15440845804
5.3989197053283976e-05,0.0001525380519102274,-29.340941402386804,490.80529286106463,0.0,0.06505723358582584,62.260810365439355,7.751043035576164e-15,0.0,0.00011903141138510283,20.76438693259462,4.376157981380073e-11,2.1480470722125682e-13,3.479855871236164e-10,4.654080823517589e-15,2.8392333059375183e-10,0.48154282680083793,5.165181583520389e-10,0.00019212293630805634,500000.0,341659.1559652155
5.402781661412823e-05,0.00015139831656306929,-29.683928505136755,494.4515554409476,0.0,0.0665374079653677,63.67753131006169,8.591447474676324e-15,0.0,0.00012173992526483812,21.236872591630107,4.332819552900565e-11,2.1691682557590265e-13,3.553434582308822e-10,0.0,4.335715451465423e-10,0.49250014895579386,5.759617756467159e-10,0.0001922591791297449,500000.0,352047.79679020593
5.406643617497249e-05,0.0001502452022639498,-30.033835667495538,498.1976817534285,0.0,0.06808099124191476,65.15496549484735,9.549038958262911e-15,0.0,0.00012456451177222233,21.72960650761887,4.2860968842343736e-11,2.1915553929206657e-13,3.6298555296375534e-10,0.0,5.404434053992136e-10,0.5039270445117032,6.43281806632098e-10,0.00019239887329544823,500000.0,362964.8269237507
5.4105055735816744e-05,0.00014907843761648745,-30.39087869868787,502.0480674312007,0.0,0.06969180846052683,66.696778891722,1.0642175074402228e-14,0.0,0.00012751217957464124,22.243811305219875,4.235833220726869e-11,2.2153221592988932e-13,3.7092652992189774e-10,9.961613370229883e-15,5.578147472581309e-10,0.5158518671638483,7.196608217972137e-10,0.00019254215564316494,500000.0,374446.90813960193
5.4143675296661004e-05,0.00014789774276827714,-30.755279705158106,506.0073707899291,0.0,0.0713739821723061,68.30692287699844,1.1892368290916876e-14,0.0,0.00013059048295820466,22.78080479314103,4.18187016190846e-11,2.2405939721493916e-13,3.7918193801210594e-10,0.0,7.916294909249094e-10,0.5283051776499751,8.06480024900305e-10,0.00019268917061289473,500000.0,386533.9168327819
5.4182294857505264e-05,0.00014670282917000216,-31.12726692222497,510.0805324793789,0.0,0.07313195959031925,69.98966131148266,1.332487656186944e-14,0.0,0.0001338075736011169,23.342008995493543,4.124048729026894e-11,2.2675092607880182e-13,3.877682704914848e-10,0.0,9.867629058372197e-10,0.5413199541079036,9.053562969453772e-10,0.00019284007077995381,500000.0,399269.2839130167
5.422091441834952e-05,0.00014549339934329678,-31.5070744582674,514.2727962946288,0.0,0.07497054450414789,71.74960063482473,1.496941078596738e-14,0.0,0.00013717225815279132,23.928960188407817,4.0622106621128234e-11,2.2962209613843195e-13,3.967030208463622e-10,2.7551321952381335e-14,1.0748238605432633e-09,0.5549318240846868,1.018186795323729e-09,0.00019299501742902646,500000.0,412700.376211056
5.425953397919378e-05,0.0001442691466610332,-31.894941922973384,518.5897318002623,0.0,0.07689493224735905,73.59172335688027,1.68609857072684e-14,0.0,0.00014069406219390982,24.543320069563936,3.9961999843643685e-11,2.326898168277997e-13,4.0600473998595004e-10,3.2627401401077436e-15,1.4906878553576162e-09,0.5691793232506204,1.1472027324030917e-09,0.00019315418117380143,500000.0,426878.9256121269
5.429815354003803e-05,0.00014302975514430077,-32.291113921503225,523.0372593198132,0.0,0.07891074695661297,75.52142538327371,1.9040947008983214e-14,0.0,0.00014438330161268065,25.186888206439374,3.925864880570358e-11,2.3597278690224624e-13,4.156930940037991e-10,0.0,1.857174329738057e-09,0.5841041853994988,1.2950345221402394e-09,0.0001933177426289065,500000.0,441861.51303395274
5.433677310088229e-05,0.00014177489928178435,-32.69583938298986,527.6216765595282,0.0,0.08102408568848145,77.5445576740573,2.155821334586817e-14,0.0,0.00014825116231157682,25.86161592965511,3.8510599363327046e-11,2.394917535601756e-13,4.257889215683918e-10,8.120760924596793e-14,2.104628095626711e-09,0.5997516635269952,1.4647909156969236e-09,0.00019348589313887752,500000.0,457710.1144063911
5.437539266172655e-05,0.00014050424387893287,-33.10937068052113,532.3496876792032,0.0,0.08324156680604268,79.66747280539153,2.4470780266311197e-14,0.0,0.00015230978910311948,26.569621861489587,3.771648786001973e-11,2.432705265541542e-13,4.3631428972419477e-10,3.81351961497248e-14,2.86817949062891e-09,0.6161708895522597,1.660155336504381e-09,0.00019365883556776882,500000.0,474492.71824034967
5.4414012222570806e-05,0.0001392174439457122,-33.53196251054533,537.2284353677458,0.0,0.0855703817155562,81.89707708697898,2.7847505974667272e-14,0.0,0.00015657238536939295,27.313209297244722,3.6875072256864626e-11,2.474996755279063e-13,4.4729254647292125e-10,0.0,3.5967700442586053e-09,0.6334152792963551,1.885503471296585e-09,0.0001938367851546791,500000.0,492284.02572274907
5.4452631783415066e-05,0.00013791414463327445,-33.96387047628108,542.2655349298396,0.0,0.08801835655852383,84.24088898395495,3.1831671206499706e-14,0.0,0.00016105332484666238,28.09488568915365,3.598527029503701e-11,0.0,4.587483679297413e-10,1.9781906734028216e-13,4.244427497529822e-09,0.6515429826388874,2.1460473207323846e-09,0.00019401997044103677,500000.0,511166.24465134606
5.449125134425932e-05,0.0001365939812322066,-34.40534930050422,547.4691115036994,0.0,0.09059402018414868,86.70710470212708,2.9185415954281205e-14,0.0,0.00016576827676135697,28.917384519256995,3.504597979767403e-11,3.005461385274335e-11,4.707077971479056e-10,3.5004801488422555e-13,5.997712134288921e-09,0.6706173899786493,2.4480121384498033e-09,0.00019420863427559878,500000.0,531229.9923174835
5.452987090510358e-05,0.00013525657924801543,-34.8566505935247,552.847840626897,0.0,0.09330667942108227,89.3046719224172,0.0,0.0,0.00017073434617694886,29.78368988995856,3.405404524856129e-11,4.078552414661944e-10,4.831982708228148e-10,0.0,1.0909022528457322e-08,0.6907077023632608,2.7988543722213637e-09,0.00019440303490369083,500000.0,552575.3241417005
5.455725925056537e-05,0.00013429745865802613,-35.18279383164522,556.77354882663,0.0,0.09531899829513002,91.23174824549143,1.4623692639620437e-13,0.0,0.00017441855924728303,30.426382212697153,3.332876849622513e-11,2.0071433516285847e-10,4.923938813553293e-10,3.865952391569118e-14,8.617779626275236e-09,0.705612256754586,3.0821216149264975e-09,0.00019454452713548768,500000.0,568549.9060770763
5.457640387008153e-05,0.0001336216900153229,-35.41382250367905,559.5745758713811,0.0,0.0967716405538692,92.62292713807413,2.317791029743322e-13,0.0,0.00017707823545698117,30.890349290007563,3.282025547184478e-11,0.0,4.989945705359823e-10,5.4115298339990374e-14,9.232939645831285e-09,0.7163720262825163,3.2993527072462873e-09,0.00019464528126575547,500000.0,580154.754624918
5.458960340146793e-05,0.00013315318447060148,-35.57458856557879,561.5338176469585,0.0,0.0977960872487594,93.60406551745336,2.1055987847611052e-13,0.0,0.00017895398983595688,31.217565221252656,3.246566380655827e-11,9.651221400947335e-11,5.036306378833131e-10,5.3164862756310737e-14,1.0609916173363393e-08,0.7239604254152572,3.459188850732031e-09,0.00019471565641276364,500000.0,588375.422988639
5.459910054920168e-05,0.00013281477499338441,-35.691013957766316,562.9579322291718,0.0,0.09854505690090563,94.32139444244339,2.3235923036707925e-13,0.0,0.0001803253892623287,31.456799006823466,3.22066044996659e-11,3.163143064849801e-12,5.070101167001804e-10,6.966588555910316e-14,1.0705363890339734e-08,0.7295084493467099,3.5795999089375388e-09,0.00019476675865810227,500000.0,594404.5699172436
5.4608597696935425e-05,0.000132475256798816,-35.808073385808,564.3943004548502,0.0,0.09930417253071346,95.04845815647414,2.3128441935776896e-13,0.0,0.00018171539957856882,31.6992794035806,3.194443642054924e-11,0.0,5.104267834136171e-10,6.566981803441726e-14,1.1786819637078497e-08,0.7351317636741651,3.704761133024778e-09,0.00019481825690699704,500000.0,600531.7100131608
5.461809484466917e-05,0.0001321346238500018,-35.92577007308117,565.8430847584398,0.0,0.10007362079802007,95.78543799209389,2.1869980793647045e-13,0.0,0.00018312436744501376,31.945066886895013,3.1679125844379856e-11,4.829390142002411e-11,5.138811157994715e-10,8.040665336214201e-14,1.2460754038530122e-08,0.7408317723401645,3.834881398797045e-09,0.0001948701559209144,500000.0,606758.9554344392
5.462759199240292e-05,0.00013179287007977303,-36.04410717484971,567.3044500336484,0.0,0.10085359443550505,96.53251950836004,2.220758347623505e-13,0.0,0.00018455264759706613,32.19422334170783,3.141057783710436e-11,2.9442821081468964e-11,5.173735962599117e-10,8.228077647150426e-14,1.3111635419892994e-08,0.7466099102863369,3.970179865048546e-09,0.0001949224605373422,500000.0,613088.4739550032
5.4637089140136664e-05,0.00013144998939133287,-36.163087773076874,568.7785639640709,0.0,0.10164429069136821,97.28989260732664,2.2617554878121102e-13,0.0,0.00018600060306130293,32.446812101320674,3.1138811294135965e-11,0.0,5.209047116893203e-10,9.413344549194322e-14,1.4052438709111025e-08,0.752467645852821,4.1108864603734576e-09,0.00019497517567115583,500000.0,619522.4909814963
5.464658628787041e-05,0.00013110597565897067,-36.28271487111247,570.2655971974086,0.0,0.1024459107450875,98.05775165379288,2.1894298828775017e-13,0.0,0.0001874686053971063,32.702897987379,3.086374644930678e-11,3.4350453985389815e-12,5.244749533892846e-10,1.0703018473147761e-13,1.4962323910881817e-08,0.758406482551588,4.257242180939956e-09,0.00019502830631606065,500000.0,626063.291475309
5.4656083435604156e-05,0.00013076082272884585,-36.40299138800787,571.7657232505409,0.0,0.10325866075862422,98.83629559883732,2.0943023714085135e-13,0.0,0.0001889570349412574,32.9625473510886,3.058512933488267e-11,1.1245419621798313e-11,5.280848169448268e-10,1.1227464720852498e-13,1.5868085234603183e-08,0.7644279591486902,4.4094998135271175e-09,0.00019508185754608706,500000.0,632713.2216521768
5.46655805833379e-05,0.00013041452441982584,-36.52392015215363,573.2791185860278,0.0,0.10408275186596826,99.6257281073401,2.043941323985943e-13,0.0,0.00019046628103621863,33.22582811572029,3.0302848588222335e-11,2.5697485627929152e-12,5.317348020573378e-10,1.292182708995061e-13,1.6934042506912778e-08,0.7705336507163644,4.567924739653631e-09,0.000195135834517088,500000.0,639474.6909249264
5.467507773107165e-05,0.00013006707452437554,-36.64550389481202,574.8059627259557,0.0,0.10491839994276043,100.42625768946345,2.0039142067634724e-13,0.0,0.00019199674227741008,33.49280982045057,3.001701271763505e-11,0.0,5.354254123815234e-10,1.636122698192766e-13,1.8076517227376894e-08,0.7767251699875852,4.732795464745234e-09,0.00019519024246825335,500000.0,646350.1739552071
5.469104758245907e-05,0.00012948020940362846,-36.85143595432882,577.404242909481,0.0,0.10635024700963693,101.79799381749129,1.9383318581576419e-13,0.0,0.00019461924156099133,33.95029252849686,2.952860836188597e-11,0.0,5.417243258059038e-10,1.7079415581993497e-13,2.007164573631505e-08,0.7873345598487201,5.0253804330636515e-09,0.0001952827181580664,500000.0,658175.7031078329
5.47070174338465e-05,0.00012889004065264775,-37.05923917310736,580.0419567139013,0.0,0.10781648434180696,103.20276175388894,1.852039086054043e-13,0.0,0.00019730489014309498,34.418791539471236,2.9030561274635308e-11,0.0,5.481419817864138e-10,1.8422662161810383e-13,2.2302378658798666e-08,0.7981994263723373,5.338508417013921e-09,0.00019537645344077365,500000.0,670343.3663811658
5.472298728523392e-05,0.0001282965383017406,-37.2689243353874,582.7200184377956,0.0,0.10931824045590699,104.64165245470566,1.7652115133660252e-13,0.0,0.00020005577351345794,34.898670692428254,2.852301228575332e-11,0.0,5.5468084101617e-10,2.432518721728068e-13,2.482324320995338e-08,0.8093282072365715,5.6737913550743805e-09,0.00019547147489860524,500000.0,682866.2823614518
5.473895713662135e-05,0.000127699672217518,-37.48050112785356,585.4393691727796,0.0,0.1108566897005228,106.11580185475113,1.7070962621982445e-13,0.0,0.00020287406310764538,35.39030882694195,2.8006324970055196e-11,0.0,5.613433863103864e-10,2.77648332948639e-13,2.7678085301735263e-08,0.8207296880118445,6.032980771062455e-09,0.00019556780984931915,500000.0,695758.1867953192
5.475492698800877e-05,0.0001270994121215557,-37.6939780191528,588.2009776731359,0.0,0.11243305440324419,107.62639304470092,1.6822123473459566e-13,0.0,0.0002057620204852575,35.89410050915981,2.7480962554724613e-11,0.0,5.681321185624339e-10,2.2536243420450671e-13,3.088745747052962e-08,0.8324130189886,6.4179807727413304e-09,0.00019566548636936007,500000.0,709033.4664911366
5.478441837147726e-05,0.00012598189347713483,-38.093221200631255,593.4152716249233,0.0,0.11544809971670816,110.5159659516445,1.7170525734375423e-13,0.0,0.00021128631748077304,36.8577912273807,2.648985110575697e-11,2.2689602512385212e-13,5.810089702473279e-10,4.5256795455978707e-13,3.787143100599582e-08,0.8547617746546224,7.203910575253809e-09,0.0001958494888631787,500000.0,734607.8225005795
5.481390975494575e-05,0.00012485250431405105,-38.49899834262109,598.7836455982351,0.0,0.11860531856448366,113.54229083550088,1.834027519074619e-13,0.0,0.00021707204786448932,37.86708950268789,2.5474550908081452e-11,4.613038503868311e-13,5.943406181584245e-10,1.4448119243809705e-12,4.650749847177287e-08,0.8781682046300361,8.099803740166383e-09,0.00019603835451167815,500000.0,761643.0807785365
5.4843401138414244e-05,0.00012371105173032443,-38.91131955970698,604.3130109961259,0.0,0.12191387410683463,116.71426460275146,1.9577236578677865e-13,0.0,0.00022313621762028318,38.92496248917918,2.443756159298892e-11,7.884771761803462e-14,6.081429030318265e-10,1.5272466645515796e-12,5.72669657373469e-08,0.9027011190902811,9.122947766791425e-09,0.00019623228231453938,500000.0,790250.1710600348
5.487289252188274e-05,0.0001225573428736666,-39.33017020689229,610.0106635366207,0.0,0.12538365672691326,120.04150611260646,2.0363460955340946e-13,0.0,0.00022949721184661732,40.034618112344,2.3380010572162258e-11,0.0,6.224314490522436e-10,0.0,7.080888001603481e-08,0.9284349117062525,1.0293641750641244e-08,0.00019643148176863115,500000.0,820550.3691809925
5.490238390535123e-05,0.00012139118575071134,-39.75550616568436,615.8843055986307,0.0,0.12902534906760296,123.53442448814484,2.1063642652164905e-13,0.0,0.0002361749250581383,41.199527850257226,2.2303036139598646e-11,1.5245507525641985e-12,6.372214477012649e-10,1.5571408548596888e-12,8.78045441387605e-08,0.9554500881784805,1.1635769852232616e-08,0.00019663617346623346,500000.0,852676.4211559308
5.493187528881972e-05,0.00012021239017624111,-40.18724841050774,621.9420692315779,0.0,0.13285049715110336,127.20429453923383,2.2466834657189305e-13,0.0,0.00024319090521642578,42.423451886343386,2.121021883129375e-11,0.0,6.525273906714028e-10,1.3547750231762989e-11,1.0886808400897298e-07,0.9838338496128127,1.3177492822443759e-08,0.0001968465897128691,500000.0,886773.8033018758
5.496136667228821e-05,0.00011902076888717165,-40.62527671335137,628.1925396123683,0.0,0.13687158848298278,131.06334004015346,2.4238218510267753e-13,0.0,0.0002505685122693408,43.71046688141121,2.010597479116204e-11,1.4124474753607708e-11,6.683627409585107e-10,2.7593516260905085e-11,1.3509292482143555e-07,1.0136807359470792,1.4952083167484252e-08,0.0001970629751613501,500000.0,923002.135755638
5.499085805575671e-05,0.0001178161388596786,-41.06942228397435,634.64477898315,0.0,0.1411021370447701,135.12482563296496,2.9613788508628185e-13,0.0,0.000258333091701429,45.06499662211016,1.8997536324051806e-11,0.0,6.847395310540141e-10,8.734435709600609e-13,1.6904034963989806e-07,1.0450933360682404,1.6998938124557137e-08,0.00019728558746244442,500000.0,961536.7691149727
5.50203494392252e-05,0.00011659832286646796,-41.51945915171257,641.3083509488529,0.0,0.14555677447330917,139.40315819846427,2.91296367194135e-13,0.0,0.00026651216548303813,46.491845826153956,1.7893257129103932e-11,1.9142983200739534e-10,7.016678618859067e-10,0.0,2.1421871875219636e-07,1.0781830711909395,1.936480672763523e-08,0.00019751469792696842,500000.0,1002570.566333871
5.504984082269369e-05,0.00011536715131007013,-41.97509410465743,648.1933454022308,0.0,0.15025134249094027,143.9139986026581,7.303725956028126e-13,0.0,0.0002751356554125385,47.99623740818667,1.6824299584472534e-11,0.0,7.1915533987342e-10,2.5848871127524873e-10,2.711705107669131e-07,1.113071067488868,2.2105277676024407e-08,0.00019775059218924128,500000.0,1046315.905536894
5.507933220616218e-05,0.00011412246437486536,-42.43595496125787,655.3104018924624,0.0,0.1552029990187053,148.67438478036146,1.0876261988516826e-12,0.0,0.0002842361031894566,49.583853523311454,1.5858128066049386e-11,0.0,7.372062677402296e-10,3.445254098145298e-11,3.3614681143646054e-07,1.1498891003089688,2.5286598254214672e-08,0.0001979935708587227,500000.0,1093006.9285966584
5.510882358963067e-05,0.0001128641145520374,-42.90157685905848,662.6707295511651,0.0,0.16043035350443938,153.70286709593645,1.0598183228077879e-12,0.0,0.00029384892591436697,51.26088070699042,1.4979724641343223e-11,3.7863015527774326e-11,7.558208026880279e-10,4.349916254416199e-12,4.2363150269724966e-07,1.188780623154588,2.8987876493170324e-08,0.00019824395014805585,500000.0,1142902.0632030126
5.513831497309917e-05,0.00011159196960253756,-43.37138621694866,670.2861311334035,0.0,0.165953550768991,159.0196569252589,8.323560128909422e-13,0.0,0.00030401270224894724,53.03405942210124,1.4081333342672578e-11,0.0,7.749939234876594e-10,4.915993819576136e-11,5.377961602599517e-07,1.2299019491250536,3.330378626742946e-08,0.00019850206245564404,500000.0,1196286.8648208184
5.515885218499174e-05,0.00011069786377019913,-43.70065929006021,675.7465726537843,0.0,0.16998604825562552,162.90407548456994,7.85435895998475e-13,0.0,0.0003114381542834308,54.329533967341035,1.3400981066945365e-11,5.759380206560144e-13,7.886698506560641e-10,2.72791601903165e-11,6.345959644737725e-07,1.2599449489914485,3.673173954677147e-08,0.00019868655897983643,500000.0,1235690.5569228467
5.517938939688431e-05,0.00010979698052693603,-44.031347852281364,681.3410871821808,0.0,0.17418043457950483,166.94695810997368,8.220346875901068e-13,0.0,0.00031916637159138495,55.67785669478169,1.2711699472474947e-11,2.6770849324097637e-12,8.026051578206514e-10,6.855283971755871e-11,7.511522698168281e-07,1.2912135212688876,4.055704433561375e-08,0.00019887509731676903,500000.0,1277055.223188595
5.519992660877689e-05,0.00010888929401535959,-44.36313418402123,687.0741925018783,0.0,0.17854502901879138,171.15681262601598,8.543041659768472e-13,0.0,0.00032721357429145437,57.081864923859065,1.2047793995239441e-11,6.824139021435663e-13,8.167915681526962e-10,7.27730997334433e-11,8.900767015980301e-07,1.323773462833867,4.4830543732310086e-08,0.00019906780432138712,500000.0,1320505.665492747
5.522046382066946e-05,0.00010797478532684928,-44.69565694412363,692.9505550335158,0.0,0.18308861538039253,175.5426813920121,8.61490440525437e-13,0.0,0.00033559699322779603,58.544574228845946,1.1408809002890277e-11,7.229177133967253e-13,8.312183116684227e-10,9.910011465017218e-11,1.055938908820453e-06,1.3576947025130663,4.9610129503622256e-08,0.0001992648109553839,500000.0,1366175.978160239
5.524100103256204e-05,0.00010705344345323784,-45.02850605710718,698.9749896065639,0.0,0.187820460067078,180.11417603003906,8.855553381103513e-13,0.0,0.00034433493402455286,60.06919001798413,1.0780359205526023e-11,1.0646569524766734e-12,8.45871757247258e-10,1.4995966989128525e-10,1.2549091143456427e-06,1.393051570288824,5.49617815016353e-08,0.0001994662522916721,500000.0,1414210.2956105168
5.5261538244454606e-05,0.0001061252663594875,-45.3612169568698,705.1524580080393,0.0,0.19275032824459282,184.8815138161374,9.5318719111643e-13,0.0,0.00035344684108624133,61.659119666675224,1.0164900806130113e-11,0.0,8.60734995567372e-10,1.5484448432490712e-10,1.4935919629281222e-06,1.4299230795813294,6.09607557824292e-08,0.00019967226748710145,500000.0,1464763.5968883259
5.528207545634718e-05,0.00010519026217113012,-45.6932642283014,711.4880659320863,0.0,0.19788850023896815,189.8555557315087,1.0458517282467312e-12,0.0,0.000362953366564239,63.31798520364912,9.580835979471546e-12,1.0676821242885859e-12,8.757873712738152e-10,1.9849128371898614e-10,1.7798718814398187e-06,1.4683932202016325,6.769295965882668e-08,0.00019988299971888785,500000.0,1518002.5700992867
5.5302612668239756e-05,0.0001042484504902184,-46.024054569587484,717.9870582729563,0.0,0.2032457848247382,195.04784603355066,1.1402292342536946e-12,0.0,0.00037287644393926974,65.04963650327484,9.041298506083846e-12,4.776330010668831e-12,8.91003967461784e-10,4.090255076359376e-10,2.1245661884228504e-06,1.5085512628567652,7.525653821318284e-08,0.00020009859607733176,500000.0,1574106.539405645
5.532314988013233e-05,0.00010329986386472829,-46.352918939157895,724.6548126893967,0.0,0.2088335246353941,200.4706530768211,1.2413873623327467e-12,0.0,0.00038323935228341436,66.8581648937821,8.546181396874585e-12,7.32904709457009e-13,9.063550352192327e-10,5.336973902221848e-10,2.5402896303285763e-06,1.550492076442201,8.376369477190743e-08,0.0002003192074050128,500000.0,1633268.456257023
5.53436870920249e-05,0.00010234454943316118,-46.67910377682993,731.4968305989843,0.0,0.2146635975815352,206.1370110327616,1.3660166174105774e-12,0.0,0.0003940667755122688,68.74791706402709,8.093248271297047e-12,0.0,9.218053577897361e-10,3.3707675916766706e-10,3.0406895230479994e-06,1.594316450900211,9.334278371211599e-08,0.00020054498807137318,500000.0,1695695.9541484332
5.5364224303917475e-05,0.00010138257076122424,-47.00176121591312,738.5187247837641,0.0,0.22074841725929092,212.06076206849792,1.517341058157412e-12,0.0,0.00040538489313537773,70.72350912197516,7.689112383648508e-12,0.0,9.373135378704777e-10,7.181166344490358e-10,3.6449533434316807e-06,1.6401314175477848,1.041407200619991e-07,0.00020077609567019678,500000.0,1761612.4650425029
5.538476151581005e-05,0.0001004140098890366,-47.31993820027559,745.7262046691983,0.0,0.2271009099365326,218.2565983978732,1.6790577648793142e-12,0.0,0.00041722144302271184,72.78984060892722,7.343459442063833e-12,5.573883779077596e-12,9.52831225462137e-10,1.1548718003030342e-09,4.376312489636164e-06,1.6880505780709756,1.1632573569915619e-07,0.00020101269062571946,500000.0,1831258.39818349
5.5405298727702625e-05,9.943896961259064e-05,-47.632564395832325,753.1250570263074,0.0,0.23373448768592173,224.74010341078917,1.856651972263586e-12,0.0,0.00042960575708193567,74.95210820439944,7.061298539001912e-12,0.0,9.683023040964384e-10,1.3668907751138063e-09,5.261360820757585e-06,1.7381944215546,1.3009053457990422e-07,0.00020125493569056658,500000.0,1904892.3723268423
5.542583593959519e-05,9.84575760271522e-05,-47.93843876330249,760.721121909094,0.0,0.2406630074906164,231.52779083845306,2.0729729945545847e-12,0.0,0.0004425688181699711,77.21581877353026,6.847021242728641e-12,0.0,9.836620000827163e-10,2.044410494611099e-09,6.333527841786864e-06,1.7906906228400752,1.4565589997868444e-07,0.00020150299531544947,500000.0,1982792.4935215614
5.544637315148777e-05,9.746998136203453e-05,-48.23621466088966,768.5202636709337,0.0,0.24790070286067548,238.63714062045028,2.2769364700749284e-12,0.0,0.0004561432951182632,79.58680131162848,6.701127723429303e-12,8.280941741309316e-11,9.988358015619938e-10,2.8011197997736237e-09,7.635025449477355e-06,1.8456743193131284,1.632747957245832e-07,0.00020175703486736794,500000.0,2065257.666889677
5.54614656157775e-05,9.67403652817063e-05,-48.44901292333103,774.3845854934052,0.0,0.2534250871633567,244.0774350667589,2.559584900276562e-12,0.0,0.0004665286105296326,81.40114814201368,6.6521650769913665e-12,0.0,1.0098193864093495e-09,2.880840687089896e-09,8.76644913018864e-06,1.8877493568481227,1.776985400654537e-07,0.00020194763255971818,500000.0,2128955.74067952
5.547655808006723e-05,9.600758077940213e-05,-48.65596661040038,780.3640488609627,0.0,0.25913010818023013,249.7090859825267,2.8317732852237557e-12,0.0,0.00047727685751987965,83.27931035686136,6.666042121764483e-12,0.0,1.0206191683926433e-09,3.959649904323701e-09,1.0071125668501649e-05,1.9313041514322267,1.9351617496398296e-07,0.00020214161431127297,500000.0,2195427.5003318586
5.549165054435696e-05,9.527172141359946e-05,-48.85635889236669,786.4609338151068,0.0,0.26502160755253334,255.54007838410243,3.031300231558068e-12,0.0,0.0004884027522820629,85.22395058978783,6.737433900938282e-12,1.5236280480260846e-11,1.0311936476938188e-09,5.260951768857071e-09,1.1578110288887542e-05,1.9764004234048078,2.1087043311502614e-07,0.0002023390447282578,500000.0,2264815.47577036
5.550674300864669e-05,9.453289200766198e-05,-49.04941164863036,792.6774821724551,0.0,0.27110540155644336,261.5787001648045,3.201490989798382e-12,0.0,0.0004999214631288247,87.23783242845732,6.8472047302232276e-12,0.0,1.0414975624139025e-09,6.399927495869495e-09,1.3319055466037337e-05,2.0231022317389518,2.299188900327614e-07,0.00020253998744061293,500000.0,2337269.5722507937
5.552183547293642e-05,9.379120961328082e-05,-49.23428058784994,799.0158834736784,0.0,0.27738723545869487,267.8335412340779,3.4018901695329754e-12,0.0,0.0005118485902907224,89.32382011940253,6.987508786418331e-12,8.601937581734512e-13,1.0514815914589864e-09,8.045435149569976e-09,1.533024292651607e-05,2.071475964214791,2.5083542339466527e-07,0.00020274450471472347,500000.0,2412947.31392248
5.553692793722615e-05,9.304680455782751e-05,-49.41004999754056,805.47825918142,0.0,0.28387272389089985,274.31348974221095,3.6613836723022175e-12,0.0,0.0005242001449980454,91.48487729978292,7.174634150436213e-12,7.691549903633256e-12,1.0610920896731887e-09,1.0228375655005062e-08,1.7655203994514084e-05,2.121590307029021,2.73811766492712e-07,0.0002029526570075042,500000.0,2492014.060986435
5.555202040151588e-05,9.229982156712961e-05,-49.57572718709947,812.0666449322556,0.0,0.2905672808679877,281.027724909002,3.964717969434549e-12,0.0,0.0005369924963360525,93.7240645953172,7.432932588384832e-12,0.0,1.0702709253022424e-09,1.2726462747107714e-08,2.0343623732366905e-05,2.1735161896670614,2.990591638663156e-07,0.00020316450246293582,500000.0,2574643.1923881606
5.556711286580561e-05,9.155042096799346e-05,-49.73023662200597,818.7829704940216,0.0,0.29747604034684333,287.98570579162225,4.278439936809361e-12,0.0,0.0005502423099861873,96.04453586257546,7.776029770943553e-12,0.0,1.0789552331826874e-09,1.5980711424456647e-08,2.3452245897499298e-05,2.2273266959807665,3.2681013108958734e-07,0.00020338009634458402,500000.0,2661016.2429489023
5.558220533009534e-05,9.079877998204456e-05,-49.87241371308221,825.6290373067507,0.0,0.3046037608861651,295.1971551558696,4.603194080915239e-12,0.0,0.0005639664731865259,98.4495327967391,8.210621055981294e-12,1.0590746422520666e-11,1.0870772973326768e-09,2.0276071716301034e-08,2.704770887155249e-05,2.28309693739223,3.573202959423931e-07,0.0002035994903929116,500000.0,2751322.98181886
5.559729779438507e-05,9.00450941192001e-05,-50.00099825090285,832.6064932684559,0.0,0.3119547127574934,302.67203751589034,4.9739987815752834e-12,0.0,0.0005781819797533799,100.94237759278755,8.752797470408935e-12,0.0,1.0945646324757738e-09,2.543708727165434e-08,3.120695276316132e-05,2.340903882664009,3.908702977023568e-07,0.00020382273209725715,500000.0,2845761.416280072
5.56123902586748e-05,8.928957867400664e-05,-50.11462751043723,839.7168043068912,0.0,0.3195325494570872,310.420530319573,5.395721268245184e-12,0.0,0.0005929058039601219,103.52646331880283,9.436133030571e-12,0.0,1.101339864914393e-09,3.18940426206938e-08,3.601754284714376e-05,2.40082613304293,4.2776772579041216e-07,0.00020404986387434905,500000.0,2944537.702152299
5.562748272296453e-05,8.853247032726283e-05,-50.211829061451176,846.9612226022474,0.0,0.32734015894829327,318.45298712178584,5.829165545710191e-12,0.0,0.000608154768743417,106.20524161521168,1.030573537682674e-11,3.583195414320974e-11,1.107320356996315e-09,4.0439218198615865e-08,4.158087398689058e-05,2.462943634104652,4.683490579999769e-07,0.00020428092214473402,500000.0,3047865.940033703
5.564257518725426e-05,8.777402885709285e-05,-50.29101332017835,854.3407512846368,0.0,0.33537948940215345,326.77989141202386,6.302019896747998e-12,0.0,0.0006239453426034124,108.98220727515124,1.1419926923561688e-11,1.4455790465543523e-11,1.1124190118393654e-09,5.1056748695278496e-08,4.80144058852909e-05,2.527337317469,5.129815366426323e-07,0.00020451593629655123,500000.0,3155967.8328575566
5.565766765154399e-05,8.701453896417493e-05,-50.35046588772296,861.8561049941102,0.0,0.3436513519783462,335.4117995801869,6.884515947044879e-12,0.0,0.000640293378295721,111.86087919994938,1.2863670720234641e-11,0.0,1.1165451071096328e-09,6.393351056821787e-08,5.545143480244845e-05,2.5940886581710307,5.620649252869404e-07,0.000204754927524712,500000.0,3269072.17463335
5.567276011583372e-05,8.625431221435939e-05,-50.38833974130491,869.5076658460055,0.0,0.35215519967307063,344.35927132541076,7.402788621000444e-12,0.0,0.0006572138763494774,114.84477716434046,1.4727223796473206e-11,1.6199265375143853e-10,1.119601140495661e-09,8.075078546321002e-08,6.404372574950194e-05,2.6632791314802686,6.160330636075577e-07,0.000204997907533127,500000.0,3387414.136167521
5.568785258012345e-05,8.549368909989008e-05,-50.4026473699688,877.2954347899245,0.0,0.3608888719334658,353.63278562944635,7.832651927433999e-12,0.0,0.0006747206867224631,117.93739376532366,1.7149346066896675e-11,2.7724627233721757e-10,1.1214858360058158e-09,1.0259127093396953e-07,7.396668511726617e-05,2.7349895606127483,6.753550789879634e-07,0.0002052448770874641,500000.0,3511234.310316538
5.570294504441318e-05,8.473304121880634e-05,-50.39125297557839,885.218977856638,0.0,0.36984830549072273,363.2426402250457,8.744118055465296e-12,0.0,0.0006928260166435865,121.14216086412252,2.0436696184829965e-11,0.0,1.122103551942355e-09,1.2875648077837194e-07,8.541970618039002e-05,2.809299339987025,7.405361464320184e-07,0.0002054958244055773,500000.0,3640777.4722575983
5.571803750870291e-05,8.397277357045905e-05,-50.35186488939881,893.2773663011767,0.0,0.3790272228944944,373.19883229357686,1.0037232954714271e-11,0.0,0.0007115399420239654,124.46240976503539,2.4986594360053116e-11,0.0,1.1213537310630073e-09,1.6100603429927963e-07,9.86246271120414e-05,2.886285505753713,8.12117650209588e-07,0.0002057507233722378,500000.0,3776291.0023197546
5.573312997299264e-05,8.321332696275634e-05,-50.28202838545531,901.4691105850021,0.0,0.38841678935227025,383.5109179345588,9.617511127344127e-12,0.0,0.0007308700784824533,127.90132431296963,3.0881300844469025e-11,2.051029261180228e-09,1.1190989549289783e-09,2.0454360969331118e-07,0.00011383293171074475,2.966021638174582,8.906764580388692e-07,0.00020600953156455607,500000.0,3918022.9161049095
5.574822243728237e-05,8.245518052359231e-05,-50.17911911376652,909.792089038539,0.0,0.39800520862784106,394.18784777926834,1.0203550292281407e-11,0.0,0.0007508208175950139,131.46188603754103,3.8800027923471984e-11,2.7370312509983725e-10,1.1152507143093073e-09,2.5800329912394396e-07,0.00013133618814575195,3.0485766091041997,9.768230283239056e-07,0.0002062721880750098,500000.0,4066219.4444265827
5.575907309114847e-05,8.191120776343113e-05,-50.083135978613676,915.8553895585579,0.0,0.4050132836322972,402.09402107386904,1.1188704221460903e-11,0.0,0.0007655481165277234,134.09843536733916,4.639334097980057e-11,0.0,1.1114627698515663e-09,3.030720834630239e-07,0.0001455096129622994,3.109706289313568,1.043804245754543e-06,0.0002064633567379861,500000.0,4176894.7251240816
5.576992374501457e-05,8.136838199470025e-05,-49.9675171122982,921.9837709432618,0.0,0.41210956272311566,410.19572807311255,1.2330119407144472e-11,0.0,0.0007805950242760614,136.80017688709273,5.616368368263158e-11,2.0417388170794443e-10,1.1067740699645915e-09,3.574775922811943e-07,0.00016115791108197426,3.172346373348072,1.115285026944225e-06,0.0002066564349827982,500000.0,4291123.724121591
5.578077439888067e-05,8.082692245725833e-05,-49.831116285727724,928.1756980653419,0.0,0.41928611490307727,418.49536655932485,1.3276435516284624e-11,0.0,0.0007959587183379406,139.56790851359176,6.861092560203249e-11,0.0,1.1011373288695912e-09,4.217700550425189e-07,0.0001784219386256954,3.2365152295879756,1.1915176847940683e-06,0.00020685137821738414,500000.0,4408990.728129173
5.5797161490450794e-05,8.001229649262839e-05,-49.5830608376738,937.6434122635212,0.0,0.4302559851077209,431.4093746121213,1.3892519037806897e-11,0.0,0.0008197515416960649,143.87438925125437,9.377108049936455e-11,0.0,1.0907471993795046e-09,5.400828155647102e-07,0.00020788594357455355,3.3363568687955376,1.316223863345016e-06,0.00020714920690421878,500000.0,4594071.130275494
5.5807726310190054e-05,7.94894357628253e-05,-49.39454407368331,943.8185664215536,0.0,0.4373971162945128,439.9792993808481,1.4765498716196833e-11,0.0,0.0008354575026259251,146.73220952695132,1.1520182379100984e-10,1.029768682496504e-10,1.0828246616006144e-09,6.313809947894997e-07,0.0002292669578311086,3.402610905629732,1.4030947051067553e-06,0.00020734331125801887,500000.0,4718009.290061124
5.581829112992932e-05,7.896869156595958e-05,-49.18217830692193,950.0469198311339,0.0,0.4445787388017258,448.7416786596311,1.592644677515185e-11,0.0,0.0008514406334504264,149.65418756368757,1.4206531242507945e-10,8.450824431936229e-11,1.0739044371346529e-09,7.386800068088962e-07,0.00025270542053018325,3.4703507901431094,1.495320767061913e-06,0.00020753897796157723,500000.0,4845639.568670809
5.582885594966859e-05,7.845032247264838e-05,-48.94470578444808,956.3258745913563,0.0,0.45178794615043366,457.6967550311636,1.6583295201286025e-11,0.0,0.0008676897642118295,152.6404020477974,1.7571362777879322e-10,5.531715590425742e-10,1.063934840199333e-09,8.640831656524529e-07,0.0002783683234984156,3.539578183586037,1.5931350707307031e-06,0.00020773613083552544,500000.0,4977015.8533099955
5.5839420769407854e-05,7.793460055876936e-05,-48.68082763068313,962.6525209169004,0.0,0.4590103942170459,466.8441715726885,1.744860231740676e-11,0.0,0.0008841912310574032,155.69073159254705,2.1791583731026803e-10,1.4443356832468732e-10,1.0529255631415115e-09,1.008973426558567e-06,0.0003064277643179404,3.6102901080218337,1.6967632988604299e-06,0.00020793468441082693,500000.0,5112183.658814203
5.584998558914712e-05,7.742181182919175e-05,-48.38920569335008,969.0236154060248,0.0,0.46623024221602904,476.1829005540267,1.8942436699218236e-11,0.0,0.000900928599542971,158.8048309584494,2.7094506048057834e-10,0.0,1.0409282016639841e-09,1.1766669863843494e-06,0.00033705969432803323,3.6824783856005294,1.806420203475372e-06,0.00020813454328140945,500000.0,5251178.735843131
5.586055040888639e-05,7.691225662223592e-05,-48.06846507087661,975.4355583407824,0.0,0.4734300970986497,485.7111672885247,2.0048160909360614e-11,0.0,0.0009178824291127641,161.98210566137098,3.3706410464609244e-10,9.018339463265659e-10,1.0278519037020713e-09,1.3711937177387013e-06,0.0003704480953191798,3.7561290490402364,1.9223054624488672e-06,0.0002083356014209421,500000.0,5394025.549347216
5.587111522862565e-05,7.640624998353158e-05,-47.71719728413551,981.8843707043942,0.0,0.48059095852577904,495.4263693370551,2.1375958460899668e-11,0.0,0.0009350299914415662,165.22168503466983,4.1939469560556085e-10,1.3181836275083506e-10,1.0136873256162061e-09,1.5956767575185077e-06,0.0004067814903813191,3.8312217302944296,2.0445988866951577e-06,0.00020853774148230257,500000.0,5540735.628276636
5.588168004836492e-05,7.590412200057134e-05,-47.33396412710293,988.3656704876835,0.0,0.4876921880706945,505.3249913333656,2.240933913271985e-11,0.0,0.0009523449677975262,168.5223938300756,5.216857154609757e-10,1.3985390931575641e-11,9.984704588992221e-10,1.85380222593764e-06,0.0004462424505577011,3.9077289956867203,2.173455359967178e-06,0.00020874083408986023,500000.0,5691305.782860244
5.589224486810418e-05,7.54062180918698e-05,-46.917302302658484,994.874648695334,0.0,0.49471149793868063,515.4025157160697,2.368609819044215e-11,0.0,0.0009697971726190431,171.88272246211858,6.484713300681429e-10,1.9062639125568727e-10,9.822342947084416e-10,2.1504184224520758e-06,0.0004890156880460314,3.985615662125302,2.3089991126101526e-06,0.00020894473712425443,500000.0,5845716.191335889
5.5902809687843446e-05,7.491289924332855e-05,-46.46572897813848,1001.4060418301196,0.0,0.5016249549139074,525.6533298522028,2.528469878638977e-11,0.0,0.0009873522950870968,175.30079604991846,8.05142105141866e-10,2.525273489780236e-10,9.649737759091757e-10,2.490565684283663e-06,0.0005352814882530312,4.064838080335242,2.451317320009905e-06,0.00020914929500047004,500000.0,6003928.338938559
5.590383707546636e-05,7.486518444261665e-05,-46.41989691677345,1002.042179883989,0.0,0.5022906745260327,526.6591836715667,2.5477559328457316e-11,0.0,0.0009890635482007303,175.63618995034005,8.222089955890249e-10,1.4340022394840196e-10,9.632408293740522e-10,2.5261374014125574e-06,0.00053997354527301,4.072611526740605,2.4655206559985803e-06,0.00020916921618615637,500000.0,6019514.653502015
5.590486446308927e-05,7.481751690662991e-05,-46.373719187875295,1002.678469590842,0.0,0.5029551283501074,527.6666060397046,2.5702570895025497e-11,0.0,0.0009907753742030955,175.97210648312614,8.396357223310988e-10,0.0,9.615012530950148e-10,2.5621731813253257e-06,0.0005447003896893293,4.0803970597189485,2.479788517410939e-06,0.00020918914180722322,500000.0,6035136.30586629
5.5906729208470615e-05,7.473112052326254e-05,-46.28901739879737,1003.8337265805582,0.0,0.5041578228679301,529.4990981122236,2.5891843327146037e-11,0.0,0.0009938837385954757,176.5831345837099,8.721546023545637e-10,2.975580906795195e-10,9.583142034500174e-10,2.628781194723839e-06,0.0005533686043347182,4.094558780767296,2.505850068441024e-06,0.00020922531831875512,500000.0,6063580.2149418555
5.591047367360459e-05,7.455811641504222e-05,-46.11544750115831,1006.1548244323659,0.0,0.5065594370588768,533.1941595460445,2.686770852666281e-11,0.0,0.0010001298026570801,177.8152158319499,9.413073136803538e-10,0.0,9.518598429463489e-10,2.76732236956278e-06,0.0005711264983286578,4.123114304233374,2.558824505980263e-06,0.00020929800029724561,500000.0,6121045.559031425
5.5914218138738566e-05,7.438577103031433e-05,-45.937167599116634,1008.4774214593859,0.0,0.5089421068213309,536.9094266887226,2.7947795216432768e-11,0.0,0.001006380083743277,179.05402907510262,1.015821782927019e-09,0.0,9.45313737341995e-10,2.9124654943346755e-06,0.000589358459328544,4.15182548816663,2.6126555884233083e-06,0.00020937072671284285,500000.0,6178973.798297333
5.591796260387254e-05,7.421410213109125e-05,-45.754110918621414,1010.8012149327276,0.0,0.5113045988641187,540.6445153936328,2.8852089969519157e-11,0.0,0.0010126325659856898,180.2994460583622,1.0959058202864073e-09,0.0,9.3863294574179e-10,3.0644621027275026e-06,0.0006080715992485005,4.18068935121033,2.6673418096740546e-06,0.0002094434890697453,500000.0,6237360.726039676
5.592170706900652e-05,7.404312772889072e-05,-45.56621075879095,1013.1258936893303,0.0,0.513645656634625,544.3990195078493,2.9316872297094104e-11,0.0,0.0010188851561019256,181.55133118767105,1.1818061836831133e-09,3.1653011421718976e-10,9.317877294238215e-10,3.2235751386739453e-06,0.0006272720222919712,4.2097027422475986,2.7228807011069637e-06,0.0002095162786245798,500000.0,6296201.727110196
5.592545153414049e-05,7.387286608444244e-05,-45.37340054725887,1015.4511380128378,0.0,0.5159640007275964,548.1725103162518,2.96632848337218e-11,0.0,0.001025135682495308,182.8095413450063,1.2739422429537092e-09,5.212568686425106e-10,9.247908543949682e-10,3.3900740520433294e-06,0.0006469660008590392,4.238862337787246,2.7792688048032173e-06,0.00020958908638246625,500000.0,6355491.764320019
5.593114209538721e-05,7.361552135687823e-05,-45.07083178744914,1018.9852143605975,0.0,0.5194408317477637,553.9425135854382,3.040327506163923e-11,0.0,0.0010346257401529758,184.73344519636643,1.4270265967561653e-09,2.2848289312420011e-10,9.139241424106438e-10,3.657853819856037e-06,0.000677852789531493,4.283448944761718,2.866578835947956e-06,0.00020969974822596533,500000.0,6446443.695203296
5.5936832656633924e-05,7.335993166657052e-05,-44.756537774781776,1022.51864225098,0.0,0.5228575381354902,559.7536272196844,3.1236290728651806e-11,0.0,0.0010440975590406067,186.6710422882769,1.597375609196107e-09,2.3507339892683453e-10,9.02807722331189e-10,3.9442743886563755e-06,0.0007099091553409877,4.328351979179391,2.9558190049192913e-06,0.00020981039706627152,500000.0,6538398.7220200235
5.594252321788064e-05,7.310616439275641e-05,-44.43028831361257,1026.0501797067575,0.0,0.5262093608085489,565.6040293720713,3.2067060380069233e-11,0.0,0.0010535424512582933,188.62172454657997,1.7866671285575186e-09,7.547241086545728e-10,8.914251394315109e-10,4.250314674521995e-06,0.0007431510623336024,4.373557325611267,3.046962600686408e-06,0.00020992099788633384,500000.0,6631333.101973062
5.594821377912736e-05,7.285428821848664e-05,-44.091855498227474,1029.57853539047,0.0,0.5294914453138062,571.4917632032281,3.3341891875036156e-11,0.0,0.0010629512909505387,190.58483888495536,1.996850464102861e-09,4.699187766681963e-10,8.7980399267829e-10,4.576969549085325e-06,0.000777592542904988,4.41904982952014,3.1399763761203323e-06,0.00021003151423646028,500000.0,6725220.462277538
5.5953904340374075e-05,7.260437311573091e-05,-43.74101428446121,1033.1023680284252,0.0,0.5326988517086497,577.4147326561759,3.4864172773460726e-11,0.0,0.0010723145114757996,192.55968579708153,2.2300150956335015e-09,0.0,8.679892837491963e-10,4.925238807599161e-06,0.0008132427041830338,4.4648132611958165,3.234820219813278e-06,0.0002101419082091987,500000.0,6820031.688294461
5.5959594901620794e-05,7.235649032749655e-05,-43.377543065313844,1036.6202859491395,0.0,0.5358265656715309,583.3706983450872,3.634349394803698e-11,0.0,0.001081622104174183,194.545517988568,2.4882472614205096e-09,0.0,8.559834451308124e-10,5.296123202672875e-06,0.0008501080993952081,4.51083028521102,3.3314468144373182e-06,0.0002102521404178382,500000.0,6915734.812570754
5.596528546286751e-05,7.211071234663163e-05,-43.00122427795042,1040.130846695964,0.0,0.5388695095373988,589.3572735963734,3.7589773694094833e-11,0.0,0.0010908636189704065,196.54153905943272,2.773606589659992e-09,5.45282762296888e-10,8.437283160175841e-10,5.690620620169494e-06,0.0008881926149052821,4.557082430999872,3.4298012689337417e-06,0.00021036216997690637,500000.0,7012294.90511916
5.5970976024114226e-05,7.186711289102434e-05,-42.611845049393224,1043.6325567455847,0.0,0.5418225533806276,595.3719206742226,3.899865433173312e-11,0.0,0.001100028167280074,198.54690224833544,3.0884896934504748e-09,5.862629896769488e-10,8.312297695380316e-10,6.109717475576281e-06,0.0009274967694927096,4.6035500661308015,3.529820775410242e-06,0.00021047195448447274,500000.0,7109673.965796098
5.597666658536094e-05,7.16257668749937e-05,-42.20919787720652,1047.123871287125,0.0,0.544680528857768,601.4119472279342,4.061123773869995e-11,0.0,0.0011091044274897065,200.56070924982822,3.435555852055119e-09,2.913582667259615e-10,8.185412644261562e-10,6.554376494196369e-06,0.0009680155445263908,4.650212366260932,3.6314343252361142e-06,0.0002105814500068701,500000.0,7207830.819163634
5.598235714660766e-05,7.138675037671275e-05,-41.793081339555606,1050.6031941360045,0.0,0.5474382448339166,607.4745029896417,4.211141177755807e-11,0.0,0.0011180806530569599,202.58200911616032,3.817454296784611e-09,6.142912238636415e-10,8.056622073273305e-10,7.025530273082509e-06,0.00100973960204004,4.697047289108111,3.734562422829794e-06,0.0002106906110664323,500000.0,7306721.0130413165
5.598804770785437e-05,7.115014060151751e-05,-41.363300831801226,1054.0688778622828,0.0,0.5500905016393405,613.5565767584069,4.40846235367817e-11,0.0,0.0011269446831449577,204.60979725568268,4.237171272048246e-09,2.2190828615018126e-11,7.926637119238565e-10,7.5240752239044754e-06,0.0010526570056929722,4.7440315559797215,3.8391167911419846e-06,0.00021079939063260432,500000.0,7406296.722062927
5.599373826910109e-05,7.091601584094849e-05,-40.919669331229315,1057.5192239827466,0.0,0.5526321081500861,619.6549937203639,4.6005194683862236e-11,0.0,0.0011356839564910426,206.64301454054097,4.697609445950457e-09,0.0,7.795519059869703e-10,8.050857597761551e-06,0.0010967483006597927,4.791140625259053,3.9450001369289495e-06,0.00021090774011665585,500000.0,7506506.6560771875
5.599942883034781e-05,7.068445542736883e-05,-40.46200818789517,1060.9524833819119,0.0,0.5550578987529327,625.7664131259949,4.8002991737653204e-11,0.0,0.0011442855283481598,208.68054653692647,5.201771368656822e-09,0.0,7.663170656457382e-10,8.606662392748423e-06,0.0011419907314573644,4.838348679826092,4.052105933993212e-06,0.00021101560937024523,500000.0,7607295.975389074
5.600511939159452e-05,7.045553968400848e-05,-39.99014794111452,1064.3668568704127,0.0,0.55736275114805,631.8873263829619,5.007149232317386e-11,0.0,0.001152736090812658,210.72122287163842,5.752774283216897e-09,0.0,7.529547120985018e-10,9.192202152638156e-06,0.0011883555008674696,4.885628610575601,4.160318255789589e-06,0.00021112294668814278,500000.0,7708606.21317488
5.601080995284124e-05,7.022934987029346e-05,-39.50392915950487,1067.7604959243913,0.0,0.5595416054289776,638.0140555976172,5.2083673061078354e-11,0.0,0.0011610219967580595,212.76381674909862,6.35377789471501e-09,4.055106437365302e-10,7.394353947074874e-10,9.808104810857477e-06,0.001235807882292951,4.932952005199565,4.2695116560445915e-06,0.00021122969881544372,500000.0,7810375.206354071
5.601650051408795e-05,7.000596812233316e-05,-39.00320330215399,1071.1315036249796,0.0,0.5615894836606881,644.1427526103307,5.399495982448679e-11,0.0,0.0011691292873763329,214.80704463324932,7.007936951632792e-09,1.516468901928979e-09,7.256800633952702e-10,1.0454900622422221e-05,0.001284307632974072,4.980289141475296,4.379551083807822e-06,0.0002113358109596045,500000.0,7912537.036087039
5.602219107533467e-05,6.978547738845309e-05,-38.48783359824609,1074.4779358189985,0.0,0.5635015092634296,650.2693985688508,5.6111472129704696e-11,0.0,0.0011770437235268832,216.84956610896455,7.718578512061586e-09,2.684061477996108e-09,7.116385943548164e-10,1.1133009783779516e-05,0.0013338089823098135,5.027608985669118,4.490291850901202e-06,0.0002114412268076332,500000.0,8015021.979122916
5.6027881636581385e-05,6.95679613596756e-05,-37.957695942427144,1077.7978024998467,0.0,0.5652729262993256,656.3898040847333,5.911151466208826e-11,0.0,0.0011847508211107213,218.8899839377183,8.489606299856513e-09,1.849008542785349e-09,6.975125481674704e-10,1.184272650824645e-05,0.0013842600287608574,5.074879195316273,4.601579667395344e-06,0.00021154588854875722,500000.0,8117756.471103138
5.6033572197828104e-05,6.935350439506484e-05,-37.412679804095916,1081.0890693263277,0.0,0.5668991219971202,662.4996100218185,6.240029922064292e-11,0.0,0.0011922358905725248,220.92684432226685,9.324869343667323e-09,2.536052935050436e-10,6.835482217669734e-10,1.258420091452204e-05,0.0014355999318281807,5.1220661187547725,4.713250743810294e-06,0.0002116497369028804,500000.0,8220663.082354669
5.603926275907482e-05,6.914219144186985e-05,-36.852689145961314,1084.3496594124863,0.0,0.5683756495048136,668.5942889483658,6.518016551582182e-11,0.0,0.0011994840802626396,222.958637394981,1.0227511076429618e-08,1.8130502920620355e-10,6.697221591099629e-10,1.3357433815390072e-05,0.0014877626289385784,5.169134807251715,4.82513191648192e-06,0.00021175271115514538,500000.0,8323660.508267373
5.6044953320321536e-05,6.893410795042589e-05,-36.27764334687098,1087.5774554588252,0.0,0.5696982466521779,674.6691473005725,6.802693924161517e-11,0.0,0.0012064804235098947,224.98379794412483,1.1200513704786276e-08,3.032643836000372e-10,6.559353231944715e-10,1.4162269270352439e-05,0.001540678797803469,5.216049039171863,4.937040826510921e-06,0.00021185474919691488,500000.0,8426663.575939082
5.6050643881568255e-05,6.872933978379616e-05,-35.687478126489964,1090.77030206342,0.0,0.5708628556965041,680.719328311089,7.111215314704757e-11,0.0,0.001213209890265712,227.00070639193683,1.2246910493362893e-08,2.692222321189933e-10,6.421333187602201e-10,1.4998374328147849e-05,0.001594270261221375,5.262771339064285,5.048786230057286e-06,0.00021195578757346757,500000.0,8529583.267072035
5.605633444281497e-05,6.852797312215846e-05,-35.08214646708988,1093.9260082686744,0.0,0.5718656445986374,686.7398157281212,7.437504197560472e-11,0.0,0.0012196574429191261,229.00769003778123,1.3369754580471212e-08,2.8567575064122734e-10,6.283215102060319e-10,1.586521845857053e-05,0.0016484516893096664,5.309263005618405,5.160168386114277e-06,0.00021205576153867858,500000.0,8632326.758661728
5.606202500406169e-05,6.833009436196712e-05,-34.461619527260325,1097.0423503817665,0.0,0.5727030276793065,692.7254383669302,7.781905938109588e-11,0.0,0.001225808095538925,231.00302457884885,1.457195397852826e-08,3.1591905440207757e-10,6.145335977453696e-10,1.6762065423675195e-05,0.0017031322859620633,5.355484146816101,5.270979495110129e-06,0.00021215460511694002,500000.0,8734797.482858505
5.60677155653084e-05,6.81357900099492e-05,-33.82588754291507,1100.1170750787408,0.0,0.5733716849456525,698.6708755297352,8.145993579926204e-11,0.0,0.0012316469766242176,232.98493591990632,1.585612586641185e-08,3.4843306645927917e-10,6.007914355983267e-10,1.768796905950385e-05,0.001758215443309905,5.401393721678083,5.3810041981875145e-06,0.00021225225117252637,500000.0,8836895.207147434
5.607340612655512e-05,6.794514657202944e-05,-33.174960707437755,1103.1479027909525,0.0,0.5738685803634114,704.5706633236808,8.526585267587164e-11,0.0,0.0012371593953890794,234.9516022823476,1.7224557966537995e-08,3.4761790977789775e-10,5.871219563682692e-10,1.8641764856837147e-05,0.0018135985963056327,5.446949589388493,5.490020164231333e-06,0.00021234863148671972,500000.0,8938516.135854278
5.607909668780183e-05,6.775825043730862e-05,-32.508870028815124,1106.1325313588882,0.0,0.5741909794148032,710.4192019041445,8.923227157079608e-11,0.0,0.0012423309113520338,236.90115662143728,1.867916353863564e-08,3.7857381054563535e-10,5.735335338682479e-10,1.9622058710713885e-05,0.0018691733793362978,5.4921085649171415,5.597798760995293e-06,0.0002124436768427096,500000.0,9039553.033798
5.608478724904855e-05,6.757518775724973e-05,-31.82766815621624,1109.0686399643837,0.0,0.574336465568074,716.2107636648647,9.334137271746383e-11,0.0,0.0012471474065860436,238.83168935906787,2.0221466324327733e-08,3.7090752858110553e-10,5.600521219212876e-10,2.062721986204908e-05,0.0019248263056645973,5.536826482152084,5.7041058087856324e-06,0.0002125373171184634,500000.0,9139895.373019967
5.609047781029526e-05,6.739604432026331e-05,-31.13143016935212,1111.9538933393676,0.0,0.5743029555270063,721.939502392317,9.76638721746295e-11,0.0,0.0012515951602224322,240.7412514375286,2.185251871938118e-08,4.4186469322838834e-10,5.466650671677083e-10,2.1655379031259367e-05,0.001980438964704197,5.581058263833744,5.808702409169053e-06,0.0002126294813876748,500000.0,9239429.50331317
5.609616837154198e-05,6.722090542192167e-05,-30.420254323998304,1114.7859462630065,0.0,0.5740887125895862,727.5994633934856,1.0211139263281319e-10,0.0,0.001255660924770034,242.62785769774086,2.357290062466425e-08,3.8367348875285283e-10,5.334268596077096e-10,2.270442792934182e-05,0.002035888818591682,5.624758000083838,5.911345842301846e-06,0.00021272009802882744,500000.0,9338038.847259765
5.61018589327887e-05,6.704985573106924e-05,-29.694262747675467,1117.5624483202294,0.0,0.573692358893221,733.1845946028789,1.0685969729218985e-10,0.0,0.0012593320037655614,244.4894905831853,2.5382570717005457e-08,5.530644339004174e-10,5.20276167840983e-10,2.3772019740049312e-05,0.0020910490055067667,5.667879032674303,6.011790537413195e-06,0.00021280909484234906,500000.0,9435604.120033251
5.6107549494035414e-05,6.688297915213387e-05,-28.95360207809963,1120.2810489532606,0.0,0.5731128850571723,738.6887586616426,1.1152143169990696e-10,0.0,0.001262596329977542,246.32410416833326,2.7280975231259403e-08,2.978409199014409e-10,5.07374831595335e-10,2.4855571811771274e-05,0.0021457900992926746,5.71037404978986,6.109789106417482e-06,0.00021289639917579562,500000.0,9532003.574530132
5.611324005528213e-05,6.672035868398004e-05,-28.198444038954424,1122.9394027341955,0.0,0.5723496596614521,744.1057459640429,1.1687081138846362e-10,0.0,0.0012654425437197232,248.12962850781378,2.9266713809726133e-08,8.625782308594125e-10,4.944438893372937e-10,2.5952272835042876e-05,0.0021999785766332004,5.752195182556594,6.205093452214081e-06,0.00021298193805692258,500000.0,9627113.271382935
5.6118930616528846e-05,6.656207627568785e-05,-27.428985943624618,1125.5351749779936,0.0,0.5714024334225487,749.4292886394697,1.2123042089745973e-10,0.0,0.0012678600700997207,249.90397429973513,3.133804676477499e-08,0.0,4.820955200528061e-10,2.7059091869099858e-05,0.0022534816069839318,5.793294119537687,6.297455903505714e-06,0.00021306563833448823,500000.0,9720807.374771817
5.6124621177775565e-05,6.640821267967096e-05,-26.645451125266675,1128.0660474457648,0.0,0.5702713477947918,754.6530754648293,1.2806903612662382e-10,0.0,0.0012698391953190056,251.64503785376175,3.349184346016729e-08,1.942727238253933e-09,4.691659211017823e-10,2.8172792598422195e-05,0.002306159883597084,5.833622207844533,6.386630457458311e-06,0.00021314742682646153,500000.0,9812958.471704924
5.6128591252143635e-05,6.630352742460859e-05,-26.090606294102127,1129.7920774713928,0.0,0.5693736212945998,758.2350500566097,1.3412242272844977e-10,0.0,0.001270955615322142,252.8388728694483,3.5041934019574266e-08,8.052556292035965e-10,4.6013119256294837e-10,2.8952033083136785e-05,0.0023423537930705716,5.86127497944708,6.446826469173932e-06,0.0002132033162732121,500000.0,9876266.328198163
5.613256132651171e-05,6.62010581583813e-05,-25.529123340720822,1131.4846292537318,0.0,0.5683869460645593,761.7632289739344,1.374538758553542e-10,0.0,0.0012718516632453328,254.0147613658229,3.662954270511427e-08,0.0,4.5173819519552575e-10,2.9731741164401893e-05,0.0023780334793070995,5.888512157302631,6.5052710036390704e-06,0.00021325821489500326,500000.0,9938716.607444035
5.613653140087978e-05,6.61008310357025e-05,-24.96110107057233,1133.142939367188,0.0,0.5673117072642365,765.2354562503302,1.4016672174342362e-10,0.0,0.0012725248947725296,255.17198476031663,3.825260903294998e-08,9.598392256274205e-10,4.434710693731385e-10,3.0510659619443367e-05,0.002413152090841217,5.915317121177931,6.561883773561246e-06,0.00021331209805970747,500000.0,10000265.222085042
5.6143567201061266e-05,6.592879468460692e-05,-23.938712045747344,1135.9953734945552,0.0,0.5651901299250384,771.2448785568954,1.4529596248694663e-10,0.0,0.001273164072135703,257.17476096492464,4.1210585726679274e-08,9.736314603811627e-10,4.2930636354097766e-10,3.1885135216631854e-05,0.002473875912216287,5.961708174072022,6.657471350084325e-06,0.0002134050202326768,500000.0,10106990.895496387
5.6148331207731046e-05,6.581642252133967e-05,-23.235289683063424,1137.8622866127887,0.0,0.5635981955088106,775.204252989187,1.4984086537905942e-10,0.0,0.0012731904985053193,258.49428010310834,4.3267851470765344e-08,5.97425619803814e-10,4.197977957667604e-10,3.28083637927792e-05,0.0025137858148632807,5.992273049229723,6.718571723977755e-06,0.00021346601562589516,500000.0,10177444.657512493
5.615309521440082e-05,6.570742243596091e-05,-22.523106753521493,1139.6756695209813,0.0,0.5618822299578247,779.0708158495135,1.5462650893725445e-10,0.0,0.0012728859359241167,259.78284172671835,4.536466217511268e-08,4.712324299464435e-10,4.1039343499843334e-10,3.3722858723415055e-05,0.002552631603109952,6.022121184698087,6.776598915014097e-06,0.00021352541006207807,500000.0,10246347.795118425
5.61578592210706e-05,6.56018356202909e-05,-21.80238951595267,1141.4343023561955,0.0,0.5600436813425319,782.8409251848046,1.5816386757607835e-10,0.0,0.0012722486013765947,261.0392321072593,4.749678172580045e-08,0.0,4.014638762608381e-10,3.462622922814266e-05,0.0025903389373980357,6.051224508357662,6.831430574920495e-06,0.0002135831625965952,500000.0,10313624.749273565
5.616262322774038e-05,6.549970215844404e-05,-21.073377172513045,1143.1369962629662,0.0,0.5580841748680707,786.5109794426926,1.6143943758544666e-10,0.0,0.0012712773399555881,262.26225101125107,4.965926282227315e-08,5.44010979388329e-10,3.927526272430198e-10,3.551606301066873e-05,0.0026268340480539395,6.07955525607965,6.882949522452003e-06,0.00021363923286292258,500000.0,10379200.589405471
5.616738723441016e-05,6.540106097385401e-05,-20.336321706564974,1144.7825961026651,0.0,0.5560055080618087,790.0774254140036,1.6724773202780322e-10,0.0,0.001269971638012036,263.4507143483559,5.184710228873066e-08,1.2160475913917603e-09,3.8374627031393006e-10,3.638993988858478e-05,0.0026620476457461764,6.107086037590943,6.931044398235925e-06,0.0002136935811411515,500000.0,10443001.202204864
5.617215124107994e-05,6.530594976320627e-05,-19.59148768774594,1146.3699838233756,0.0,0.5538096432674396,793.5367667691112,1.7382662929821536e-10,0.0,0.0012683316347338843,264.603457015204,5.405541585711319e-08,4.2370687085819155e-10,3.748307437406476e-10,3.724544512927807e-05,0.002695912670979619,6.1337899016983215,6.975610147233686e-06,0.000213746168442922,500000.0,10504953.496624658
5.617691524774971e-05,6.52144049302714e-05,-18.83915203553929,1147.898081878227,0.0,0.55149870278111,796.8855727042359,1.804328011703716e-10,0.0,0.0012663581311777867,265.7193357744434,5.627861753695154e-08,1.4419331980729235e-09,3.6586031925416065e-10,3.808017564410839e-05,0.0027283610405588565,6.159640395209595,7.0165483221752946e-06,0.00021379695659810207,500000.0,10564985.612829247
5.618525943686615e-05,6.506276208013903e-05,-17.50423230244388,1150.4286002276206,0.0,0.547180721987983,802.4746085597404,1.8614200141325822e-10,0.0,0.0012621027054906043,267.5816208049645,6.019043200000338e-08,9.892316942185795e-10,3.5181170413991414e-10,3.9485038906405155e-05,0.002781602987172781,6.202783761776736,7.079239809451201e-06,0.00021388146531724607,500000.0,10665294.036976088
5.619360362598258e-05,6.49223446973712e-05,-16.14883028927596,1152.768886575347,0.0,0.5425300525152092,807.696885000512,1.8019523127137738e-10,0.0,0.001256841825805589,269.3215985943573,6.409381946404811e-08,1.1794930660373586e-10,3.411118707299412e-10,4.0806577919608675e-05,0.002830012615332465,6.2430959009575915,7.130093246384397e-06,0.00021396014794693283,500000.0,10759130.92769388
5.6201947815099016e-05,6.479331647787069e-05,-14.77468844872177,1154.914242848874,0.0,0.5375612213169346,812.5359066174093,1.759814165016841e-10,0.0,0.0012505945031554705,270.93377313230934,6.79516142245495e-08,3.6231124588590876e-10,3.315612576180763e-10,4.2033113229251606e-05,0.002873324022325208,6.280449597088736,7.168753828423983e-06,0.00021403282206773746,500000.0,10846149.517837748
5.621029200421545e-05,6.467582617082465e-05,-13.383645612122764,1156.8605317826987,0.0,0.5322898605573768,816.9762219732669,1.8794082001147934e-10,0.0,0.001243385788632066,272.41299657430784,7.17304059963015e-08,1.1769552380651951e-09,3.199067476932485e-10,4.315386957627398e-05,0.0029113115301804197,6.31472566830318,7.194951470743679e-06,0.00021409931695520997,500000.0,10926025.381437518
5.621863619333188e-05,6.45700068243891e-05,-11.977627960158562,1158.6042447197383,0.0,0.5267325601448083,821.0035509114034,2.096447135108523e-10,0.0,0.001235246496173398,273.7545116525668,7.539920910201697e-08,1.1070185538321544e-09,3.063010053972362e-10,4.415916372571126e-05,0.0029437905397180094,6.345813946965949,7.2085045815965036e-06,0.00021415947477719174,500000.0,10998459.839123473
5.6224554623121866e-05,6.450208980114027e-05,-10.972373647739902,1159.7166742111474,0.0,0.522626999195944,823.6025728439135,2.1919209427871626e-10,0.0,0.001228928914187637,274.6201677146302,7.791621999356287e-08,8.080485469871112e-10,2.973413471042445e-10,4.4797550451454496e-05,0.0029634103123903203,6.365876783139366,7.21039943506334e-06,0.0002141982232138749,500000.0,11045176.980402905
5.623047305291185e-05,6.44401398084892e-05,-9.961327856575913,1160.7250039122075,0.0,0.5183927411647056,825.9830510691705,2.2491117200257243e-10,0.0,0.001222175729611403,275.4129551480262,8.034649401674709e-08,1.1589821288661782e-09,2.8906016775839696e-10,4.537102558163144e-05,0.0029801549973277855,6.3842527137118195,7.205881951238685e-06,0.000214233664143236,500000.0,11087927.723043917
5.6236391482701835e-05,6.438418891167562e-05,-8.945240698006598,1161.6286995864446,0.0,0.5140363411946839,828.141147613899,2.3120612682607966e-10,0.0,0.0012150025402355889,276.13159571753215,8.26770427827759e-08,1.0994290902660164e-09,2.809599543669766e-10,4.587745319334395e-05,0.0029940050842790274,6.400912102757956,7.194973507634024e-06,0.00021426575481403235,500000.0,11126634.488192597
5.6242309912491816e-05,6.433426469741371e-05,-7.924874461850399,1162.4274797656403,0.0,0.5095644634584665,830.0734145704178,2.3632253379738034e-10,0.0,0.0012074259889082678,276.774941225094,8.489681663042875e-08,4.0722195660008167e-10,2.7329019381849935e-10,4.631513100603072e-05,0.003004951638068987,6.415828316961725,7.177720438060596e-06,0.00021429445663208188,500000.0,11161229.175891668
5.624652955639233e-05,6.430236345525267e-05,-7.195200174920439,1162.9329089416497,0.0,0.506309370835986,831.3114583693547,2.3831091175079714e-10,0.0,0.0012017875183313793,277.18708171462856,8.64063362132179e-08,9.232360670296764e-10,2.681110368812398e-10,4.658448410831924e-05,0.0030109841373920504,6.425385507460108,7.161583601915134e-06,0.00021431283158077343,500000.0,11183350.604800424
5.625074920029285e-05,6.427354444432956e-05,-6.464024872896744,1163.3851124082826,0.0,0.5030014717889135,832.4321787740881,2.420937790962392e-10,0.0,0.0011959595448239526,277.5601059586315,8.785101403958249e-08,1.404928849550506e-09,2.6273954185616236e-10,4.681793373485701e-05,0.0030155500524881103,6.434037050802118,7.142291096362136e-06,0.0002143294553164872,500000.0,11203334.483176988
5.6254968844193356e-05,6.424781340235377e-05,-5.731631589033764,1163.7843021869917,0.0,0.4996432392577084,833.4347119400082,2.4551013812271155e-10,0.0,0.0011899488682774377,277.893726416531,8.922746822173836e-08,4.4008060700295664e-10,2.57589965563798e-10,4.7015318075057066e-05,0.0030186605050754978,6.441776264325308,7.119883484744684e-06,0.00021434431793942508,500000.0,11221166.225506917
5.625918848809387e-05,6.422517487089084e-05,-4.998303827697795,1164.1308143751621,0.0,0.49623715060697565,834.3183057389878,2.465246693884762e-10,0.0,0.001183762442470048,278.1876927851765,9.053248926149861e-08,5.560774995290157e-10,2.5283625343537034e-10,4.717661372463241e-05,0.0030203268882807084,6.44859732065398,7.094408193219796e-06,0.00021435741072932637,500000.0,11236834.512009319
5.626219815265062e-05,6.421091930405726e-05,-4.474842768209399,1164.3460421312998,0.0,0.4937798849800543,834.8755015252101,2.485947702898231e-10,0.0,0.0011792464961493674,278.37301736049045,9.141823888388298e-08,1.5970203025221684e-09,2.492570009788708e-10,4.726966786717409e-05,0.003020643546326382,6.452898687311824,7.074393511638247e-06,0.0002143656636176258,500000.0,11246683.652480092
5.626520781720736e-05,6.419823954932883e-05,-3.951152814450027,1164.5349548600243,0.0,0.4913004313261596,835.371665796353,2.509665172941119e-10,0.0,0.0011746473396756975,278.5379945683305,9.226561779005515e-08,5.252967132978684e-10,2.4579115894388535e-10,4.7344519725526714e-05,0.0030202462171788464,6.4567289004840305,7.052868179448059e-06,0.00021437300993163913,500000.0,11255426.607832445
5.626821748176411e-05,6.418713614239013e-05,-3.4273357943419778,1164.697857177355,0.0,0.4887996838966427,835.806631810301,2.5061981707333044e-10,0.0,0.00116996758927863,278.6825689731955,9.307363144984229e-08,4.849077738132455e-11,2.4272415339597444e-10,4.7401317875783295e-05,0.003019141550245479,6.460086660163354,7.029856644748474e-06,0.00021437944762449897,500000.0,11263063.014124513
5.6271227146320854e-05,6.417760931356264e-05,-2.9034926638408245,1164.8351400132376,0.0,0.4862785350465758,836.1802625865165,2.5256089472822217e-10,0.0,0.0011652098719506035,278.8066950594053,9.38416663706129e-08,2.374373978609055e-09,2.3922712291715144e-10,4.7440259127854285e-05,0.003017339856815997,6.462970893694421,7.005385851224906e-06,0.00021438497496145415,500000.0,11269593.900606688
5.627329475499919e-05,6.417197803801168e-05,-2.5436544734302178,1164.9148638391628,0.0,0.48453517019604303,836.4013441707573,2.571050082792525e-10,0.0,0.0011618975539249357,278.88010029759226,9.434611099797937e-08,1.5963414912031083e-09,2.3651400894856723e-10,4.745679757666054e-05,0.0030157093620972824,6.464677495109182,6.987744465958287e-06,0.00021438824390792902,500000.0,11273441.267257553
5.627536236367753e-05,6.416709070362652e-05,-2.1838828286763143,1164.9829438900558,0.0,0.48278288017242277,836.5934004288396,2.580822469847726e-10,0.0,0.0011585505300114281,278.94382901339475,9.483134160743152e-08,0.0,2.343600096805684e-10,4.746514286029188e-05,0.003013763036007871,6.466160004438338,6.969439062645966e-06,0.000214391082152432,500000.0,11276769.604792723
5.627742997235586e-05,6.416294714051534e-05,-1.8242089101152332,1165.039644940589,0.0,0.4810219499979679,836.7564113011896,2.576791493329983e-10,0.0,0.0011551696466979824,278.99787456466083,9.529705116916582e-08,1.9923009391992423e-09,2.3222287803979157e-10,4.7465421355956874e-05,0.003011502509058255,6.467418255681695,6.95048123605206e-06,0.0002143934893862512,500000.0,11279581.044569414
5.6278921786185704e-05,6.41604192822015e-05,-1.564776054236459,1165.0736769630237,0.0,0.47974620375267324,836.8559797839368,2.6043789117998823e-10,0.0,0.0011527097287393625,279.03085298081766,9.562105136341801e-08,2.0935549976453316e-09,2.3033618784295045e-10,4.746069502125806e-05,0.003009684084208703,6.468186766834799,6.936404894148386e-06,0.00021439495842692452,500000.0,11281290.170033364
5.6280413600015554e-05,6.415827839281595e-05,-1.305420860173732,1165.1021260248297,0.0,0.4784662117363567,836.9404174671507,2.6161255367190724e-10,0.0,0.001150232933533694,279.0587871262624,9.593494734297307e-08,0.0,2.2880156005136634e-10,4.74519184677212e-05,0.0030077129834027855,6.468838451785325,6.922001065066964e-06,0.00021439620289319554,500000.0,11282733.270298425
5.62819054138454e-05,6.415652434863966e-05,-1.0461537821086477,1165.1252059956669,0.0,0.4771820788534983,837.0097230865571,2.6072031520975404e-10,0.0,0.0011477395692257432,279.08167659439545,9.623854823314863e-08,1.1541429521761962e-09,2.273815983096169e-10,4.743917544257619e-05,0.0030055871056138294,6.4693732915969235,6.907275826534348e-06,0.00021439722273325522,500000.0,11283912.37842076
5.628293313692509e-05,6.415554094887612e-05,-0.8675988607597138,1165.1381284845588,0.0,0.4762950746583751,837.0486653573583,2.6139521872430045e-10,0.0,0.0011460123887311474,279.0945106512378,9.644178090917414e-08,1.6850431061475802e-09,2.2623887651340204e-10,4.742813821878466e-05,0.003004036893662381,6.469673772681825,6.8969481065497555e-06,0.00021439779461409426,500000.0,11284572.509534918
5.6283960860004785e-05,6.415474102904807e-05,-0.6890931757644656,1165.1487656695128,0.0,0.4754061884638341,837.0804267800662,2.6246137105554077e-10,0.0,0.0011442775853023966,279.104950794659,9.664023059138376e-08,7.952911659111809e-10,2.2511790167461474e-10,4.741530293852486e-05,0.0030024199896003688,6.469918804260273,6.886473844658631e-06,0.00021439825986455918,500000.0,11285109.905857928
5.6284034436643145e-05,6.415469079795688e-05,-0.6763155709977661,1165.1494437435858,0.0,0.47534248010450453,837.0824252157993,2.6245310207830216e-10,0.0,0.0011441530975530541,279.105606404746,9.665424951746717e-08,8.696188821973001e-10,2.2504153462128378e-10,4.741431633415044e-05,0.003002301532910079,6.469934219524634,6.885718431748869e-06,0.0002143982890824064,500000.0,11285143.712275386
5.62841080132815e-05,6.415464150698822e-05,-0.6635382607147079,1165.1501080288447,0.0,0.47527876228329785,837.0843868519229,2.6245395319785934e-10,0.0,0.001144028571254058,279.10624974680945,9.666824467218747e-08,9.107352777591655e-10,2.2496582346885597e-10,4.7413320753807956e-05,0.003002182772946429,6.469949350642335,6.884962284110443e-06,0.0002143983177537102,500000.0,11285176.86940846
5.628418158991986e-05,6.415459315611893e-05,-0.6507612901163263,1165.1507540012765,0.0,0.47521503501242274,837.0863116890132,2.6245930224751975e-10,0.0,0.0011439040064460957,279.1068808210383,9.668221559954262e-08,9.34829757422188e-10,2.2489048657082374e-10,4.7412316194987056e-05,0.0030020636919733945,6.469964197603285,6.88420540005481e-06,0.00021439834587847224,500000.0,11285209.333108509
5.628425516655822e-05,6.415454574532347e-05,-0.6379846735394853,1165.1513803374914,0.0,0.47515129830436925,837.0881997277401,2.624665337877427e-10,0.0,0.001143779403174287,279.1074996276553,9.669616204168825e-08,9.511222831106898e-10,2.248153606981493e-10,4.741130263561855e-05,0.003001944278323307,6.469978760405951,6.883447776065671e-06,0.00021439837345669529,500000.0,11285241.090466147
5.628433947264014e-05,6.41544925764322e-05,-0.623345316557488,1165.1520743796264,0.0,0.4750782554925231,837.0903178550464,2.6247624756280735e-10,0.0,0.001143636582183239,279.10819359167533,9.671211205216387e-08,9.636858281225482e-10,2.2472946302448505e-10,4.7410130169332224e-05,0.0030018070352527005,6.469995097525355,6.882578755463756e-06,0.00021439840438466524,500000.0,11285276.615521511
5.628442377872207e-05,6.415444064170814e-05,-0.6087064161007213,1165.152743955511,0.0,0.4750052003261309,837.092387671037,2.62487483255301e-10,0.0,0.001143493710821956,279.10887144997184,9.672802980276698e-08,9.70271480068064e-10,2.2464373114896388e-10,4.740894580742515e-05,0.003001669344586297,6.470011061585394,6.881708752993963e-06,0.00021439843459508226,500000.0,11285311.226057325
5.628450808480399e-05,6.415438994111292e-05,-0.5940679749039104,1165.1533890240332,0.0,0.4749321328241929,837.0944091767352,2.6249981547056343e-10,0.0,0.0011433507891573734,279.10953320288894,9.67439152452667e-08,9.72728368058333e-10,2.2455811885001458e-10,4.740774951699391e-05,0.003001531201711412,6.470026652594933,6.880837764382084e-06,0.00021439846408795058,500000.0,11285344.92168348
5.6284592390885916e-05,6.415434047460791e-05,-0.5794299998239157,1165.1540091171742,0.0,0.4748590530056926,837.0963823731885,2.6251245393133934e-10,0.0,0.0011432078172565125,279.1101788507784,9.675976830368662e-08,9.739046305676538e-10,2.244725732985879e-10,4.740654126515339e-05,0.0030013926010072044,6.470041870562057,6.879965785454656e-06,0.00021439849286327475,500000.0,11285377.697843615
5.628467669696784e-05,6.415429224215365e-05,-0.5647924949563572,1165.1546040539304,0.0,0.4747859608896844,837.0983072614844,2.625249847442821e-10,0.0,0.0011430647951876107,279.110808394006,9.67755889432248e-08,9.751982541906442e-10,2.243870719787596e-10,4.740532101384009e-05,0.0030012535380861535,6.470056715496845,6.87909281165739e-06,0.00021439852092105976,500000.0,11285409.552783344
5.6284761003049766e-05,6.415424524371022e-05,-0.5501554610705761,1165.155173998267,0.0,0.4747128564952863,837.1001838427393,2.6253750031928865e-10,0.0,0.0011429217230194593,279.1114218329476,9.679137717779113e-08,9.762703694160504e-10,2.2430162142766578e-10,4.7404088722351625e-05,0.003001114010277552,6.4700711874113415,6.878218838365777e-06,0.00021439854826131106,500000.0,11285440.48811572
5.628484530913169e-05,6.415419947923774e-05,-0.5355188989238557,1165.1557191149568,0.0,0.4746397398416192,837.1020121180782,2.6255015372087174e-10,0.0,0.001142778600820355,279.11201916798206,9.680713302446006e-08,9.766370129169966e-10,2.2421622808729878e-10,4.7402844351966835e-05,0.0030009740152564923,6.470085286317601,6.8773438613385455e-06,0.00021439857488403407,500000.0,11285470.50546194
5.628492961521361e-05,6.415415494869646e-05,-0.5208828109545336,1165.1562393941438,0.0,0.47456661094778446,837.1037920886338,2.625628855753057e-10,0.0,0.001142635428658012,279.1126003994904,9.6822856478355e-08,9.765609522385917e-10,2.2413088509139707e-10,4.740158786656695e-05,0.0030008335501352304,6.470099012226804,6.876467876734984e-06,0.00021439860078923434,500000.0,11285499.604738984
5.6285013921295534e-05,6.415411165204636e-05,-0.5062472003257136,1165.1567347508894,0.0,0.47449346983288965,837.1055237555602,2.625755550337996e-10,0.0,0.001142492206600153,279.1131655278609,9.683854752744394e-08,9.765458113412664e-10,2.240455831070504e-10,4.740031923015604e-05,0.0030006926118248374,6.470112365150018,6.875590880842577e-06,0.00021439862597691757,500000.0,11285527.785131378
5.6285149678036466e-05,6.415404452524495e-05,-0.4826807188586933,1165.1574800291032,0.0,0.4743756662245621,837.1082107169191,2.6259581707476463e-10,0.0,0.001142261473710702,279.1140417029273,9.686374647417433e-08,9.766771486129605e-10,2.2390830847555682e-10,4.739825073394837e-05,0.003000464660067203,6.470133083293544,6.874176533632104e-06,0.00021439866502828887,500000.0,11285571.232346293
5.628528543477739e-05,6.415398059766734e-05,-0.45911549090677617,1165.1581606945551,0.0,0.4742578310564483,837.1107724343361,2.6261595213279217e-10,0.0,0.0011420306119020677,279.1148761250376,9.688886140957824e-08,9.767964935106013e-10,2.2377114508901927e-10,4.739615047750621e-05,0.0030002354641713597,6.470152834359328,6.872759539677337e-06,0.0002143987022191701,500000.0,11285612.297088802
5.6285673845187176e-05,6.415381536509916e-05,-0.3917005852634408,1165.159751140082,0.0,0.4739205220345989,837.1174099755448,2.6267277977146764e-10,0.0,0.0011413693890868512,279.1170328670836,9.69602530919539e-08,9.781270962381459e-10,2.2337927209630438e-10,4.738996470800323e-05,0.0029995727558100155,6.470204002542949,6.868690673757356e-06,0.00021439879834911314,500000.0,11285716.626591178
5.6286062255596955e-05,6.415367631514116e-05,-0.32429625002201606,1165.1608126649999,0.0,0.473582957204973,837.1230224690173,2.6272880932708713e-10,0.0,0.0011407071199331363,279.1188478862924,9.703095694225768e-08,9.794358073497754e-10,2.2298826280366887e-10,4.738351417736091e-05,0.0029988995593723845,6.470247256079865,6.864599744877868e-06,0.00021439887925048067,500000.0,11285801.455697792
5.628645066600674e-05,6.41535634436379e-05,-0.2569027092073407,1165.1613458025442,0.0,0.47324513844982097,837.1276100497622,2.6278429325763307e-10,0.0,0.001140043811092436,279.12032122801384,9.710097270139412e-08,9.781912365819266e-10,2.2259822419023362e-10,4.737679536883457e-05,0.00299821567201655,6.470282596228167,6.860486507038017e-06,0.00021439894492408419,500000.0,11285866.791360106
5.628683907641652e-05,6.415347674634998e-05,-0.18952018935607612,1165.1613508053529,0.0,0.4729070676547481,837.1311728611149,2.6283859791175526e-10,0.0,0.001139379469201012,279.12145294036867,9.717029977682641e-08,9.76172117494218e-10,2.2220914024362932e-10,4.736980489707384e-05,0.002997520908327451,6.4703100242839975,6.85635076030681e-06,0.00021439899537082746,500000.0,11285912.637950964
5.6287227486826304e-05,6.415341621895407e-05,-0.12214891977796238,1165.1608276180066,0.0,0.47256874670816557,837.1337110547263,2.628912881887796e-10,0.0,0.00113871410087939,279.12224307424634,9.723893737789121e-08,9.754170807193863e-10,2.2182094944924183e-10,4.736253951659281e-05,0.002996815102557627,6.470329541587338,6.852192344136303e-06,0.00021439903059170646,500000.0,11285938.996996332
5.628803669451199e-05,6.415337415376795e-05,0.018174113519521907,1165.1580414375835,0.0,0.47186309936313525,837.1357087902211,2.629966526840348e-10,0.0,0.0011373246158561238,279.1227923365587,9.737971728915002e-08,9.750192248940503e-10,2.210151128623444e-10,4.73465063145622e-05,0.002995308538190692,6.470344800949544,6.8434554018965286e-06,0.00021439905507070206,500000.0,11285931.33344968
5.628884590219769e-05,6.415344561820161e-05,0.15844526318628127,1165.1529633219993,0.0,0.4711563915778587,837.1332614602707,2.630967990219379e-10,0.0,0.0011359307640781532,279.12185974460476,9.75174906029941e-08,9.745064785587271e-10,2.2021317312826847e-10,4.732923945394482e-05,0.0029937522674010108,6.470325743243218,6.834618663495217e-06,0.00021439901347810044,500000.0,11285839.123310529
5.6289655109883376e-05,6.415363056944572e-05,0.2986624681498924,1165.1455935192469,0.0,0.4704486405103065,837.1263707916033,2.6319205709816255e-10,0.0,0.0011345326051432052,279.1194458769517,9.765224476689722e-08,9.740355543126775e-10,2.1941502678079415e-10,4.73107142618445e-05,0.0029921453733418534,6.470272382782122,6.8256816753475785e-06,0.0002143989058268722,500000.0,11285662.394482406
5.629046431756907e-05,6.415392896301812e-05,0.4388236755961392,1165.1359328722951,0.0,0.46973986333384327,837.1150386708129,2.6328231930449454e-10,0.0,0.0011331301985234889,279.1155513654266,9.778396530516858e-08,9.736274236781276e-10,2.1862064266708212e-10,4.7290908280123465e-05,0.0029904871226478654,6.470184734930331,6.816644246569641e-06,0.0002143987321317743,500000.0,11285401.183731278
5.629127352525476e-05,6.41543407527727e-05,0.5789268390902784,1165.1239826019396,0.0,0.46903007722589557,837.0992671438669,2.633672758107311e-10,0.0,0.0011317236035505648,279.1101768949556,9.79126362100049e-08,9.730795440605621e-10,2.1783003549665435e-10,4.726980130138994e-05,0.0029887769344525204,6.470062816129568,6.807506376646112e-06,0.00021439849240934545,500000.0,11285055.534557704
5.629157509460273e-05,6.415452321012888e-05,0.631124157812407,1165.1189437073645,0.0,0.4687653049649144,837.0922544677127,2.633974965501673e-10,0.0,0.001131198345150811,279.10779558415754,9.795980479350931e-08,9.728228719136107e-10,2.1753636922459416e-10,4.726159884315747e-05,0.002988126216836054,6.470008618098738,6.804075283453664e-06,0.00021439838618669436,500000.0,11284905.132741267
5.6291765265261574e-05,6.41546463608771e-05,0.6640356267063081,1165.115602785199,0.0,0.46859826825860146,837.0875154645863,2.634161455424785e-10,0.0,0.0011308668219481319,279.10618831531065,9.798933005598988e-08,9.72671675304236e-10,2.1735145134135838e-10,4.725633176850142e-05,0.002987712122231583,6.469971995188404,6.801904468240621e-06,0.00021439831448939525,500000.0,11284804.26392172
5.62918744836891e-05,6.415471991793285e-05,0.6829357067798295,1165.113622926186,0.0,0.468502311560013,837.0846830155086,2.6342671400423955e-10,0.0,0.0011306763199679835,279.1052283099856,9.800621011397345e-08,9.725852356244684e-10,2.1724534357999168e-10,4.725327360874804e-05,0.0029874729859142315,6.46995010702049,6.800655227769215e-06,0.0002143982716645218,500000.0,11284744.187829297
5.629198370211663e-05,6.415479553915848e-05,0.7018345459609903,1165.111589120285,0.0,0.46840633702772916,837.0817697667201,2.634371786540434e-10,0.0,0.0011304857435857098,279.1042413686587,9.802303405929855e-08,9.7249774995889e-10,2.171393043099175e-10,4.725019112491713e-05,0.00298723288534418,6.469927595122133,6.799404155514596e-06,0.00021439822763744766,500000.0,11284682.455241067
5.6292059352491254e-05,6.415484912832371e-05,0.7149241024912673,1165.1101452375665,0.0,0.46833984963363723,837.0797045366578,2.6344436587337087e-10,0.0,0.001130353696928035,279.1035419726692,9.803465428281234e-08,9.724365505533341e-10,2.1706589611763774e-10,4.72480416977234e-05,0.002987066009590753,6.469911636602378,6.798536517901849e-06,0.00021439819643729162,500000.0,11284638.690498523
5.629213500286588e-05,6.415490370769526e-05,0.7280130302848501,1165.108672461116,0.0,0.4682733537188572,837.0776005469496,2.634515028515019e-10,0.0,0.0011302216147196105,279.10282965547833,9.804624754769943e-08,9.72375003645119e-10,2.169925207466364e-10,4.724588046378906e-05,0.0029868986636085184,6.469895378886797,6.7976679908059335e-06,0.0002143981646604095,500000.0,11284594.101715744
5.62922106532405e-05,6.415495927722536e-05,0.7411013325436856,1165.1071713070357,0.0,0.4682068492979303,837.0754577998531,2.6345858944699374e-10,0.0,0.001130089497021312,279.10210441784176,9.805781383753926e-08,9.723131457149694e-10,2.1691917817674677e-10,4.724370736129836e-05,0.0029867308439657037,6.469878821996361,6.796798569438038e-06,0.00021439813230682262,500000.0,11284548.693966238
5.629228630361512e-05,6.41550158368666e-05,0.7541890101690794,1165.1056420521877,0.0,0.46814033638537217,837.073276297618,2.634656255287208e-10,0.0,0.0011299573438929198,279.1013662605122,9.806935313522673e-08,9.72250950706392e-10,2.1684586839034911e-10,4.7241522332966434e-05,0.002986562547576783,6.469861965951625,6.79592824962323e-06,0.00021439809937655216,500000.0,11284502.4699885
5.6292361953989746e-05,6.415507338657183e-05,0.767276061696157,1165.104084727828,0.0,0.4680738149956871,837.071056042493,2.634726109599399e-10,0.0,0.0011298251553936132,279.1006151842421,9.808086542306378e-08,9.721883927481926e-10,2.167725913707008e-10,4.723932532407062e-05,0.002986393771563755,6.469844810772926,6.795057027565347e-06,0.00021439806586961922,500000.0,11284455.430123994
5.629257310914164e-05,6.415523925719547e-05,0.8038012936103776,1165.099590589166,0.0,0.4678880959159138,837.0646538494743,2.634918394818953e-10,0.0,0.0011294560045115789,279.0984504343013,9.811285542975568e-08,9.72011888289733e-10,2.1656823393916362e-10,4.7233129186115405e-05,0.002985920122686534,6.469795344735307,6.7926204696907e-06,0.00021439796929420953,500000.0,11284319.827511562
5.6292703873302284e-05,6.415534584435558e-05,0.8264181720920919,1165.0966980789033,0.0,0.46777305088701865,837.0605377514626,2.635035475180054e-10,0.0,0.0011292272593810882,279.09705939357104,9.813256043961373e-08,9.719011726633813e-10,2.1644180723230232e-10,4.7229244523795795e-05,0.002985624891260984,6.469763543189328,6.791107987139115e-06,0.00021439790723468968,500000.0,11284232.667565214
5.629283463746292e-05,6.415545538886947e-05,0.849033154436302,1165.093722079392,0.0,0.4676579807696716,837.0563059043074,2.635151018131356e-10,0.0,0.001128998409541716,279.0956297659245,9.815218442882142e-08,9.71789381328555e-10,2.1631547813945117e-10,4.722532318565126e-05,0.0029853281824846365,6.469730848220471,6.789592753131697e-06,0.00021439784345255868,500000.0,11284143.074190453
5.629296540162356e-05,6.41555678904886e-05,0.8716462372931835,1165.090663187785,0.0,0.4675428856391397,837.051958320068,2.635265016106353e-10,0.0,0.001128769455298245,279.09416155539606,9.817172728813674e-08,9.716765200450473e-10,2.1618924656848853e-10,4.7221364900253304e-05,0.0029850299832548306,6.469697259935441,6.788074751993342e-06,0.00021439777794793102,500000.0,11284051.053412488
5.62930961657842e-05,6.4155683348964e-05,0.8942574164092757,1165.0875219060902,0.0,0.4674277655707143,837.0474950108851,2.6353774615118936e-10,0.0,0.0011285403969537064,279.09265476604713,9.819118890404404e-08,9.715625885705887e-10,2.1606311242762437e-10,4.7217369405132296e-05,0.002984730281287134,6.4696627784407434,6.786553969593525e-06,0.00021439771072092204,500000.0,11283956.610329723
5.6293226929944845e-05,6.415580176404635e-05,0.9168666858124186,1165.08429855673,0.0,0.4673126206397022,837.0429159889761,2.63548834670625e-10,0.0,0.001128311234809361,279.09110940196484,9.821056915898019e-08,9.714475833819711e-10,2.1593707562559213e-10,4.72133364468537e-05,0.0029844290650972542,6.469627403842667,6.785030393285292e-06,0.0002143976417716479,500000.0,11283859.74828961
5.629344454306292e-05,6.415600537980511e-05,0.954487986139739,1165.0787531927874,0.0,0.46712094558287093,837.035039262596,2.635669398467719e-10,0.0,0.0011279296419354804,279.0884521599145,9.824264040652765e-08,9.712538096175584e-10,2.1572754514593346e-10,4.7206541223581904e-05,0.0029839244056385312,6.4695665551330075,6.782488686661501e-06,0.00021439752321108295,500000.0,11283693.199389417
5.6293662156181006e-05,6.415621718187207e-05,0.9921039490377308,1165.072982445445,0.0,0.4669292022266232,837.0268421677151,2.63584607248896e-10,0.0,0.0011275477638031668,279.08568811787626,9.827448541158927e-08,9.710570483145188e-10,2.1551828356792062e-10,4.719964046039372e-05,0.002983415475555858,6.469503233809845,6.779939163396822e-06,0.00021439739988167276,500000.0,11283519.971358376
5.629387976929909e-05,6.415643716908263e-05,1.0297145432564576,1165.066987399724,0.0,0.466737390918682,837.0183247624285,2.636018333064074e-10,0.0,0.0011271656017843665,279.08281729528005,9.830610356812291e-08,9.708572948240454e-10,2.1530929047007492e-10,4.719263309321806e-05,0.002982902231506674,6.469437440367156,6.777381782842568e-06,0.00021439727178397351,500000.0,11283340.07574862
5.629409738241717e-05,6.415666534026513e-05,1.0673197380270052,1165.0607691851985,0.0,0.46654551200699185,837.0094871055966,2.6361861444100287e-10,0.0,0.001126783157245363,279.0798397118104,9.833749424685835e-08,9.706545460728353e-10,2.1510056543007418e-10,4.718551809672374e-05,0.0029823846334924554,6.469369175301448,6.774816510202067e-06,0.00021439713891855048,500000.0,11283153.524562936
5.6294539452533316e-05,6.415715405308771e-05,1.143696046733081,1165.0474544330493,0.0,0.4661555129188557,836.990548005059,2.6365131968504075e-10,0.0,0.0011260053760784412,279.0734622540578,9.840055966111292e-08,9.702334399654496e-10,2.1467737462784138e-10,4.71707289618229e-05,0.002981319608507658,6.469222889895426,6.769580878328836e-06,0.00021439685433112876,500000.0,11282754.108985925
5.629498152264946e-05,6.415767652457782e-05,1.2200496772528426,1165.033231557684,0.0,0.46576523920054336,836.9702880510124,2.6368214405948893e-10,0.0,0.0011252264459351534,279.0666444698459,9.846267789426842e-08,9.69799944053904e-10,2.1425528474234097e-10,4.715548395665618e-05,0.0029802362024061585,6.469066410905651,6.764312385416329e-06,0.00021439655007564207,500000.0,11282327.365302939
5.62954235927656e-05,6.415823274465714e-05,1.2963803559271911,1165.0181082000706,0.0,0.46537469377204865,836.9487077655366,2.6371105768695013e-10,0.0,0.0011244463780561676,279.0593865337228,9.852384299835627e-08,9.693540459009538e-10,2.1383429221165882e-10,4.713977592747065e-05,0.002979134187837862,6.468899742606303,6.759010912647118e-06,0.00021439622615715756,500000.0,11281873.376885965
5.6295865662881745e-05,6.415882270312202e-05,1.3726878028232363,1165.0020912630462,0.0,0.46498387955335274,836.9258076839151,2.637380308980575e-10,0.0,0.0011236651835905425,279.05168862463023,9.858404877802998e-08,9.688957421918405e-10,2.1341439346632484e-10,4.712359835680773e-05,0.002978013379855701,6.468722889330553,6.7536764033503035e-06,0.00021439588258089992,500000.0,11281392.220174141
5.629630773299789e-05,6.415944638964108e-05,1.4489717331621788,1164.9851870640787,0.0,0.46459279946348087,836.9015883547141,2.637630343274631e-10,0.0,0.0011228828736025533,279.04355092593147,9.864328883852102e-08,9.684250374765426e-10,2.129955849302213e-10,4.710694532712323e-05,0.0029768736301577243,6.468535855476969,6.748308850797264e-06,0.00021439551935225208,500000.0,11280883.966165246
5.629674980311403e-05,6.41601037937549e-05,1.525231858263724,1164.967401438016,0.0,0.4642014564195866,836.8760503397815,2.63786038994761e-10,0.0,0.0011220994590786324,279.0349736254111,9.870155663330968e-08,9.679419447707218e-10,2.125778630198483e-10,4.708981147883107e-05,0.0029757148214681964,6.468338645515179,6.742908287133163e-06,0.0002143951364767539,500000.0,11280348.68141796
5.6297191873230174e-05,6.416079490487538e-05,1.6014678861714273,1164.9487398053936,0.0,0.4638098533362639,836.8491942142596,2.638070163767246e-10,0.0,0.0011213149509326117,279.02595691528023,9.875884550356703e-08,9.674464773273948e-10,2.121612241491709e-10,4.707219197561322e-05,0.0029745368631849066,6.4681312639903625,6.737474775081213e-06,0.00021439473396010178,500000.0,11279786.428718265
5.629763394334632e-05,6.416151971228473e-05,1.6776795221138612,1164.929207222746,0.0,0.46341799312487897,836.8210205666098,2.638259384570696e-10,0.0,0.0011205293600100024,279.016500992185,9.881514871156248e-08,9.669386562249166e-10,2.117456647277364e-10,4.705408247346291e-05,0.002973339687771944,6.467913715527088,6.732008401646879e-06,0.00021439431180814855,500000.0,11279197.267570285
5.6298370637731845e-05,6.416280241483827e-05,1.8046285451953639,1164.894734417056,0.0,0.4627644083981064,836.7711445588608,2.6385283088401916e-10,0.0,0.0011192178237441682,278.99976773881093,9.890676765652714e-08,9.66065016122752e-10,2.1105553803424141e-10,4.7022804754480304e-05,0.0029713018252114642,6.4675286026958965,6.722826171239441e-06,0.0002143935646977034,500000.0,11278155.817990158
5.629910733211738e-05,6.416417861432966e-05,1.9315076150020847,1164.8578761045337,0.0,0.46211013110111426,836.7176141979792,2.63873816126242e-10,0.0,0.0011179033599232695,278.9818162632283,9.899559894636416e-08,9.651572864226371e-10,2.1036838244943742e-10,4.6990140368623445e-05,0.0029692103541052025,6.467115290630545,6.713553563418892e-06,0.00021439276310350464,500000.0,11277040.043941753
5.629984402650291e-05,6.416564825877272e-05,2.058315331686264,1164.8186507621258,0.0,0.4614551746274519,836.6604324526244,2.63888775302342e-10,0.0,0.0011165860176551895,278.9626475572039,9.908161114067767e-08,9.64215629699912e-10,2.0968418129648518e-10,4.6956076865396015e-05,0.0029670652606631136,6.466673802322961,6.704191236947935e-06,0.00021439190705547647,500000.0,11275850.177718904
5.6300580720888436e-05,6.416721129508393e-05,2.185050284104185,1164.777075161946,0.0,0.46079955232789294,836.5996023974269,2.6389759485377373e-10,0.0,0.0011152658456066453,278.9422626478043,9.916477307417428e-08,9.63240227796785e-10,2.0900291789196082e-10,4.692060477176333e-05,0.002964866627753229,6.466204161484629,6.694739914007871e-06,0.0002143909965848358,500000.0,11274586.437093467
5.6301963660069726e-05,6.417039748547656e-05,2.4227585106799068,1164.69273483414,0.0,0.45956705175537454,836.4755694311032,2.6389719676155794e-10,0.0,0.0011127801153014245,278.90071490180526,9.931308291210442e-08,9.613187446719414e-10,2.0773191041701814e-10,4.685018861505602e-05,0.0029605952622645954,6.465246598585784,6.676759960207593e-06,0.00021438914056985366,500000.0,11272015.32910103
5.630334659925101e-05,6.417391222570467e-05,2.6601958760129336,1164.6002584390146,0.0,0.45833233924672956,836.3387132477199,2.6387411933481034e-10,0.0,0.0011102848989575965,278.85489241922403,9.945104539261377e-08,9.592804552211425e-10,2.0647108629998453e-10,4.6774758815880434e-05,0.002956137239232364,6.464190082776471,6.658474173014466e-06,0.00021438709311314883,500000.0,11269185.90758486
5.630472953843229e-05,6.417775513456032e-05,2.897352887186687,1164.4997268500213,0.0,0.4570955017418955,836.1890571471436,2.6382776143409917e-10,0.0,0.0011077805086101796,278.8048029806925,9.957847503494258e-08,9.57126866748354e-10,2.0522033526230356e-10,4.669431160833725e-05,0.0029514944864534086,6.463034792362247,6.639887772518559e-06,0.0002143848544561699,500000.0,11266099.378748633
5.6306112477613573e-05,6.418192581776288e-05,3.1342200290738287,1164.3912128973466,0.0,0.45585662552632983,836.0266257094873,2.6375758536544464e-10,0.0,0.0011052672527196144,278.7504547934407,9.969519921804754e-08,9.548595347564808e-10,2.0397954721389033e-10,4.660886021342898e-05,0.0029466691590705005,6.4617809153021435,6.621005891161382e-06,0.0002143824248554137,500000.0,11262756.895746818
5.6307495416794856e-05,6.418642386788935e-05,3.370787781723808,1164.2747831679997,0.0,0.45461579621485765,835.8514447928584,2.636631142628113e-10,0.0,0.0011027454364345329,278.6918564905622,9.980105929496524e-08,9.524800411931478e-10,2.0274861234043479e-10,4.651843104439288e-05,0.002941663532227256,6.4604286493024565,6.601833548165108e-06,0.00021437980458244359,500000.0,11259159.57611692
5.630887835597614e-05,6.419124886433751e-05,3.6070466300800694,1164.1504989605924,0.0,0.4533730987464429,835.6635415296022,2.635439288544425e-10,0.0,0.0011002153617346146,278.62901712976867,9.989591086798907e-08,9.499899884943116e-10,2.015274211752463e-10,4.642306116497108e-05,0.002936479962177164,6.458978201829138,6.5823756788496265e-06,0.00021437699392389415,500000.0,11255308.510947345
5.631026129515742e-05,6.419640037333807e-05,3.842987072148524,1164.0184170849075,0.0,0.4521286173814466,835.4629443203889,2.6339966414891635e-10,0.0,0.0010976773275550365,278.56194619142417,9.997962384998181e-08,9.473909941789258e-10,2.0031586466517261e-10,4.632279612335209e-05,0.00293112085363041,6.457429790096879,6.562637147975738e-06,0.0002143739931814227,500000.0,11251204.772502204
5.6311644234338704e-05,6.420187794799061e-05,4.078599626962105,1163.8785906433097,0.0,0.45088243569940073,835.2496828271295,2.6323000622025514e-10,0.0,0.0010951316299029487,278.4906535761901,1.0005208244965912e-07,9.446846844450735e-10,1.9911383423402268e-10,4.621768800893e-05,0.002925588624865396,6.4557836410512,6.5426227461813785e-06,0.00021437080267163583,500000.0,11246849.42165087
5.6313027173519986e-05,6.420768112830444e-05,4.313874841660901,1163.7310697084579,0.0,0.4496346365978831,835.023787965465,2.630346890686823e-10,0.0,0.001092578561949342,278.4151496025259,1.0011318501914652e-07,9.41872689449242e-10,1.9792122184354403e-10,4.6107793828239136e-05,0.002919885681019758,6.454039991338708,6.522337188993779e-06,0.00021436742272601408,500000.0,11242243.514277982
5.6314410112701276e-05,6.421380944124162e-05,4.548803297243865,1163.575901846468,0.0,0.4483853022929512,834.7852918969459,2.628134915479307e-10,0.0,0.0010900184140880966,278.33544500408584,1.0016284373086261e-07,9.389566416035282e-10,1.9673792005097945e-10,4.5993174255058325e-05,0.0029140144006892937,6.452199087261304,6.501785125666655e-06,0.0002143638536908388,500000.0,11237388.106180122
5.631579305188256e-05,6.422026240076501e-05,4.783375613195908,1163.4131325112774,0.0,0.447134514320526,834.534228020787,2.6256623441884636e-10,0.0,0.0010874514739681572,278.2515509269705,1.002009841306299e-07,9.35938175884654e-10,1.9556382206313923e-10,4.587389270140237e-05,0.00290797713193051,6.450261184717348,6.480971152267016e-06,0.0002143600959271176,500000.0,11232284.256699143
5.631717599106384e-05,6.422703950789318e-05,5.017582451400419,1163.2428053585572,0.0,0.44588235353788547,834.2706309651325,2.6229277759103153e-10,0.0,0.0010848780265086159,278.16347892681677,1.002275446339015e-07,9.328189306928786e-10,1.9439882178754065e-10,4.57500146181595e-05,0.0029017761918786714,6.448226549135212,6.459899822570694e-06,0.00021435614981050446,500000.0,11226933.031562887
5.6318558930245123e-05,6.423414025076166e-05,5.251414519610718,1163.064962510454,0.0,0.44462890012486056,833.9945365778477,2.6199301756956123e-10,0.0,0.0010822983539029935,278.07124096572835,1.0024247600532836e-07,9.296005485811897e-10,1.9324281388105014e-10,4.5621606956042056e-05,0.0028954138670877526,6.446095455402298,6.438575655284849e-06,0.00021435201573121433,500000.0,11221335.505238157
5.6320782414521026e-05,6.424623394078837e-05,5.62655986505185,1162.7633741089478,0.0,0.4426110928783765,833.5245275403092,2.6145575924232823e-10,0.0,0.0010781384193648985,277.91423892563887,1.0024201306799481e-07,9.242223711270309e-10,1.9140277721123399e-10,4.5405829485287325e-05,0.002884851898041791,6.442467596283172,6.4037720015052865e-06,0.00021434497595484425,500000.0,11211822.219129894
5.6323005898796936e-05,6.425916062169888e-05,6.000674421209443,1162.4426266859157,0.0,0.4405904762314354,833.0224695041763,2.6085022006411837e-10,0.0,0.0010739642608783278,277.7465534961426,1.002113004748833e-07,9.185990618604882e-10,1.8958528604017031e-10,4.517880559355891e-05,0.0028738878039667754,6.438592361815011,6.368344884146274e-06,0.00021433745310403502,500000.0,11201679.632260269
5.632522938307284e-05,6.427291795944154e-05,6.373720427087641,1162.102878122221,0.0,0.43856737242904476,832.4885308845497,2.60176477325049e-10,0.0,0.0010697770065178722,277.56824086712777,1.0015031359830338e-07,9.127375386012839e-10,1.8778991648984324e-10,4.494082504551188e-05,0.0028625306491351903,6.434471045085793,6.332312696873028e-06,0.00021432944903359007,500000.0,11190912.418036569
5.632745286734875e-05,6.428750353645171e-05,6.7456605188539385,1161.7442818696204,0.0,0.43654209920815007,831.9228878856437,2.594347814914183e-10,0.0,0.001065577765609956,277.3793598241345,1.0005909243952345e-07,9.066447663096767e-10,1.8601625113946517e-10,4.469217887717232e-05,0.0028507893581860514,6.430104999541712,6.295693738580922e-06,0.0002143209656922245,500000.0,11179525.356276736
5.632967635162465e-05,6.430291485261032e-05,7.116457752531739,1161.3669880967307,0.0,0.4345149698023023,831.3257243756944,2.5862553817705187e-10,0.0,0.001061367628453072,277.179971706655,9.993773634201997e-08,9.003277608115005e-10,1.84263879409381e-10,4.443315853471735e-05,0.002838672741473687,6.425495637995795,6.258506235851806e-06,0.00021431200512133871,500000.0,11167523.341435207
5.633189983590056e-05,6.431914932615922e-05,7.486075620921173,1160.9711443702558,0.0,0.4324862929277178,830.6972317602898,2.5774929501236814e-10,0.0,0.0010571476659828034,276.97014036590423,9.978639976691668e-08,8.937935886756113e-10,1.8253239787080986e-10,4.4164055827942095e-05,0.002826189514283241,6.420644431629581,6.22076835119015e-06,0.0002143025694538625,500000.0,11154911.386259027
5.6334123320176465e-05,6.433620429464369e-05,7.854478068913025,1160.5568961958418,0.0,0.4304563727669995,830.0376088514934,2.5680672997269464e-10,0.0,0.0010529189294517247,276.74993212119034,9.960528847924531e-08,8.870493643551727e-10,1.8082141052208665e-10,4.388516288774637e-05,0.002813348310914538,6.4155529089674355,6.182498187773086e-06,0.00021429266091306382,500000.0,11141694.623993807
5.6336346804452374e-05,6.435407701593452e-05,8.221629509549004,1160.1243875879625,0.0,0.42842550896067083,829.3470617308647,2.5579863922749507e-10,0.0,0.001048682450150375,276.51941571425135,9.93946556779969e-08,8.801022467881924e-10,1.7913052905485941e-10,4.3596771871404535e-05,0.0028001576965599453,6.4102226548061045,6.143713794816173e-06,0.0002142822818112472,500000.0,11127878.310754824
5.634059537561951e-05,6.439049151654764e-05,8.919566363007968,1159.2476996291368,0.0,0.42454343336889894,827.9423649458555,2.536935410422781e-10,0.0,0.0010405696211690059,276.05054510650217,9.89111976536366e-08,8.662897944694285e-10,1.7595418075805427e-10,4.302036755097017e-05,0.0027740125582219667,6.399379853984519,6.068240843364735e-06,0.00021426114989895416,500000.0,11099830.798926622
5.634484394678665e-05,6.442986085204091e-05,9.612568183259615,1158.3058566533862,0.0,0.42066099854560335,826.4271040150104,2.5135982620997627e-10,0.0,0.0010324390422319476,275.5448199418976,9.832353932953266e-08,8.518134648172898e-10,1.728472875059676e-10,4.241238659090842e-05,0.002746681594704095,6.38768344791135,5.991081099710146e-06,0.0002142383263890273,500000.0,11069652.844515206
5.6349092517953793e-05,6.447216355836836e-05,10.300402139650995,1157.2998511032256,0.0,0.41678015585693234,824.8029257689295,2.4880581862733894e-10,0.0,0.0010242972787549312,275.0027894754094,9.763461112019467e-08,8.367241770870539e-10,1.6980739150204208e-10,4.17748618541858e-05,0.0027182231661927085,6.375146110989914,5.912358801558013e-06,0.00021421383000655,500000.0,11037384.898686841
5.635334108912093e-05,6.451737719740888e-05,10.982842629082578,1156.2306795204925,0.0,0.41290279546330405,823.0715622642937,2.460407454098409e-10,0.0,0.001016150612417742,274.42503136071997,9.684774238930513e-08,8.210730176004691e-10,1.6683215007274603e-10,4.1109823463524835e-05,0.0026886951862105024,6.361781177001225,5.832197248368711e-06,0.0002141876805509524,500000.0,11003069.016158503
5.635758966028807e-05,6.456547838849565e-05,11.659671516586297,1155.0993454175546,0.0,0.40903074613452045,821.2348266356945,2.4307459004032133e-10,0.0,0.0010080050377238663,273.8121502674692,9.596660655589743e-08,8.049110495540881e-10,1.6391933695277015e-10,4.041929669697066e-05,0.0026581551301920322,6.347602607028666,5.750718609482028e-06,0.00021415989885524155,500000.0,10966748.789228637
5.636183823145521e-05,6.461644284063267e-05,12.330678353621396,1153.906861708346,0.0,0.4051657751628787,819.2946088360669,2.3991795577287504e-10,0.0,0.0009998662599138067,273.164776461388,9.499517026209823e-08,7.88289125025119e-10,1.6106684261696067e-10,3.9705297951553444e-05,0.0026266600280576737,6.332624956538537,5.668043736411229e-06,0.0002141305067440798,500000.0,10928469.275328936
5.636608680262235e-05,6.467024538539075e-05,12.99566057408808,1152.6542527018553,0.0,0.4013095883681232,817.2528712798625,2.3658194042713103e-10,0.0,0.0009917396940891782,272.48356435202845,9.393764628828959e-08,7.712577054940747e-10,1.5827267370465275e-10,3.896983040038018e-05,0.002594266447662585,6.316863341717324,5.584291970698988e-06,0.00021409952699076918,500000.0,10888276.918461856
5.637033537378949e-05,6.472686001067074e-05,13.654423662506586,1151.3425552298727,0.0,0.39746383017182296,815.1116443957445,2.330780276889244e-10,0.0,0.0009836304654574992,271.76919101034866,9.279845116673808e-08,7.538666777699888e-10,1.5553495146663528e-10,3.8214880335879346e-05,0.002561030459301958,6.300333405126956,5.499580933069947e-06,0.00021406698327289364,500000.0,10846219.460713206
5.637458394495663e-05,6.478625989527235e-05,14.306781294100041,1149.972818979694,0.0,0.39363008373767094,812.873022105156,2.2941799349030647e-10,0.0,0.0009755434107084376,271.0223546616013,9.158216749760072e-08,7.361651790678204e-10,1.5285190929882887e-10,3.7442413460199405e-05,0.0025270075826200394,6.283051280803841,5.4140263110823515e-06,0.00021403290012672838,500000.0,10802345.844992606
5.637883251612377e-05,6.484841744402108e-05,14.952555450634396,1148.5461064403246,0.0,0.38980987119257066,810.5391572499367,2.2561382084348547e-10,0.0,0.0009674830805393199,270.24377316125356,9.02935095701969e-08,7.182014291839697e-10,1.502218895386128e-10,3.665437030331093e-05,0.0024922527267387637,6.265033558970878,5.327741657652484e-06,0.00021399730290074299,500000.0,10756706.113447009
5.6383081087290906e-05,6.491330432326944e-05,15.591576514778147,1147.0634927118533,0.0,0.38600465393642514,808.1122569893763,2.2167761953512375e-10,0.0,0.0009594537432387427,269.43418246073264,8.893729103826328e-08,7.000225689063076e-10,1.4764333967949702e-10,3.585266127374859e-05,0.0024568201317265,6.246297250511563,5.240838199224311e-06,0.00021396021770846144,500000.0,10709351.304384846
5.638732965845805e-05,6.498089149671494e-05,16.22368334311787,1145.526065160201,0.0,0.3822158330340657,805.5945781819188,2.1762155173275644e-10,0.0,0.0009514593891820599,268.5943350680685,8.751839447811826e-08,6.81674518270167e-10,1.4511480808221373e-10,3.5039162256019365e-05,0.0024207633121184845,6.226859751322273,5.1534246529656164e-06,0.00021392167138080607,500000.0,10660333.347913958
5.639157822962519e-05,6.505114926150241e-05,16.848723317297406,1143.9349228464466,0.0,0.3784447496799137,802.9884227654402,2.1345776486507645e-10,0.0,0.0009435037361487717,267.72499850807174,8.604174322468966e-08,6.632018474435092e-10,1.426349392359843e-10,3.421571077234132e-05,0.0023841350001074955,6.20673880665279,5.065607056017351e-06,0.00021388169141801436,500000.0,10609704.959986586
5.639582680079233e-05,6.512404728452614e-05,17.466552373727755,1142.291175758013,0.0,0.37469268573222386,800.2961331515068,2.0919833092570255e-10,0.0,0.0009355902354252557,266.82695378718313,8.451227555566257e-08,6.446476495455476e-10,1.402024686582068e-10,3.3384102147083067e-05,0.002346987088145486,6.185952475555049,4.977488607578585e-06,0.00021384030594126164,500000.0,10557519.535494344
5.640007537195947e-05,6.519955463881599e-05,18.077035013077765,1140.5959439269413,0.0,0.3709608643174711,797.5200876496644,2.0485519052147242e-10,0.0,0.0009277220786306346,265.90099386834527,8.293492080884351e-08,6.260534319631632e-10,1.378162175358411e-10,3.2546085572350214e-05,0.002309370573286427,6.164519095561994,4.889169523170131e-06,0.00021379754364416194,500000.0,10503831.041594056
5.640653539001155e-05,6.531929389183017e-05,18.99092280362411,1137.922202034059,0.0,0.36532796489447444,793.143997794366,1.981173515078895e-10,0.0,0.0009158518529343997,264.4413745647858,8.045576568758422e-08,5.977930125367715e-10,1.342740047665762e-10,3.1263395569338484e-05,0.002251388383594916,6.1307312542006684,4.754711934027417e-06,0.00021372995043399665,500000.0,10419439.129022077
5.641299540806363e-05,6.544487996272207e-05,19.8871260186326,1135.136045631752,0.0,0.35974838718797697,788.5884299803157,1.9125337712828544e-10,0.0,0.0009041024557235262,262.9219382356047,7.789417545101776e-08,5.696638663625412e-10,1.3083258971883897e-10,2.9975543447914772e-05,0.0021926097438838997,6.09555667466972,4.620341067663077e-06,0.00021365934649434563,500000.0,10331890.952804776
5.641945542611571e-05,6.557619741084758e-05,20.765281281907917,1132.241513410431,0.0,0.35422567408652655,783.8620774666565,1.8430196837337976e-10,0.0,0.0008924819111764923,261.34558319062216,7.526668771057023e-08,5.417882194891741e-10,1.2748878589218786e-10,2.8687961709264167e-05,0.00213320046222422,6.059062405813844,4.486365786102708e-06,0.00021358583874313633,500000.0,10241380.4680905
5.6425915444167786e-05,6.571312859246602e-05,21.625069758199153,1129.242669608771,0.0,0.3487630759444132,778.973707244462,1.7729998458417306e-10,0.0,0.0008809970803383809,259.7152322699167,7.258928100022185e-08,5.142780031080113e-10,1.242397134950265e-10,2.740575955475153e-05,0.0020733203564262457,6.021316072701891,4.353076295072519e-06,0.00021350953586989576,500000.0,10148101.941506863
5.6432375462219866e-05,6.5855553945911e-05,22.46621632511659,1126.1435946794618,0.0,0.34336355830955617,773.9321268129114,1.702822148438749e-10,0.0,0.0008696537373025408,258.0338217705179,6.987726333683059e-08,4.872346120920246e-10,1.2108275552513481e-10,2.613370742046603e-05,0.0020131229792704768,5.982385620008461,4.220743701052831e-06,0.0002134305479616029,500000.0,10052249.185504189
5.6438835480271945e-05,6.600335227086437e-05,23.28848860492582,1122.9483760610103,0.0,0.33802981026098256,768.7461524108076,1.6328119407280945e-10,0.0,0.0008584566466427688,256.30429085830525,6.71451775841884e-08,4.6074883917202327e-10,1.1801551639943176e-10,2.4876225275223037e-05,0.001952755390739454,5.942339066597864,4.08961974418753e-06,0.00021334898613894395,500000.0,9954014.833800547
5.644859720367212e-05,6.623661152797672e-05,24.494801443269054,1117.9467454167027,0.0,0.3301000765257322,760.6551972367196,1.5279996793826468e-10,0.0,0.0008418224842055203,253.60600847160288,6.300882020435303e-08,4.219593331266356e-10,1.1354596755939766e-10,2.3012604874794355e-05,0.0018615208680739846,5.879857831016267,3.894281871908137e-06,0.00021322110318382654,500000.0,9801477.478192411
5.645835892707229e-05,6.648143197862703e-05,25.657105735912367,1112.7489441159694,0.0,0.32233323361248883,752.284701055071,1.4251832998332597e-10,0.0,0.0008255404273633903,250.81457263510399,5.890099867392936e-08,3.8485557189986716e-10,1.0926924428225481e-10,2.1203878158031945e-05,0.0017706712726684296,5.815215211836022,3.7029469196616337e-06,0.0002130879852034342,500000.0,9644583.77747475
5.6468120650472464e-05,6.673738247681989e-05,26.775116089204772,1107.3688875222363,0.0,0.3147352556578338,743.6642998016623,1.3251600936224166e-10,0.0,0.0008096162241667783,247.93986291316037,5.485995737188962e-08,3.496173782777576e-10,1.0517885374228008e-10,1.946058678311419e-05,0.00168062501234705,5.748639932562746,3.516232912721164e-06,0.00021295001839266714,500000.0,9483963.103399007
5.647788237387264e-05,6.700403001794695e-05,27.848734182956026,1101.8203042268044,0.0,0.30731092266349075,734.8229811759351,1.2285939415077238e-10,0.0,0.000794052329137313,244.99154260077643,5.0918735242945e-08,3.163757078473755e-10,1.0126864391937222e-10,1.7791407052391505e-05,0.0015917638311836377,5.680355741403078,3.3346616197350398e-06,0.0002128075859224234,500000.0,9320223.48555951
5.6487644097272814e-05,6.728094149213007e-05,28.878035521678218,1096.1166791320645,0.0,0.3000638995914934,725.7889244646766,1.1360191829152305e-10,0.0,0.0007788484312181952,241.97900534440583,4.7105158150891126e-08,2.852164796790021e-10,9.753265721019604e-11,1.6203209892325658e-05,0.0015044328087464795,5.610580172633385,3.158662841343101e-06,0.00021266106585335985,500000.0,9153948.337713454
5.649740582067298e-05,6.756768531511097e-05,29.863255860954784,1090.2712022903263,0.0,0.29299681713501485,716.5893632546687,1.0478467954266007e-10,0.0,0.0007640019397307479,238.9113293926335,4.344194177429587e-08,2.561850854684561e-10,9.396502188720132e-11,1.4701144731407313e-05,0.0014189406807936318,5.5395234846360415,2.9885796286353677e-06,0.00021251082925312484,500000.0,8985693.783843344
5.650716754407316e-05,6.786383293032134e-05,30.804777409164544,1084.2967236529007,0.0,0.2861113528170189,707.2504706962658,9.643726361157899e-11,0.0,0.000749508424279368,235.79723936385847,3.994689574437227e-08,2.2929113756221119e-10,9.055987805480907e-11,1.328874657081061e-05,0.001335560434634003,5.467387772035727,2.824674279231612e-06,0.0002123572385267107,500000.0,8815986.562370196
5.6516929267473334e-05,6.816896017258611e-05,31.703114839722794,1078.2057139569513,0.0,0.2794083110544101,697.7972667506848,8.857875184219182e-11,0.0,0.000735362005827341,232.64507534168584,3.663322123646531e-08,2.0451325444280752e-10,8.731133560743079e-11,1.1968062404349703e-05,0.001254530136659227,5.394366247593477,2.6671348308732607e-06,0.0002122006459737558,500000.0,8645322.480999526
5.652669099087351e-05,6.848264849153718e-05,32.558901318967045,1072.0102317936467,0.0,0.27288770158236403,688.2535463365425,8.121884813188387e-11,0.0,0.0007215556990088973,229.46276893644858,3.3509880310520626e-08,1.8180397035927645e-10,8.421345861145149e-11,1.0739790281559828e-05,0.0011760539613975762,5.320642685508954,2.516081806877985e-06,0.00021204139257049653,500000.0,8474165.383911036
5.653645271427368e-05,6.88044860394699e-05,33.37287482318607,1065.7218966479354,0.0,0.26654881601881136,678.6418268946675,7.43590523189571e-11,0.0,0.0007080817078507158,226.2578258191685,3.058201008947375e-08,1.6109446958499983e-10,8.126026885702341e-11,9.603426094665449e-06,0.0011003033964118792,5.246391014708692,2.3715750782767497e-06,0.00021187980696198396,500000.0,8302946.584506563
5.654621443767385e-05,6.913406862941631e-05,34.14586493577859,1059.3518675701291,0.0,0.2603903021893371,668.9833137423731,6.799383437401393e-11,0.0,0.0006949316777811759,223.03731418495568,2.7851361013416904e-08,1.42298983061823e-10,7.844576247455664e-11,8.557415575295603e-06,0.001027418620088078,5.1717750495282555,2.2336207480311776e-06,0.00021171620465044498,500000.0,8132064.713741552
5.655597616107403e-05,6.947100056782218e-05,34.87878018209382,1052.9108271142438,0.0,0.25441023574406035,659.2978815622453,6.21117883105655e-11,0.0,0.0006820969070902159,219.80785859413962,2.5316748554231637e-08,1.2531869935079504e-10,7.576393572034687e-11,7.5993079091696345e-06,0.0009575099306959018,5.096948345113576,2.1021777425715926e-06,0.00021155088736765998,500000.0,7961885.934054944
5.65657378844742e-05,6.981489536628757e-05,35.572595988432745,1046.4089701994942,0.0,0.24860618862810627,649.6040703385426,5.669674660645043e-11,0.0,0.0006695685212734629,216.57563862874397,2.297450636747675e-08,1.100456433945487e-10,7.320881613581087e-11,6.7259084182063416e-06,0.000890659304151504,5.0220541644186305,1.9771642749700544e-06,0.00021138414262187864,500000.0,7792744.469757941
5.657549960787438e-05,7.016537633849386e-05,36.228343334335584,1039.8559974984469,0.0,0.24297529406919052,639.9190940149027,5.1728814164724546e-11,0.0,0.00065733761407854,213.34639178880047,2.081892436818969e-08,9.636649195633809e-11,7.07744950263871e-11,5.933424469989891e-06,0.0008269221670765053,4.9472255433663745,1.8584640102113218e-06,0.0002112162434047559,500000.0,7624943.405389416
5.658526133127455e-05,7.05220770898579e-05,36.847098154154786,1033.2611129097875,0.0,0.23751430789687464,630.2588601523948,4.718530099172589e-11,0.0,0.0006453953594474148,210.12542005484073,1.8842662562228207e-08,8.416501317517677e-11,6.845515920575896e-11,5.217602409299047e-06,0.0007663292272465272,4.872585441023014,1.7459316705623452e-06,0.00021104744804125705,500000.0,7458755.705227016
5.659502305467472e-05,7.08846419077767e-05,37.429971521837274,1026.6330246689324,0.0,0.2322196662195506,620.6379989321836,4.3041578877811085e-11,0.0,0.0006337330979906695,206.9175995646914,1.703713840513778e-08,7.33230496676516e-11,6.624512231888306e-11,4.573858341268059e-06,0.0007088881624039562,4.798246962177502,1.639398206936734e-06,0.00021087800016645006,500000.0,7294425.410149221
5.66047847780749e-05,7.125272606010122e-05,37.9781006305392,1019.9799496639306,0.0,0.22708753947157953,611.0698999466566,3.927186156310413e-11,0.0,0.0006223424013264971,203.72739288582665,1.53928807977194e-08,6.372357530317245e-11,6.413885344719566e-11,3.997399161922129e-06,0.0006545853454907882,4.724313640116449,1.5386756611118235e-06,0.0002107081288146776,500000.0,7132168.9717345415
5.661454650147507e-05,7.162599600937833e-05,38.49264056366149,1013.3096205450026,0.0,0.2221138825259142,601.5667553314488,3.58498342974157e-11,0.0,0.0006112151181623421,200.55886340065317,1.3899841014707067e-08,5.525693113721056e-11,6.213099645943337e-11,3.483324614991628e-06,0.0006033879303808772,4.6508797680817615,1.4435615216984635e-06,0.00021053804860708913,500000.0,6972176.687353995
5.662430822487524e-05,7.200412955047837e-05,38.97475684480715,1006.6292952381366,0.0,0.21729448058291015,592.1396079027703,3.2749119499921523e-11,0.0,0.0006003434055107795,197.41569135951983,1.2547660034250237e-08,4.782063565666622e-11,6.02163813203683e-11,3.0267136895273197e-06,0.0005552460549636797,4.578030769321026,1.3538424949979673e-06,0.00021036796002350092,500000.0,6814614.2038923735
5.6634069948275416e-05,7.238681587919741e-05,39.42561874599547,999.9457684405183,0.0,0.2126249912206529,582.798403083991,2.994374393786419e-11,0.0,0.0005897197467256688,194.30119119626278,1.1325899492901842e-08,4.1305841814978995e-11,5.839004394751698e-11,2.6227083762068313e-06,0.0005100945503152012,4.505843596928536,1.2692978898065885e-06,0.0002101980497450636,500000.0,6659624.061247991
5.6635077120154015e-05,7.242654683407535e-05,39.47040460189539,999.256266179554,0.0,0.21215156913054567,581.8398736858059,2.967009955581111e-11,0.0,0.0005886374714808635,193.9816038010671,1.1206852301866005e-08,4.06760227745076e-11,5.820644391013385e-11,2.5838290247215933e-06,0.0005056031497488571,4.498436123878918,1.2608604671397822e-06,0.0002101805363239125,500000.0,6643784.260242542
5.6636084292032614e-05,7.246632273523386e-05,39.5148714540979,998.5668041068689,0.0,0.21167969087271868,580.8823639673607,2.939931258522642e-11,0.0,0.0005875577523471084,193.66235654978698,1.1089072159724304e-08,4.00556898078134e-11,5.802372896971418e-11,2.5454545329657296e-06,0.0005011426349589988,4.491036507268238,1.2524754796669575e-06,0.00021016302683932322,500000.0,6627973.265880414
5.663767043040892e-05,7.252905391991607e-05,39.58425610628486,997.4811057761724,0.0,0.21093967454340654,579.3765249597458,2.8978580908187616e-11,0.0,0.0005858625274274552,193.16028891370865,1.0906128800306308e-08,3.9104426112647086e-11,5.773776225449282e-11,2.4860314481914046e-06,0.0004941804456109221,4.479399364854914,1.2393761546274602e-06,0.0002101354605541324,500000.0,6603132.104021108
5.663925656878524e-05,7.259189453660726e-05,39.65285772811469,996.3955471105113,0.0,0.2102034556859056,577.8732721219592,2.856474170164604e-11,0.0,0.0005841735934271472,192.659083950821,1.0726256761121445e-08,3.817558345587881e-11,5.7453955590474985e-11,2.4278270529426907e-06,0.00048729430642788457,4.4677821504221225,1.22640529921281e-06,0.0002101079051795494,500000.0,6578363.114179283
5.6640842707161546e-05,7.265484334727388e-05,39.72068128877962,995.3101521871931,0.0,0.2094710150517007,576.3726395896492,2.8157692983760624e-11,0.0,0.0005824909208996848,192.15875303655338,1.0549412788119739e-08,3.7263821816684994e-11,5.717228964155262e-11,2.370821860799825e-06,0.00048048382247231863,4.456185128255587,1.213561928578343e-06,0.0002100803614060312,500000.0,6553666.724132183
5.6643419599268565e-05,7.275733954424161e-05,39.82922358494075,993.5471945634486,0.0,0.2082890737633219,573.9403355895352,2.751060402378303e-11,0.0,0.0005797704707625884,191.34779126648587,1.0268451531363656e-08,3.582346019672773e-11,5.671920075950489e-11,2.2807163049553938e-06,0.0004695795469681476,4.437387944082637,1.1929654383963276e-06,0.00021003563938000965,500000.0,6513700.012162439
5.6645996491375585e-05,7.286011283672266e-05,39.93574657552222,991.7848326292059,0.0,0.20711697121118988,571.5151756318256,2.6880737741697003e-11,0.0,0.000577066346356306,190.5392124414271,9.99518617664678e-09,3.443837108614132e-11,5.627163034343321e-11,2.1936426323014015e-06,0.00045887212895999837,4.418645820842312,1.1726986313336887e-06,0.00020999095264415886,500000.0,6473927.719397175
5.6648573383482604e-05,7.296315804840778e-05,40.04027144201986,990.0231653699235,0.0,0.20595462454432345,569.0972950192081,2.6267670000627064e-11,0.0,0.0005743784253133778,189.73306164885798,9.729435591248726e-09,3.3105508688406254e-11,5.582949827041364e-11,2.1095195498975097e-06,0.0004483597598592266,4.39995980630373,1.152757306609429e-06,0.00020994630401208696,500000.0,6434351.465408812
5.6651150275589624e-05,7.306647005753331e-05,40.142819301726306,988.2622897633539,0.0,0.20480195083867767,566.6868246053228,2.5670980243477066e-11,0.0,0.0005717065868691495,188.92938249323592,9.471020667647715e-09,3.181952568356209e-11,5.5392725146391515e-11,2.028266713029469e-06,0.00043804059762476847,4.381330913868602,1.1331372704514367e-06,0.00020990169623762354,500000.0,6394972.782437282
5.665372716769664e-05,7.317004379673354e-05,40.24341120184836,986.5023007090622,0.0,0.2036588671279805,564.283890868012,2.5090249730331914e-11,0.0,0.0005690507118487745,188.128217120416,9.219764442917201e-09,3.0579348974625496e-11,5.4961232142113245e-11,1.9498047978296924e-06,0.00042791276896109425,4.362760123135414,1.113834337499258e-06,0.0002098571320154453,500000.0,6355793.116708031
5.665630405980366e-05,7.327387425279433e-05,40.34206811577239,984.7432912169303,0.0,0.20252529044238457,561.888615984485,2.4525065874314032e-11,0.0,0.0005664106826355275,187.3296062427143,8.97549219872904e-09,2.938492425773208e-11,5.453494144146946e-11,1.8740557546610855e-06,0.00041797435870943975,4.344248380491162,1.0948443318823278e-06,0.00020981261398181296,500000.0,6316813.831443572
5.665888095191068e-05,7.337795646641307e-05,40.4388109392664,982.9853525652803,0.0,0.2014011378476688,559.5011179059019,2.3975025706965703e-11,0.0,0.0005637863831432827,186.533589163776,8.738031556523624e-09,2.82340294239863e-11,5.411377660906095e-11,1.8009429322989311e-06,0.0004082234061279496,4.325796599691804,1.0761630894212795e-06,0.00020976814471528952,500000.0,6278036.209628339
5.66636642633393e-05,7.357180798769837e-05,40.61338489628572,979.7253516119548,0.0,0.1993391491988287,555.0903663177118,2.2992822810124594e-11,0.0,0.0005589563814591444,185.06300038238118,8.31472908043067e-09,2.6209709348210667e-11,5.334532886616633e-11,1.6719610276931792e-06,0.0003906134844856631,4.291707735700045,1.0422907360130293e-06,0.00020968573723640122,500000.0,6206594.558532068
5.666844757476792e-05,7.376647921247357e-05,40.781567618124825,976.4699035636162,0.0,0.19730881773864217,550.7074905725594,2.2058973357352685e-11,0.0,0.0005541794652720925,183.60170869039575,7.913249226951782e-09,2.4323279119994603e-11,5.259381201007366e-11,1.5513337009125068e-06,0.0003736295315278865,4.257833845375074,1.0094415996718073e-06,0.00020960352205246695,500000.0,6135858.856479882
5.667323088619654e-05,7.396193988357982e-05,40.943490282077846,973.219544295509,0.0,0.1953096162892984,546.3531346812615,2.1171105993379177e-11,0.0,0.0005494549327629775,182.14992867298503,7.532559775801714e-09,2.2565251491052353e-11,5.1858767839285e-11,1.438607140217468e-06,0.00035725816645782517,4.2241799202769785,9.775895467670721e-07,0.00020952151412360187,500000.0,6065835.232558876
5.667801419762516e-05,7.415816036849919e-05,41.099282853050255,969.9747894663435,0.0,0.1933410200829446,542.0278974053747,2.0326934741195033e-11,0.0,0.0005447820989573859,180.70785983266055,7.171661145544419e-09,2.092912225964418e-11,5.113975051707591e-11,1.3333437309143738e-06,0.00034148573621922793,4.1907506023683885,9.467087180377328e-07,0.00020943972777047492,500000.0,5996528.9780686805
5.6682797509053775e-05,7.435511165340529e-05,41.24907400479859,966.7361346806534,0.0,0.1914025073077846,537.7323338308438,1.9524253196072246e-11,0.0,0.0005401602952255232,179.27568711391217,6.829587280128065e-09,1.9407953419372536e-11,5.043632551587561e-11,1.2351221735770392e-06,0.0003262983661580221,4.157550196133133,9.167735585227695e-07,0.00020935817668951362,500000.0,5927944.582668093
5.66903702017411e-05,7.466833995893577e-05,41.474254656426396,961.6224928393583,0.0,0.18839380232514052,530.9937321756084,1.833318497413532e-11,0.0,0.0005329460482185993,177.02899260444477,6.324261769900978e-09,1.7214487419909136e-11,4.935355456577012e-11,1.0930398592187266e-06,0.00030341635900936714,4.105466693969345,8.71253939458581e-07,0.0002092295820367803,500000.0,5820850.163062485
5.6697942894428425e-05,7.498321931473858e-05,41.685210038959084,956.5271231682617,0.0,0.18545716375681895,524.3326060939258,1.723287176715372e-11,0.0,0.00052585555631514,174.80813499953484,5.860272302676615e-09,1.526185418002764e-11,4.8307194072252205e-11,9.6607956991798e-07,0.00028190872521819283,4.053980999641248,8.279431800398245e-07,0.00020910165859033545,500000.0,5715585.220624319
5.670551558711575e-05,7.52996438525476e-05,41.88242842593341,951.4517079922161,0.0,0.1825905852591155,517.7505452162515,1.6215901852606383e-11,0.0,0.0005188863967183411,172.6136438529263,5.434316375182373e-09,1.3527141997499889e-11,4.7295701822494816e-11,8.528267359639584e-07,0.00026171817748437787,4.003105456295027,7.867455142107867e-07,0.00020897445168990706,500000.0,5612156.667542727
5.6713088279803075e-05,7.56175113642874e-05,42.06638810135223,946.3978217357918,0.0,0.17979209357457518,511.248913641113,1.5275396258210738e-11,0.0,0.0005120362314999849,170.44597354653396,5.043307495774246e-09,1.1986930352155275e-11,4.6317606526725417e-11,7.519689701912555e-07,0.00024278715750026243,3.9528506635855947,7.475677980348069e-07,0.00020884800325381847,500000.0,5510567.537913362
5.67206609724904e-05,7.593672322423221e-05,42.23755697359667,941.3669355295937,0.0,0.17705975178282113,504.8288640130813,1.4404991301790007e-11,0.0,0.0005053028022041504,168.30550798359192,4.684370576209895e-09,1.0619773617538481e-11,4.5371505597952816e-11,6.622932698292184e-07,0.00022505816083521804,3.903225586217072,7.103196384831582e-07,0.00020872235193009086,500000.0,5410817.304609884
5.6728233665177725e-05,7.625718430925518e-05,42.39639224895188,936.3604214472168,0.0,0.17439166204390422,498.49135109990567,1.3598809454839095e-11,0.0,0.0004986839246106431,166.19256511477627,4.354835752217259e-09,9.410324498363003e-12,4.445606163084285e-11,5.826827433635306e-07,0.00020847403563301439,3.854237658635451,6.749134911309428e-07,0.00020859753324532906,500000.0,5312902.17839076
5.6735806357865053e-05,7.657880291721581e-05,42.54334016650262,931.3795567133444,0.0,0.1717859678857292,492.23714485851116,1.2851432602582343e-11,0.0,0.0004921774836812807,164.10740129387779,4.052230907568457e-09,8.342534381494784e-12,4.356999918474029e-11,5.121124823924016e-07,0.00019297825257704064,3.805892885796927,6.412647281002506e-07,0.00020847357975108138,500000.0,5216815.391532256
5.674970457531744e-05,7.717179187626615e-05,42.78354529967793,922.3087621953564,0.0,0.16716006096546393,480.97738146614245,1.161651049107253e-11,0.0,0.0004805219274905075,160.35338603406748,3.5594541107053394e-09,6.686546540473972e-12,4.2016247169784345e-11,4.0305477565268204e-07,0.00016718598972129532,3.718853433552152,5.838117230930046e-07,0.0002082484350678272,500000.0,5045190.413528606
5.676360279276983e-05,7.776786621207471e-05,42.98775818060334,913.334897132559,0.0,0.16272743286653663,470.0024637188937,1.0535961235274159e-11,0.0,0.00046922606097826757,156.69435082052402,3.137233018020805e-09,5.360925125132773e-12,4.055039155013766e-11,3.1625626494284693e-07,0.00014453885558003075,3.634013608517132,5.315262542903914e-07,0.0002080264635959736,500000.0,4879611.131219461
5.677750101022222e-05,7.836654295252695e-05,43.15843956113443,904.4636569493597,0.0,0.15847779681954485,459.3131383598504,9.58666994112563e-12,0.0,0.000458278305582132,153.13054291376054,2.774814625839677e-09,4.319800444371296e-12,3.9166007362545845e-11,2.47462842424103e-07,0.00012471869528262036,3.5513794755141066,4.839630433451886e-07,0.00020780779824226969,500000.0,4719975.205283312
5.679139922767462e-05,7.896737242856488e-05,43.29792081866227,895.699916226046,0.0,0.15440140176376238,448.9087807617075,8.749124581968349e-12,0.0,0.0004476675966315085,149.66175253648547,2.463055370247942e-09,3.4964033977833222e-12,3.7857213830599013e-11,1.9314843435516588e-07,0.00010742592549448318,3.4709464788731363,4.4070961312098056e-07,0.0002075925468448965,500000.0,4566161.487239574
5.680529744512701e-05,7.956993647668968e-05,43.40840581119888,887.0478005498769,0.0,0.1504890314821688,438.7875895448509,8.006948530410805e-12,0.0,0.00043738331806606856,146.28737774591323,2.1942078807186017e-09,2.8294598882991864e-12,3.6618632146524264e-11,1.5041442440646932e-07,9.23813734310296e-05,3.39270094544624,4.0138516379000275e-07,0.00020738079465207373,500000.0,4418033.791897113
5.68191956625794e-05,8.017384668461045e-05,43.4919734172784,878.5107535336927,0.0,0.14673199635665152,428.94676184952556,7.346401575071917e-12,0.0,0.00042741524686325645,143.00648285632553,1.961729133337897e-09,2.312141000909204e-12,3.544533692036787e-11,1.1689878818001968e-07,7.932735957323403e-05,3.316621438756945,3.6563918330805083e-07,0.00020717260664601008,500000.0,4275444.194618883
5.683309388003179e-05,8.07787426833395e-05,43.55058067378969,870.091599521682,0.0,0.14312211935983235,419.38265045503897,6.755948981613145e-12,0.0,0.00041775350657981356,139.81785080979017,1.7601092098151154e-09,1.9214442151714985e-12,3.4332810592942695e-11,9.069013932635493e-08,6.802810490569635e-05,3.2426799734401084,3.331498364080085e-07,0.00020696802971137987,500000.0,4138235.8980440265
5.6846992097484186e-05,8.138429048313867e-05,43.58606666634621,861.7926019445687,0.0,0.13965171748946195,410.09090408077293,6.225967936753811e-12,0.0,0.00040838852968552676,136.72002994014707,1.5847158675180244e-09,1.5745444985927507e-12,3.327691161240549e-11,7.024799738608792e-08,5.826955644916418e-05,3.170843100201435,3.0362223674377135e-07,0.0002067670946357974,500000.0,4006245.7095083427
5.6860890314936576e-05,8.199018086187145e-05,43.600157056161166,853.6155172267963,0.0,0.1363135799004856,401.066592035772,5.748418894449756e-12,0.0,0.00039931102786592014,133.71137551936818,1.431655834222841e-09,1.2751764343999637e-12,3.227384048077543e-11,5.433793769204336e-08,4.98587652949546e-05,3.101072870179978,2.7678669066996573e-07,0.00020656981794136165,500000.0,3879306.166502516
5.6874788532388966e-05,8.259612781900647e-05,43.59446893843163,845.5616444331424,0.0,0.1331009439532925,392.3043143260164,5.316459534924506e-12,0.0,0.00039051196913365583,130.79008645617753,1.2976560952020487e-09,1.126515003553542e-12,3.132009655807864e-11,4.198134526659388e-08,4.2622942422467945e-05,3.03332768717027,2.5239693957886504e-07,0.00020637620355870898,500000.0,3757247.3463089643
5.688868674984136e-05,8.320186710169953e-05,43.57051581638209,837.6318710219917,0.0,0.1300074700120299,383.798298423403,4.924244260604573e-12,0.0,0.0003819825603234374,127.95423754841075,1.1799632672632901e-09,1.1215861147549891e-12,3.041244889629327e-11,3.240296282085593e-08,3.640822688107113e-05,2.967563057000466,2.3022841634024637e-07,0.00020618624435602933,500000.0,3639898.395490497
5.690258496729375e-05,8.380715480194155e-05,43.52971264535832,829.826714996507,0.0,0.12702721636128916,375.54248395853233,4.567093704043961e-12,0.0,0.0003737142340220221,125.20180770997248,1.0762609857101425e-09,8.882892479231e-13,2.954794419495458e-11,2.4997114913557703e-08,3.107855069748282e-05,2.903732243423254,2.1007659421900486e-07,0.00020599992353113831,500000.0,3527088.8127621794
5.691648318474614e-05,8.441176602278099e-05,43.47338092574054,822.1463636933412,0.0,0.12415461303270035,367.53059653630936,4.241524158683175e-12,0.0,0.0003656986379965829,122.53070457201393,9.845925831120718e-10,1.0344732081365153e-13,2.8723906972475832e-11,1.9249706510003976e-08,2.6513798792353794e-05,2.8417868406545246,1.917553577450822e-07,0.00020581721587235413,500000.0,3418649.5156450244
5.693038140219853e-05,8.50154936140182e-05,43.40275378931658,814.5907092511866,0.0,0.12138443877892126,359.7562117583707,3.9441533568625285e-12,0.0,0.0003579276333106998,119.9387858199701,9.03322488428244e-10,0.0,2.7937836423393528e-11,1.4928694439577955e-08,2.260904135234701e-05,2.7816772688498594,1.7509550429354972e-07,0.000205638088896294,500000.0,3314413.7173225987
5.694427961965093e-05,8.56181469783037e-05,43.31898100273749,807.1593812956453,0.0,0.11871179244326871,352.21281045401935,3.669568207591509e-12,0.0,0.00035039326489202715,117.42387759992202,8.309755052964689e-10,2.6474175947925885e-12,2.7187192069465093e-11,1.0970695216815571e-08,1.9271924008393883e-05,2.723353204783696,1.5994326976081184e-07,0.00020546250387233603,500000.0,3214217.6394142946
5.695817783710332e-05,8.621955094667695e-05,43.22313383184191,799.8517761134707,0.0,0.11613208394165775,344.893826063693,3.4131067206756338e-12,0.0,0.00034308789738898095,114.98379030978622,7.667719358453483e-10,5.845854218008661e-12,2.6469604048770273e-11,1.1443059315555826e-08,1.6421138435321214e-05,2.666763943555927,1.4615917844946786e-07,0.00020529041674341377,500000.0,3117901.0791201172
5.697207605455571e-05,8.681954472089183e-05,43.116209752566625,792.6670859064677,0.0,0.11364096415902071,337.7926850606104,3.1786109480476983e-12,0.0,0.000336003403146795,112.61633207059089,7.073469726818447e-10,0.0,2.5783525796417074e-11,0.0,1.4004581135302018e-05,2.611858728797197,1.3361619629033224e-07,0.00020512177895109195,500000.0,3025307.8635192146
5.698190963087426e-05,8.724313292574846e-05,43.03437381424291,787.6573308080077,0.0,0.111929692955736,332.89635144456076,3.0264873511677727e-12,0.0,0.0003311203560126092,110.98393834621317,6.68334495546229e-10,0.0,2.5316344234358927e-11,0.0,1.249830062822541e-05,2.574000692057193,1.254284444725343e-07,0.00020500451586868745,500000.0,2961960.4952395847
5.6991743207192813e-05,8.766589268699954e-05,42.94776759657708,782.7082156798832,0.0,0.11025939800544612,328.10349257781337,2.8831261851889417e-12,0.0,0.00032634225066204323,109.38604295152335,6.333767231397174e-10,1.0422588584551545e-12,2.486339422471607e-11,6.476211795990236e-09,1.114724938351576e-05,2.5369425944277686,1.1776719365405672e-07,0.00020488893395511536,500000.0,2900348.6057284945
5.700157678351137e-05,8.808777855401204e-05,42.85668453495078,777.8193052097424,0.0,0.10862876199937979,323.411824117486,2.746745001649615e-12,0.0,0.0003216665649089642,107.82188422520332,6.019385768085287e-10,2.3029912291555654e-13,2.4423969247772613e-11,5.551796341553476e-09,9.953885936740537e-06,2.500666783598721,1.1059721751275162e-07,0.00020477501303611876,500000.0,2840421.000378609
5.7011410359829925e-05,8.850874788582747e-05,42.76140326566179,772.9901319214421,0.0,0.10703651946382318,318.8190841217853,2.616911247544457e-12,0.0,0.00031709056449261846,106.29070798201745,5.726831968830347e-10,1.3303243507067296e-13,2.3997547472858315e-11,1.7141393261721946e-09,8.88989970860827e-06,2.4651557972066955,1.0388592855389542e-07,0.00020466273236618344,500000.0,2782127.7011741446
5.702124393614848e-05,8.892876070981735e-05,42.66218831185249,768.220198388488,0.0,0.10548147028361238,314.32303637279136,2.494074214278599e-12,0.0,0.0003126117317831242,104.79176861928437,5.449941750766251e-10,4.3817782414064635e-13,2.358367390717157e-11,2.0440513958134307e-09,7.933187729077077e-06,2.4303923601005892,9.760312435828814e-08,0.0002045520707161929,500000.0,2725419.9595958753
5.703107751246703e-05,8.934777958831057e-05,42.55929074312091,763.5089805959389,0.0,0.10396246541613322,309.9214732346864,2.3780920527834543e-12,0.0,0.000308227814699951,103.32433006920665,5.190302153154586e-10,2.2460005979621285e-13,2.3181862400172454e-11,3.0509905753723535e-09,7.08113857545886e-06,2.396359405713084,9.172046902221058e-08,0.00020444300645203008,500000.0,2670250.2677494977
5.704091108878558e-05,8.976576949001856e-05,42.45294881294781,758.855931243265,0.0,0.1024783960451101,305.6122181219687,2.268122994304471e-12,0.0,0.0003039366136225099,101.88766662157147,4.949626314133345e-10,1.9065825789858807e-13,2.2791609069361325e-11,2.0347868522621136e-09,6.324385549360329e-06,2.3630401134669348,8.621143703787364e-08,0.00020433551760848728,500000.0,2616572.3642739477
5.705652654125933e-05,9.042733206775687e-05,42.277554482438084,751.5851369745308,0.0,0.10019092228855181,298.95365882370146,2.104730002281126e-12,0.0,0.0002973073740460495,99.66776909088858,4.605148116454954e-10,1.692246085364935e-13,2.219452303210748e-11,0.0,5.28747807972204e-06,2.3115558161170857,7.817103901607076e-08,0.00020416801073727385,500000.0,2534288.4758558446
5.706775925771031e-05,9.090149311609184e-05,42.146843554048516,746.4435044335871,0.0,0.0985960106989387,294.2998233218243,1.9951229755533557e-12,0.0,0.00029267481123261606,98.11622718993557,4.377593892051206e-10,2.605699942036904e-13,2.1781374851680148e-11,1.4298201576258825e-09,4.6425683225231406e-06,2.275572070737572,7.288092608562456e-08,0.00020404988901443527,500000.0,2477257.453890126
5.707899197416129e-05,9.137416617228733e-05,42.01266329208665,741.3748898576692,0.0,0.0970417738314253,289.7562383732433,1.891769822011224e-12,0.0,0.0002881525010863116,96.60144218450978,4.163319196516457e-10,2.368626950540348e-13,2.1381249512122072e-11,1.4156787168113253e-09,4.079175370463016e-06,2.2404407362703855,6.79690341860618e-08,0.00020393371362068032,500000.0,2421962.060169816
5.709022469061228e-05,9.184531383051699e-05,41.87528918555721,736.3783584011094,0.0,0.09552684777282199,285.3199176948233,1.7942884102684276e-12,0.0,0.00028373742453960995,95.12241842234286,3.963299722191379e-10,1.832296966338802e-13,2.099358959854711e-11,0.0,3.5893540977971886e-06,2.206138728565132,6.340716301923214e-08,0.0002038194507261929,500000.0,2368342.1318159127
5.710145740706326e-05,9.231490168764096e-05,41.734980430453625,731.4529572524127,0.0,0.09404992364483325,280.98794175626614,1.702277353054107e-12,0.0,0.00027942664202322467,93.67818251157166,3.7780607790654884e-10,1.9992966010676183e-13,2.0617864618611225e-11,2.8665994171121993e-10,3.1554596374271847e-06,2.1726434855784302,5.916931027523795e-08,0.0002037070664884073,500000.0,2316339.527226946
5.711269012351425e-05,9.278289816317499e-05,41.59198085409451,726.5977186463181,0.0,0.09260974928215926,276.7574588787081,1.6153887580507824e-12,0.0,0.0002752172417466799,92.26778368652177,3.606054499405419e-10,2.016555393383388e-13,2.0253573306646812e-11,1.3802712159705915e-10,2.7739764865754857e-06,2.139932961831298,5.5231438784444836e-08,0.00020359652712946492,500000.0,2265898.0871997
5.7123922839965234e-05,9.324927433218546e-05,41.446519780188424,721.8116628770771,0.0,0.0912051269850636,272.625685919456,1.5333363669943838e-12,0.0,0.00027110644243590846,90.89029403523152,3.445471159943201e-10,6.919792091648976e-14,1.9900242411550138e-11,7.93714246531398e-09,2.4261146386265345e-06,2.1079856474017515,5.1571329021067736e-08,0.0002034877990024789,500000.0,2216963.592955826
5.714165815664064e-05,9.398227272080347e-05,41.21235929756773,714.3934136921706,0.0,0.08905696500617169,266.29643295012534,1.4128463330726298e-12,0.0,0.0002648098021958472,88.78018823284326,3.2115276203103225e-10,1.318149327110056e-13,1.936359920940238e-11,1.7851408240685206e-09,1.9916102768173586e-06,2.0590471130687886,4.630863402677074e-08,0.00020331973466818792,500000.0,2142642.5784103023
5.7159393473316035e-05,9.471107438317689e-05,40.97338032716252,707.1412421386267,0.0,0.08699027329265825,260.1961767041091,1.3025621101851525e-12,0.0,0.00025874129672599495,86.74642812235263,2.9990632643056924e-10,1.9465599828021513e-13,1.88515096671756e-11,0.0,1.637019037490994e-06,2.011879158202672,4.161478911265516e-08,0.00020315597184117283,500000.0,2071751.7534788705
5.717712878999144e-05,9.543560026368152e-05,40.73029409194093,700.0512065983787,0.0,0.08500101160737587,254.31500877849476,1.2015855423912425e-12,0.0,0.000252891099514727,84.7857102383831,2.8071518103943244e-10,1.442181461267439e-13,1.8362448408672607e-11,9.378827603829935e-10,1.3353872649660393e-06,1.9664051920859065,3.7425394763429584e-08,0.0002029963820547174,500000.0,2004105.4801099524
5.718971124097316e-05,9.594699049859576e-05,40.55569972379862,695.1172867200352,0.0,0.08363459464594523,250.2702117157667,1.1351402692084462e-12,0.0,0.00024886793453069805,83.43721885064346,2.682991101305493e-10,1.4845396688296887e-13,1.8028669679258458e-11,0.0,1.1570396121724614e-06,1.9351302642080996,3.472768500630256e-08,0.0002028856212168277,500000.0,1957984.4880190492
5.7202293691954876e-05,9.645617405856617e-05,40.37957516743626,690.2615846353877,0.0,0.08230397215289637,246.32764161693842,1.0726788439407667e-12,0.0,0.0002449466413577044,82.1228090272673,2.5672759230990994e-10,1.4396854832762221e-13,1.7705301410173195e-11,1.4868678671211172e-10,1.0051996700317004e-06,1.9046457499093474,3.223690083007946e-08,0.00020277685294285062,500000.0,1913348.7428708607
5.7214876142936594e-05,9.696313295522142e-05,40.20211737397706,685.482702392412,0.0,0.08100791125538298,242.48413865469843,1.0139292991524613e-12,0.0,0.00024112397806462087,80.84142729049393,2.458800246985429e-10,1.3235435151523188e-13,1.7391898915879407e-11,2.1833838302704702e-10,8.73335348132513e-07,1.8749272251617166,2.9936336940184104e-08,0.00020267003362432743,500000.0,1870141.2154541912
5.722745859391831e-05,9.746785158383297e-05,40.02350988461573,680.7792504542869,0.0,0.07974523666875277,238.7366436378119,9.586519783234823e-13,0.0,0.00023739687426405263,79.59205371623182,2.356987846791207e-10,1.290252960086359e-13,1.7088041601835068e-11,5.6366638545193274e-11,7.581653946900193e-07,1.8459510388417777,2.7810688597240853e-08,0.00020256512038435362,500000.0,1828307.227158248
5.724004104490003e-05,9.797031656254029e-05,39.843923685898,676.1498497152635,0.0,0.07851482598071315,235.08219584442236,9.066335745536323e-13,0.0,0.00023376239736916976,78.37370121146647,2.2615312050898631e-10,1.2617974399105272e-13,1.6793331298378818e-11,5.6571842301529475e-11,6.589686652979861e-07,1.8176942975760189,2.5845941291016e-08,0.00020246207110285,500000.0,1787794.3607182875
5.725262349588175e-05,9.847051658755584e-05,39.66351798429209,671.5931335000691,0.0,0.07731560004269038,231.51793069477267,8.576713204397375e-13,0.0,0.00023021769737979715,77.18541473823763,2.1720045756025735e-10,1.2033656525303568e-13,1.6507390593923992e-11,4.2082354549882355e-11,5.734100501169815e-07,1.7901348538114028,2.402925176822696e-08,0.0002023608444322455,500000.0,1748552.372732567
5.727180133811676e-05,9.922853078181826e-05,39.38730366303719,664.7846718694018,0.0,0.07554543338852097,226.25261580943564,7.884934240684135e-13,0.0,0.00022498143419103484,75.43001737637421,2.045956932987571e-10,1.1229597975112873e-13,1.608763345074283e-11,9.537031967873565e-11,4.6417884414959704e-07,1.749422620609276,2.151879009692425e-08,0.00020220997202120806,500000.0,1691077.2496009266
5.7290979180351766e-05,9.998123668364227e-05,39.110006495430866,658.1372030957051,0.0,0.07384183986340286,221.18098569633378,7.253443522373642e-13,0.0,0.00021993791597380008,73.73919260102677,1.9310554875489936e-10,1.0726971366358506e-13,1.568623532992382e-11,3.7677131497210095e-11,3.75913525627033e-07,1.710207976590061,1.928774685074547e-08,0.0002020630996895131,500000.0,1636281.4997561865
5.731015702258678e-05,0.00010072861771681687,38.832055659776984,651.6460964382826,0.0,0.07220155122665678,216.29410751409998,6.676564328697813e-13,0.0,0.00021507819282301437,72.10996225898445,1.825809198950149e-10,1.0303231897214436e-13,1.530209928989619e-11,1.5807154431023102e-11,3.045449635571585e-07,1.6724218549307057,1.7303313619963167e-08,0.0002019200918157451,500000.0,1584013.622855214
5.732933486482179e-05,0.00010147066508476209,38.55383498893465,645.3068194690464,0.0,0.07062149420309698,211.58350040682228,6.149243771637003e-13,0.0,0.0002103938001866983,70.53949889085351,1.7290989570081158e-10,9.857862098235214e-14,1.49342104720541e-11,1.0410280598512296e-11,2.4705375686118353e-07,1.6359986824920885,1.5536709265334022e-08,0.00020178081719899858,500000.0,1534131.6346699095
5.73485127070568e-05,0.00010220737695674733,38.27568729955935,639.1149435038438,0.0,0.06909877644099371,207.0411147292905,5.666981847313388e-13,0.0,0.0002058767347717661,69.02511880388647,1.6401394979636303e-10,9.42674109820477e-14,1.4581628851451002e-11,0.0,2.0075585045052286e-07,1.6008762197440818,1.3962665111800125e-08,0.00020164514904191046,500000.0,1486502.4608867434
5.736769054929181e-05,0.00010293875772316611,37.99791835317075,633.0661478156823,0.0,0.06763067375058039,202.659311576096,5.225709511155343e-13,0.0,0.00020151940343314268,67.56427524635622,1.5582418462934054e-10,9.025498940623006e-14,1.4243482552127368e-11,1.077860306683513e-11,1.632804316871291e-07,1.5669954028264497,1.2558981812324512e-08,0.00020151296491077085,500000.0,1441001.3639920312
5.738686839152682e-05,0.00010366481731355032,37.720800480752274,627.1562228155808,0.0,0.06621461856652916,198.4308427581552,4.82171470718129e-13,0.0,0.0001973145885684334,66.15455173119669,1.482697935008635e-10,8.646665515383554e-14,1.3918961890081656e-11,2.5113114233075255e-11,1.3294988237610278e-07,1.534300188644558,1.1306143700585437e-08,0.00020138414667889818,500000.0,1397511.4029422305
5.740604623376183e-05,0.00010438557058247208,37.44457584722169,621.3810721770373,0.0,0.06484818907430434,194.34883127344617,4.451626324285376e-13,0.0,0.00019325543713264668,64.79365552447781,1.412834637588996e-10,8.293906392176674e-14,1.3607314124778146e-11,5.185524970707698e-11,1.0821199779754196e-07,1.502737404232653,1.0186980880924318e-08,0.00020125858045236055,500000.0,1355922.9240967722
5.7425224075996846e-05,0.00010510103676085273,37.16945937039689,615.7367138110069,0.0,0.06352910065798491,190.40675234685847,4.1124045873946097e-13,0.0,0.00018933545089119813,63.47941132372713,1.3480840112024316e-10,7.985988071206748e-14,1.3307838745818504e-11,0.0,8.902896156916603e-08,1.4722565988101879,9.186375923029847e-09,0.00020113615647894423,500000.0,1316133.0820180867
5.744440191823186e-05,0.00010581123896207819,36.89564134891292,610.2192806129132,0.0,0.062255191659615405,186.5984151373609,3.8013082231475357e-13,0.0,0.00018554847372872645,62.209755158824755,1.2879776274234202e-10,7.70291493532511e-14,1.3019883166013914e-11,3.085584699970184e-10,6.975006251425689e-08,1.4428099085041877,8.29100741447154e-09,0.00020101676904547264,500000.0,1278045.3910567355
5.7463579760466864e-05,0.00010651620373368058,36.62328984846713,604.8250188391299,0.0,0.06102443014865873,182.9179451781235,3.5158520792337177e-13,0.0,0.00018188865386385754,60.98272853739535,1.2320975689328126e-10,7.410035556531972e-14,1.2742838788361249e-11,0.0,6.05736423277715e-08,1.4143519024632472,7.489130976702588e-09,0.0002009003163683007,500000.0,1241569.3020207565
5.7482757602701876e-05,0.00010721596065076558,36.352552869625335,599.5502895547788,0.0,0.059834880712009306,179.35976756914812,3.253776694549509e-13,0.0,0.00017835044845275965,59.79647284106149,1.1800583093299394e-10,7.143255611630949e-14,1.2476137455166782e-11,0.0,4.923657795371818e-08,1.3868394847688863,6.770379938335529e-09,0.0002007867004790367,500000.0,1206619.8135124382
5.750193544493689e-05,0.00010791054194936847,36.083560294762066,594.3915649188232,0.0,0.05868472571443462,175.91859092108524,3.0130314876980253e-13,0.0,0.00017492859930348808,58.649223972211246,1.1315107139221058e-10,6.906916431365411e-14,1.2219248245059289e-11,9.962733326999291e-12,3.940932254199761e-08,1.360231736910335,6.125598352164852e-09,0.00020067582710634504,500000.0,1173117.0995048566
5.75211132871719e-05,0.00010859998219653364,35.81642565129196,589.3454280212816,0.0,0.0575722412576969,172.5893920494764,2.7917581345108507e-13,0.0,0.00017161810926184795,57.53930725100754,1.086147386980149e-10,6.68091407198398e-14,1.1971674565140637e-11,0.0,3.2738499602918054e-08,1.3344898171885289,5.546694718437561e-09,0.00020056760555466337,500000.0,1140986.1692979678
5.7540291129406906e-05,0.00010928431799272782,35.55124770281584,584.4085710445931,0.0,0.05649579022970647,169.36740141783773,2.588270816514464e-13,0.0,0.0001684142304341093,56.465132562081884,1.0436978801444657e-10,6.466363609840983e-14,1.1732951498454134e-11,8.217728991643971e-12,2.691260880684523e-08,1.3095768495744313,5.026510654885645e-09,0.0002004619485817491,500000.0,1110156.5476551314
5.755946897164192e-05,0.00010996358770278946,35.28811188789692,579.5777923730071,0.0,0.05545382465684051,166.24808931915953,2.401037565310766e-13,0.0,0.00016531245554185452,55.425189747431595,1.0039195217543748e-10,6.268349988563502e-14,1.1502643383661906e-11,1.209305762575272e-12,2.206622393498774e-08,1.2854578096537714,4.5587081329003e-09,0.00020035877227651507,500000.0,1080561.9751706717
5.757864681387693e-05,0.0001106378312128344,35.02709162361196,574.8499944289634,0.0,0.05444487818113378,163.22715277572073,2.2286650622685065e-13,0.0,0.0001623085056771341,54.418044238821516,9.665920192731546e-11,6.08236819917473e-14,1.1280341609635852e-11,6.411664445707765e-12,1.8187285198885223e-08,1.2620994257601743,4.13767200639629e-09,0.00020025799593787662,500000.0,1052140.1307978893
5.759782465611194e-05,0.0001113070897110596,34.768249484189255,570.2221812696558,0.0,0.05346755994285239,160.30050313263803,2.06988612638193e-13,0.0,0.0001593983156895221,53.44233292149447,9.31516235735825e-11,5.905812555905943e-14,1.1065662604950481e-11,3.18326239114681e-11,1.4956727721758533e-08,1.239470083745048,3.758423323978541e-09,0.0002001595419550621,500000.0,1024832.3732312515
5.7617002498346955e-05,0.00011197140549026378,34.51163826654819,565.691455947321,0.0,0.052520550129438494,157.46425431995178,1.9235483242740582e-13,0.0,0.0001565780206768454,52.496760220784275,8.985132809250105e-11,5.739937712730784e-14,1.0858246000817922e-11,0.0,1.2398324099471903e-08,1.217539735850545,3.416543216030164e-09,0.00020006333568985948,500000.0,998583.4998623743
5.763618034058196e-05,0.00011263082176984419,34.2573019546381,561.2550177814373,0.0,0.05160259601475073,154.7147117575251,1.7886030035088864e-13,0.0,0.0001538439466784632,51.580094403048214,8.674223056470761e-11,5.58408896919169e-14,1.0657752948942718e-11,2.1258619931360567e-10,9.967694463455482e-09,1.1962798152368321,3.1081069872942847e-09,0.0001999693053613312,500000.0,973341.5223573567
5.765535818281697e-05,0.0001132853825352973,34.00527659237485,556.9101596313617,0.0,0.050712507578498225,152.04836187550785,1.664095136537367e-13,0.0,0.0001511925985075318,50.6911640818366,8.380974382217795e-11,5.436401138011047e-14,1.0463864579953488e-11,7.966814871094829e-12,8.495498754616952e-09,1.175663154197413,2.829626195087812e-09,0.0001998773819334192,500000.0,949057.4578382177
5.7684589864234326e-05,0.00011427385188007764,33.625637911664334,550.4578350399031,0.0,0.04940686778059751,148.13673682816756,1.4924508084081854e-13,0.0,0.0001473029833865756,49.387073397071774,7.965011511187242e-11,5.2264169375800616e-14,1.0180364129098627e-11,1.9134660323864443e-11,6.379569351936191e-09,1.145417818654411,2.4558705808019965e-09,0.00019974117224470079,500000.0,913781.9052420163
5.771382154565168e-05,0.00011525130414117798,33.25150800268128,544.2033474236956,0.0,0.04815960273259489,144.39954657664106,1.340308110865178e-13,0.0,0.00014358682376900415,48.14113728687731,7.58286443136413e-11,5.033465957639598e-14,9.910527497654609e-12,1.783948576337911e-11,4.80246858096665e-09,1.1165212421674247,2.13507427660835e-09,0.00019960947997618313,500000.0,880473.336750063
5.774305322706903e-05,0.00011621790105710292,32.88293167301661,538.1382727374502,0.0,0.046967233660684324,140.8264698798145,1.2052800136996778e-13,0.0,0.00014003385521313045,46.949914762854036,7.23091090798714e-11,4.855326408526423e-14,9.653450714985207e-12,8.097986748330098e-12,3.640931782154784e-09,1.0888936190579408,1.859253105653068e-09,0.00019948209398952375,500000.0,848992.6510647812
5.7772284908486386e-05,0.00011717380529368864,32.51992864805131,532.2546162482923,0.0,0.04582653440803431,137.40792275855605,1.0852896068655719e-13,0.0,0.00013663454584455487,45.81021063237907,6.90600224751481e-11,4.6903557793614465e-14,9.408305053202677e-12,0.0,2.9033900659359144e-09,1.0624608443773649,1.6216953539607704e-09,0.00019935881517243304,500000.0,819212.3742477506
5.780151658990374e-05,0.00011811917978937269,32.16249732018185,526.5447905492897,0.0,0.04473451007960202,134.13499879588167,9.785279911962297e-14,0.0,0.00013338003823334826,44.71905559514378,6.605394283827654e-11,4.537655191138212e-14,9.174329559993625e-12,0.0,2.6035846632493068e-09,1.037154052392616,1.4167482403207237e-09,0.00019923945569384568,500000.0,791015.5632249448
5.78307482713211e-05,0.00011905418717758325,31.810618094998315,521.0015942622879,0.0,0.04368837815777468,130.9994147013019,8.834177510767395e-14,0.0,0.0001302620982735142,43.67368809474916,6.326682621585872e-11,4.395795628617436e-14,8.9508244307091e-12,0.0,1.6059773990141455e-09,1.0129091960557648,1.2396420332313918e-09,0.00019912383829809346,500000.0,764294.8221842401
5.785997995273845e-05,0.00011997898928929372,31.46425632804926,515.6181912457553,0.0,0.042685553326140886,127.99346061862362,7.985816027351078e-14,0.0,0.0001272730611561498,42.67153775175476,6.067750074148972e-11,4.263638705836404e-14,8.737145121503055e-12,0.0,1.2057675876189594e-09,0.9896666598385485,1.0863453785285596e-09,0.00019901179563898658,500000.0,738951.418958255
5.7889211634155805e-05,0.00012089374674551805,31.12336481227295,510.3880914566886,0.0,0.04172362673020441,125.10995469081072,7.228156943460398e-14,0.0,0.00012440578450323726,41.71021021601262,5.826727446132544e-11,4.1404304353413605e-14,8.532697123764272e-12,0.0,9.370880566837297e-10,0.9673709129555573,9.534450116698429e-10,0.00019890316965622175,500000.0,714894.4917503336
5.791844331557316e-05,0.00012179861862760315,30.787885870248402,505.3051317690913,0.0,0.04080035423976189,122.3422015154381,6.550667160695923e-14,0.0,0.00012165360908186304,40.78747331610356,5.601961857590233e-11,4.025361300105482e-14,8.336931316917247e-12,0.0,7.047427145819235e-10,0.9459701857297128,8.380458673974912e-10,0.00019879781099303346,500000.0,692040.3342132992
5.794767499699051e-05,0.00012269376220332796,30.457753156711945,500.36345795278197,0.0,0.03991364369896813,119.68395418520782,5.944120855640634e-14,0.0,0.00011901032275851642,39.901244404010086,5.391988156482778e-11,3.9176343420310504e-14,8.149339820825599e-12,5.748617992857453e-16,5.739051941108874e-10,0.9254161760086216,7.376883076612057e-10,0.00019869557845146805,500000.0,670311.7523601935
5.7976906678407865e-05,0.0001235793326961207,30.132893234888332,495.5575076443197,0.0,0.03906154264500154,117.12937960462244,5.4004278248006077e-14,0.0,0.0001164701257166789,39.049578792036904,5.1955032599012594e-11,3.816624929296882e-14,7.969452283953945e-12,1.4672847745288498e-15,4.589048448573437e-10,0.9056637813184208,6.502791564495733e-10,0.00019859633848229487,500000.0,649637.4854802075
5.800613835982522e-05,0.00012445548309516276,29.813226942948663,490.8819941624941,0.0,0.038242227353288236,114.67302677290968,4.912485474566872e-14,0.0,0.0001140275979432153,38.230659178656985,5.011344610033868e-11,3.7217945265561216e-14,7.79683255732553e-12,3.5572705947492195e-16,3.409242131631748e-10,0.8866708535553681,5.740341087797444e-10,0.0001984999647079667,500000.0,629951.6839917501
5.803537004124257e-05,0.0001253223640048091,29.498670561104156,486.3318911825489,0.0,0.03745399278296865,112.30979775336246,4.4740513876295663e-14,0.0,0.00011167767006951675,37.442785969986886,4.838472581966875e-11,3.632609808956391e-14,7.631075711181838e-12,9.02217589560819e-15,2.421404409303642e-10,0.8683979745977456,5.074296753885488e-10,0.00019840633747733767,500000.0,611193.438184368
5.8064601722659924e-05,0.0001261801235275718,29.18913680601494,481.902418214883,0.0,0.03669524359488791,110.0349210889454,4.079633229407471e-14,0.0,0.00010941559726574256,36.684368416826445,4.675955604630112e-11,3.548589866333965e-14,7.471805354454663e-12,1.064454173308383e-13,2.0208586804542968e-10,0.8508082507261318,4.4916298788849137e-10,0.00019831534345031215,500000.0,593306.3524757202
5.809383340407728e-05,0.00012702890717367868,28.884535684887652,477.58902689105633,0.0,0.03596448596855452,107.84392745043358,3.7243932885853196e-14,0.0,0.00010723693529338933,35.95391649600479,4.5229570681663405e-11,3.469346656318943e-14,7.318671221187848e-12,1.1324059018740943e-12,2.7453798782971476e-10,0.8338671242863716,3.9811808224209657e-10,0.00019822687521026168,500000.0,576238.1605016079
5.812306508549463e-05,0.0001278688577925979,28.584775230682308,473.38738811177154,0.0,0.03526031961125144,105.7326273177144,3.4040656585025944e-14,0.0,0.00010513751829694957,35.2500334695639,4.3787238272916074e-11,3.394505004147685e-14,7.171346993367031e-12,3.59868587085851e-15,1.224979874271582e-10,0.8175422015310969,3.5333758275774067e-10,0.0001981408309022524,500000.0,559940.376904445
5.8152296766911983e-05,0.00012870011552421057,28.289762134580638,469.29337971099955,0.0,0.034581431864465585,103.69709050883772,3.114884431988364e-14,0.0,0.00010311343827336187,34.571409059964395,4.242576325381662e-11,3.3237106832141843e-14,7.0295283341352596e-12,0.0,8.018095482830361e-11,0.801803093286486,3.1399893337206773e-10,0.00019805711389537785,500000.0,544367.98165737
5.818152844832934e-05,0.00012952281776757547,27.999402285113753,465.3030751428379,0.0,0.033926590225207276,101.73362738937615,2.853521440609594e-14,0.0,0.00010116102632877919,33.916813185490035,4.113900167934539e-11,3.256661165510753e-14,6.892931108762486e-12,0.0,5.973007276807976e-11,0.7866212707712928,2.793943332267598e-10,0.00019797563246769646,500000.0,529479.1341897893
5.8210760129746697e-05,0.00013033709916460048,27.71360122502469,461.4127326014052,0.0,0.03329463704420034,99.8387716128107,2.6170321737316645e-14,0.0,9.92768355800872e-05,33.28509020608107,3.9921388257386065e-11,3.193086875104751e-14,6.7612897730639055e-12,0.0,4.47634010408464e-11,0.7719699316348724,2.4891381636013164e-10,0.0001978962995122791,500000.0,515234.9136675202
5.823999181116405e-05,0.00013114309159593615,27.432264539401263,457.6187848607482,0.0,0.032684484141030104,98.00926425728895,2.402808706479452e-14,0.0,9.74576254356104e-05,32.67515363470382,3.8767872242351885e-11,3.1327323700590733e-14,6.634355911199143e-12,0.0,3.891310874653937e-11,0.7578238773451155,2.2203096992817184e-10,0.00019781903226285196,500000.0,501599.0831460796
5.82692234925814e-05,0.00013194092418709574,27.155298185405634,453.9178297161656,0.0,0.03209510785550034,96.24203923568336,2.2085386911980627e-14,0.0,9.570034707862826e-05,32.085981273225514,3.7673861101011707e-11,3.075363570036475e-14,6.511896907055928e-12,0.0,3.114381519648184e-11,0.7441594004126206,1.9829083620046912e-10,0.00019774375203763766,500000.0,488537.8751145737
5.8298455173998756e-05,0.00013273072332339864,26.88260877077082,450.3066209874922,0.0,0.03152554452738984,94.53420986661983,2.032169623244689e-14,0.0,9.400213008864282e-05,31.516610735344567,3.663517130929392e-11,3.0207739646886725e-14,6.393694735423625e-12,0.0,0.0,0.730954180557113,1.7729965352709008e-10,0.00019767038400013312,500000.0,476019.7962949476
5.832768685541611e-05,0.0001335126126724893,26.614103787270903,446.78206004931354,0.0,0.03097488637659975,92.88305650480052,1.87187768008974e-14,0.0,9.236027012895855e-05,30.966135322678358,3.564798538541348e-11,2.968774085674398e-14,6.279544860756531e-12,0.0,0.0,0.7181871890250495,1.5871615256160158e-10,0.00019759885693565593,500000.0,464015.44979413727
5.835691853683346e-05,0.0001342867132131797,26.34969180609692,443.3411878614092,0.0,0.030442277684764138,91.28601513882504,1.7260405093718417e-14,0.0,9.077221760125359e-05,30.433700223404674,3.4708814124637593e-11,2.919185365085531e-14,6.169255232644909e-12,1.872883162302108e-18,1.8108865030212594e-11,0.7058386004179121,1.4224415578658672e-10,0.0001975291030425357,500000.0,452497.37291665934
5.8386150218250816e-05,0.00013505314326944364,26.089282637430202,439.98117750160924,0.0,0.02992691120999171,89.74066687338515,1.5932134345184254e-14,0.0,8.923556721505731e-05,29.91849900574367,3.381446321332747e-11,2.871846581920994e-14,6.062645368333777e-12,1.2952824266348881e-18,1.3071241873386484e-11,0.6938897114248835,1.2762626928080527e-10,0.00019746105773698258,500000.0,441439.8891544403
5.841538189966817e-05,0.00013581201854861053,25.83278746181094,436.69932712469756,0.0,0.02942802496262394,88.2447282202169,1.4721086307665143e-14,0.0,8.774804833992969e-05,29.419770381070872,3.296200367937746e-11,2.8266123762971705e-14,5.959545513697917e-12,0.0,9.311597899415996e-12,0.6823228657198325,1.146385100855244e-10,0.00019739465947060593,500000.0,430818.97294310736
5.844461358108552e-05,0.00013656345218302445,25.580118937684095,433.4930533422569,0.0,0.028944899161103967,86.79604212896545,1.361576886520232e-14,0.0,8.630751607204594e-05,28.936795213708965,3.2148745753729513e-11,2.7833473158667272e-14,5.859795875054802e-12,4.205982606874786e-18,2.393281165831239e-11,0.6711213846483353,1.0308571596534171e-10,0.0001973298495596816,500000.0,420612.1259886311
5.8473845262502875e-05,0.00013730755477453128,25.331191286467185,430.35988499782616,0.0,0.028476853441060566,85.39256969545184,1.2605916132960642e-14,0.0,8.491194298470273e-05,28.46889375655803,3.137221571765536e-11,2.7419252156294127e-14,5.763245915030159e-12,6.6842278390688744e-18,6.3549976827183905e-12,0.6602695031279731,9.279761704931791e-11,0.0001972665720253864,500000.0,410798.26407155656
5.850307694392023e-05,0.00013804443444121288,25.08592036037373,427.29745723546324,0.0,0.028023244573953082,84.03238249060297,1.1682348112112964e-14,0.0,8.355941148981694e-05,28.015423093647883,3.063013532435196e-11,2.7022307448655753e-14,5.66975370639079e-12,2.5340519021499643e-17,1.2333966087225252e-10,0.6497523100477257,8.362547493513784e-11,0.00019720477344418476,500000.0,401357.61327580083
5.853230862533758e-05,0.00013877419686578752,24.844223688821923,424.3035061677167,0.0,0.027583463320822822,82.71365545859344,1.0836847385150967e-14,0.0,8.224810681007477e-05,27.57577477245948,2.992040346067553e-11,2.6641589068436733e-14,5.5791853384470995e-12,5.340420680470757e-17,1.2568106079292183e-11,0.6395556941248042,7.543919552434946e-11,0.0001971444028078069,500000.0,392271.6150691133
5.8561540306754934e-05,0.00013949694534522766,24.606020516398456,421.37586343591545,0.0,0.027156933440941357,81.43466033726799,1.0062050673354475e-14,0.0,8.097631042134811e-05,27.149372610368733,2.924107977307926e-11,2.627611428237678e-14,5.491414371120521e-12,1.677049775022232e-19,3.3305255701262177e-12,0.6296662918204753,6.812485720164792e-11,0.00019708541139191942,500000.0,383522.8388021634
5.8590771988172294e-05,0.00014021278084128385,24.371231829222925,418.51245151261855,0.0,0.02674310854349504,80.19375955798645,9.351353374069161e-15,0.0,7.974239397165774e-05,26.735670660924562,2.8590370036987047e-11,2.5924965819418348e-14,5.406321332336818e-12,4.635245126695026e-19,1.982702284947252e-12,0.620071441280723,6.1582577893269e-11,0.0001970277526329922,500000.0,375094.90172256075
5.862000366958965e-05,0.0001409218020316104,24.13978036841354,415.7112790057784,0.0,0.026341470711969586,78.98940058593536,8.698825445141998e-15,0.0,7.85448136576512e-05,26.334151326973483,2.796661306451505e-11,2.5587301789234745e-14,5.3237932548400354e-12,1.7763483288683684e-18,8.760476731374388e-13,0.6107591380577843,5.572468002855527e-11,0.00019697138201285944,500000.0,366972.3951936689
5.866949190176444e-05,0.00014210688657070243,23.75533735482194,411.10554779881267,0.0,0.02568792630483536,77.02966492582237,7.712027275525656e-15,0.0,7.659610824203453e-05,25.680798153284023,2.696778744675483e-11,2.5044227635224516e-14,5.1896258434578035e-12,0.0,5.185934624458875e-12,0.5956061370691329,4.715587575765393e-11,0.0001968787662821914,500000.0,353877.23204883345
5.8703546940669794e-05,0.0001429114482269596,23.496030339481038,408.0320093817355,0.0,0.02525650565609201,75.73599258796395,7.109208575988437e-15,0.0,7.530971725440913e-05,25.24950277782063,2.6319230254741576e-11,2.4689886998565486e-14,5.101140134464728e-12,3.0730736236224854e-17,0.0,0.5856032481123957,4.21056476038773e-11,0.0001968170053737426,500000.0,345316.3397874709
5.8737601979575146e-05,0.00014370725010237216,23.240870574520702,405.0335122739819,0.0,0.024839234276939376,74.48474670952764,6.561186630835292e-15,0.0,7.406551393324582e-05,24.83235189269888,2.5699980018714975e-11,2.4350159229655113e-14,5.01561703737068e-12,3.4434988395944314e-20,1.0342658500803678e-12,0.5759284075650541,3.7645065092917374e-11,0.00019675678316584565,500000.0,337100.1319007321
5.87716570184805e-05,0.00014449443157470311,22.98974951854639,402.1074872970746,0.0,0.02443547773766461,73.27402524995954,6.062373191173149e-15,0.0,7.28616069427059e-05,24.428711379606042,2.510820991931123e-11,2.4024111050239894e-14,4.9329197461286346e-12,1.443921984753091e-18,3.937714892149725e-13,0.5665669085436296,3.3700020928164685e-11,0.00019669804292040161,500000.0,329210.4310604238
5.880571205738585e-05,0.0001452731283786473,22.742561751078046,399.25148230295076,0.0,0.024044637561444093,72.1020338877499,5.6078056459007726e-15,0.0,7.169621205931782e-05,24.03798303251444,2.454223659887265e-11,2.3710892578236474e-14,4.852919511697451e-12,0.0,1.969333341439817e-12,0.5575048770551868,3.0206340465123224e-11,0.0001966407306346727,500000.0,321630.23549846717
5.883976709629121e-05,0.00014604347271110656,22.49920492198108,396.4631555397359,0.0,0.023666148782601024,70.96707874530573,5.1930701988981614e-15,0.0,7.056764493890482e-05,23.659602132237595,2.4000506612505164e-11,2.3409717692408493e-14,4.7754950691530245e-12,0.0,6.289818433266902e-12,0.548729215757076,2.7108392356615314e-11,0.00019658479487861543,500000.0,314343.6297673029
5.887382213519656e-05,0.00014680559333476873,22.259579688889392,393.7402696182129,0.0,0.023299477694881495,69.86755967896342,4.814236636115147e-15,0.0,6.947431444518703e-05,23.293035209397765,2.3481584503234534e-11,2.3119853421074474e-14,4.7005321132425105e-12,6.36770196987375e-17,0.0,0.5402275520856848,2.435786304150666e-11,0.000196530186647646,500000.0,307335.7033458637
5.890787717410191e-05,0.00014755961567952688,22.023589649690773,391.0806858738543,0.0,0.022944119825416973,68.80196408528442,4.467801747970857e-15,0.0,6.84147164890924e-05,22.937777979516316,2.2984142177039946e-11,2.2840622431943227e-14,4.627922817006273e-12,5.874138615769551e-17,0.0,0.5319881903241563,2.191273429219447e-11,0.00019647685922627252,500000.0,300592.4762017887
5.8941932213007265e-05,0.00014830566194145176,21.79114127378339,388.48235903660634,0.0,0.022599597976981845,67.76886117924901,4.150639214839849e-15,0.0,6.738742833799968e-05,22.593353435429464,2.2506949322889317e-11,2.2571401101267282e-14,4.557565388835945e-12,0.0,2.05749390016197e-12,0.5240000674082316,1.9736421074747607e-11,0.00019642476805895783,500000.0,294100.8306022386
5.8975987251912617e-05,0.00014904385117930934,21.562143831268493,385.94333219225257,0.0,0.022265460479144572,66.76689670384003,3.8599553460027635e-15,0.0,6.6391103356666e-05,22.259310083524507,2.2048864776246728e-11,2.2311610982220762e-14,4.489363664577742e-12,0.0,2.2228552950633124e-13,0.5162527120028789,1.7797023337383116e-11,0.0001963738706282212,500000.0,287848.4485916846
5.901004229081797e-05,0.00014977429940867454,21.33650932015639,383.4617320670035,0.0,0.021941279566461355,65.79478803429733,3.593250505437042e-15,0.0,6.542446613957601e-05,21.935220311554765,2.1608828774160215e-11,2.206071292687091e-14,4.423226731863805e-12,2.8795846216414752e-18,2.1223363237753858e-13,0.5087362066354371,1.6066686957383234e-11,0.00019632412634106632,500000.0,281823.7546479703
5.904409732972333e-05,0.00015049711969359163,21.114152391828164,381.0357646343854,0.0,0.021626649848285058,64.85131964392443,3.3482855979704398e-15,0.0,6.448630800173663e-05,21.620678876991835,2.1185856013289748e-11,2.1818205851342965e-14,4.359068583864458e-12,0.0,1.2713891823846113e-12,0.5014411526535524,1.452106079548179e-11,0.00019627549642355587,500000.0,276015.8630534184
5.907815236862868e-05,0.00015121242223567802,20.89499027545509,378.6637110019697,0.0,0.021321186909665956,63.93533890149097,3.123052699417314e-15,0.0,6.357548279969242e-05,21.315301505928094,2.0779029397559304e-11,2.1583625003599754e-14,4.296807799711195e-12,3.212733845051991e-17,0.0,0.4943586377267343,1.3138828960229412e-11,0.00019622794382230462,500000.0,270414.5295343458
5.911220740753403e-05,0.00015192031446063445,20.678942703266973,376.3439235215993,0.0,0.021024526023963524,63.04575217295544,2.9157491250266638e-15,0.0,6.269090305476096e-05,21.0187235934361,2.0387494382610674e-11,2.1356537943216352e-14,4.236367249152572e-12,5.33001239275284e-17,0.0,0.48748020569086703,1.1901308098629271e-11,0.00019618143311187823,500000.0,265010.10675606865
5.914626244643938e-05,0.00015262090110219765,20.465931836071135,374.0748221414137,0.0,0.020736320931901343,62.181521202643,2.7247545496482654e-15,0.0,6.183153635478078e-05,20.73059899709506,2.001045385599682e-11,2.1136540948389943e-14,4.17767381937127e-12,3.133855429333942e-17,0.0,0.4807978285803718,1.0792102179173026e-11,0.00019613593040781395,500000.0,259793.50335249378
5.9180317485344735e-05,0.00015331428428357993,20.255882189319653,371.8548909759458,0.0,0.020456242725511872,61.3416597512605,2.548610895035524e-15,0.0,6.099640201121105e-05,20.450598916143925,1.964716350471686e-11,2.0923257260684303e-14,4.120658162124303e-12,0.0,1.0636615861039861e-12,0.4743038806271423,9.796805078888953e-12,0.00019609140328515198,500000.0,254756.1461712756
5.9214372524250094e-05,0.00015400056359641227,20.04872055963659,369.68267509849716,0.0,0.020183978796584345,60.52523047019985,2.3860046480668735e-15,0.0,6.0184567951437845e-05,20.178410849410202,1.929692761980312e-11,2.071633560992086e-14,4.065254459497191e-12,0.0,0.0,0.4679911141008858,8.902743639818635e-12,0.0001960478207021584,500000.0,249889.9454648182
5.9248427563155446e-05,0.00015467983617721304,19.844375953243457,367.5567774989779,0.0,0.019919231880686776,59.73134199340373,2.235751256941419e-15,0.0,5.939514782653711e-05,19.913737625771653,1.8959095287808876e-11,2.051544803667599e-14,4.0114002066878204e-12,6.742702040966259e-22,4.0384308096036717e-14,0.4618526368087436,8.098755969164774e-12,0.00019600515292872574,500000.0,245187.26274209362
5.92824826020608e-05,0.0001553521967814289,19.64277951558612,365.47585622922895,0.0,0.019661719143234887,58.95914622969092,2.096781319005766e-15,0.0,5.862729831870292e-05,19.65629650144886,1.863305692638444e-11,2.0320287704496924e-14,3.959036010392674e-12,0.0,1.8161516064561313e-13,0.45588189116975436,7.374999817761642e-12,0.00019596337147906616,500000.0,240640.88107483613
5.931653764096615e-05,0.00015601773785510142,19.443864462186436,363.4386217175474,0.0,0.0194111713412877,58.20783583992662,1.9681283503194317e-15,0.0,5.7880216632816586e-05,19.40581831892294,1.8318241129480472e-11,2.013056735906478e-14,3.908105401522366e-12,6.150617478469612e-18,0.0,0.4500726347045316,6.72278655046271e-12,0.00019592244904842904,500000.0,236243.97764447483
5.93505926798715e-05,0.00015667654960421472,19.247566011361904,361.4438342298063,0.0,0.019167332040502503,57.47664188477272,1.8489179607657347e-15,0.0,5.71531381574168e-05,19.162046722722746,1.8014111792363995e-11,1.994601812504699e-14,3.858554661094831e-12,8.975330309721218e-19,3.263419437922079e-13,0.4444189218456632,6.134437214866726e-12,0.000195882359453606,500000.0,231990.09833281173
5.938464771877686e-05,0.00015732872006177663,19.05382131841786,359.49030148405245,0.0,0.01892995688001604,56.76483162998116,1.738358264765324e-15,0.0,5.644533428238633e-05,18.924737427735025,1.7720165488637017e-11,1.976638817620809e-14,3.810332658250719e-12,0.0,5.679312699446216e-13,0.43891508697090553,5.60315765073734e-12,0.00019584307757698614,500000.0,227873.13419618105
5.941870275768221e-05,0.0001579743351526852,18.862569411410018,357.5768764056932,0.0,0.018698812889092014,56.071706497301356,1.635731369593261e-15,0.0,5.57561103615087e-05,18.693657536060666,1.743592907361982e-11,1.959144135052975e-14,3.763390699424673e-12,4.233039767400991e-17,0.0,0.43355572855911445,5.1229299293473945e-12,0.00019580457931389953,500000.0,223887.2996647385
5.9452757796587565e-05,0.00015861347875644678,18.673751129363776,355.70245498495905,0.0,0.018473677853102336,55.39660015006303,1.5403858077158224e-15,0.0,5.5084803808561056e-05,18.468584898770157,1.716095749156085e-11,1.942095598640657e-14,3.717682387793059e-12,1.1477544328285109e-16,0.0,0.42833569438310853,4.688417877055382e-12,0.00019576684152299318,500000.0,220027.11230678312
5.948681283549292e-05,0.00015924623276781271,18.48730906186629,353.865974269659,0.0,0.01825433971183631,54.738876703407534,1.4517298033061055e-15,0.0,5.443078231764314e-05,18.249307519215446,1.689483176718256e-11,1.9254723976551114e-14,3.673163492199989e-12,0.0,0.0,0.42325006767559686,4.294884788123915e-12,0.0001957298419794723,500000.0,216287.3740559106
5.952086787439827e-05,0.0001598726771553918,18.303187490340825,352.06641047117944,0.0,0.018040596002941535,54.09792904998075,1.369225277587846e-15,0.0,5.3793442198390966e-05,18.035622994835283,1.6637157164252347e-11,1.909254985787963e-14,3.629791824834163e-12,0.0,8.67477857998789e-15,0.41829415418126514,3.9381216514414466e-12,0.0001956935593310205,500000.0,212663.1537743001
5.955492291330363e-05,0.00016049289001829328,18.12133233111325,350.30277717634647,0.0,0.01783225333789205,53.47317729265583,1.2923825065197315e-15,0.0,5.317220681760192e-05,17.827337994643152,1.638756149546233e-11,1.8934249897259907e-14,3.5875271269905198e-12,1.5251992143908684e-17,2.539503338363824e-14,0.41346347003961337,3.6143844752901606e-12,0.00019565797305622177,500000.0,209149.77104516828
5.958897795220898e-05,0.0001611069476408622,17.941691080483167,348.5741236494166,0.0,0.01762912691280848,52.86406727653172,1.2207553534715165e-15,0.0,5.2566525139452246e-05,17.624267769812565,1.614569356940127e-11,1.8779651255437023e-14,3.5463309623059902e-12,0.0,0.0,0.40875373043367874,3.320339498832224e-12,0.00019562306342531236,500000.0,205742.78109165243
5.962303299111433e-05,0.00016171492454557465,17.764212761664314,346.87953322185496,0.0,0.017431040050460655,52.270069213072,1.1539370098803475e-15,0.0,5.197587035730444e-05,17.426235694980864,1.5911221761933824e-11,1.8628591262151365e-14,3.5061666169103944e-12,0.0,5.77904593727514e-14,0.404160838950758,3.0530152452234766e-12,0.00019558881146311376,500000.0,202437.96073591878
5.9657088030019683e-05,0.00016231689354415506,17.588847873276862,345.21812177590357,0.0,0.01723782376919403,51.69067638982338,1.0915561866239317e-15,0.0,5.139973861070794e-05,17.233072838084308,1.568383270071755e-11,1.8480916760621773e-14,3.4669990059812092e-12,0.0,0.0,0.3996808776064701,2.809760508341105e-12,0.00019555519891401753,500000.0,199231.2953243632
5.9691143068925035e-05,0.0001629129257869745,17.415548339823292,343.5890362963919,0.0,0.01704931638068837,51.125403959675715,1.0332737052136421e-15,0.0,5.0837647781426435e-05,17.04461755671137,1.546323005271565e-11,1.8336483473595493e-14,3.428794586233544e-12,1.2631743350378526e-16,5.265662212340653e-13,0.3953100974815481,2.5882075102071475e-12,0.00019552220820888113,500000.0,196118.96653289275
5.972519810783039e-05,0.00016350309081077257,17.244267462713697,341.99145354933637,0.0,0.016865363104587833,50.573787804112634,9.787794438102873e-16,0.0,5.028913636336808e-05,16.860715119123665,1.524913340555849e-11,1.8195155396094522e-14,3.3915212739157177e-12,0.0,0.0,0.39104490993854757,2.386239555355569e-12,0.0001954898224337513,500000.0,193097.3410210108
5.9759253146735746e-05,0.00016408745658479795,17.07495987677372,340.4245786593974,0.0,0.016685815730365632,50.03538346528627,9.277895982493892e-16,0.0,4.975376239984756e-05,16.681217348222027,1.5041277234463667e-11,1.8056804263907795e-14,3.3551483679125495e-12,1.6476543762369109e-15,5.770026854137986e-12,0.3868818783464433,2.201962574126716e-12,0.00019545802530017122,500000.0,190162.95974544375
5.97933081856411e-05,0.00016466608955537792,16.907581501131563,338.8876440847749,0.0,0.016510532244427875,49.50976514222425,8.800442234063491e-16,0.0,4.923110248664535e-05,16.50598228689353,1.4839409947325193e-11,1.7921309061400047e-14,3.3196464775955303e-12,2.5146618918921746e-20,3.2813859061886917e-15,0.38281771035724216,2.033680142607514e-12,0.0001954268011172644,500000.0,187312.52816210542
5.982736322454645e-05,0.00016523905468895567,16.7420894974983,337.3799083714147,0.0,0.016339376572932638,48.99652474680884,8.353050235195094e-16,0.0,4.872075083287801e-05,16.33487388328587,1.464329300116085e-11,1.7788555561464748e-14,3.2849874550858064e-12,1.8881227188217428e-17,3.592758977686465e-14,0.3788492505490167,1.879871416068307e-12,0.00019539613476514078,500000.0,184542.90691456292
5.98614182634518e-05,0.00016580641551370228,16.578442230287383,335.9006549904904,0.0,0.01617221822857896,48.495271015438504,7.93353365025415e-16,0.0,4.82223183771775e-05,16.167761694645613,1.445270008392978e-11,1.7658435888951594e-14,3.2511443316190042e-12,3.9995834108502117e-17,5.960308517360055e-14,0.37497347361405226,1.739171701159284e-12,0.00019536601166969124,500000.0,181851.10313897373
5.9895473302357154e-05,0.0001663682341597757,16.41659922608594,334.4491912944141,0.0,0.01600893206262574,48.00562867262053,7.53988487828026e-16,0.0,4.773543195608213e-05,16.00452060846966,1.4267416356230264e-11,1.7530848119230675e-14,3.218091257726882e-12,5.019944459493279e-17,5.6321892866160515e-14,0.37118747786065087,1.6103553198103463e-12,0.0001953364177787551,500000.0,179234.26236172987
5.992952834126251e-05,0.00016692457139823286,16.256521133738907,333.02484757311015,0.0,0.015849397996331074,47.527237643079445,7.170258934527102e-16,0.0,4.725973352087642e-05,15.845030579831326,1.4087237747861985e-11,1.7405695911694876e-14,3.185803446976296e-12,0.0,0.0,0.36748847912681687,1.4923204595982085e-12,0.00019530733953954162,500000.0,176689.66093877
5.9963583380167865e-05,0.00016747548667861214,16.09816968683643,331.62697611284256,0.0,0.01569350077283454,47.05975230920785,6.822958911952645e-16,0.0,4.679487939926737e-05,15.689176383823021,1.391197030472145e-11,1.7282888167769063e-14,3.1542571230253235e-12,7.131665130107689e-17,6.549102224630223e-14,0.3638738050392204,1.3840757772311152e-12,0.00019527876387718049,500000.0,174214.69894810749
6.004255751595027e-05,0.00016873252130049452,15.737390870325568,328.483733287842,0.0,0.01534536372225619,46.01580186773247,6.095056754473839e-16,0.0,4.5756804767930187e-05,15.34113539742525,1.3523417171370207e-11,1.7006648632683503e-14,3.0838295403503423e-12,7.322319201333984e-16,2.5681310954455865e-14,0.35580180718819443,1.1659455424819874e-12,0.00019521436152197886,500000.0,168729.67321835563
6.009950137305417e-05,0.00016962139486956866,15.482641126664932,326.2993921934507,0.0,0.015105380925223594,45.29617101688651,5.629914249795473e-16,0.0,4.504122431454718e-05,15.101218806351934,1.3257832698907917e-11,1.681445087965963e-14,3.0352965180193124e-12,1.2497010627930585e-18,8.917401463124602e-16,0.3502375021685401,1.0330682423664176e-12,0.00019516947594888566,500000.0,164982.65491705886
6.015644523015808e-05,0.00017049588619195153,15.23222735352964,324.1808700415799,0.0,0.014874139721698782,44.602753354038434,5.208575762024512e-16,0.0,4.4351709510082376e-05,14.87004138856362,1.3003643662666989e-11,1.662772816629171e-14,2.9885428167108834e-12,0.0,1.649383576231194e-14,0.3448758818645539,9.173388542124233e-13,0.0001951258313444107,500000.0,161398.66208895974
6.021338908726198e-05,0.000171356237858122,14.985999055101317,322.1256985881373,0.0,0.01465122078165476,43.93429144840021,4.826276813363942e-16,0.0,4.3687010001052866e-05,14.647183931198537,1.2760183878582944e-11,1.6446178451914033e-14,2.9434822360308375e-12,5.944816656927051e-16,0.0,0.33970722361255284,8.163287837695343e-13,0.00019508337868149664,500000.0,157968.54613926422
6.027033294436589e-05,0.0001722026840744044,14.743812308892906,320.13153562070676,0.0,0.014436230839701738,43.289606025864686,4.47883604822728e-16,0.0,4.304595315065157e-05,14.432253277927193,1.2526837298211774e-11,1.626952528076926e-14,2.9000339998807656e-12,0.0,0.0,0.33472240906868694,7.279806146446875e-13,0.0001950420716379444,500000.0,154683.79962296106
6.03272768014698e-05,0.00017303545103137242,14.505529409514965,318.1961568575226,0.0,0.014228800748315742,42.66759013525912,4.162575143225107e-16,0.0,4.242743823804438e-05,14.224880384048829,1.2303033443792684e-11,1.609751534217407e-14,2.858122345073996e-12,0.0,7.758034334469853e-14,0.32991287910271544,6.50547896969878e-13,0.00019500186641462647,500000.0,151536.50312243227
6.0384220658573705e-05,0.00017385475724943517,14.27101853742667,316.31744854847756,0.0,0.014028583702104117,42.06720382389662,3.8742516216397587e-16,0.0,4.183043116391106e-05,14.024718541381962,1.2088243341288177e-11,1.5929916276069293e-14,2.8176761466706873e-12,6.736253005380922e-15,7.660462233083048e-14,0.32527059262857777,5.825447372054465e-13,0.00019496272157035232,500000.0,148519.27723076628
6.044116451567761e-05,0.0001746608139032985,14.040153450439666,314.4934007357056,0.0,0.013835253615807489,41.48746927179105,3.6110024175428056e-16,0.0,4.125395961198083e-05,13.83144175606795,1.188197589020188e-11,1.576651471548794e-14,2.77862857628678e-12,3.285427362872041e-14,0.0,0.32078798898064964,5.227041735014622e-13,0.000194924597871826,500000.0,145625.23909832354
6.0498108372781515e-05,0.00017545382512987407,13.81281319364872,312.7221009634425,0.0,0.013648503639878214,40.927466337417876,3.3702953115089832e-16,0.0,4.0697108619628876e-05,13.644743263579262,1.1683774601778803e-11,1.560711453901258e-14,2.740916789796849e-12,4.5062316925132363e-20,8.829991817326781e-17,0.3164579534717166,4.699437295632639e-13,0.00019488745815470849,500000.0,142847.96297819391
6.055505222988542e-05,0.0001762339883218156,13.588881824540382,311.0017283991815,0.0,0.01346804479815878,40.38632847469867,3.149886602306721e-16,0.0,4.0159016517988786e-05,13.464334167489396,1.1493214656784826e-11,1.5451535293635055e-14,2.7044816414468716e-12,6.596509757763171e-16,0.0,0.31227378582337495,4.233366305967528e-13,0.00019485126719378826,500000.0,140181.44435326775
6.061199608698933e-05,0.00017700149440631632,13.368248153325672,309.33054838864194,0.0,0.013293604737698642,39.86323898690277,2.947784498895575e-16,0.0,3.96388712070553e-05,13.289942190567055,1.1309900252231176e-11,1.5299610763989856e-14,2.669267421927772e-12,0.0,3.025818455740197e-16,0.3082291712011899,3.820877877271634e-13,0.00019481599158238238,500000.0,137620.06730681704
6.066893994409324e-05,0.00017775652810890597,13.150805499309737,307.7069074104292,0.0,0.013124926582054048,39.35742758664773,2.762217766825741e-16,0.0,3.913590673501128e-05,13.121310527920159,1.1133462209997274e-11,1.515118767942598e-14,2.635221618213592e-12,0.0,4.523654646112338e-17,0.30431815361572606,3.4551374760141094e-13,0.0001947815996210758,500000.0,135158.57481016347
6.072588380119714e-05,0.00017849926820327444,12.936451462158901,306.1292283956931,0.0,0.012961767877012,38.868167233501374,2.5916087985010346e-16,0.0,3.864940015355218e-05,12.958196792688979,1.096355581773221e-11,1.500612455040094e-14,2.602294693095478e-12,0.0,9.976335975632547e-17,0.3005351114699831,3.1302587459784807e-13,0.0001947480612149431,500000.0,132792.04163290685
6.078282765830105e-05,0.0001792298877485785,12.725087706355628,304.5960063682847,0.0,0.012803899619983142,38.394771223329606,2.434550244307192e-16,0.0,3.817866862360184e-05,12.80037204566841,1.0799858873751667e-11,1.4864290618772368e-14,2.570439882522781e-12,0.0,2.6565662186117174e-16,0.29687473505370204,2.8411622340958477e-13,0.00019471534777806335,500000.0,130515.84960745394
6.083977151540495e-05,0.0001799485543151525,12.516619758003035,303.1058043542881,0.0,0.012651105365489515,37.93659050649563,2.2897846280805985e-16,0.0,3.772306674864437e-05,12.647619901226651,1.0642069913056653e-11,1.4725564906307543e-14,2.5396130090966034e-12,5.4810857154986635e-16,0.0,0.2933320058074177,2.5834565660964325e-13,0.00019468343214455597,500000.0,128325.66500618201
6.089671537250886e-05,0.00018065543019903953,12.310956812756249,301.65724959943543,0.0,0.012503180400261514,37.493011214615905,2.156186603332511e-16,0.0,3.728198411541748e-05,12.499735702754286,1.0489906596297582e-11,1.4589835350033322e-14,2.509772310266307e-12,7.5858437301863985e-16,0.0,0.28990217719903655,2.353338246374589e-13,0.00019465228848580232,500000.0,126217.41785320072
6.095365922961277e-05,0.00018135067262576923,12.108011554784753,300.2490300484789,0.0,0.01235993098193704,37.06345237756817,2.0327475425650415e-16,0.0,3.685484302375848e-05,12.356525761541185,1.0343104245508332e-11,1.4456998017574767e-14,2.48087827992344e-12,0.0,1.0891295010473212e-15,0.2865807570713225,2.1475069806244444e-13,0.00019462189223350186,500000.0,124187.28297617572
6.1010603086716675e-05,0.000182034433944042,11.907699986615008,298.8798910200443,0.0,0.01222117363569381,36.6473638140857,1.9185621198716396e-16,0.0,3.644109638906461e-05,12.217806653525075,1.0201414511306023e-11,1.4326956396698752e-14,2.452893522199659e-12,0.0,1.4470520467549058e-15,0.283363491331547,1.9630940018096828e-13,0.00019459222000806105,500000.0,122231.66261440785
6.106754694382059e-05,0.00018270686181002022,11.709941268267716,297.5486321181315,0.0,0.012086734503657446,36.24422418085413,1.8128165737229233e-16,0.0,3.60402258023693e-05,12.083404568883005,1.0064604157666e-11,1.419962075105203e-14,2.4257826163881674e-12,2.1303901908030597e-22,1.1034384685269172e-17,0.2802463488667759,1.797601290332124e-13,0.00019456324955183067,500000.0,120347.17046108101
6.112449080092449e-05,0.00018336809936277798,11.514657565147983,296.25410435526254,0.0,0.01195644874261851,35.85353916655249,1.7147784124329574e-16,0.0,3.565173973455048e-05,11.95315470994555,9.932453952320845e-12,1.4074907534115596e-14,2.3995119920218382e-12,0.0,6.746422758803703e-18,0.27722550757992415,1.6488499167382408e-13,0.00019453495966678623,500000.0,118530.61700375166
6.11814346580284e-05,0.00018401828539134495,11.321773904473323,294.99520745049125,0.0,0.011830159966013321,35.474839818623714,1.6237873836036887e-16,0.0,3.527517187252111e-05,11.826900733361482,9.804757652495191e-12,1.3952738855675134e-14,2.3740498132409227e-12,1.6962610821664837e-16,3.5685200773188365e-16,0.2742973414520932,1.5149360684321732e-13,0.00019450733015633458,500000.0,116778.99603598013
6.12383785151323e-05,0.00018465755449377215,11.131218039658554,293.77088729827824,0.0,0.011707719726514508,35.107680991700505,1.539247549894865e-16,0.0,3.49100795763876e-05,11.704494232820899,9.681321076786348e-12,1.3833041996564329e-14,2.349365871665336e-12,3.228015736140203e-17,0.0,0.2714584085455304,1.3941935506192553e-13,0.00019448034177096284,500000.0,115089.47223806495
6.129532237223621e-05,0.0001852860372286758,10.942920322269313,292.5801335843411,0.0,0.01158898703584234,34.751639907615655,1.4606203216444917e-16,0.0,3.455604244756453e-05,11.585794258979368,9.56196125483032e-12,1.3715748967606701e-14,2.325431487057629e-12,1.0513138951849492e-15,0.0,0.268705439869371,1.2851617465998755e-13,0.00019445397615743134,500000.0,113459.36972686891
6.13522662293401e-05,0.00018590386025967896,10.756813580135036,291.42197761915,0.0,0.011473827918690298,34.40631481786346,1.387418316246154e-16,0.0,3.421266099875869e-05,11.470666873538043,9.446505647250146e-12,1.3600796108127123e-14,2.302219415129797e-12,0.0,0.0,0.26603532903758603,1.1865581932245064e-13,0.00019442821581125923,500000.0,111886.16152054229
6.140921008644402e-05,0.000186511146493192,10.572833005074514,290.29549003016785,0.0,0.011362114998151937,34.0713237601897,1.3191999352630657e-16,0.0,3.3879555417576696e-05,11.35898473470516,9.33479142925269e-12,1.3488123723469738e-14,2.2797037619062065e-12,1.2780580853565012e-14,2.9142400605787862e-15,0.26344512265468656,1.0972550565040559e-13,0.00019440304403214645,500000.0,110367.45970592958
6.146615394354793e-05,0.00018710801520980915,10.390916040561395,289.1997791355232,0.0,0.011253727109768633,33.74630340181798,1.255564571249852e-16,0.0,3.355636441623484e-05,11.250626711541107,9.226664831957251e-12,1.3377675749335292e-14,2.2578599041139922e-12,4.18436420402077e-21,3.3382671471604223e-18,0.2609320113714644,1.0162589962008524e-13,0.0001943784448823824,500000.0,108901.0065598011
6.152309780065183e-05,0.00018769458218962943,10.211002280153869,288.1339889875941,0.0,0.011148548942657337,33.430907962464005,1.1961483658077083e-16,0.0,3.324274416064429e-05,11.14547752490384,9.121980536187463e-12,1.3269399446433589e-14,2.236664415118912e-12,1.3844326147178173e-16,1.8058502769156166e-17,0.25849332155740373,9.426937391152562e-14,0.0001943544031477119,500000.0,107484.6661719247
6.158004165775574e-05,0.00018827095983190166,10.033033371593557,287.0972975049188,0.0,0.011046470704584987,33.124808210837465,1.1406204512022075e-16,0.0,3.293836727257186e-05,11.043427412894252,9.020601113969263e-12,1.316324512540081e-14,2.216094995963812e-12,0.0,0.0,0.25612650754161936,8.757851361314267e-14,0.00019433090430062236,500000.0,106116.41668190747
6.163698551485964e-05,0.00018883725726933056,9.856952924291528,286.08891485684126,0.0,0.010947387810075676,32.827690528908846,1.0886796143544167e-16,0.0,3.2642921899171785e-05,10.944371818893558,8.922396513440125e-12,1.3059165898201375e-14,2.1961304111077154e-12,0.0,0.0,0.2538291443775254,8.148482549032785e-14,0.00019430793446593742,500000.0,104794.3431411546
6.169392937196355e-05,0.00018939358047726843,9.682706420885058,285.10808200638024,0.0,0.010851200589201372,32.53925603876481,1.0400513307242905e-16,0.0,3.235611084474916e-05,10.84821110046698,8.827243583306355e-12,1.2957117449909042e-14,2.1767504285021703e-12,0.0,0.0,0.25159892109155485,7.592762097182097e-14,0.00019428548038852119,500000.0,103516.63091747495
6.175087322906746e-05,0.0001899400323780031,9.510241133923904,284.15406928591733,0.0,0.01075781401569432,32.259219787320475,9.944851238952504e-17,0.0,3.20776507600593e-05,10.754850257556283,8.73502563338472e-12,1.2857057828210308e-14,2.1579357636732418e-12,0.0,1.474019403549106e-18,0.24943363437922259,7.08530501838284e-14,0.00019426352940290527,500000.0,102281.55955548056
6.184177393041085e-05,0.00019079213642289217,9.238496155524924,282.6850039817721,0.0,0.010614319140392701,31.828924879093055,9.275313712304107e-17,0.0,3.164977774016214e-05,10.61139491873826,8.593625523709586e-12,1.2701353841284956e-14,2.129027640996396e-12,0.0,8.077696879401864e-19,0.24610652282718534,6.363566726855868e-14,0.0001942295012518999,500000.0,100394.32926923865
6.193267463175424e-05,0.00019161973148865315,8.970961701587106,281.2797882092313,0.0,0.010477384278448593,31.41830133673314,8.669740714448769e-17,0.0,3.1241465367065034e-05,10.474497785470904,8.45900379556459e-12,1.2550465642074536e-14,2.1014430988181905e-12,2.8645398109497217e-17,2.355721568541606e-18,0.24293151353657444,5.736016540822405e-14,0.00019419667797756428,500000.0,98605.41951206782
6.202357533309764e-05,0.0001924231916529406,8.707448684192979,279.9358673639148,0.0,0.010346687037133234,31.02638240853795,8.120917087343863e-17,0.0,3.085175233036562e-05,10.343836553933208,8.330773212926506e-12,1.2404253113638243e-14,2.0751167701302745e-12,0.0,0.0,0.23990113142298797,5.188681610829811e-14,0.00019416501633450433,500000.0,96909.11325350664
6.211447603444104e-05,0.00019320287423305843,8.447777251280812,278.65083636409395,0.0,0.010221927710202802,30.652269372210416,7.622556170319484e-17,0.0,3.0479744966169e-05,10.219111600520142,8.208576770607567e-12,1.2262586178883621e-14,2.0499879078550257e-12,4.097301603759587e-17,1.8280115389349064e-18,0.23700842741666234,4.709887878522507e-14,0.00019413447605528639,500000.0,95300.13905442625
6.220537673578443e-05,0.00019395912058808778,8.1917761767588,277.4224294440308,0.0,0.010102827441090919,30.2951260268751,7.169168935407841e-17,0.0,3.012461178010549e-05,10.10004414554452,8.092084907663267e-12,1.2125343630455654e-14,2.026000008449975e-12,0.0,3.3049859123886503e-19,0.23424693587382603,4.2898488133615e-14,0.0001941050196405333,500000.0,93773.63113029562
6.229627743712782e-05,0.00019469225687745675,7.9392822880699345,276.2485106506052,0.0,0.00998912656187741,29.95417371219677,6.755951290463692e-17,0.0,2.9785578494482542e-05,9.986374592668849,7.980993014699605e-12,1.199241210639314e-14,2.0031004717314335e-12,0.0,4.121335473939029e-19,0.23161063606370175,3.9203337540873756e-14,0.00019407661216394982,500000.0,92325.0935237799
6.238717813847122e-05,0.0001954025947745244,7.690139931876058,275.1270650367354,0.0,0.009880583089750747,29.628686799771177,6.378687655121277e-17,0.0,2.9461923565050915e-05,9.877861025787226,7.875019203368275e-12,1.1863685205590968e-14,1.9812402931422473e-12,9.881120589578803e-18,6.446202965545186e-19,0.2290939173071943,3.594399365337361e-14,0.00019404922109240918,500000.0,90950.36793662707
6.247807883981462e-05,0.00019609043212978682,7.4442004823216985,274.0561906182689,0.0,0.009776971365450337,29.317988610251607,6.03367009832373e-17,0.0,2.9152974121111467e-05,9.774277847842608,7.773902314132193e-12,1.1739062737370462e-14,1.960373785283691e-12,0.0,0.0,0.22669154740743555,3.3061704081365874e-14,0.000194022816122868,500000.0,89645.6048559779
6.256897954115801e-05,0.00019675605358670872,7.201321889060458,273.03409103130855,0.0,0.00967808081875704,29.021447711449216,5.717630584108585e-17,0.0,2.8858102284452227e-05,9.675414546656347,7.677400134436923e-12,1.1618450083307733e-14,1.940458325613398e-12,9.122706566373468e-18,4.944218049012442e-19,0.22439864402608137,3.050660668035326e-14,0.0001939973690348407,500000.0,88407.2376025199
6.260121831970531e-05,0.00019698683735391116,7.115892218002785,272.6829876965665,0.0,0.009644105021931769,28.91956523965023,5.611950430245096e-17,0.0,2.8756793251856475e-05,9.641448110539978,7.644240394322664e-12,1.1576619888720068e-14,1.933616001113944e-12,5.809754915030006e-18,3.8478802383056494e-19,0.22361087186705697,2.967081267729973e-14,0.00019398856908102137,500000.0,87983.3578064479
6.263345709825262e-05,0.00019721487282351935,7.030824520803257,272.33773218507787,0.0,0.009610689852296541,28.819363908196543,5.5094309516041735e-17,0.0,2.865715589741136e-05,9.608042147144115,7.611623139836558e-12,1.1535278895215748e-14,1.926886580371029e-12,0.0,0.0,0.22283609856383235,2.8869087825842863e-14,0.0001939798851754357,500000.0,87567.27117560996
6.263723983254935e-05,0.00019724144972888094,7.020866569087456,272.29760273779664,0.0,0.009606805456030694,28.807715854870843,5.4976037370972715e-17,0.0,2.8645573404434754e-05,9.604158821070635,7.607831125285055e-12,1.1530460044667158e-14,1.926104308458384e-12,7.654727290334603e-19,2.0812651297019887e-19,0.22274603388484684,2.877717540301481e-14,0.0001939788738066285,500000.0,87518.95453002388
6.264102256684607e-05,0.0001972679889752191,7.010913512772663,272.2575559266079,0.0,0.009602928652459427,28.796090569590344,5.4858182938711816e-17,0.0,2.863401355135482e-05,9.600283085599733,7.604046436357757e-12,1.1525647867970941e-14,1.9253235655071155e-12,0.0,2.5493263814513304e-19,0.22265614525216074,2.8685710697248334e-14,0.0001939778640187616,500000.0,87470.74411362445
6.264609766763897e-05,0.0001973035361985113,6.997567681172836,272.2039579929956,0.0,0.009597739247895781,28.780529216691775,5.470071673862676e-17,0.0,2.8618539784570428e-05,9.595095110771675,7.598980194624647e-12,1.1519202082848952e-14,1.9242784798416342e-12,4.294881551141704e-18,1.165338722581857e-20,0.2225358222922464,2.856369948167264e-14,0.00019397651171846646,500000.0,87406.22954539915
6.265117276843189e-05,0.0001973390157126354,6.984230623067387,272.15051005014095,0.0,0.00959256345571755,28.76500868295214,5.4543994975950697e-17,0.0,2.8603106607196846e-05,9.589920744578446,7.593927076978098e-12,1.1512768266546474e-14,1.923236135286205e-12,3.544010815116917e-18,2.3345577308370413e-19,0.2224158149528347,2.8442489863572145e-14,0.00019397516225656312,500000.0,87341.90582907888
6.26562478692248e-05,0.00019737442756206136,6.970902316138675,272.09721152813233,0.0,0.009587401244785293,28.74952887499433,5.4388013418475314e-17,0.0,2.8587713926382546e-05,9.584759955889199,7.5888870479714e-12,1.1506346393278578e-14,1.9221965255401974e-12,0.0,5.631930855314425e-19,0.2222961225119184,2.83220758660427e-14,0.00019397381562887039,500000.0,87277.7723465661
6.26613229700177e-05,0.00019740977179114597,6.957582738157901,272.04406197710415,0.0,0.00958225258407716,28.734089699793678,5.4232767861204133e-17,0.0,2.8572361649626435e-05,9.57961271369059,7.583860072307856e-12,1.1499936438628159e-14,1.92115964432687e-12,8.674462655236132e-18,0.0,0.22217674425021536,2.8202450732753738e-14,0.000193972471831227,500000.0,87213.82852039178
6.266639807081061e-05,0.0001974450484441334,6.944271867054113,271.99106126755794,0.0,0.009577117442688214,28.718691064676296,5.407825412700628e-17,0.0,2.855704968477624e-05,9.574478987086216,7.578846114836078e-12,1.1493538378911194e-14,1.9201254853932364e-12,1.1444494710373395e-17,0.0,0.2220576794511557,2.8083608620924582e-14,0.00019397113085948945,500000.0,87150.07387786297
6.267147317160351e-05,0.0001974802575651557,6.930969680824935,271.93820931126095,0.0,0.009571995789830078,28.703332877317592,5.3924468067120696e-17,0.0,2.8541777940027013e-05,9.569358745296128,7.573845140543334e-12,1.1487152190348094e-14,1.9190940425099175e-12,4.053786907559797e-17,0.0,0.22193892740087032,2.7965544172242286e-14,0.00019396979270952953,500000.0,87086.50796129311
6.267654827239642e-05,0.0001975153991982338,6.917676157464337,271.88550586968256,0.0,0.009566887594829772,28.688015045740503,5.3771405560827813e-17,0.0,2.8526546323919366e-05,9.564251957656237,7.568857114553933e-12,1.1480777848883632e-14,1.918065309471017e-12,0.0,2.8250256732192727e-18,0.22182048738817756,2.7848251910173745e-14,0.000193968457377234,500000.0,87023.1302665723
6.268162337318932e-05,0.00019755047338727703,6.904391275008201,271.8329506182592,0.0,0.009561792827131146,28.67273747831435,5.36190625147407e-17,0.0,2.8511354745338382e-05,9.55915859361794,7.563882002132607e-12,1.1474415330805044e-14,1.9170392800940703e-12,2.411258783473862e-16,0.0,0.22170235870457344,2.773172580695961e-14,0.00019396712485850566,500000.0,86959.94026387189
6.268669847398223e-05,0.00019758548017608315,6.891115011502261,271.78054328099347,0.0,0.009556711456288967,28.657500083753593,5.3467434862429477e-17,0.0,2.8496203113512262e-05,9.55407862274769,7.558919768686299e-12,1.1468064613123711e-14,1.9160159482199786e-12,0.0,1.6274021444277928e-17,0.22158454064422464,2.761595973745944e-14,0.00019396579514926698,500000.0,86896.93744079604
6.269177357477515e-05,0.0001976204196083389,6.87784734520887,271.7282836273385,0.0,0.00955164345198287,28.64230277111624,5.3316518564421897e-17,0.0,2.848109133801098e-05,9.549012014726484,7.553970379762123e-12,1.146172567332815e-14,1.9149953077128913e-12,2.0151310681904413e-15,0.0,0.22146703250394909,2.7500948058792386e-14,0.00019396446824545288,500000.0,86834.12130133524
6.269684867556805e-05,0.00019765529172761982,6.864588253983066,271.6761714842486,0.0,0.00954658878397227,28.62714544980266,5.316630960821773e-17,0.0,2.8466019328744488e-05,9.543958739349454,7.54903380104437e-12,1.1455398488963159e-14,1.9139773524601054e-12,0.0,1.1004858858797488e-16,0.2213498335832291,2.7386685531427087e-14,0.00019396314414302817,500000.0,86771.49136967344
6.270717240487545e-05,0.000197726020760913,6.8376430922373315,271.5706193812392,0.0,0.009536347650873996,28.596435590014522,5.286292214429116e-17,0.0,2.8435482317507234e-05,9.533720427771241,7.53903124366459e-12,1.1442563967803772e-14,1.9119148976742655e-12,0.0,6.264131186885733e-19,0.2211123798571644,2.7156542058937858e-14,0.00019396045929299602,500000.0,86644.66258661888
6.271749613418285e-05,0.0001977964718015749,6.8107331439287,271.4656743390503,0.0,0.00952616132633682,28.56589008325827,5.25624119369551e-17,0.0,2.8405108734252457e-05,9.52353690959036,7.52908126688633e-12,1.1429777814937124e-14,1.9098634781607267e-12,0.0,3.956164119098155e-19,0.22087619693595253,2.6929428597866955e-14,0.0001939577859844817,500000.0,86518.59802346976
6.272781986349026e-05,0.0001978666452121899,6.78385822556055,271.3613345060436,0.0,0.009516029560289442,28.535508179876928,5.2264746218412524e-17,0.0,2.8374897833540566e-05,9.51340793487985,7.519183587084417e-12,1.1417039850448281e-14,1.907823043342722e-12,0.0,3.5879440115679666e-19,0.2206412790231591,2.6705299921622095e-14,0.00019395512418410516,500000.0,86393.2936172306
6.273814359279767e-05,0.00019793654135346215,6.75701815578505,271.25759795364604,0.0,0.00950595210461303,28.505289135933666,5.196989265969284e-17,0.0,2.8344848875621236e-05,9.503333255619793,7.509337922939947e-12,1.1404349899078757e-14,1.9057935430303677e-12,9.787418266716655e-17,2.172270325629489e-19,0.2204076203665566,2.6484111390374353e-14,0.0001939524738587238,500000.0,86268.7453104289
6.274846732210507e-05,0.00019800616058423268,6.730212755353768,271.15446266285215,0.0,0.009495928713127353,28.475232213161114,5.1677819363869044e-17,0.0,2.831496112638294e-05,9.493312625680401,7.49954399541734e-12,1.1391707789897706e-14,1.9037749274172198e-12,1.5440268586891378e-16,2.061581790107425e-17,0.22017521525773062,2.6265819033643453e-14,0.00019394983497543123,500000.0,86144.9490466803
6.276899373323461e-05,0.00019814376152307487,6.677018540818296,270.9511797800929,0.0,0.00947615910452827,28.415949524485942,5.110523297477113e-17,0.0,2.825601210665935e-05,9.473548463875765,7.480223581784285e-12,1.136671327167338e-14,1.899793505749387e-12,0.0,2.960463984608353e-18,0.2197168316827958,2.584022815701833e-14,0.00019394462201327852,500000.0,85901.02637457846
6.278952014436414e-05,0.00019828027196307896,6.6239592809986005,270.75025055745095,0.0,0.009456600361823535,28.357299154788645,5.0543271131179564e-17,0.0,2.8197691846944556e-05,9.453995109894965,7.461104453933138e-12,1.1341905950857908e-14,1.8958545347592166e-12,4.9336425704884314e-17,1.1369619220680944e-19,0.21926333730301908,2.5425586436941875e-14,0.00019393945390241282,500000.0,85660.02969520565
6.281004655549368e-05,0.00019841569466014998,6.571033594113913,270.551659680003,0.0,0.009437250615010957,28.299275496315687,4.9991697726871425e-17,0.0,2.8139994771049845e-05,9.434650694177927,7.442184496880543e-12,1.1317284603419618e-14,1.8919576361561625e-12,0.0,1.3691213889122644e-16,0.21881468875828422,2.502157450909885e-14,0.0001939343303936873,500000.0,85421.92832939536
6.283057296662321e-05,0.0001985500323419512,6.518240109421059,270.35539215734275,0.0,0.009418108022147036,28.241873025655128,4.945028282969954e-17,0.0,2.8082915386651604e-05,9.415513375283071,7.423461629347937e-12,1.1292848049981708e-14,1.888102437352157e-12,0.0,3.485043470690024e-18,0.21837084334065188,2.4627883987697153e-14,0.0001939292512420996,500000.0,85186.69214360962
6.285109937775274e-05,0.00019868328770815307,6.465577467816404,270.1614332565109,0.0,0.009399170768929068,28.18508630238976,4.891880249462578e-17,0.0,2.8026448283952886e-05,9.396581339438319,7.404933803137846e-12,1.1268595150967373e-14,1.884288571369999e-12,0.0,1.870702223763229e-17,0.21793175898392947,2.4244217019797292e-14,0.00019392421620670905,500000.0,84954.29152027647
6.287162578888226e-05,0.00019881546343066453,6.413044322816575,269.96976840552776,0.0,0.009380437068301516,28.128909967783603,4.8397038591058516e-17,0.0,2.7970588134378396e-05,9.37785280010315,7.386599002534581e-12,1.1244524803155408e-14,1.880515676754069e-12,0.0,4.527479229772384e-16,0.21749739425349332,2.387028572802993e-14,0.00019391922505054973,500000.0,84724.6973193467
6.28921522000118e-05,0.00019894656215388017,6.360639340711915,269.780383162345,0.0,0.009361905160034016,28.0733387434868,4.7884778635802255e-17,0.0,2.791532968928708e-05,9.359325997536866,7.368455243717921e-12,1.1220635936796822e-14,1.876783397482329e-12,2.8647259183042816e-17,4.904219554121786e-16,0.21706770833627018,2.350581177801572e-14,0.00019391427754056982,500000.0,84497.88086087284
6.292668480616312e-05,0.00019916469325523286,6.272761345776279,269.46687499089984,0.0,0.009331178525198687,27.981199461818207,4.704385128895785e-17,0.0,2.78237090078773e-05,9.328607828166396,7.338356751916426e-12,1.1180853119071904e-14,1.870595070460133e-12,2.0828642455242118e-16,0.0,0.21635527213828268,2.2913236925519017e-14,0.00019390605194458452,500000.0,84122.48577164773
6.296121741231445e-05,0.00019937979580984924,6.185236138163203,269.1597115397933,0.0,0.009301010036545447,27.890733880779667,4.622828730563439e-17,0.0,2.773375260677683e-05,9.298447651201537,7.308784351136455e-12,1.1141576244039983e-14,1.864519070506788e-12,3.499794946364687e-17,0.0,0.21565577727098528,2.2345446714981882e-14,0.00019389794816646188,500000.0,83754.74141284794
6.299575001846578e-05,0.0001995918818941367,6.0980575942757085,268.8588272204353,0.0,0.009271391805834497,27.801918346039965,4.54371753800935e-17,0.0,2.764543696479161e-05,9.268837580562224,7.279729178701119e-12,1.110280073695334e-14,1.858553802341066e-12,0.0,1.1766709289299648e-19,0.2149690408351608,2.1801283626322422e-14,0.0001938899651693244,500000.0,83394.51989246396
6.303028262461711e-05,0.0001998009633746735,6.011219680919882,268.56415777172043,0.0,0.009242316142108438,27.714729794899505,4.4669642827014723e-17,0.0,2.7558739149029028e-05,9.239769927411512,7.251182603775597e-12,1.1064522192652692e-14,1.852697710653699e-12,0.0,5.614634966958363e-17,0.21429488450619383,2.1279653350149003e-14,0.0001938821019456233,500000.0,83041.69678489359
6.310628630786686e-05,0.00020025060958469017,5.821266597402185,267.9371952717358,0.0,0.009180197259825685,27.528455273363942,4.305934489800983e-17,0.0,2.737351306213957e-05,9.177668159324012,7.190104118113842e-12,1.0982003686715101e-14,1.840186041016564e-12,2.6854483236404574e-18,0.0,0.2128545790305623,2.0205933521150317e-14,0.00019386521269121795,500000.0,82290.62802671967
6.31822899911166e-05,0.0002006858783275881,5.632872950917654,267.33938418109307,0.0,0.009120593774471263,27.34972361697096,4.155093563947779e-17,0.0,2.719578738584219e-05,9.118081095115171,7.131362971297013e-12,1.090182879527077e-14,1.8281804136597874e-12,0.0,1.827050352030504e-18,0.21147259623843684,1.9226326463179462e-14,0.00019384888896262792,500000.0,81573.58028333102
6.325829367436636e-05,0.00020110688582264388,5.445978748581253,266.7701021352894,0.0,0.009063433044338294,27.17831699675926,4.013682880387363e-17,0.0,2.702534551721186e-05,9.06093611313214,7.074878016605238e-12,1.0823956889195754e-14,1.8166661412761497e-12,0.0,6.1921744139318465e-18,0.21014725184020408,1.8331872800705702e-14,0.00019383312142854083,500000.0,80889.38968030327
6.333429735761611e-05,0.00020151374379940188,5.260525822724359,266.2287534763235,0.0,0.009008646360415302,27.014029376561687,3.881010479425268e-17,0.0,2.6861982579743158e-05,9.006164523303053,7.0205726153008264e-12,1.074834937605494e-14,1.805629332596765e-12,0.0,1.6353784269223388e-18,0.20887695273007226,1.7514620893487042e-14,0.00019381790135873292,500000.0,80236.960062623
6.341030104086585e-05,0.0002019065596426732,5.076457729211531,265.7147680406206,0.0,0.008956168737164446,26.856665885649694,3.75644421949855e-17,0.0,2.6705504799525632e-05,8.953701357983967,6.968374358207321e-12,1.0674969355771403e-14,1.7950568498032415e-12,0.0,1.3538030565324e-18,0.2076601921352607,1.6767506103272007e-14,0.00019380322059582735,500000.0,79615.2590030118
6.34863047241156e-05,0.0002022854365151119,4.893719661088001,265.2276001764215,0.0,0.008905938720039346,26.706042241606955,3.639406103197988e-17,0.0,2.6555728931365323e-05,8.903485179551597,6.9182148134915175e-12,1.0603781445053005e-14,1.7849362693773871e-12,3.953498422421344e-19,3.995196010479586e-18,0.20649554515357535,1.6084244246004537e-14,0.00019378907153189346,500000.0,79023.314173839
6.356230840736536e-05,0.0002026504734727956,4.712258367503476,264.76672780060477,0.0,0.008857898206587611,26.5619842138921,3.529367231240599e-17,0.0,2.6412481725366747e-05,8.855457901561351,6.870029293450803e-12,1.053475164351432e-14,1.7752558457200525e-12,3.9647407577312815e-19,0.0,0.20538166460558988,1.5459238762410228e-14,0.00019377544708672878,500000.0,78460.20998320861
6.36383120906151e-05,0.00020300176557908585,4.532022074111352,264.33165145734887,0.0,0.008811992279495159,26.42432712317971,3.425843171481334e-17,0.0,2.627559942909186e-05,8.809564621833418,6.823756637065881e-12,1.0467847203590711e-14,1.766004477198283e-12,0.0,0.0,0.20431727716346557,1.488750060692252e-14,0.000193762340686742,500000.0,77925.08443859748
6.371431577386485e-05,0.00020333940401503516,4.3529604058611415,263.9218934132795,0.0,0.008768169050949124,26.2929153746416,3.328389749683582e-17,0.0,2.6144927323468355e-05,8.765753466854147,6.7793390076738065e-12,1.0403036517485855e-14,1.7571716744971926e-12,1.8347432085714934e-20,0.0,0.20330117974220194,1.436457812313469e-14,0.00019374974624476176,500000.0,77417.12623319945
6.379031945711461e-05,0.00020366347618398385,4.175024313287795,263.53699681416856,0.0,0.008726379517840287,26.1676020237419,3.2365992720110925e-17,0.0,2.6020319291028602e-05,8.723975447017157,6.73672170534649e-12,1.0340289024640834e-14,1.7487475311813123e-12,0.0,8.758961522510569e-18,0.20233223614229157,1.3886497252284141e-14,0.0001937376581411689,500000.0,76935.57204894316
6.386632314036435e-05,0.0002039740658098657,3.9981660030359585,263.17652490533,0.0,0.00868657742714041,26.048248372549534,3.150097168968054e-17,0.0,2.5901637414494262e-05,8.6841843220386,6.695852993104653e-12,1.0279575146928579e-14,1.7407226963299362e-12,1.1732579850314497e-18,0.0,0.20140937392834202,1.3449706842357282e-14,0.0001937260712064668,500000.0,76479.70406232057
6.39423268236141e-05,0.00020427125302992837,3.822338871958493,262.8400603052799,0.0,0.008648719150698817,25.934723594295207,3.068538995012691e-17,0.0,2.5788751603446447e-05,8.646336475788802,6.6566839357193016e-12,1.0220866237130659e-14,1.7330883490905302e-12,0.0,4.8030277052799566e-17,0.2005315815260882,1.305103304737144e-14,0.00019371498070510656,500000.0,76048.8476354704
6.401833050686386e-05,0.0002045551144825965,3.647497444243845,262.52720432014735,0.0,0.008612763568757705,25.826904384073472,2.9916077287357463e-17,0.0,2.5681539246993765e-05,8.610390799840374,6.619168249962014e-12,1.0164134531591263e-14,1.7258361750062548e-12,9.084595269086041e-18,0.0,0.1996979055215636,1.2687638809441182e-14,0.00019370438232039553,500000.0,75642.36917570219
6.409433419011361e-05,0.00020482572339081739,3.4735973111932887,262.2375763084748,0.0,0.00857867196159207,25.724674633901746,2.9190113378897166e-17,0.0,2.557988489066019e-05,8.576308585136662,6.583262165387245e-12,1.010935310641716e-14,1.7189583439953645e-12,0.0,3.2262440773105583e-16,0.19890744814860137,1.2356988180715162e-14,0.00019369427214040774,500000.0,75259.67415468344
6.417033787336335e-05,0.00020508314964101657,3.3005950739073513,261.9708130534328,0.0,0.008546407908745914,25.627925130571754,2.850480583775659e-17,0.0,2.5483679935937438e-05,8.544053421258914,6.548924294879219e-12,1.0056495839189717e-14,1.71244748987578e-12,8.297602788331402e-17,0.0,0.19815936495257522,1.2056815177974852e-14,0.00019368464664484733,500000.0,74900.2052645905
6.430463415729543e-05,0.00020550599093418308,2.9969703656282256,261.55429103463143,0.0,0.008493762089448445,25.470057273999615,2.7385754419885347e-17,0.0,2.532670062885097e-05,8.491422106270187,6.4919650638663285e-12,9.967724955083726e-15,1.7018191100680345e-12,1.187217186926062e-24,3.177297040706143e-20,0.196938704518883,1.1594841666604019e-14,0.00019366881409178457,500000.0,74320.2305710761
6.439216692918894e-05,0.00020575971359991846,2.800400764271372,261.3198017163373,0.0,0.008462379799372071,25.37595189332636,2.671466403861281e-17,0.0,2.523312491450362e-05,8.460048462262517,6.4573144269953295e-12,9.912992450746451e-15,1.6954801228634557e-12,0.0,1.9876703421295435e-19,0.19621106611750197,1.133699967092457e-14,0.00019365929699247998,500000.0,73979.11771260067
6.447969970108245e-05,0.00020599627314594508,2.6048081666076377,261.1139624075638,0.0,0.008433259484719404,25.28862944849101,2.608596479749696e-17,0.0,2.5146293958658504e-05,8.43093617050466,6.424556398080406e-12,9.860685839693931e-15,1.6895950932334332e-12,2.8957928952967554e-18,0.0,0.19553587450029472,1.1110632914924867e-14,0.00019365040920996668,500000.0,73666.35158158939
6.456723247297596e-05,0.00020621575249438485,2.4101327656525915,260.93633925036016,0.0,0.0084063610975885,25.207969848739932,2.549687942044416e-17,0.0,2.5066088346485455e-05,8.40404519413022,6.393643413464668e-12,9.810770648397266e-15,1.6841559107291146e-12,0.0,8.485967336544542e-18,0.1949122011056499,1.0913810923338437e-14,0.00019364214809588763,500000.0,73381.32949542433
6.465476524486949e-05,0.0002064182293808431,2.2163160062258735,260.7865240081694,0.0,0.008381647803527643,25.133862639418297,2.4944866879817136e-17,0.0,2.4992398245016822e-05,8.37933870883654,6.364531025756607e-12,9.763213519849513e-15,1.6791551120061123e-12,2.3126813166321674e-18,0.0,0.19433919187986823,1.0744862687012327e-14,0.0001936345115837997,500000.0,73123.49929197555
6.4742298016763e-05,0.0002066037764414147,2.0233005119372733,260.66413345369835,0.0,0.008359085865451844,25.066206653875387,2.4427603138443817e-17,0.0,2.492512305701209e-05,8.356782986833965,6.337177752083719e-12,9.717982170296808e-15,1.6745858572257907e-12,0.0,1.356867063857247e-20,0.19381606458563747,1.0602354163576616e-14,0.0001936274981769725,500000.0,72892.35728515217
6.482983078865651e-05,0.00020677246132937442,1.8310299892422726,260.5688085433281,0.0,0.008338644533850387,25.004909684234615,2.3942959016593325e-17,0.0,2.486417109358101e-05,8.336347287084372,6.311544924549527e-12,9.675045347462612e-15,1.6704419076969588e-12,6.3940261433994085e-18,0.0,0.19334210625637227,1.0485068330726914e-14,0.00019362110693184716,500000.0,72687.44630310102
6.491736356055003e-05,0.00020692434682376514,1.63944913441051,260.50021366266907,0.0,0.008320295947366023,24.949888183262523,2.348898026335909e-17,0.0,2.480945927773056e-05,8.318003755907746,6.287596552430392e-12,9.634372789290351e-15,1.6667176056156603e-12,0.0,8.352175069025005e-18,0.19291667089101563,1.0391986776833112e-14,0.00019361533744294385,500000.0,72508.35391917687
6.500489633244355e-05,0.00020705949091137272,1.448503557384323,260.4580360442625,0.0,0.008304015045430189,24.901067002388316,2.3063872177347596e-17,0.0,2.4760912883859082e-05,8.301727339640946,6.2652992004051314e-12,9.595935183514668e-15,1.663407856259538e-12,1.1646268563402608e-17,0.0,0.19253917742836246,1.0322275098723313e-14,0.00019361018983212765,500000.0,72354.71091261673
6.509242910433706e-05,0.00020717794685412872,1.2581397137549184,260.44198533342166,0.0,0.008289779490987971,24.8583791599812,2.2665986897636686e-17,0.0,2.471846530733773e-05,8.28749570738403,6.244621878890765e-12,9.559704128279025e-15,1.6605081122280822e-12,0.0,8.597245053781206e-18,0.19220910795534116,1.0275271064745512e-14,0.0001936056647404614,500000.0,72226.18992961766
6.517996187623057e-05,0.0002072797632568125,1.0683048356670104,260.4517931091126,0.0,0.008277569601106712,24.821765633267653,2.2293811168038213e-17,0.0,2.468205785759903e-05,8.275289181627892,6.225535941856134e-12,9.52565209386305e-15,1.6580143592683516e-12,2.217162235342386e-17,0.0,0.19192600609808375,1.025047465895259e-14,0.00019360176332031712,500000.0,72122.50426747579
6.531247004479353e-05,0.0002074023305752014,0.7818211278425974,260.51529750504795,0.0,0.008262903033544938,24.77778532188213,2.177625846193797e-17,0.0,2.463832508668102e-05,8.260626655182653,6.199613168453978e-12,9.47819051187306e-15,1.6550041329500436e-12,0.0,1.0450183993739213e-19,0.19158594304069607,1.025446513802063e-14,0.00019359704780859622,500000.0,72012.25866574554
6.544497821335649e-05,0.0002074869990325002,0.49625253763597393,260.6367344554909,0.0,0.008252791722744155,24.74746475861369,2.131011821399839e-17,0.0,2.4608175180830954e-05,8.2505181305553,6.1771950517834446e-12,9.435572265953127e-15,1.6529064966618594e-12,1.7722775351510726e-18,0.0,0.19135149941986046,1.0308037013677896e-14,0.00019359377334497463,500000.0,71957.67992032097
6.557748638191943e-05,0.00020753387826263133,0.21142396560000493,260.81544736318983,0.0,0.008247200387297393,24.730698145897072,2.089156327944532e-17,0.0,2.459150293795869e-05,8.244928336062896,6.1582100939180135e-12,9.397712042479891e-15,1.6517141462674616e-12,0.0,3.093748412678456e-20,0.19122185719126647,1.0411389383230014e-14,0.00019359195041212396,500000.0,71958.27543614416
6.570999455048239e-05,0.00020754305486020503,-0.07283736784942967,261.050885934164,0.0,0.008246106475480243,24.72741785838547,2.0517223710190417e-17,0.0,2.4588241113342544e-05,8.243834726198045,6.142597010378789e-12,9.364528092105004e-15,1.6514223287375849e-12,0.0,1.9513778688499005e-20,0.1911964934645237,1.0565467391376688e-14,0.00019359159204499407,500000.0,72013.74526506965
6.584250271904534e-05,0.00020751459264797985,-0.35670240450301094,261.3426047256931,0.0,0.008249499989845557,24.73759391696705,2.0184134807588786e-17,0.0,2.4598359896606258e-05,8.247227306272068,6.13030427555035e-12,9.33594191861652e-15,1.6520288051459175e-12,2.304549561238643e-19,0.0,0.19127517643617045,1.0771973439800242e-14,0.0001935927138214351,500000.0,72123.97918749583
6.59750108876083e-05,0.00020744853288880602,-0.6403407191671499,261.69026208228365,0.0,0.00825738339332033,24.76123370718024,1.9889691768675094e-17,0.0,2.4621866631719167e-05,8.25510853853794,6.121289735869914e-12,9.311877964605155e-15,1.653533829996262e-12,0.0,9.442175751257808e-20,0.19145796321241385,1.1033398015257835e-14,0.00019359533386372556,500000.0,72289.0552110688
6.610751905617125e-05,0.00020734489444047545,-0.923920982385864,262.09361950886046,0.0,0.008269771595823719,24.79838193908567,1.9631610237922268e-17,0.0,2.4658805777094076e-05,8.267493328812053,6.115520286162811e-12,9.292263294326287e-15,1.6559401466587536e-12,7.918359678722691e-19,7.055410658463314e-20,0.19174519949885346,1.1353070757029886e-14,0.00019359947285154866,500000.0,72509.23948098389
6.624002722473422e-05,0.00020720367384751537,-1.2076114158999611,262.5525415555866,0.0,0.008286692021845241,24.849120849911742,1.940789259062173e-17,0.0,2.4709259107092238e-05,8.284409094033899,6.112971606107555e-12,9.27702727315354e-15,1.659252998979706e-12,1.1653036971985259e-18,0.0,0.19213752116737023,1.1735233344330766e-14,0.00019360515404771478,500000.0,72784.98762504326
6.637253539329717e-05,0.000207024845369511,-1.4915802427818152,263.0669962138258,0.0,0.008308184759661847,24.913570651508817,1.921679928875016e-17,0.0,2.4773346156959028e-05,8.30589591144212,6.113627953526655e-12,9.266101244118757e-15,1.6634801591746012e-12,0.0,1.965543752578032e-19,0.19263585771591632,1.2185136455162025e-14,0.00019361240333692182,500000.0,73116.94754750741
6.650504356186012e-05,0.00020680836094957814,-1.7759961354347151,263.6370557828882,0.0,0.008334302793297506,24.991890225921626,1.9056824322659252e-17,0.0,2.485122491448139e-05,8.332006750470288,6.1174820110248985e-12,9.259418202976289e-15,1.6686319721953069e-12,0.0,2.854217653887496e-19,0.19324143764679635,1.2709164083523508e-14,0.00019362124927713194,500000.0,73505.96368794542
6.663755173042307e-05,0.00020655415012504482,-2.06102866459745,264.26289820217926,0.0,0.00836511231943886,25.084278075717737,1.8926674005745157e-17,0.0,2.4943092764967445e-05,8.362807789575415,6.12453478326611e-12,9.256912473556125e-15,1.6747214169832373e-12,3.29445070121646e-18,0.0,0.19395579581476466,1.3314989473715312e-14,0.00019363172316350563,500000.0,73953.08279033279
6.677005989898604e-05,0.00020626211987929738,-2.346848751900268,264.9448088764366,0.0,0.008400693152857325,25.190973539718456,1.8825248776163994e-17,0.0,2.504918770013471e-05,8.398378821548551,6.134795543219994e-12,9.25851938498114e-15,1.6817641852865425e-12,2.364190303356146e-18,3.879909716835062e-20,0.1947807828272582,1.4011768250296702e-14,0.00019364385910548097,500000.0,74459.56125881177
6.690256806754899e-05,0.0002059321544328528,-2.633629128239337,265.6831830232441,0.0,0.008441139225025616,25.31225828818979,1.8751627782227028e-17,0.0,2.516978980488547e-05,8.438813751994132,6.14828182633261e-12,9.264174952218087e-15,1.689778778944256e-12,0.0,1.0472514723186162e-18,0.19571857660546066,1.4810375833663034e-14,0.0001936576941178011,500000.0,75026.87419813022
6.703507623611194e-05,0.00020556411497254422,-2.921544800433595,266.47852854680434,0.0,0.008486559181627704,25.448458114582767,1.870505595819901e-17,0.0,2.530522303896244e-05,8.484221196675463,6.1650194718394435e-12,9.273815561873862e-15,1.6987866267381146e-12,1.295129997999985e-17,1.0314438389715237e-18,0.19677169623833587,1.5723698085407277e-14,0.00019367326822619215,500000.0,75656.72625077635
6.71675844046749e-05,0.00020515783931813816,-3.2107735288313175,267.33146949260356,0.0,0.00853707708581661,25.599945044378362,1.8684933273752054e-17,0.0,2.545585733392416e-05,8.534725184579173,6.185042710727001e-12,9.287377665386096e-15,1.7088122221385736e-12,3.637920412899868e-17,0.0,0.19794301828856614,1.6766986485180018e-14,0.0001936906245883912,500000.0,76351.06438074954
6.730009257323786e-05,0.000204713141525085,-3.5014963187096924,268.2427501135153,0.0,0.00859283323548153,25.767139785809697,1.869080592729593e-17,0.0,2.5622111030073393e-05,8.59046597495763,6.208394300297535e-12,9.304797481264839e-15,1.7198832835468312e-12,3.686035691397419e-18,2.2702031890983334e-18,0.19923579574194264,1.7958292175278757e-14,0.00019370980963144682,500000.0,77112.09277487226
6.743260074180082e-05,0.00020422981142123405,-3.793897928276822,269.21323956281225,0.0,0.008653985104378745,25.950514552011413,1.8722359356456117e-17,0.0,2.5804453682722157e-05,8.651600998200847,6.235125705774623e-12,9.326010708375756e-15,1.7320309389461423e-12,0.0,9.588195280512851e-18,0.20065367982869203,1.931899659088556e-14,0.0001937308732064517,500000.0,77942.2900594888
6.756510891036377e-05,0.00020370761407490602,-4.088167395782189,270.2439370953777,0.0,0.008720708418708392,26.150596289325613,1.8779412986589163e-17,0.0,2.6003409272327893e-05,8.718305932116293,6.265297329798614e-12,9.350952253848903e-15,1.7452899372123781e-12,2.9472857657369617e-16,7.650154038966868e-18,0.2022007449852728,2.087446126714352e-14,0.00019375386876203742,500000.0,78844.4290258426
6.769761707892672e-05,0.00020314628919153776,-4.384498589299233,271.3359782204593,0.0,0.008793198382633297,26.367970352244182,1.8861916656007106e-17,0.0,2.621955985875153e-05,8.790775927112106,6.298978790969296e-12,9.379555978412802e-15,1.7596988887063002e-12,8.896970597986109e-16,0.0,0.20388151726963877,2.2654825136106964e-14,0.0001937788535381301,500000.0,79821.59925942113
6.783012524748969e-05,0.00020254555043578367,-4.683090782759067,272.49064189836747,0.0,0.008871671068441956,26.60328467206785,1.8969948689392803e-17,0.0,2.645354972645224e-05,8.869226995979743,6.336249252869675e-12,9.411754450658389e-15,1.7753005381963304e-12,7.127244597833677e-16,2.693389752622779e-17,0.20570100659400323,2.469598787368483e-14,0.00019380588878184488,500000.0,80877.2330174401
6.796263341605264e-05,0.0002019050846754815,-4.984149260661869,273.70935830338277,0.0,0.008956364989599497,26.857254473968652,1.9103715648465566e-17,0.0,2.6706090075000045e-05,8.953897586507962,6.377197805367732e-12,9.447478710806744e-15,1.7921420736522928e-12,0.0,1.3148881301641085e-18,0.20766474319794523,2.7040821610954272e-14,0.00019383503998742207,500000.0,82015.13458285548
6.809514158461559e-05,0.00020122455114348768,-5.287885953482127,274.99371706695194,0.0,0.009047542877817174,27.130667605851492,1.9263553838965735e-17,0.0,2.6977964317946234e-05,9.045050358063564,6.421923900407586e-12,9.486658079373269e-15,1.8102754750135187e-12,6.401223068558985e-17,0.0,0.2097788188520502,2.9740668411131825e-14,0.00019386637716197237,500000.0,83239.51349210537
6.822764975317854e-05,0.00020050358051284075,-5.59452011088918,276.3454770482178,0.0,0.009145493688650913,27.424390552523317,1.9449932742161184e-17,0.0,2.727003406314219e-05,9.14297418664573,6.470537844733266e-12,9.529219975762848e-15,1.8297579076838973e-12,8.839992490024066e-17,5.3257254179473655e-18,0.21204993336046643,3.285720949116639e-14,0.0001938999751202256,500000.0,84555.02244730224
6.83601579217415e-05,0.00019974177388006363,-5.90427901631272,277.7665775354125,0.0,0.009250534864084572,27.739375220441346,1.966346060922451e-17,0.0,2.758324585929872e-05,9.247986426842507,6.5231613521606675e-12,9.575089740144272e-15,1.850652166262228e-12,0.0,0.0,0.2144854470217003,3.6464789656909106e-14,0.00019393591381120195,500000.0,85966.80047844346
6.849266609030446e-05,0.00019893870165091989,-6.217398745142533,279.2591504365656,0.0,0.009363014885059476,28.07666659193434,1.9904892550125582e-17,0.0,2.791863880712613e-05,9.360435463659527,6.5799281582304935e-12,9.624190470880404e-15,1.8730271748901677e-12,1.400605897928752e-16,1.407397422326763e-18,0.2170934398123236,4.065332968192177e-14,0.0001939742786798705,500000.0,87480.52191035697
6.862517425886741e-05,0.0001980939023224658,-6.534124971917967,280.82553382064765,0.0,0.009483316152234805,28.437411363692007,2.0175141583310568e-17,0.0,2.8277353149202454e-05,9.48070359249232,6.6409847002744605e-12,9.676442883405438e-15,1.8969585516180416e-12,1.7815404869113508e-16,1.0223896016717493e-17,0.2198827781812067,4.553198821124686e-14,0.00019401516106755802,500000.0,89102.45204662629
6.875768242743037e-05,0.00019720688115463185,-6.854713831577571,282.4682870671953,0.0,0.009611858239501135,28.822867703013102,2.0475293294997845e-17,0.0,2.866063997130892e-05,9.609210271746445,6.706490865995314e-12,9.731765182389232e-15,1.9225292453830077e-12,0.0,0.0,0.22286319048644573,5.1233783182248793e-14,0.00019405865865549296,500000.0,90839.51059627975
6.879844524490444e-05,0.00019692543833835655,-6.954152910400259,282.98942514058257,0.0,0.009653128525978558,28.94662400664013,2.0573833695436936e-17,0.0,2.878369972021936e-05,9.65046919005579,6.727563692324586e-12,9.749388152487808e-15,1.9307389916502003e-12,1.2422211800443076e-17,0.0,0.2238200947387675,5.3177606906111696e-14,0.00019407258156542548,500000.0,91398.19086525602
6.88020820494012e-05,0.0001969001312771834,-6.963043990263621,283.03628722069635,0.0,0.009656851078684667,28.957786743866873,2.0582770010784746e-17,0.0,2.8794799628668617e-05,9.654190717362674,6.729465217616934e-12,9.750974094464638e-15,1.931479502052212e-12,1.5933466264167004e-17,1.5167088962932922e-18,0.22390640687323468,5.335573478051846e-14,0.0001940738363591497,500000.0,91448.60781182449
6.880571885389797e-05,0.0001968747918751111,-6.971938250040048,283.0832096678122,0.0,0.009660580306552138,28.968969497754802,2.059173015690839e-17,0.0,2.880591944111651e-05,9.657918917992568,6.731370271404909e-12,9.7525622637403e-15,1.9322213397170125e-12,1.2175780572108719e-17,2.888007794074685e-18,0.22399287377984398,5.353464812661169e-14,0.00019407509322869558,500000.0,91499.11925223318
6.880841351582943e-05,0.000196855995977056,-6.9785304367917025,283.1180154606455,0.0,0.009663347760193305,28.977268200346327,2.059838449513984e-17,0.0,2.881417143497271e-05,9.660685609322725,6.732784084198626e-12,9.753740440860609e-15,1.932771855790872e-12,8.679523331665196e-19,2.9107238423936967e-18,0.22405704072379629,5.366772247614278e-14,0.00019407602583657266,500000.0,91536.6063569906
6.881110817776089e-05,0.00019683718231292726,-6.985124374679746,283.15285478794567,0.0,0.009666118888311702,28.98557792151283,2.060505194521731e-17,0.0,2.8822434385386516e-05,9.663455974118165,6.734199837814169e-12,9.754919838907256e-15,1.9333231024710347e-12,0.0,7.257222350285337e-19,0.2241212928651967,5.3801233074271564e-14,0.0001940769595862543,500000.0,91574.1456109553
6.881380283969234e-05,0.00019681835087800338,-6.9917200658583685,283.1877282172375,0.0,0.009668893695110797,28.993898673858816,2.061173251967268e-17,0.0,2.883070830489149e-05,9.666230016581082,6.73561753382541e-12,9.75610045663904e-15,1.933875080588004e-12,5.3930031159369086e-17,0.0,0.22418563030150523,5.393518236013285e-14,0.00019407789447867458,500000.0,91611.73726003742
6.881649750162379e-05,0.00019679950166755678,-6.998317512558705,283.2226360856133,0.0,0.009671672184801992,29.00223047001267,2.0618426231255383e-17,0.0,2.883899320604495e-05,9.669007740921636,6.737037173806074e-12,9.757282292377964e-15,1.934427790973825e-12,1.841095654005431e-16,1.0407202450009503e-17,0.2242500531303666,5.4069573220748296e-14,0.00019407883051477068,500000.0,91649.38147582741
6.881919216355524e-05,0.0001967806346768538,-7.00491671712702,283.25757839628955,0.0,0.009674454361604324,29.010573322626684,2.0625133092836042e-17,0.0,2.884728910142797e-05,9.671789151357956,6.738458759331244e-12,9.758465344257638e-15,1.934981234462104e-12,2.6116001239786316e-16,3.3464664962500964e-17,0.22431456144961062,5.420440820152146e-14,0.0001940797676954823,500000.0,91687.07832196787
6.88218868254867e-05,0.00019676174990115443,-7.0115176819505844,283.292555055884,0.0,0.009677240229744272,29.018927244377245,2.063185311728345e-17,0.0,2.8855596003645583e-05,9.6745742521162,6.739882291979341e-12,9.759649610576e-15,1.9355354118880324e-12,0.0,4.005586772201152e-17,0.22437915535725356,5.433968885104235e-14,0.00019408070602174997,500000.0,91724.827830912
6.882458148741816e-05,0.00019674284733571217,-7.018120409392671,283.327566065219,0.0,0.009680029793456684,29.02729224796492,2.0638586317447885e-17,0.0,2.8863913925326844e-05,9.677363047430587,6.741307773332142e-12,9.760835089675717e-15,1.936090324088395e-12,0.0,0.0,0.22444383495149867,5.447541689391996e-14,0.00019408164549451632,500000.0,91762.63006574503
6.882866551256702e-05,0.00019671416471538292,-7.028130857407342,283.38069419780993,0.0,0.00968426470602076,29.039991387455085,2.064881629033921e-17,0.0,2.8876541588494323e-05,9.6815967934578,6.743471948895598e-12,9.762634108264137e-15,1.9369327506851575e-12,5.37493378641375e-15,0.0,0.2245420268029222,5.4681982390229904e-14,0.00019408307154557516,500000.0,91820.0237306616
6.883274953771589e-05,0.0001966854412038404,-7.03814536734075,283.4339013360063,0.0,0.009688508132054546,29.05271605599036,2.0659076602962003e-17,0.0,2.8889194637019146e-05,9.68583905057298,6.745640609877011e-12,9.764435903589404e-15,1.937776869938758e-12,2.7142047666177272e-14,4.643048725572748e-16,0.22464041604913518,5.488958498549687e-14,0.00019408450023562142,500000.0,91877.53890664152
6.883683356286477e-05,0.00019665667678447988,-7.048163946841395,283.4871875801441,0.0,0.00969276008640543,29.065466298103434,2.0669367300503137e-17,0.0,2.8901873115184458e-05,9.690089833622812,6.747813761818131e-12,9.766240470139124e-15,1.9386226847831834e-12,6.466101067802069e-14,1.3854763617329044e-15,0.2247390030344734,5.509823111607967e-14,0.0001940859315679306,500000.0,91935.17584660514
6.884091758801364e-05,0.00019662787144066423,-7.058186604235985,283.54055307015506,0.0,0.009697020583866955,29.07824215845506,2.067968842836548e-17,0.0,2.891457706739935e-05,9.69434915749667,6.7499914102743215e-12,9.768047802404661e-15,1.9394701981608226e-12,7.047639522107184e-14,1.1245153005663471e-15,0.22483778810431196,5.530792677304662e-14,0.0001940873655458111,500000.0,91992.93481703877
6.884747543239944e-05,0.00019658153215903408,-7.07428884672716,283.6264100539777,0.0,0.009703879705426705,29.098810456423198,2.069632515650647e-17,0.0,2.893502959797786e-05,9.701206389821474,6.753497548106247e-12,9.770955663275166e-15,1.9408346372145877e-12,8.22509952638775e-20,3.609283451049107e-18,0.22499682559348055,5.564685229047444e-14,0.00019408967367114715,500000.0,92085.93621146445
6.885453984246418e-05,0.00019653149517726573,-7.091646749874913,283.7191287985251,0.0,0.009711293425046725,29.121041815026814,2.0714335137442355e-17,0.0,2.8957135828754925e-05,9.708618067300923,6.757287534458881e-12,9.774096080400165e-15,1.9423093959481132e-12,0.0,4.352326277342906e-19,0.2251687221430651,5.601503226596392e-14,0.00019409216774684366,500000.0,92186.47564862398
6.886160425252893e-05,0.00019648133552868977,-7.1090169650238435,283.8120858954307,0.0,0.009718732901366224,29.14335040968239,2.0732436765583817e-17,0.0,2.8979318860863096e-05,9.716055494385563,6.761091047352656e-12,9.777244701855353e-15,1.943789275318875e-12,4.6903501341510127e-17,1.7099516093192412e-18,0.22534121589460493,5.638643116700579e-14,0.0001940946697815718,500000.0,92287.38350831982
6.886866866259367e-05,0.00019643105312617908,-7.126399534284653,283.90528155833033,0.0,0.009726198212749896,29.165736475381127,2.0750630281730143e-17,0.0,2.90015789279725e-05,9.723518749418737,6.764908115960349e-12,9.78040150093656e-15,1.9452742908078653e-12,0.0,0.0,0.22551430866509098,5.676108069085455e-14,0.00019409717979260386,500000.0,92388.66102480148
6.887573307265842e-05,0.00019638064788230828,-7.143794500124276,283.9987161309386,0.0,0.009733689437954314,29.188200248288297,2.076891592820856e-17,0.0,2.9023916264920158e-05,9.731007911135213,6.768738769585843e-12,9.783566451936223e-15,1.9467644579731554e-12,7.010426549059286e-17,2.1632863797077206e-18,0.2256880022805922,5.713901285498512e-14,0.00019409969779728508,500000.0,92490.30948089052
6.888279748272316e-05,0.00019633011970935147,-7.161201905500355,284.0923900203043,0.0,0.009741206656128841,29.210741965750234,2.078729394903166e-17,0.0,2.904633110771672e-05,9.738523058663516,6.772583037662853e-12,9.78673952984574e-15,1.948259792450335e-12,1.1962236619565165e-18,1.4902349477334622e-18,0.22586229857631035,5.752026015656527e-14,0.00019410222381303864,500000.0,92592.3301864026
6.888986189278792e-05,0.00019627946851927868,-7.178621793647872,284.1863036323149,0.0,0.00974874994682027,29.23336186630195,2.0805764589993487e-17,0.0,2.9068823693554424e-05,9.746064271528443,6.776440949754579e-12,9.789920710169534e-15,1.949760309952999e-12,0.0,5.871722045415954e-19,0.22603719939663747,5.790485560151348e-14,0.0001941047578573578,500000.0,92694.7244572068
6.89174717862919e-05,0.00019608032643758275,-7.246824639087623,284.55565348959425,0.0,0.00977848304689883,29.322521862209044,2.0878846635943685e-17,0.0,2.9157481857930624e-05,9.775789181531227,6.7916502906333745e-12,9.802431023918598e-15,1.9556748081835917e-12,4.618039535872227e-18,1.5900874777976842e-18,0.22672659926330985,5.944072247155408e-14,0.00019411473902438648,500000.0,93098.520849874
6.894508167979587e-05,0.0001958792986024199,-7.315221423257257,284.928694256382,0.0,0.009808620463033064,29.412894271887687,2.0953362318534063e-17,0.0,2.924734561208258e-05,9.805918296243513,6.807070289938404e-12,9.815063407525124e-15,1.9616696738053944e-12,2.488075589826715e-16,4.6578856989782455e-18,0.2274253737142217,6.10302935457059e-14,0.0001941248441553351,500000.0,93508.12322522367
6.897269157329985e-05,0.00019567637962791367,-7.383814770625589,285.3054497380488,0.0,0.009839167121847415,29.50449386871007,2.1029327113607535e-17,0.0,2.9338429646229516e-05,9.83645654093649,6.8227027706687e-12,9.827816610818018e-15,1.9677458798877234e-12,1.484626072232714e-16,3.3726758274575043e-18,0.22813363697953662,6.267570401218825e-14,0.00019413507432180835,500000.0,93923.612887622
6.900030146680383e-05,0.0001954715640533926,-7.452607331596668,285.6859441071188,0.0,0.009870128047805097,29.597335719426358,2.1106756955426333e-17,0.0,2.9430748942319824e-05,9.867408938690165,6.838549587206599e-12,9.840689491499908e-15,1.9739044187446563e-12,0.0,1.6916412182595245e-18,0.2288515055578637,6.437918575197007e-14,0.00019414543061120122,500000.0,94345.07285074284
6.90279113603078e-05,0.0001952648463426605,-7.521601784026941,286.0702020131882,0.0,0.0099015083653125,29.691435190484313,2.1185668257568823e-17,0.0,2.952431878031288e-05,9.898780612500243,6.8546126257403754e-12,9.853681002048394e-15,1.9801463023463532e-12,3.473297229980981e-18,2.023818128761856e-18,0.22957909826512368,6.614307051166057e-14,0.00019415591412699678,500000.0,94772.58791195533
6.905552125381178e-05,0.00019505622088431234,-7.59080083356275,286.4582486085052,0.0,0.009933313300721107,29.78680795403526,2.12660779327004e-17,0.0,2.9619154744150645e-05,9.930576787280472,6.870893804706269e-12,9.86679017517709e-15,1.9864725627106515e-12,1.5747318234992173e-17,2.2515854591121496e-18,0.23031653628098833,6.796979484717865e-14,0.0001941665259888152,500000.0,95206.24469886038
6.90993588237296e-05,0.00019472104291088458,-7.701098574491734,287.082215659993,0.0,0.009984696992179085,29.94089110493755,2.1396869528338918e-17,0.0,2.9772370647548212e-05,9.981946325232043,6.897197165276258e-12,9.887843795507388e-15,1.9966930067693886e-12,0.0,2.0983486246507143e-18,0.23150793274313278,7.10055695396389e-14,0.00019418364142548313,500000.0,95907.61807259475
6.914319639364741e-05,0.00019438101809179042,-7.811930083386348,287.7159039125889,0.0,0.010037186484041862,30.0982901955658,2.153155518376667e-17,0.0,2.9928883827109693e-05,10.034421359083707,6.924063357213033e-12,9.909188478709734e-15,2.0071331416520722e-12,0.0,2.499007680459496e-18,0.23272496860085684,7.421701534345916e-14,0.00019420108791695295,500000.0,96625.06230247667
6.918703396356522e-05,0.0001940361228071876,-7.923306623781613,288.35942171387546,0.0,0.010090804361575272,30.259072951887713,2.1670211124028113e-17,0.0,3.0088761627611328e-05,10.088024467888703,6.951500578211312e-12,9.930821207180832e-15,2.0177974256873514e-12,2.2379511177730996e-17,3.0935862158216187e-18,0.2339681675225684,7.761573054525731e-14,0.00019421887019748903,500000.0,97358.9540811308
6.923087153348304e-05,0.0001936863329119069,-8.035239658619753,289.0128809112974,0.0,0.010145573938555811,30.423309284442727,2.181291755811092e-17,0.0,3.0252073566105326e-05,10.142778959011189,6.979517245399892e-12,9.952739248591379e-15,2.0286904603157752e-12,3.1917286922210886e-18,3.012368649348803e-18,0.23523807006814607,8.121417395389816e-14,0.00019423699311774828,500000.0,98109.68329132862
6.927470910340085e-05,0.0001933316237415426,-8.147740849992381,289.67639684828094,0.0,0.01020151928107496,30.591071359722847,2.1959758914972642e-17,0.0,3.0418891402899017e-05,10.198708891923784,7.008122000402234e-12,9.97494008044818e-15,2.0398169947398845e-12,0.0,2.5928000043417088e-18,0.23653523424086775,8.502572913800225e-14,0.00019425546164469486,500000.0,98877.65346660775
6.936411834787586e-05,0.00019259282020299423,-8.37900432318602,291.06134823390767,0.0,0.010319372076888688,30.944473962603457,2.2272443681276503e-17,0.0,3.07703049010413e-05,10.316529226687969,7.068323203852617e-12,1.002108670203583e-14,2.0632546051300194e-12,1.935243343808908e-16,4.915414218578706e-18,0.23926780174301382,9.352143884937895e-14,0.00019429422188037675,500000.0,100499.17334179932
6.945352759235088e-05,0.0001918332278342778,-8.612784064147661,292.48968695024803,0.0,0.010442441391106654,31.31351922690673,2.260352236978403e-17,0.0,3.1137273016852314e-05,10.439564643600288,7.131086215068443e-12,1.0068381410894227e-14,2.0877277541373962e-12,6.826111145781184e-16,1.088166947539097e-17,0.24212132089605695,1.0310142793492753e-13,0.00019433448572994498,500000.0,102197.90244387202
6.95118599032047e-05,0.00019132634019033057,-8.766713644808334,293.4454809233759,0.0,0.01052565805486813,31.563059219853912,2.2829869486952445e-17,0.0,3.138540848935109e-05,10.522758387127915,7.173454095273328e-12,1.0099848346144046e-14,2.1042747833932197e-12,4.684945801220622e-16,8.741600079065391e-18,0.2440508054829114,1.1001076179068797e-13,0.00019436158737330876,500000.0,103349.70457347408
6.957019221405854e-05,0.00019081044017706518,-8.921790355049394,294.4205454558528,0.0,0.010611264719598137,31.819766057470172,2.3064710079990876e-17,0.0,3.1640670468375116e-05,10.60834147366324,7.2169714174563456e-12,1.0131792532237911e-14,2.1212960281092705e-12,0.0,8.658971940174616e-19,0.24603570530065533,1.1749877126396208e-13,0.00019438936247343343,500000.0,104537.2547436269
6.962852452491237e-05,0.0001902854599643478,-9.07804555915493,295.4152210627492,0.0,0.010699333774099188,32.083856810596345,2.330834442424062e-17,0.0,3.1903274802996035e-05,10.696386272110516,7.2616629505892536e-12,1.0164209792031585e-14,2.138805755074886e-12,2.8326274729035843e-16,4.962992192021737e-18,0.24807769877700775,1.256207040553755e-13,0.00019441782501770257,500000.0,105761.79228430105
6.968685683576621e-05,0.00018975132987214375,-9.235511386661925,296.42986195541283,0.0,0.01078994084664731,32.35555826423667,2.3561096888027693e-17,0.0,3.217344700177367e-05,10.786968389963572,7.307554316877154e-12,1.019709617291757e-14,2.1568188657173835e-12,1.2474956770084732e-15,2.4404948993903653e-17,0.2501785394512107,1.3443775030432178e-13,0.00019444698944778532,500000.0,107024.61695780311
6.974518914662004e-05,0.00018920797832565247,-9.39422075985113,297.46483663643556,0.0,0.010883164973151472,32.63510742182367,2.382331857648926e-17,0.0,3.245142273418093e-05,10.880166841421875,7.354672016229943e-12,1.0230447905600039e-14,2.175350928740087e-12,7.511877008118583e-16,2.3671112601920667e-17,0.25234005987308983,1.4401770240388679e-13,0.00019447687067792983,500000.0,108327.09239988132
6.980352145747386e-05,0.00018865533180655595,-9.554207423413649,298.5205285318269,0.0,0.010979088776330232,32.92275204249419,2.4095390391820926e-17,0.0,3.273744836485501e-05,10.97606422651215,7.403043450731568e-12,1.0264261364287819e-14,2.1944182148647075e-12,0.0,0.0,0.2545641757573592,1.5443573004345515e-13,0.0001945074841151061,500000.0,109670.64980123879
6.98618537683277e-05,0.0001880933148031261,-9.715505973097834,299.59733652422284,0.0,0.011077798656207869,33.218751212288936,2.437772646452688e-17,0.0,3.3031781521589607e-05,11.074746921519669,7.452696949980048e-12,1.029853305222733e-14,2.214037733752661e-12,1.882373927631261e-15,2.5246643939186964e-18,0.256852890400223,1.6577527217638084e-13,0.00019453884567957754,500000.0,111056.7917920224
6.992018607918153e-05,0.00018752184975961544,-9.87815188593666,300.69567567891926,0.0,0.011179384992623961,33.523375951488,2.4670778025499526e-17,0.0,3.333469169924768e-05,11.176305281466899,7.503661797229789e-12,1.0333259600642288e-14,2.234227273244579e-12,5.981171323267317e-15,6.867349002312102e-17,0.25920829937540757,1.7812903720111986e-13,0.00019457097182598308,500000.0,112487.09665355978
6.997851839003537e-05,0.00018694085702424684,-10.042181551235352,301.81597801275694,0.0,0.011283942360806298,33.83690986107459,2.4975037832604448e-17,0.0,3.364646090258014e-05,11.280833855637024,7.555968255959562e-12,1.0368437765190444e-14,2.2550054411008984e-12,4.817966142807524e-15,1.1525687051699012e-16,0.26163259553272966,1.9160013392617e-13,0.0001946038795653697,500000.0,113963.22282597548
7.00368507008892e-05,0.00018635025479526359,-10.207632302272605,302.9586932656043,0.0,0.01139156976107219,34.1596498114929,2.5291045260834288e-17,0.0,3.396738433110188e-05,11.38843161719783,7.609647596617182e-12,1.0404064415146337e-14,2.2763917094398646e-12,0.0,0.0,0.2641280743236793,2.0630335504811695e-13,0.00019463758648847993,500000.0,115486.91371996322
7.009518301174302e-05,0.00018574995906501618,-10.37454244559112,304.12428935636393,0.0,0.011502370863730354,34.491906676849915,2.5619392158572165e-17,0.0,3.429777110919148e-05,11.49920220797608,7.664732123471134e-12,1.0440136524689522e-14,2.2984064620712443e-12,1.6710181877531516e-15,0.0,0.26669713947835827,2.223666288865593e-13,0.0001946721107902416,500000.0,117060.00273386945
7.015351532259685e-05,0.0001851398835621184,-10.542951295499822,305.3132533277527,0.0,0.011616454270134224,34.834006117946714,2.5960729588843984e-17,0.0,3.463794506470564e-05,11.613254199511097,7.721255201502293e-12,1.0476651164753695e-14,2.321071044939252e-12,1.898275964542375e-14,4.721259229219857e-16,0.26934230906004364,2.399326726102141e-13,0.00019470747129571368,500000.0,118684.41880630696
7.021184763345069e-05,0.0001845199396916187,-10.712899209640435,306.52609235498204,0.0,0.011733933791287099,35.18628941786434,2.6315775602428598e-17,0.0,3.4988245559848976e-05,11.730701371629412,7.779251283213155e-12,1.0513605492882747e-14,2.344407819908561e-12,4.091044476712229e-14,1.0848771639927594e-15,0.2720662219260982,2.591608716202375e-13,0.00019474368748741323,500000.0,120362.19237806287
7.027017994430452e-05,0.00018389003647306326,-10.884427626530737,307.7633349071006,0.0,0.01185492874536821,35.549114374191646,2.668532421830624e-17,0.0,3.534902837834749e-05,11.851663009903179,7.83875593517288e-12,1.0550996733904175e-14,2.3684402221490074e-12,2.483206652072066e-14,4.884183014683101e-16,0.274871644626831,2.8022942122265977e-13,0.00019478077953415983,500000.0,122095.46183148229
7.032851225515836e-05,0.00018325008047647708,-11.057579099225075,309.0255314821758,0.0,0.011979564275823612,35.92285625225315,2.707025581577839e-17,0.0,3.572066667333366e-05,11.976264223445314,7.899805864119252e-12,1.0588822161532256e-14,2.393192821391169e-12,0.0,3.3050893366765735e-17,0.27776147877590485,3.0333776148123435e-13,0.00019481876832133315,500000.0,123886.4802132331
7.038684456601218e-05,0.00018259997575636666,-11.232397328218278,310.31325524874586,0.0,0.01210797169104195,36.307908804032245,2.7471549177265812e-17,0.0,3.61035519805881e-05,12.104636284606693,7.962438942427363e-12,1.0627079083055646e-14,2.4186913873457337e-12,3.9428220281639705e-15,1.1331862600068858e-16,0.28073876892887767,3.287093530025759e-13,0.00019485767548270896,500000.0,125737.62239956493
7.044517687686601e-05,0.0001819396237836107,-11.408927201490968,311.627103371301,0.0,0.012240288827627123,36.704685358044784,2.789029547278329e-17,0.0,3.649809530224907e-05,12.236916992327373,8.026694232674206e-12,1.0665764827863874e-14,2.44496295961372e-12,4.572057390897468e-15,7.70643948828919e-17,0.2838067110103732,3.565948565819821e-13,0.00019489752343424793,500000.0,127651.3930599778
7.050350918771985e-05,0.0001812689233750575,-11.58721483485027,312.96769835052123,0.0,0.01237666043961336,37.1136199859212,2.83277145310612e-17,0.0,3.690472826680108e-05,12.373251061061572,8.092612010979252e-12,1.0704876725800365e-14,2.4720359224452992e-12,0.0,6.90676576241783e-17,0.2869686613341924,3.8727577038562513e-13,0.00019493833540976588,500000.0,129630.4352070087
7.056184149857368e-05,0.0001805877706208316,-11.767307609130203,314.33568906207313,0.0,0.01251723861516521,37.53516875186645,2.8785173801420495e-17,0.0,3.732390437153604e-05,12.51379053733312,8.160233788788178e-12,1.0744412076446263e-14,2.499940084729891e-12,1.6265453168574528e-14,7.947635753580644e-16,0.290228146264328,4.210685907381705e-13,0.00019498013549848833,500000.0,131677.53924906455
7.062017380942751e-05,0.00017989605880938987,-11.949254208828165,315.731751946923,0.0,0.012662183223053439,37.96981105170842,2.926421048682015e-17,0.0,3.775610031409032e-05,12.658695246158715,8.229602332719914e-12,1.0784368126608973e-14,2.52870676563293e-12,8.937661337421994e-14,2.623268123685643e-15,0.2935888725687409,4.583295850060058e-13,0.0001950229486847458,500000.0,133795.6527819222
7.067850612028134e-05,0.00017919367835005692,-12.133104670932171,317.1565931647854,0.0,0.012811662391043465,38.41805104906612,2.976655743207508e-17,0.0,3.8201817420347124e-05,12.80813326984975,8.300761681967432e-12,1.0824742030097542e-14,2.558368886344165e-12,1.7202586982671392e-19,1.5938283608135973e-16,0.2970547385243231,4.994602912532047e-13,0.0001950668008902846,500000.0,135987.8915312556
7.073683843113517e-05,0.00017848051669325119,-12.318910416498902,318.6109492088119,0.0,0.01296585302132818,38.88041921656388,3.0294173447812466e-17,0.0,3.866158317716193e-05,12.962281461835266,8.373757162781837e-12,1.0865530796947277e-14,2.588961068426276e-12,0.0,1.7854224658053255e-16,0.30062984583307395,5.449138120127597e-13,0.00019511171901843204,500000.0,138257.55045762626
7.0795170741989e-05,0.00017775645824848725,-12.506724291430462,320.09558843214785,0.0,0.013124941340795088,39.35747399084624,3.084927888887791e-17,0.0,3.913595287807164e-05,13.121325998424767,8.44863539945427e-12,1.0906731265886743e-14,2.6205197393020934e-12,6.966531374020289e-16,2.362988398156556e-16,0.3043185124197793,5.952020761129275e-13,0.000195157731001075,500000.0,140608.11611781173
7.085350305284284e-05,0.00017702138430001314,-12.696600609891371,321.6113128983955,0.0,0.013289123494988682,39.849803551134904,3.14343974793557e-17,0.0,3.962551139179036e-05,13.285462971758506,8.525444321075776e-12,1.0948340070724169e-14,2.65308324547787e-12,0.0,2.5284005440773524e-16,0.3081252861836738,6.509042204400372e-13,0.000195204865848456,500000.0,143043.28013158118
7.091183536369667e-05,0.00017627517291998154,-12.888595196131789,323.1589602060446,0.0,0.013458606185822534,40.35802773198439,3.205240557107023e-17,0.0,4.013087506419128e-05,13.45489902749803,8.60423316325165e-12,1.0990353587156814e-14,2.6866919741545096e-12,8.604486025265009e-15,4.907102293414966e-16,0.3120549597882548,7.126762683256021e-13,0.0001952531537018746,500000.0,145566.95369561587
7.097255560735369e-05,0.00017548644857442094,-13.090761316117957,324.80481533292055,0.0,0.013640892196032628,40.904644973550226,3.273419150888563e-17,0.0,4.067441570434651e-05,13.637134885018364,8.68840495170654e-12,1.1034512650286049e-14,2.7228326632431595e-12,7.697779032548155e-15,5.32420353388215e-16,0.31628149490194024,7.842270116059141e-13,0.0001953046768152635,500000.0,148292.42410102938
7.103327585101072e-05,0.00017468537541132206,-13.29535140539789,326.48724082421046,0.0,0.013829417471443853,41.469971787974686,3.3459437522717045e-17,0.0,4.1236560611655876e-05,13.825608297437975,8.774835344254457e-12,1.107910106797434e-14,2.7602027005625634e-12,0.0,1.6400240540077678e-16,0.32065269553408515,8.641177629581428e-13,0.00019535751998722036,500000.0,151123.26119428678
7.109399609466773e-05,0.00017387180417339113,-13.502433925156147,328.2073176051334,0.0,0.014024456688634437,42.05483184523263,3.4233068907959325e-17,0.0,4.181812882015852e-05,14.0205938667867,8.863584317977729e-12,1.1124113401429126e-14,2.7988556527683836e-12,3.3823380619755726e-14,5.302375146654876e-16,0.32517493043739093,9.534415631736953e-13,0.00019541172153100448,500000.0,154064.7512828955
7.119113891772776e-05,0.00017254384190623813,-13.839093243740477,331.0403179081122,0.0,0.014350767596492875,43.033333654168715,3.558597432748535e-17,0.0,4.279112319194973e-05,14.346815037055912,9.01054440412078e-12,1.1196992194147824e-14,2.863504969772125e-12,5.5932877302299745e-15,8.988644566485293e-16,0.3327408686108527,1.1191548855824143e-12,0.00019550136071981843,500000.0,159014.9800447837
7.128828174078779e-05,0.0001711828449047618,-14.182611921266213,333.9775342973815,0.0,0.014695785317063406,44.067931278773,3.7106221772088217e-17,0.0,4.381989764739023e-05,14.691737902572848,9.163855508978887e-12,1.1270911118814623e-14,2.9318341061183827e-12,0.0,1.2496278474924813e-15,0.3407405489288633,1.318429164758046e-12,0.00019559475220046082,500000.0,164288.02616203896
7.13565413814047e-05,0.00017020638129035644,-14.428264501024948,336.1066305019779,0.0,0.014950165441004781,44.83073584390137,3.8293858756738564e-17,0.0,4.457840881398709e-05,14.9460481099162,9.275526107207133e-12,1.1323455489202812e-14,2.982195247446636e-12,1.5559286356366956e-14,1.6029446900642185e-15,0.34663868026116057,1.4826025250391101e-12,0.000195662719677536,500000.0,168201.23530461942
7.142480102202159e-05,0.000169213025479502,-14.67757049725422,338.2917715333407,0.0,0.015215006328481832,45.624908949453996,3.959762232069334e-17,0.0,4.53681119651637e-05,15.210816225328696,9.390559316172648e-12,1.137648180911521e-14,3.0346112427868587e-12,0.0,1.8770529964806456e-15,0.35277935834729,1.6703331025575986e-12,0.00019573269891369529,500000.0,172298.05424245723
7.14930606626385e-05,0.00016820252415254667,-14.93064587257718,340.5350390461068,0.0,0.015490875990353927,46.45215389112295,4.1036337589395163e-17,0.0,4.6190700809677234e-05,15.486610107866065,9.509051599874126e-12,1.1429973468570108e-14,3.0891923014822097e-12,2.836758507362803e-14,2.666377623949573e-15,0.35917575335178814,1.885416394596852e-12,0.000195804761390683,500000.0,176589.86109178135
7.156132030325541e-05,0.00016717461595658613,-15.187610038078658,342.83863318189566,0.0,0.01577838304154981,47.314295726733604,4.263265117187612e-17,0.0,4.7047990133128284e-05,15.774038210668884,9.631100614744918e-12,1.148391129212916e-14,3.1460563859744564e-12,3.41095076094868e-14,3.3113288048770666e-15,0.36584197692430415,2.1323264638550483e-12,0.00019587898224868747,500000.0,181088.939519342
7.16295799438723e-05,0.00016612903127057293,-15.448585858432287,345.2048807419519,0.0,0.01607818022525676,48.21329184402241,4.441389670690727e-17,0.0,4.794192630611462e-05,16.07375310413726,9.756804806910481e-12,1.1538273184386918e-14,3.205329870086983e-12,0.0,4.073992982429167e-15,0.37279316391127987,2.4163482102867855e-12,0.00019595544052182525,500000.0,185808.56559743296
7.169783958448921e-05,0.00016506549196986385,-15.713699626412332,347.63624405522125,0.0,0.016390968297718963,49.15124360911208,4.641318579311647e-17,0.0,4.887459886752506e-05,16.386455359397537,9.886262913027824e-12,1.1593033695751305e-14,3.267148262404042e-12,1.1670695589247127e-13,7.230344709003373e-15,0.3800455624236256,2.7437382959758043e-12,0.00019603421939557307,500000.0,190763.10443028345
7.176609922510611e-05,0.00016398371119333472,-15.983081007329023,350.1353305517094,0.0,0.01671750031423898,50.13040922075512,4.86707644281694e-17,0.0,4.984825330690994e-05,16.712897833758102,1.0019573353442192e-11,1.1648163499559048e-14,3.3316570022590834e-12,6.882662280225615e-13,1.3895955096498083e-14,0.3876166332280141,3.1219217298393898e-12,0.00019611540648298065,500000.0,195968.11777146923
7.183435886572302e-05,0.00016288339311572647,-16.256862958888345,352.70490362538845,0.0,0.017058586360717647,51.153217912457094,5.123570206992357e-17,0.0,5.0865305184227656e-05,17.05389040553278,1.0156833500044491e-11,1.1703628791200007e-14,3.3990123365954806e-12,9.656372135155627e-14,9.520695574137504e-15,0.39552515956214895,3.559731274540639e-12,0.00019619909412033957,500000.0,201440.4843544155
7.190261850633993e-05,0.0001617642327278253,-16.535181588090843,355.347893515326,0.0,0.017415098803049846,52.222285663811235,5.416801186679574e-17,0.0,5.192835575408199e-05,17.41030521201771,1.0298138794086482e-11,1.1759390636158767e-14,3.4693822868100643e-12,0.0,1.2116880229504011e-14,0.4037913686121374,4.067700213622657e-12,0.00019628537968519649,500000.0,207198.53382929627
7.198171357232704e-05,0.00016044343789420416,-16.863537378566473,358.5063544858576,0.0,0.017848739631600018,53.522637293718596,5.812311651502369e-17,0.0,5.322138843451829e-05,17.84382738489244,1.0467055487166099e-11,1.182431562724886e-14,3.5549319461358217e-12,4.3647657719981466e-14,1.712269941255304e-14,0.41384590294554163,4.760762368870838e-12,0.00019638874695399484,500000.0,214254.2493174469
7.206080863831416e-05,0.00015909641619546731,-17.198392070756018,361.77273388253616,0.0,0.018305947857800254,54.893660504280916,6.281470157582791e-17,0.0,5.458469492434095e-05,18.30091064422378,1.0641663938947871e-11,1.188949744651432e-14,3.645077734596991e-12,0.0,2.1386745583297763e-14,0.4244468816540141,5.5888942372498026e-12,0.0001964959101983058,500000.0,221754.37563027762
7.213990370430127e-05,0.00015772264472899876,-17.539970594954553,365.1525702850317,0.0,0.018788462166445398,56.340569182647265,6.842629452198331e-17,0.0,5.602345976656535e-05,18.783293239593498,1.0822089705465052e-11,1.1954841068450036e-14,3.740152793284635e-12,4.771778427876529e-13,3.583954922098562e-14,0.4356346193762505,6.581643552628124e-12,0.00019660705024631209,500000.0,229736.50631916747
7.221899877028839e-05,0.00015632158267027895,-17.888501007406074,368.6518128242803,0.0,0.01929818775784886,57.869076587261226,7.519340170861208e-17,0.0,5.754336406433866e-05,19.292879905187238,1.1008443478780122e-11,1.2020235064468439e-14,3.840521392545689e-12,8.598778115899052e-13,5.398185392203818e-14,0.44745329197372324,7.77573042112004e-12,0.00019672236007964457,500000.0,238242.28147901985
7.22980938362755e-05,0.00015489267107552748,-18.244213196340528,372.2768580649693,0.0,0.019837215662949537,59.485453281997486,8.341956426094166e-17,0.0,5.915064308276836e-05,19.831761174364043,1.1200816277520724e-11,1.2085548886565191e-14,3.9465824164611475e-12,0.0,5.392112817133112e-14,0.45995138448749284,9.21696188399912e-12,0.0001968420458471761,500000.0,247317.9120042266
7.237718890226262e-05,0.00015343533280013914,-18.607337201040284,376.0345901461373,0.0,0.020407844681672532,61.19659290544884,9.349768979086645e-17,0.0,6.0852151656578625e-05,20.40223530637405,1.1399273593061913e-11,1.2150629750670465e-14,4.058773294544006e-12,0.0,6.579093087692197e-14,0.4731821996718299,1.0962705473339906e-11,0.00019696632797069875,500000.0,257014.78255640165
7.243522041273985e-05,0.0001523476699864538,-18.878605066392332,378.880277029143,0.0,0.020848066933415472,62.516683851082234,1.0235997324110818e-16,0.0,6.216481254813192e-05,20.84233833828661,1.1548770664356661e-11,1.2198128599843561e-14,4.145262184895496e-12,2.969316459387437e-13,1.1926949940448387e-13,0.48338936166237345,1.2478335549388638e-11,0.00019706057227074033,500000.0,264557.35069738363
7.249325192321708e-05,0.00015124414360470222,-19.154074233070652,381.804495733199,0.0,0.021307745352337936,63.895118691371806,1.1274381977402444e-16,0.0,6.35354889514571e-05,21.301892548888553,1.1701560894218161e-11,1.2245325904849089e-14,4.235514356830605e-12,0.0,1.5441749559687843e-13,0.49404764831540793,1.4231078412593556e-11,0.0001971575163130729,500000.0,272489.8746370685
7.255128343369431e-05,0.00015012450733056237,-19.433831223849992,384.8105521250718,0.0,0.02178805005408049,65.33540643817935,1.2495787625005128e-16,0.0,6.496767012964203e-05,21.78206780208149,1.1857629479251147e-11,1.2292131247698932e-14,4.3297508189594145e-12,1.4872940707346356e-12,9.140804139215541e-14,0.5051841918900041,1.626225369765991e-11,0.00019725726413711748,500000.0,280839.3360035904
7.260931494417154e-05,0.00014898850989402245,-19.717959676593246,387.90194409172665,0.0,0.022290240925947315,66.84132538684783,1.3937920357236998e-16,0.0,6.646511310979759e-05,22.2841237377581,1.2016945038730134e-11,1.233844338129788e-14,4.428208963951595e-12,6.55111648235061e-13,2.582944368048369e-13,0.5168282067957931,1.862112231549338e-11,0.00019735992527756846,500000.0,289635.05746892735
7.266734645464877e-05,0.00014783589527541096,-20.00653934731295,391.0823746850532,0.0,0.022815675876885443,68.41694779400765,1.564696436298999e-16,0.0,6.803186722260628e-05,22.80941799909632,1.217945674788751e-11,1.2384148923956629e-14,4.531143993348875e-12,0.0,3.545272575786833e-13,0.5290111803941723,2.1366548927489274e-11,0.0001974656151121608,500000.0,298908.94419286615
7.2725377965126e-05,0.00014666640296796848,-20.299644917294376,394.35576627188436,0.0,0.023365819911335375,70.06666713383186,1.767964495706187e-16,0.0,6.967230121671175e-05,23.35941531947825,1.2345091039079834e-11,1.2429120911399603e-14,4.6388304786664124e-12,1.0631871748015096e-12,4.3194598930948354e-13,0.5417670837529536,2.4569043810500308e-11,0.00019757445523500323,500000.0,308695.7538218253
7.278340947560323e-05,0.00014547976831293582,-20.59734460755414,397.72627591138274,0.0,0.023942255156305943,71.7952282351181,2.0105814386615907e-16,0.0,7.139113320989111e-05,23.935697569843235,1.2513747814253244e-11,1.247321719819766e-14,4.751564073470513e-12,0.0,1.4306982177007956e-12,0.5551326046793613,2.8313282292487505e-11,0.00019768657385235176,500000.0,319033.39895333414
7.284144098608046e-05,0.00014427572291942468,-20.89969855107999,401.1983116518309,0.0,0.02454669198743468,73.60776063164568,2.3011702988721525e-16,0.0,7.319346383807266e-05,24.539974877309312,1.2685296099342764e-11,1.2516278748295233e-14,4.869663391232703e-12,0.0,3.890942667585433e-12,0.569147405584958,3.2701210998759793e-11,0.00019780210620141465,500000.0,329963.28607618506
7.289947249655769e-05,0.00014305399518778003,-21.2067568348375,404.7765491278327,0.0,0.025180981409411836,75.509815490784,2.6504029841425563e-16,0.0,7.508481310039764e-05,25.174097936741827,1.2859569059225186e-11,1.2558127744999952e-14,4.993472063981038e-12,1.9527138619297218e-11,4.57874399842106e-12,0.583854408987535,3.785589081151263e-11,0.00019792119499445983,500000.0,341530.6952549672
7.295750400703492e-05,0.00014181431095518172,-21.518557281783607,408.4659513647593,0.0,0.025847128463174125,77.50740653097733,3.0715217603483003e-16,0.0,7.707116086189898e-05,25.840071652166817,1.3036358282579595e-11,1.2598565146961914e-14,5.123360998157802e-12,4.1523735882543725e-15,1.465213224325006e-12,0.5993001140019265,4.392626880966489e-11,0.0001980439908929758,500000.0,353785.2084682861
7.301553551751216e-05,0.00014055639428411736,-21.8351227639326,412.2717883719548,0.0,0.026547307702551773,79.60705538714937,3.5810020666841133e-16,0.0,7.915899199547793e-05,26.54007026106873,1.3215407237455015e-11,1.2637368364814214e-14,5.259730845423224e-12,0.0,1.889444915437048e-12,0.6155349469262479,5.109311624909263e-11,0.00019817065300844583,500000.0,366781.1901886781
7.307356702798939e-05,0.00013927996841938312,-22.15645803034623,416.1996579100059,0.0,0.027283879566169057,81.81584193156797,4.1993966198976273e-16,0.0,8.13553465108417e-05,27.27645411078028,1.3396403787718381e-11,1.2674288695943244e-14,5.403014706791719e-12,1.2205715833434839e-12,2.667776956898599e-12,0.6326136505348061,5.957643815813963e-11,0.0001983013494298242,500000.0,380578.32846204634
7.313159853846662e-05,0.0001379847569440526,-22.48254600150347,420.25550792059573,0.0,0.028059409187177486,84.14146011086096,4.952413240853327e-16,0.0,8.366787506662678e-05,28.051788273892193,1.3578971647237694e-11,1.2709048253142407e-14,5.553681088612704e-12,0.0,3.4717035026250494e-12,0.6505957157039196,6.964474895012848e-11,0.00019843625777776004,500000.0,395242.2451703921
7.318963004894385e-05,0.0001366704851693444,-22.81334341338109,424.44566053804544,0.0,0.028876687016419558,86.59227991783405,5.872294972857323e-16,0.0,8.610490057075801e-05,28.8688632089336,1.376266063698129e-11,1.2741336628210173e-14,5.7122371286522474e-12,1.3733363923236605e-12,4.889044317751567e-12,0.6695458605927702,8.162671700500537e-11,0.00019857556578445454,500000.0,410845.1848748222
7.324766155942108e-05,0.00013533688179940675,-23.148775678358152,428.77683727103414,0.0,0.029738751663476858,89.17741617568736,6.999591886742619e-16,0.0,8.867548655190231e-05,29.73071769222536,1.3946935599775564e-11,1.2770807322623416e-14,5.879232109574689e-12,2.864039161627457e-12,6.5047791374629546e-12,0.6895345625203393,9.59258250445351e-11,0.00019871947189679178,500000.0,427466.7926266454
7.330569306989831e-05,0.00013398368092015162,-23.488730820994512,433.25618519820813,0.0,0.030648915278854678,91.90680486941967,8.385441326486972e-16,0.0,9.138951301833063e-05,30.640664265875994,1.4131163819408987e-11,1.2797073833384349e-14,6.055261274956374e-12,0.0,8.074364412611083e-12,0.7106386481775333,1.1303888213552174e-10,0.00019886818589877505,500000.0,445194.99279253685
7.336372458037554e-05,0.00013261062437080584,-23.833052318806278,437.8913040807327,0.0,0.03161079177982258,94.7912878128026,1.0094509736676107e-15,0.0,9.42577607547163e-05,31.602317464756833,1.4314600785923868e-11,1.2819705315145185e-14,6.240969959090335e-12,0.0,1.2043015243658068e-11,0.7329419482490087,1.3357946849280618e-10,0.00019902192954734867,500000.0,464126.9826174095
7.342175609085277e-05,0.00013121746456712716,-24.181530665146052,442.69027440614184,0.0,0.032628328023765266,97.84270648681758,1.2208797321791662e-15,0.0,9.729200470110412e-05,32.619625101132534,1.4496374149410407e-11,1.2838221936642607e-14,6.437058035787292e-12,1.667271458399341e-11,2.0330241842576514e-11,0.7565360229958278,1.58307714408831e-10,0.0001991809372138855,500000.0,484370.35618020117
7.347978760133e-05,0.00012980396785702874,-24.533893422129378,447.66168603581906,0.0,0.03370583819819887,101.07400592006108,1.4832570339038994e-15,0.0,0.00010050511712924234,33.69690289716167,1.467546571470959e-11,1.2852090064307104e-14,6.644284682320669e-12,3.202552040159664e-11,2.6540856722733e-11,0.7815209655355394,1.881682350686266e-10,0.0001993454565205522,500000.0,506044.37602812675
7.353781911180723e-05,0.00012836991850403344,-24.88979347825304,452.8146668429383,0.0,0.03484804187367328,104.49934949209245,1.809876985268538e-15,0.0,0.00010391118139063307,34.83887275897246,1.4850691352190512e-11,1.2860717156558574e-14,6.8634734413453656e-12,0.0,2.2034518555020737e-11,0.8080062895402113,2.2433859437877575e-10,0.00019951574895661124,500000.0,529281.4115069518
7.359585062228446e-05,0.00012691512341290987,-25.248795142100786,458.1589103160937,0.0,0.03606010629079966,108.13424551096986,2.2177357000350246e-15,0.0,0.00010752561801940944,36.050704976105884,1.5020678747393485e-11,1.2863446258758235e-14,7.095517544292906e-12,0.0,2.6174686867409998e-11,0.836111907776955,2.68291395241767e-10,0.00019969209045379412,500000.0,554228.5643461347
7.365388213276169e-05,0.0001254394177348684,-25.610357652683096,463.7047011168473,0.0,0.037347692934178126,111.99568632762663,2.728620195438509e-15,0.0,0.00011136532552285765,37.33806460058142,1.518384300115671e-11,1.2859550359958438e-14,7.341385432425526e-12,2.767959441064338e-10,9.63575072087598e-11,0.8659692074989581,3.218740423755047e-10,0.0001998747718931412,500000.0,581049.5039226618
7.371191364323893e-05,0.0001239426715120869,-25.97381578357889,469.46293874232,0.0,0.03871700673860137,116.10230058947272,3.3705317897584776e-15,0.0,0.00011544883176277611,38.70716220640995,1.533836026585452e-11,1.284822698093241e-14,7.602126374835637e-12,8.971955503610046e-10,2.350377290471183e-10,0.8977222283009076,3.874114640338968e-10,0.00020006409951044474,500000.0,609926.5378294607
7.375365496920932e-05,0.00012285302009121764,-26.2359702204042,473.74256852734084,0.0,0.039756255636812274,119.21910927079398,3.933093272047022e-15,0.0,0.00011854810231717232,39.746270098563926,1.544299483635363e-11,1.2834999118953696e-14,7.79950346214861e-12,3.8165029543050104e-11,1.294410046400447e-10,0.921821910044773,4.4355987496096015e-10,0.00020020456977388025,500000.0,632081.801352099
7.378457524918361e-05,0.00012203879198015585,-26.430319219323568,476.9900938678427,0.0,0.04055721899814733,121.62131206327366,4.4151016606478094e-15,0.0,0.00012093678484808128,40.547136667086555,1.5516415156312062e-11,1.282222257236784e-14,7.951316377261858e-12,0.0,1.4120452636409317e-10,0.9403961397593801,4.908850516713643e-10,0.00020031102193410964,500000.0,649295.5427119955
7.38154955291579e-05,0.00012121855484977018,-26.62461968875551,480.30555462328067,0.0,0.04138598669156993,124.10694304787715,4.961441744690907e-15,0.0,0.00012340842486206584,41.375817225705916,1.5585929141485428e-11,1.2806742044046076e-14,8.108113008378105e-12,2.5693609094981955e-12,1.8817248723897426e-10,0.9596154499466398,5.437827572232268e-10,0.00020041957270586203,500000.0,667232.042479293
7.384641580913219e-05,0.00012039231295826947,-26.818690867379576,483.69089287375647,0.0,0.042243797254533505,126.67972459820797,5.5812276181483e-15,0.0,0.00012596672539858192,42.23355277022428,1.56511255632977e-11,1.2788398355050421e-14,8.270093810033042e-12,0.0,2.1646902857327208e-10,0.9795086226995787,6.029664605963185e-10,0.0002005302755252199,500000.0,685929.658146944
7.387733608910648e-05,0.00011956007642542102,-27.01233311486048,487.1481027566782,0.0,0.04313195162668213,129.34356689263174,6.284923999310752e-15,0.0,0.00012861557476016497,43.12164690830402,1.571156489849462e-11,1.2767025623135468e-14,8.437467263742025e-12,5.8795863953171435e-12,2.6724505473889194e-10,1.0001058920951766,6.69247565567271e-10,0.00020064318504155017,500000.0,705429.0825615318
7.390825636908077e-05,0.0001187218618595333,-27.205326066650827,490.67922950408104,0.0,0.044051815632137725,132.10257678298765,7.0845564719811515e-15,0.0,0.00013135905582762963,44.04146881618013,1.576677818840113e-11,1.2742450881095682e-14,8.610449999481808e-12,0.0,3.3550243353060083e-10,1.0214390130376196,7.435495310584245e-10,0.00020075835707844672,500000.0,725773.4902672875
7.393917664905507e-05,0.00011787769303489692,-27.397426639338015,494.2863678906457,0.0,0.0450048232090343,134.9610668243633,7.993952915840965e-15,0.0,0.00013420145656063936,44.994456249066936,1.5816265751863836e-11,1.2714494126482517e-14,8.789266877092195e-12,0.0,3.8549913185792553e-10,1.0435413309143624,8.26924279721917e-10,0.0002008758485822181,500000.0,747008.6912273859
7.397009692902936e-05,0.00011702760162250557,-27.588366911951876,497.9716603737678,0.0,0.04599247938719329,137.92356441190313,9.029020641087063e-15,0.0,0.00013714727935794724,45.98211858724617,1.5859496488950858e-11,1.2682969332117036e-14,8.974151018689777e-12,1.8571432681290926e-11,4.741987261378105e-10,1.0664478521620577,9.2057098109006e-10,0.00020099571755696446,500000.0,769183.292392384
7.400101720900366e-05,0.00011617162798863186,-27.777851829604973,501.73729476873046,0.0,0.04701636282409816,140.99482091440996,1.0208066676240249e-14,0.0,0.00014020124910876645,47.00603988108299,1.5895907162194254e-11,1.2647684756841783e-14,9.165343776863221e-12,2.568771320403008e-12,6.266293403024916e-10,1.0901953151426251,1.02585762758315e-09,0.0002011180229830017,500000.0,792348.8666428238
7.403193748897795e-05,0.00011530982207254422,-27.96555667343516,505.58550108857924,0.0,0.048078128763026126,144.17982068067232,1.1552168840605783e-14,0.0,0.00014336832167895517,48.06788185360593,1.5924901013197622e-11,1.2608442103602225e-14,9.363094622305268e-12,0.0,7.228255343046015e-10,1.1148222597843938,1.1443459240338584e-09,0.0002012428247150282,500000.0,816560.1281420459
7.406285776895225e-05,0.00011444224434830347,-28.151124277118797,509.5185474014912,0.0,0.04917951227498447,147.4837897909839,1.3085604716518572e-14,0.0,0.00014665369402532393,49.16938681813154,1.5945847537495168e-11,1.256503797610571e-14,9.567660934782193e-12,8.672762182925166e-11,8.015028863785838e-10,1.1403690948448113,1.2778199334794837e-09,0.000201370183356957,500000.0,841875.1133288351
7.409377804892654e-05,0.00011356896687489885,-28.334162006057287,513.5387348418698,0.0,0.05032233024538283,150.91220440206723,1.4836346290541278e-14,0.0,0.00015006281169143782,50.312380460329784,1.5958083582063152e-11,1.2517267452070247e-14,9.779307679436754e-12,8.172584841373548e-11,1.1568885613427217e-09,1.1668781626768179,1.4283189670630535e-09,0.00020150016011058624,500000.0,868355.3670076306
7.412469832890082e-05,0.00011269007444217933,-28.51423848444591,517.6483915342429,0.0,0.05150848321068462,154.47079848959595,1.6836629771752694e-14,0.0,0.0001536013744714318,51.49877441944919,1.5960912836852382e-11,1.2464922553758096e-14,9.998306946205543e-12,0.0,1.6067534106500223e-09,1.194393799705872,1.5981754084384265e-09,0.00020163281659441498,500000.0,896066.1320473452
7.415561860887511e-05,0.00011180566582264995,-28.69088001403231,521.8498649538585,0.0,0.052739958995926206,158.1655707420175,1.912361195229421e-14,0.0,0.00015727534880243346,52.730568586584255,1.5953605434060258e-11,1.2407787810307597e-14,1.022493732524109e-11,2.0947064025000868e-10,1.3989385992889133e-09,1.2229623889536418,1.7900582651948365e-09,0.00020176821462773473,500000.0,925076.5402899832
7.418653888884941e-05,0.00011091585513919228,-28.863566696845265,526.1455130075706,0.0,0.054018833994615253,162.00279031048746,2.1740125536728676e-14,0.0,0.00016109097249805988,54.00985302157668,1.5935400098640712e-11,1.2345648655302876e-14,1.0459483087649459e-11,6.53132506525839e-10,1.1803952573069838e-09,1.252632403649007,2.007023084898672e-09,0.00020190641597523393,500000.0,955459.8030291026
7.42174591688237e-05,0.0001100207733580136,-29.03172823667435,530.5376935688973,0.0,0.055347272197859426,165.98900106604273,2.4735546546637164e-14,0.0,0.00016505474879383876,55.338809372240355,1.5905511862070028e-11,1.2278311139896858e-14,1.0702233137003858e-11,0.0,3.4104380662914813e-09,1.283454440924689,2.2525691746136363e-09,0.00020204748204648998,500000.0,987293.3979566611
7.4248379448798e-05,0.0001091205699164103,-29.19473940110127,535.0287520848824,0.0,0.056727523611208204,170.13102394825435,2.816678815138033e-14,0.0,0.0001691734419811876,56.71971165729031,1.5863121922459627e-11,1.2205581605797558e-14,1.0953479692342403e-11,0.0,6.596998467346107e-09,1.3154812437838934,2.5307050380899776e-09,0.0002021914735441668,500000.0,1020659.2485149213
7.427929972877229e-05,0.00010821541449730671,-29.35191503177912,539.6210062972011,0.0,0.05816192589453992,174.4359569016547,3.209943715934055e-14,0.0,0.000173454121563319,58.154926245024456,1.5807398806479505e-11,1.2127229521513483e-14,1.121351665568439e-11,7.266899919154387e-11,3.969581322744446e-09,1.3487677000917493,2.8460234692350097e-09,0.00020233845005275774,500000.0,1055643.8893964307
7.431022000874658e-05,0.000107305498962443,-29.502504771863126,544.31672718939,0.0,0.05965292139003245,178.91117180477454,3.6609052184973634e-14,0.0,0.00017790413377578586,59.64691082938933,1.5737497124078276e-11,1.2043100293644511e-14,1.1482637609348061e-11,0.0,4.700812974647805e-09,1.3833707988441772,3.2037878109180796e-09,0.00020248846956134057,500000.0,1092338.6108815349
7.434114028872088e-05,0.00010639103945556008,-29.645687380703013,549.1181218079151,0.0,0.06120301994807066,183.5643076937638,4.1782639724338165e-14,0.0,0.00018253107429666958,61.19821217067675,1.565255834162209e-11,1.1952965469089369e-14,1.176113338696702e-11,3.542785808386761e-11,6.139124855828247e-09,1.4193496086869573,3.6100284736926796e-09,0.00020264158791077685,500000.0,1130839.586110331
7.436237771226072e-05,0.00010576044042923631,-29.739277939771927,552.478253705685,0.0,0.06230327273622299,186.86744424489572,4.5772086865173284e-14,0.0,0.00018581561277754134,62.29943942722197,1.558505925118624e-11,1.188763563320475e-14,1.1957995797098282e-11,2.4692726646149015e-11,6.700874493858836e-09,1.444890002521459,3.920679500160654e-09,0.00020274857922957735,500000.0,1158382.4031856498
7.438361513580057e-05,0.00010512789811887328,-29.828638561933595,555.8898951860182,0.0,0.06343348629345494,190.26085986163122,5.0158144320798564e-14,0.0,0.00018918991851560592,63.43076465431803,1.5509782640151515e-11,1.1819369164068763e-14,1.215950561612007e-11,0.0,8.328681103762453e-09,1.471128447802827,4.2599441168590685e-09,0.00020285707381198829,500000.0,1186859.0790047562
7.440485255934041e-05,0.00010449350586814915,-29.913436007099666,559.3536713161184,0.0,0.06459453399744539,193.74722881357386,5.498092069262448e-14,0.0,0.0001926566530477839,64.59307941954067,1.5426457460074964e-11,1.1748374064952415e-14,1.236575026522695e-11,7.844990698711704e-11,9.196261996649517e-09,1.4980856236873195,4.630572889251479e-09,0.0002029670870103563,500000.0,1216304.8663584325
7.442608998288026e-05,0.00010385736430951426,-29.99331632949427,562.8701713698479,0.0,0.06578730446038443,197.32927116763133,6.028451920451007e-14,0.0,0.00019621852186659373,65.78729055838885,1.533481840639329e-11,1.1672577904097843e-14,1.2576813835905272e-11,2.5044119969708347e-11,1.0730998521317362e-08,1.5257825607246902,5.035583215086264e-09,0.0002030786331340129,500000.0,1246756.1233159036
7.44473274064201e-05,0.00010321958181792789,-30.067903740913348,566.4399434022247,0.0,0.06701269601389435,201.0097477208716,6.611740576915446e-14,0.0,0.0001998782680650107,67.01431848491175,1.523460798031475e-11,1.1610911926066483e-14,1.2792776316901323e-11,0.0,1.3084676776909093e-08,1.5542406057151255,5.4782840746387085e-09,0.00020319172529685014,500000.0,1278250.2964814263
7.446856482995995e-05,0.00010258027499251334,-30.13679942773385,570.0634878945463,0.0,0.0682716144214184,204.79145391251052,7.253282517408382e-14,0.0,0.00020363867209216135,68.27509516197883,1.5125581597524988e-11,1.1342118199987797e-14,1.3013712730542553e-11,3.6520469194209367e-10,1.4295865792039455e-08,1.5834813750142245,5.9623023446419255e-09,0.00020330637524886025,500000.0,1310825.8932413235
7.44898022534998e-05,0.00010193956915971755,-30.19958034635939,573.7412505912091,0.0,0.06956497367918427,208.67721263212303,7.95888699594398e-14,0.0,0.0002075025413396661,69.57056170356255,1.50075082400027e-11,1.534588021804005e-14,1.3239692173127987e-11,2.9791933501897824e-10,1.6661402972485186e-08,1.6135266939623034,6.491611461018387e-09,0.00020342259319385957,500000.0,1344522.441927838
7.451103967703964e-05,0.00010129759889895859,-30.255797995302167,577.4736153141533,0.0,0.0708936896568385,212.66986579088032,8.735962815891102e-14,0.0,0.00021147269462850102,70.9016655646243,1.4880168329571078e-11,-7.089107107261674e-30,1.3470776751575599e-11,0.0,2.1278968058574113e-08,1.6443985360221596,7.070561852243805e-09,0.0002035403875920579,500000.0,1379380.43998585
7.453227710057949e-05,0.00010065450859515673,-30.304977151640074,581.260895875281,0.0,0.07225867543619144,216.77226448770105,9.560519859111783e-14,0.0,0.00021555196919066248,72.26935726253669,1.4743359138385665e-11,4.339254614671071e-12,1.370702039998095e-11,2.868842316236402e-10,2.3534636019484142e-08,1.6761189494354185,7.703912984139218e-09,0.00020365976494446817,500000.0,1415441.2861749253
7.455351452411933e-05,0.0001000104530199984,-30.34661460326855,585.1033266596388,0.0,0.0736608436904739,220.98725760057494,1.0546715376264973e-13,0.0,0.0002197432007564724,73.67458657348871,1.4596942811899668e-11,1.4635280495983598e-12,1.3948467599357649e-11,1.260888174168895e-11,2.7290266412756654e-08,1.708709958604536,8.396868002445323e-09,0.00020378072955735518,500000.0,1452747.193551198
7.457475194765918e-05,9.936559794094397e-05,-30.380177860406604,589.0010534792406,0.0,0.07510109474663837,225.3176786364827,1.160739105083287e-13,0.0,0.00022404920508889553,75.11829814829876,1.444079528173999e-11,0.0,1.4195151925313216e-11,0.0,3.2024576793280906e-08,1.7421934722890808,9.155109569337833e-09,0.0002039032832858018,500000.0,1491341.08465442
7.459598937119902e-05,9.872012075688616e-05,-30.40510386742475,592.9541230559236,0.0,0.07658031024463574,229.7663306605485,1.2738435134757733e-13,0.0,0.00022847276644037277,76.60142648786936,1.4274807774516363e-11,7.432859896315549e-13,1.4447094479265638e-11,8.583995633460244e-11,3.7159702609153724e-08,1.776591165283904,9.984836764715014e-09,0.0002040274252557246,500000.0,1531266.4625321496
7.461722679473887e-05,9.80742111604499e-05,-30.420797732138727,596.9624713406998,0.0,0.07809935106083293,234.33596910395636,1.3989783848615868e-13,0.0,0.0002330166211032403,78.12489021142653,1.4098888338103737e-11,0.0,1.4704302183357236e-11,0.0,4.351998265273888e-08,1.81192434256927,1.0892804132025258e-08,0.0002041531515629263,500000.0,1572567.255090239
7.463846421827871e-05,9.74280718271397e-05,-30.426631483048535,601.0259112630923,0.0,0.07965904947171182,239.02928223318128,1.5358521065683298e-13,0.0,0.00023768344089104956,79.68958554505154,1.3913001094910703e-11,0.0,1.4966765891076736e-11,1.105112477036897e-11,5.086558918870134e-08,1.8482137897758133,1.188636168328405e-08,0.00020428045494748145,500000.0,1615287.6310339824
7.465970164181856e-05,9.678191913073625e-05,-30.42194287343581,605.1441195462788,0.0,0.08126019952139397,243.84886905328293,1.6858603401346457e-13,0.0,0.00024247580975026112,81.29637895475057,1.3717180998389633e-11,7.102547336076311e-13,1.5234458344304007e-11,9.543382769603586e-11,5.912308681707264e-08,1.8854796024123939,1.2973494368593718e-08,0.0002044093244420471,500000.0,1659471.7830934525
7.46809390653584e-05,9.61359838835144e-05,-30.406034250216905,609.3166224101254,0.0,0.08290354794067287,248.79721440995314,1.8521120792488932e-13,0.0,0.0002473961944104691,82.94609884560731,1.3511519740734936e-11,0.0,1.5507332001155608e-11,0.0,6.918902334596137e-08,1.9237409928567315,1.4162861662638305e-08,0.0002045397449929444,500000.0,1705163.6743324527
7.470217648889825e-05,9.549051209945317e-05,-30.378171511376326,613.5427802512536,0.0,0.0845897838226227,253.87666104558832,2.0338912043132555e-13,0.0,0.00025244691909570875,84.63952624542007,1.3296158971074618e-11,0.0,1.578531662477029e-11,0.0,8.0936991134802e-08,1.9630160752381347,1.5463836142019165e-08,0.00020467169705291581,500000.0,1752406.7437356657
7.472341391243809e-05,9.484576577828187e-05,-30.33758318317784,617.8217712546335,0.0,0.08631952702837528,259.0893783564922,2.232151434815866e-13,0.0,0.00025763013902956066,86.37738438851598,1.3071311520685744e-11,1.2032922863906108e-12,1.606831668481802e-11,2.157029864365534e-10,9.400993633469824e-08,2.003321623458088,1.6886539383619918e-08,0.00020480515614447988,500000.0,1801243.5666571031
7.474465133597794e-05,9.420202370761794e-05,-30.28345964839222,622.1525738952305,0.0,0.08809331571637069,264.4373275948054,2.4519706997201045e-13,0.0,0.0002629477987688616,88.1603271142682,1.2837265949630731e-11,0.0,1.6356208715618296e-11,0.0,1.0985102577175375e-07,2.044672800909564,1.84418745207746e-08,0.00020494009239294247,500000.0,1851715.4654627237
7.476588875951778e-05,9.355958227966181e-05,-30.214952558322533,626.5339483733823,0.0,0.08991159223352385,269.9222232607741,2.6929731677354295e-13,0.0,0.00026840159087164874,89.98892599549225,1.2594365738456782e-11,0.0,1.6648838386352583e-11,0.0,1.2892327823790953e-07,2.0870828632510903,2.014155374002976e-08,0.0002050764700283989,500000.0,1903862.0657269978
7.478712618305763e-05,9.291875631805463e-05,-30.13117447069672,630.9644170938876,0.0,0.09177468487360102,275.545490438613,2.956842608349353e-13,0.0,0.00027399292811860245,91.86365611445368,1.2343099139284725e-11,0.0,1.6946017294725695e-11,8.62985177978504e-11,1.497279603593247e-07,2.130562830233755,2.1998117764566085e-08,0.00020521424685640595,500000.0,1957720.7933950776
7.480836360659747e-05,9.227987990955693e-05,-30.031198764636937,635.4422436316138,0.0,0.09368279613813903,281.3082178440445,3.244161552514266e-13,0.0,0.00027972288799474907,93.78488040919237,1.208402485392161e-11,0.0,1.7247519787654205e-11,0.0,1.74387459147508e-07,2.1751211170871194,2.4024947038883105e-08,0.00020535337369735873,500000.0,2013326.306271456
7.482960103013732e-05,9.164330723421534e-05,-29.9140598764793,639.965411285071,0.0,0.09563597891114134,287.2111063749872,3.5574651257942093e-13,0.0,0.0002855921561364786,95.75283252063417,1.1817763561274238e-11,0.0,1.7553079665091748e-11,3.6026249667729132e-12,2.0344207890186173e-07,2.2207631417805502,2.6236260270011834e-08,0.00020549379379504183,500000.0,2070709.8581044902
7.485083845367716e-05,9.100941338655725e-05,-29.778753918124238,644.5316004013499,0.0,0.09763411543494312,293.2544129911243,3.9000203057980777e-13,0.0,0.00029160097343958717,97.76759808237732,1.1545048055309155e-11,0.0,1.7862386655728216e-11,1.2749986380751802e-10,2.3659228816216612e-07,2.2674908909326463,2.8647096516503895e-08,0.0002056354421954458,500000.0,2129898.5880590705
7.487207587721701e-05,9.037859517906025e-05,-29.624239740230806,649.1381646984898,0.0,0.09967689755684897,299.4378897955699,4.2743753923095857e-13,0.0,0.000297749073771317,99.82909441090203,1.1266700687351335e-11,5.667745941727028e-15,1.8175082781017042e-11,0.0,2.751579028353429e-07,2.3153024462912533,3.127327982520575e-08,0.00020577824509756564,500000.0,2190914.7316559036
7.489331330075685e-05,8.975127191777088e-05,-29.449440503638726,653.7821069053458,0.0,0.10176380472893648,305.7607182542522,4.682574338783245e-13,0.0,0.00030403562095749086,101.93704857474896,1.0983652668515658e-11,2.008971037475314e-14,1.8490758717786306e-11,0.0,3.213012316188446e-07,2.364191475541276,3.4131362126046827e-08,0.00020592211917869505,500000.0,2253774.7501320974
7.49145507242967e-05,8.912788613842012e-05,-29.253245840361764,658.4600543001201,0.0,0.10389407195117652,312.22143856904626,5.126944651381734e-13,0.0,0.0003104591484076979,104.09097384798481,1.0697066952587249e-11,1.4044380096071728e-14,1.8808950186616815e-11,1.2184253363434387e-10,3.7247275783080326e-07,2.414146692169902,3.723853479624934e-08,0.00020606697089771913,500000.0,2318488.376928455
7.493578814783655e-05,8.850890428973192e-05,-29.03451468027551,663.168233138844,0.0,0.10606667096732941,318.8178743209961,5.610177733330293e-13,0.0,0.0003170174697313467,106.29014458679625,1.040817028529601e-11,2.3607445141646693e-14,1.912913438509209e-11,0.0,4.317633116615078e-07,2.4651512634528845,4.0612512133668745e-08,0.0002062126957810174,500000.0,2385057.575740486
7.495702557137639e-05,8.78948173489887e-05,-28.792078816749033,667.9024437309613,0.0,0.10828027613690201,325.5470526219976,6.135169350261507e-13,0.0,0.0003237075949203631,108.53356960867275,1.0118223680074618e-11,0.0,1.9450726544622595e-11,0.0,5.009403810784658e-07,2.5171821993365984,4.4271376558001086e-08,0.00020635917769677345,500000.0,2453475.415103691
7.497826299491624e-05,8.728614135316714e-05,-28.524747305047242,672.6580355518747,0.0,0.11053323284213237,332.4051201601823,6.70464225601624e-13,0.0,0.000330525657385497,110.8199642025972,9.828682881026747e-12,0.0,1.9773076702396315e-11,4.350651732634189e-10,5.792542483400988e-07,2.5702097047407224,4.8233377768304104e-08,0.00020650628812496433,500000.0,2523724.858496578
7.499950041845608e-05,8.668341782708216e-05,-28.23131177997406,677.429882695008,0.0,0.11282353107089367,339.38725569840926,7.320671294451338e-13,0.0,0.0003374668181420322,113.14772095679486,9.54101242632637e-12,2.5602783138742707e-13,2.009546673754677e-11,1.2231120651365228e-10,6.699110956641054e-07,2.6241964975675836,5.251668712992983e-08,0.00020665388543184351,500000.0,2595777.4740257626
7.502073784199593e-05,8.608721408812743e-05,-27.910552774291933,682.2123606509443,0.0,0.11514877385531515,346.4875797875234,7.985217884312607e-13,0.0,0.00034452516546072486,115.51487965797705,9.256467166523883e-12,1.1928863965759567e-12,2.0417107875613055e-11,0.0,7.748486364635981e-07,2.6790971133107075,5.7139099142747175e-08,0.00020680181415947413,500000.0,2669592.0730134016
7.504197526553577e-05,8.549812340546074e-05,-27.56124711928651,686.999324811652,0.0,0.11750614171395286,353.69906268613823,8.698274958834706e-13,0.0,0.00035169366329390774,117.91909659268404,8.976925494780616e-12,5.514899867621395e-12,2.0737138497507883e-11,2.3284102565543285e-10,8.91451645393634e-07,2.7348571966209323,6.211767083384938e-08,0.00020694990434280848,500000.0,2745113.288026041
7.506321268907563e-05,8.491676498977397e-05,-27.18217651082932,691.7840906065104,0.0,0.11989236975842131,361.0134317369323,9.527507973322656e-13,0.0,0.0003589640317228111,120.35761366761419,8.705220866453371e-12,0.0,2.1054630163034147e-11,0.0,1.0245845234404846e-06,2.791412775127327,6.74683024985733e-08,0.00020709797086879185,500000.0,2822270.102726102
7.508445011261548e-05,8.434378378830324e-05,-26.772137295551627,696.5594171663435,0.0,0.1223037105702174,368.42107973474526,1.0202209376732107e-12,0.0,0.0003663266379650294,122.82722786058795,8.440234787816662e-12,2.045964701298121e-10,2.1368543957344453e-11,0.0,1.1767250846833144e-06,2.848689558870407,7.320525189969922e-08,0.00020724581289410562,500000.0,2900974.3577837334
7.510568753615532e-05,8.377985005849176e-05,-26.329951535818683,701.3174944212805,0.0,0.12473590117119177,375.9109761258243,1.1277503513698985e-12,0.0,0.00037377042271871154,125.32426161599393,8.186280577453123e-12,3.100273724491299e-11,2.1677816325840715e-11,1.3804895696719724e-10,1.3468998192172125e-06,2.9066022582668225,7.934057755016065e-08,0.00020739321334036685,500000.0,2981119.254540782
7.512692495969517e-05,8.322565869279293e-05,-25.85447938547424,706.0499338511618,0.0,0.12718414927402316,383.47058320666537,1.225075050419027e-12,0.0,0.00038128282117602744,127.8445349062559,7.946504098349733e-12,0.0,2.1981310971799043e-11,1.5164785000247097e-10,1.53805401605624e-06,2.9650539238574405,8.588352494324534e-08,0.000207539938487697,500000.0,3062577.88425376
7.514254659138391e-05,8.282464774616368e-05,-25.482852760322395,709.5094144571173,0.0,0.12899216829796503,389.06755139504753,1.295766125270088e-12,0.0,0.0003868443480410251,129.7104895060407,7.779900849495102e-12,3.2914144664327595e-11,2.2200153638089728e-11,1.7629637872242136e-10,1.6936268384360787e-06,3.0083302303050856,9.096002529641518e-08,0.00020764728894410515,500000.0,3123249.5363563565
7.515816822307265e-05,8.24295901942537e-05,-25.092215190750252,712.9464111940307,0.0,0.1308036661463183,394.6884438517942,1.3785348579164678e-12,0.0,0.0003924291775603911,131.58441942790193,7.622147356247264e-12,0.0,2.241470282695984e-11,2.1689168180312312e-10,1.8616402116333127e-06,3.051791493677141,9.62611454341371e-08,0.000207754033102468,500000.0,3184485.272375362
7.51737898547614e-05,8.204078606711069e-05,-24.682179005148054,716.3569860017941,0.0,0.1326161465123699,400.32657854468994,1.4581062278228308e-12,0.0,0.0003980306129296535,133.4640969148312,7.473102689161749e-12,1.0607786869415577e-11,2.262441237042487e-11,2.377871581529846e-10,2.0432213381278112e-06,3.09538604509474,1.0178635433381538e-07,0.00020786006032086203,500000.0,3246211.2674558987
7.518941148645014e-05,8.165854125707559e-05,-24.252383100745465,719.7370359400263,0.0,0.1344269409270998,405.97476903542866,1.5387786373713593e-12,0.0,0.00040364145276445326,135.34712604614384,7.333274051313515e-12,1.0033099443411966e-11,2.282873711129361e-11,2.794833516987064e-10,2.23902541880753e-06,3.139058316225956,1.075335530707864e-07,0.00020796525498758048,500000.0,3308346.541247451
7.520503311813888e-05,8.128316707246414e-05,-23.80249676472259,723.082297645005,0.0,0.13623320856759158,411.62531810938697,1.6249249454829088e-12,0.0,0.0004092539849612282,137.23094061399843,7.203744796458651e-12,0.0,2.302714197628814e-11,3.3230028893798894e-10,2.44913984198689e-06,3.1827487898590765,1.1349890196017252e-07,0.00020806949658710422,500000.0,3370802.7743817344
7.522065474982763e-05,8.091497972363546e-05,-23.332223676881597,726.3883533412999,0.0,0.1380319385378054,417.2700148646375,1.7216864130728204e-12,0.0,0.0004148599826014793,139.11280315331962,7.086502605362259e-12,0.0,2.3219094090048864e-11,3.4389739044329227e-10,2.674025728430714e-06,3.2263939765557708,1.196766506190372e-07,0.0002081726598061207,500000.0,3433484.1709331023
7.523627638151637e-05,8.055429975096686e-05,-22.8413060047822,729.6506383498516,0.0,0.1398199532871523,422.9001355252695,1.82107854999853e-12,0.0,0.00042045070532545695,140.98980521339263,6.98159653364816e-12,0.0,2.34039735419325e-11,3.8444704404657867e-10,2.91450329520764e-06,3.2699264206740795,1.2605897482241564e-07,0.00020827461467790807,500000.0,3496287.372108492
7.525189801320511e-05,8.020145139384209e-05,-22.329528563924885,732.8644502431417,0.0,0.1415939115793394,428.50644839288185,1.912731531836643e-12,0.0,0.00042601690717413115,142.85886900915168,6.88724137390961e-12,1.8794837697777855e-11,2.358113607884058e-11,5.594415861078633e-10,3.1702123705341245e-06,3.313274740350033,1.3263581562646513e-07,0.00020837522676764777,500000.0,3559101.428771206
7.526751964489386e-05,7.9856761894009e-05,-21.79672303933699,736.0249597102711,0.0,0.14335031480665597,434.0792234433029,2.0116676676200746e-12,0.0,0.0004315488441731917,144.7167506212311,6.8048973312287095e-12,0.0,2.3750050027196747e-11,6.529631426879758e-10,3.4403172139499762e-06,3.356363701756034,1.3939473196339115e-07,0.00020847435740392907,500000.0,3621807.840980285
7.52831412765826e-05,7.952056072994831e-05,-21.242772238465967,739.127223169168,0.0,0.14508551933573163,439.6082470269164,2.1018541806480764e-12,0.0,0.0004370362831196141,146.56004489740596,6.732801888190717e-12,7.360112071750761e-11,2.3910067062630456e-11,4.1706362678558094e-10,3.726074253290261e-06,3.399114329136935,1.4632077902049732e-07,0.0002085718639604059,500000.0,3684280.6722957278
7.529876290827134e-05,7.919317878383008e-05,-20.66761431901818,742.1661975221416,0.0,0.1467957456497836,445.0828420356714,2.1967292985863e-12,0.0,0.00044246853381512617,148.38519217689554,6.670369991038893e-12,7.810169805926805e-11,2.4060572883669322e-11,6.14545242674245e-10,4.0274639252223465e-06,3.4414440640564634,1.53396404067422e-07,0.00020866760018927344,500000.0,3746386.7475882317
7.531438453996009e-05,7.887494744386395e-05,-20.07124693634827,745.1367569754522,0.0,0.14847708657569378,450.4918938516621,2.3171310050931582e-12,0.0,0.0004478344807740305,150.18848694189762,6.623775503574055e-12,0.0,2.420118497218212e-11,1.087966286746343e-09,4.342223103465368e-06,3.483266968330702,1.6060135567995524e-07,0.00020876141660765572,500000.0,3807985.9403931405
7.533000617164883e-05,7.856619764379833e-05,-19.45373125141437,748.0337115371716,0.0,0.15012552714812247,455.8238823649755,2.430105347178304e-12,0.0,0.00045312259435242115,151.966088492624,6.592211373627112e-12,4.361707638936452e-11,2.433126604923245e-11,7.652897898689817e-10,4.6702183551142575e-06,3.52449396663574,1.679126443048006e-07,0.00020885316093821737,500000.0,3868931.5538830534
7.534562780333757e-05,7.82672588412264e-05,-18.815195740192365,750.8518276056291,0.0,0.15173696551407878,461.0669202999719,2.529121392518133e-12,0.0,0.0004583209758529251,153.71403372587483,6.570485489915903e-12,9.51127228859254e-11,2.44500816028985e-11,6.328432456898349e-10,5.0113433781126e-06,3.5650331433048437,1.7530454764672661e-07,0.0002089426786051824,500000.0,3929070.802721329
7.536124943502632e-05,7.797845793782399e-05,-18.155839746780934,753.5858509236946,0.0,0.15330722597021948,466.20879800511074,2.6547444869323516e-12,0.0,0.0004634174332615525,155.42825206820353,6.564360594857312e-12,0.0,2.4557317678156305e-11,1.6883226592042453e-09,5.362889530816196e-06,3.6047900931839068,1.8274863644461315e-07,0.0002090298132859726,500000.0,3988245.401421197
7.537687106671506e-05,7.77001181463312e-05,-17.475936716154163,756.2305313910696,0.0,0.1548320790572234,471.2370347543437,2.782020908411937e-12,0.0,0.00046839950118552417,157.1045825797625,6.5755096346286375e-12,0.0,2.4652502587925865e-11,1.5603404831443229e-09,5.7237801239608184e-06,3.6436683159770786,1.9021384781557532e-07,0.00020911440751759014,500000.0,4046292.259498525
7.53924926984038e-05,7.743255781019295e-05,-16.775837031403164,758.7806494778399,0.0,0.1563072761234361,476.13893649813497,2.9125654413543294e-12,0.0,0.0004732544847453,158.73879320892712,6.601705279912937e-12,0.0,2.4735115541303572e-11,8.993009474340556e-10,6.0930220836818544e-06,3.6815696596537197,1.9766664137135503e-07,0.0002091963033560027,500000.0,4103044.2832530607
7.540811433009255e-05,7.717608918256695e-05,-16.055970384635714,761.2310450120311,0.0,0.1577285703757724,480.9016598941256,3.012655871575833e-12,0.0,0.000477969571531462,160.3266021399198,6.635999610647544e-12,9.422836969527264e-11,2.4804397323798752e-11,1.8069724853769483e-09,6.467473879709047e-06,3.7183948181962414,2.0507119197788064e-07,0.0002092753430858157,500000.0,4158331.2876291424
7.542373596178129e-05,7.693101717231798e-05,-15.316847619634288,763.5766479123704,0.0,0.15909173636953858,485.51228231641494,3.0790514009076165e-12,0.0,0.00048253189530057393,161.8637011339434,6.671278938952368e-12,2.3991048996133175e-10,2.4859675413268648e-11,2.389829826933016e-09,6.845175475500704e-06,3.7540438759845616,2.1238961797121494e-07,0.00020935136997658684,500000.0,4211981.013633612
7.543935759347003e-05,7.66976380657132e-05,-14.559061981206467,765.8125101859105,0.0,0.16039260757112875,489.9578774099487,3.1871115956655157e-12,0.0,0.0004869285687052445,163.34578071889717,6.713112030622908e-12,1.4003744070165917e-11,2.49010715439835e-11,1.6466356233267003e-09,7.224241313115221e-06,3.7884168887576846,2.1958229652013077e-07,0.000209424229081108,500000.0,4263820.243125819
7.545497922515878e-05,7.647623823364523e-05,-13.783289705222812,767.9338397127982,0.0,0.1616271108482634,494.2255956151533,3.266316942796968e-12,0.0,0.0004911467946014621,164.76855703533116,6.760708377334024e-12,1.6765311197856594e-10,2.4928307130124335e-11,1.9821598890972145e-09,7.600607568319709e-06,3.8214145026686683,2.2660824328787756e-07,0.00020949376806974961,500000.0,4313676.00682483
7.547060085684753e-05,7.626709283517106e-05,-12.990289893277739,769.9360360650453,0.0,0.16279128836202347,498.3027489388337,3.217218739305299e-12,0.0,0.0004951739887285748,166.12780009897364,6.7862251345736966e-12,1.1200991319857516e-09,2.493954620989734e-11,3.620696658672671e-09,7.971766779968545e-06,3.852938614519948,2.3342551795172064e-07,0.0002095598380938332,500000.0,4361376.877815162
7.548622248853628e-05,7.607046452891691e-05,-12.180903626890306,771.8147279274068,0.0,0.16388132158524557,502.17689911720385,3.3239918699615836e-12,0.0,0.0004989977850844399,167.41936319448118,6.804019161228934e-12,4.5946333324342934e-10,2.4935479128055075e-11,2.0052244962861394e-09,8.337120588527098e-06,3.8828930608734082,2.399916762840885e-07,0.00020962229466998217,500000.0,4406754.336894112
7.550184412022502e-05,7.588660220453957e-05,-11.356052280885008,773.5658111865262,0.0,0.16489358792651373,505.83594819696214,3.4663775918686363e-12,0.0,0.0005026061719414134,168.63921307186925,6.844919620467158e-12,0.0,2.4917734875861255e-11,2.035610397134903e-09,8.688429062172854e-06,3.9111842997495225,2.4626431707982314e-07,0.00020968099857646334,500000.0,4449644.190920116
7.551746575191376e-05,7.571573974704575e-05,-10.516734996393495,775.1854903207977,0.0,0.16582467188457703,509.26823040644746,3.6045734147985716e-12,0.0,0.000505987619496573,169.7834605771137,6.922096803886377e-12,3.3003395014825756e-11,2.48864344172564e-11,2.808975737646039e-09,9.026461423374972e-06,3.9377221307111787,2.522016275365816e-07,0.00020973581675144852,500000.0,4489888.042977497
7.553308738360251e-05,7.555809484720647e-05,-9.664025301944902,776.670321760187,0.0,0.1666713919636797,512.4626041270445,3.739771347512751e-12,0.0,0.0005091311403382381,170.84839131398527,7.02131046031163e-12,5.776211678494233e-12,2.4840432042094076e-11,2.750587395111898e-09,9.34752095723995e-06,3.962420413200987,2.5776294240468606e-07,0.00020978662318245174,500000.0,4527334.789805113
7.554870901529125e-05,7.541386787152148e-05,-8.799066870113617,778.0172601846442,0.0,0.16743083952163304,515.4085426695339,3.839299146294386e-12,0.0,0.0005120263606808603,171.8304959069542,7.122630173554911e-12,0.0,2.4778937548444596e-11,2.8018386586086013e-09,9.646821374809182e-06,3.9851977591056746,2.629093596080414e-07,0.00020983329977550223,500000.0,4561842.132967427
7.556433064698e-05,7.52832408052927e-05,-7.923068401827559,779.2237102519185,0.0,0.1681004014920111,518.0962225038791,3.9208593097844185e-12,0.0,0.000514663618760553,172.72649941557967,7.220806660173329e-12,6.9933963242755885e-12,2.470216067636331e-11,3.06127187952824e-09,9.922838466746304e-06,4.005978215265882,2.6760436735318923e-07,0.00020987573719208263,500000.0,4593278.098046907
7.557545718395513e-05,7.519858478963513e-05,-7.293101676328007,779.9961673005056,0.0,0.1685212080934187,519.8480323501474,3.98424326520868e-12,0.0,0.0005163797942125196,173.31050527822103,7.293523804999375e-12,0.0,2.4638575907192097e-11,3.088550475843629e-09,1.0103777208773782e-05,4.019522703652903,2.706545227325532e-07,0.00020990332295867329,500000.0,4613728.824363242
7.558658372093027e-05,7.512096351080304e-05,-6.65865093443185,780.6957061878106,0.0,0.16889451622556856,521.4612246019224,4.045921920217581e-12,0.0,0.0005179576631641324,173.84829743113573,7.368963333306596e-12,1.7406211850501162e-12,2.4567634297888324e-11,3.1820922124604076e-09,1.0269966960408858e-05,4.031995387946864,2.734475752901935e-07,0.0002099286744368332,500000.0,4632520.87285086
7.559771025790539e-05,7.505042416756263e-05,-6.020202740368413,781.3219156221418,0.0,0.16921969020234165,522.9330355363226,4.1011449925754975e-12,0.0,0.0005193945350431473,174.3389545288382,7.445043206430495e-12,2.723112476470653e-13,2.4489296654377602e-11,3.2785262325754357e-09,1.0421112568327592e-05,4.043374900027124,2.7597354951767664e-07,0.00020995176149033509,500000.0,4649618.636103945
7.560883679488052e-05,7.498700848199559e-05,-5.378254228134303,781.8745708659684,0.0,0.16949618689586193,524.2609505562938,4.1494596886667974e-12,0.0,0.000520687969319208,174.78163828313984,7.520036175231962e-12,0.0,2.4403629295467944e-11,3.331052198999355e-09,1.0556532687584366e-05,4.053641798440464,2.782236302357545e-07,0.0002099725568700731,500000.0,4664990.534701473
7.561690003403623e-05,7.494552455626258e-05,-4.911142992041584,782.2290901374846,0.0,0.16966588216457115,525.1320569203933,4.1826561741623905e-12,0.0,0.0005215344169400776,175.07203491641815,7.573648619904071e-12,6.09267107991463e-13,2.4337070377366628e-11,3.3768275401229852e-09,1.0644288712410206e-05,4.060376795556651,2.796774839300337e-07,0.0002099861809617869,500000.0,4675036.14950694
7.562496327319193e-05,7.490781274493345e-05,-4.442654112999809,782.5450467917752,0.0,0.16980963765127283,525.9256347224394,4.214528018082753e-12,0.0,0.0005223036455115452,175.33658441242977,7.626739017944567e-12,0.0,2.4266810329282954e-11,3.420866952574279e-09,1.0723228809114524e-05,4.066512337590948,2.809800434690527e-07,0.00020999858050738425,500000.0,4684152.166720929
7.563302651234763e-05,7.487388336586036e-05,-3.972984132489825,782.8225982811874,0.0,0.16992734150760946,526.6409908782362,4.243977646249369e-12,0.0,0.0005229949916555007,175.57505572482503,7.679117335637594e-12,2.3880926340652242e-14,2.4192887975560208e-11,3.4543480061853145e-09,1.0793212488460743e-05,4.072043066089069,2.8212931428101255e-07,0.0002100097481442991,500000.0,4692331.152180695
7.564108975150334e-05,7.484374514660691e-05,-3.5023307165037405,783.0619971222408,0.0,0.1700189089019467,527.2775103403862,4.270767690763364e-12,0.0,0.0005236078699612548,175.78724382398548,7.730472399961497e-12,1.5855229569406735e-13,2.4115351138424147e-11,3.4851914832243517e-09,1.0854065599402764e-05,4.076964226017104,2.8312375447672425e-07,0.00021001967738812382,500000.0,4699567.176223562
7.564695648676359e-05,7.482420370680903e-05,-3.1593830460594283,783.2124079061357,0.0,0.17006907197206678,527.6907785818228,4.2889162408792886e-12,0.0,0.0005240041857939327,175.92500806071413,7.767057973732147e-12,0.0,2.4056700910727813e-11,3.507036380034947e-09,1.0892576545099289e-05,4.080159316987392,2.837493708238158e-07,0.0002100261202619206,500000.0,4704236.880313666
7.565282322202383e-05,7.480667528238919e-05,-2.8160961542157277,783.3430030938814,0.0,0.17010535440968888,528.0618468268244,4.3059619453816805e-12,0.0,0.000524358523838481,176.04870334030466,7.802943824834955e-12,6.67776290631358e-14,2.3996196085690017e-11,3.5241237521806247e-09,1.0926253189905223e-05,4.083028116200596,2.8429223523563617e-07,0.00021003190270749513,500000.0,4708404.049856292
7.565868995728408e-05,7.479116163984029e-05,-2.4725463244254495,783.4540243960028,0.0,0.1701277504846967,528.3905582321813,4.32184501118088e-12,0.0,0.000524670738507816,176.15827738080404,7.838092092840178e-12,8.276455513025777e-14,2.393386043116387e-11,3.5387359982549927e-09,1.095509581183915e-05,4.085569411089557,2.847523010216101e-07,0.00021003702311951373,500000.0,4712068.232523969
7.566455669254433e-05,7.477766409880274e-05,-2.1288095286727637,783.5457794418176,0.0,0.17013626192499637,528.6767788393959,4.336506424197462e-12,0.0,0.000524940706968247,176.25368552972344,7.872440001344513e-12,3.71589431326406e-14,2.386971831187625e-11,3.552091514150638e-09,1.0979132692092629e-05,4.087782166007392,2.851297188967775e-07,0.000210041480145452,500000.0,4715229.649422767
7.566870069626614e-05,7.476934552123176e-05,-1.8859373421372452,783.5991906243462,0.0,0.17013391115206755,528.8532842628143,4.346137328698534e-12,0.0,0.0005251058859490817,176.31252019430076,7.896178138646646e-12,6.15401445084996e-14,2.3823336642268993e-11,3.559695600324736e-09,1.0993255969780161e-05,4.089146691412512,2.853466996516685e-07,0.0002100442279966482,500000.0,4717160.263973187
7.567284469998795e-05,7.476203347661346e-05,-1.6430358561962355,783.6433588766401,0.0,0.17012464256659507,529.008501326986,4.355189435885745e-12,0.0,0.0005252499078626489,176.36425759711787,7.919461308343024e-12,5.971193061258679e-14,2.3776076256772234e-11,3.5659603664721017e-09,1.1005052060469732e-05,4.090346614725685,2.855228484587182e-07,0.00021004664399280415,500000.0,4718841.182364213
7.567698870370978e-05,7.475572803238496e-05,-1.400131093900992,783.6785008987272,0.0,0.1701084633062769,529.1424035520866,4.363657276274873e-12,0.0,0.0005253727499582918,176.40888891276035,7.94227454325589e-12,5.0328290510552656e-14,2.3727946740678835e-11,3.5712856830325593e-09,1.1014561744234121e-05,4.0913817312183465,2.856584731098699e-07,0.00021004872788410646,500000.0,4720273.387133304
7.568113270743159e-05,7.47504291489623e-05,-1.1572486422701784,783.7048911103444,0.0,0.1700853822273339,529.2549701604154,4.371532703596975e-12,0.0,0.0005254743951096416,176.44640721680253,7.964600886057998e-12,5.645798866913395e-14,2.3678957726956732e-11,3.5754978915592253e-09,1.1021843503676994e-05,4.092251880233824,2.8575399334829307e-07,0.00021005047948240052,500000.0,4721458.279056264
7.568268049197506e-05,7.474870817479978e-05,-1.0665429123172685,783.7125717918827,0.0,0.17007499320972028,529.2915379151766,4.374323078010236e-12,0.0,0.000525506919997014,176.45859472031648,7.972810725779938e-12,5.6626577085175097e-14,2.3660441854974215e-11,3.5767006228336355e-09,1.1024007419288628e-05,4.0925345413079866,2.857794921828007e-07,0.0002100510484428013,500000.0,4721837.775312521
7.568422827651854e-05,7.474712758763117e-05,-0.9758450541844439,783.7191032421238,0.0,0.17006364342965916,529.3251265569047,4.377031752859335e-12,0.0,0.00052553648579427,176.46978902755293,7.980949027745287e-12,5.561486319022188e-14,2.3641807965877897e-11,3.5778075568723358e-09,1.1025876057431302e-05,4.092794167806996,2.8579951014344715e-07,0.00021005157102477954,500000.0,4722183.169780264
7.56843543349024e-05,7.474700503974322e-05,-0.9684586064146777,783.7195853561419,0.0,0.17006267676198059,529.3277309517845,4.3772487413485635e-12,0.0,0.0005255387634382522,176.47065699691035,7.981608673427113e-12,5.571757283599566e-14,2.3640285158490566e-11,3.5778926684320833e-09,1.1026015411606405e-05,4.092814298397776,2.8580090036030067e-07,0.00021005161154359503,500000.0,4722209.802915263
7.568448039328626e-05,7.474688342297478e-05,-0.9610722255289359,783.7200591090691,0.0,0.17006170372592833,529.3303155821943,4.377465190913477e-12,0.0,0.0005255410214518638,176.4715183770598,7.98226783862922e-12,5.57900577843989e-14,2.3638761571984214e-11,3.5779766297567268e-09,1.1026152841620803e-05,4.0928342761691745,2.8580225448464954e-07,0.0002100516517547495,500000.0,4722236.205319424
7.568460645167012e-05,7.474676273731664e-05,-0.9536859248468597,783.720522475218,0.0,0.17006072432186634,529.3328804479432,4.377681100624545e-12,0.0,0.00052554325983502,176.4723731679378,7.982926522935035e-12,5.5841592356346705e-14,2.3637237206653217e-11,3.578059475505583e-09,1.1026288314674604e-05,4.092854101119752,2.858035723878476e-07,0.00021005169165824213,500000.0,4722262.364694569
7.568473251005399e-05,7.474664298275826e-05,-0.9462997126113519,783.7209742517413,0.0,0.17005973855017226,529.3354255488724,4.377896469769112e-12,0.0,0.0005255454785876762,176.47322136949137,7.983584725923161e-12,5.5879834659196276e-14,2.3635712062804546e-11,3.5781411962859807e-09,1.1026421767277539e-05,4.092873773248342,2.858048538062006e-07,0.00021005173125407235,500000.0,4722288.273736963
7.568485856843784e-05,7.474652415928823e-05,-0.9389135901011825,783.7214143622181,0.0,0.170058746411236,529.3379508848429,4.3781112980559056e-12,0.0,0.0005255476777098138,176.47406298167434,7.98424244716534e-12,5.590856574347964e-14,2.363418614075194e-11,3.5782217508222074e-09,1.1026553122739987e-05,4.092893292553951,2.858060984096401e-07,0.0002100517705422398,500000.0,4722313.931980015
7.56849846268217e-05,7.474640626689514e-05,-0.9315275560756605,783.7218431369328,0.0,0.17005774790545505,529.3404564557202,4.378325585398778e-12,0.0,0.000525549857201418,176.47489800444194,7.984899686231174e-12,5.592945140411868e-14,2.363265944080825e-11,3.5783011006010607e-09,1.102668231360501e-05,4.092912659035608,2.858073058947363e-07,0.00021005180952274406,500000.0,4722339.341425795
7.568511068520555e-05,7.47462893055679e-05,-0.9241416107535685,783.7222606695962,0.0,0.1700567430332307,529.3429422613655,4.3785393316562235e-12,0.0,0.0005255520170624669,176.47572643774797,7.985556442689129e-12,5.5944424290582176e-14,2.363113196328274e-11,3.5783792233735106e-09,1.1026809287622428e-05,4.092931872692295,2.858084760126016e-07,0.0002100518481955847,500000.0,4722364.502640433
7.568530570475684e-05,7.474611019406524e-05,-0.9127153058161114,783.7228845396013,0.0,0.17005517589589716,529.346749003097,4.37886894317171e-12,0.0,0.0005255553198148262,176.4769950887918,7.986571530761258e-12,5.595886435766966e-14,2.362876733663825e-11,3.578497625491113e-09,1.102700124558748e-05,4.092961296220016,2.8581021208152106e-07,0.00021005190741852124,500000.0,4722402.939845608
7.568550072430814e-05,7.474593331089414e-05,-0.9012892190179318,783.7234813466753,0.0,0.17005359352370972,529.3505084382015,4.379197259245561e-12,0.0,0.0005255585755836084,176.47824796844526,7.987585461150613e-12,5.5966767744568166e-14,2.3626400850829173e-11,3.578612990274655e-09,1.1027187622418324e-05,4.092990353972712,2.8581185731637967e-07,0.0002100519659050979,500000.0,4722440.781973129
7.568569574385943e-05,7.474575865601174e-05,-0.8898633564999234,783.724050577355,0.0,0.17005199591822925,529.3542205662449,4.379524279592005e-12,0.0,0.0005255617843688173,176.47948507656383,7.988598232270771e-12,5.597247343676923e-14,2.3624032507006976e-11,3.5787252601537262e-09,1.1027368267221591e-05,4.093019045947183,2.8581341090148904e-07,0.00021005202365531416,500000.0,4722478.025897393
7.568589076341072e-05,7.474558622937398e-05,-0.8784377224501143,783.7245920348984,0.0,0.1700503830810492,529.357885386835,4.379850004151296e-12,0.0,0.0005255649461705052,176.48070641301726,7.989609842541712e-12,5.597789424595759e-14,2.3621662306329894e-11,3.5788343698008455e-09,1.1027543032301024e-05,4.093047372140554,2.8581487201054004e-07,0.00021005208066916995,500000.0,4722514.670415671
7.568608578296201e-05,7.474541603093593e-05,-0.8670123184002613,783.7251059521732,0.0,0.17004875501379263,529.361502899616,4.3801744332951716e-12,0.0,0.0005255680609887612,176.48191197768702,7.99062029039958e-12,5.5981105635248276e-14,2.3619290249961343e-11,3.578940263556568e-09,1.1027711781949817e-05,4.093075332550214,2.858162398450552e-07,0.00021005213694666542,500000.0,4722550.716933354
7.56862808025133e-05,7.474524806065243e-05,-0.8555871456692409,783.7255925957232,0.0,0.17004711171810533,529.3650731042527,4.380497567220268e-12,0.0,0.0005255711288236949,176.4831017704618,7.991629574262579e-12,5.598127234638415e-14,2.361691633906204e-11,3.579042893687549e-09,1.1027874404685517e-05,4.093102927173689,2.8581751369274873e-07,0.00021005219248780094,500000.0,4722586.16706058
7.568647582206459e-05,7.474508231847814e-05,-0.8441622069795565,783.7260520044485,0.0,0.17004545319565234,529.3685960004312,4.3808194054029595e-12,0.0,0.0005255741496754356,176.48427579123722,7.992637692492656e-12,5.598262552045191e-14,2.361454057478576e-11,3.5791421992183565e-09,1.1028030811170291e-05,4.093130156008651,2.8581869292869123e-07,0.00021005224729257765,500000.0,4722621.021026007
7.568667084161588e-05,7.47449188043672e-05,-0.8327375058866311,783.7264840825388,0.0,0.17004377944811763,529.372071587866,4.381139947528148e-12,0.0,0.0005255771235441402,176.48543403991846,7.993644643461609e-12,5.598738004187545e-14,2.3612162958287415e-11,3.5792381359887433e-09,1.1028180924201978e-05,4.093157019052975,2.858197769760574e-07,0.0002100523013609969,500000.0,4722655.278240936
7.56869705662169e-05,7.474467184376179e-05,-0.8151794083709492,783.7270948459839,0.0,0.17004117739672936,529.3773209737184,4.381630061357345e-12,0.0,0.0005255816024768904,176.48718339926094,7.995189942358772e-12,5.5994872443876516e-14,2.360850520285876e-11,3.579378991876466e-09,1.1028399202492884e-05,4.0931975916328405,2.858212562119242e-07,0.0002100523830229834,500000.0,4722706.764534034
7.56872702908179e-05,7.47444301456637e-05,-0.7976218899729676,783.7276410310202,0.0,0.17003853939328198,529.3824586127402,4.382117115345432e-12,0.0,0.0005255859704348067,176.48889550372587,7.99673247467736e-12,5.5997843882643976e-14,2.360484307936084e-11,3.579511818219839e-09,1.1028602223752083e-05,4.093237300187987,2.8582250743567255e-07,0.00021005246294566885,500000.0,4722756.841101474
7.56875700154189e-05,7.474419370989761e-05,-0.7800649614136869,783.728122644377,0.0,0.17003586544413435,529.3874845043154,4.382601109216861e-12,0.0,0.0005255902274188876,176.49057035310898,7.99827223462805e-12,5.5996837421589983e-14,2.3601176592016423e-11,3.5796365439743606e-09,1.102878980153825e-05,4.09327614471386,2.858235289596557e-07,0.00021005254112906198,500000.0,4722805.507963397
7.568806224720218e-05,7.474381683323324e-05,-0.7512328728543873,783.7287735192622,0.0,0.1700313960965933,529.3954959690413,4.383389321502075e-12,0.0,0.0005255969778047897,176.4932400930541,8.000794921465907e-12,5.599325367869861e-14,2.3595145735348304e-11,3.5798236184311107e-09,1.1029063960927884e-05,4.093338063632993,2.8582470430040306e-07,0.0002100526657544196,500000.0,4722882.374113644
7.568939488930431e-05,7.47428677164177e-05,-0.6731829161706121,783.7296618119254,0.0,0.17001880980011433,529.4156732232664,4.385481842318741e-12,0.0,0.0005256137514306971,176.49996373831272,8.007586904206606e-12,5.5941876416112916e-14,2.3578759253833873e-11,3.5802181713453553e-09,1.1029591216682762e-05,4.093494004547158,2.858247132408108e-07,0.0002100529796170804,500000.0,4723071.396653037
7.569072753140642e-05,7.474202260359396e-05,-0.5951461247617104,783.7292739835893,0.0,0.17000551383170387,529.433641365112,4.387513775625207e-12,0.0,0.0005256283314638381,176.5059508956488,8.014323270596446e-12,5.589316301775813e-14,2.3562287098339247e-11,3.580447234350567e-09,1.102980043517367e-05,4.093632864659907,2.8582002510478707e-07,0.0002100532590982302,500000.0,4723232.551546487
7.569206017350854e-05,7.474128147658887e-05,-0.5171234401787671,783.7276105630954,0.0,0.16999150880936098,529.4494004806596,4.389485023823768e-12,0.0,0.0005256407181320112,176.5112015938593,8.021003514622562e-12,5.5939973528273906e-14,2.354572964398227e-11,3.580509196567283e-09,1.1029690079718993e-05,4.093754644640556,2.8581058977528635e-07,0.00021005350420029534,500000.0,4723365.841926142
7.569339281561065e-05,7.47406443159744e-05,-0.4391158046105281,783.7246718855909,0.0,0.16997679537194982,529.4629507195872,4.39139550225592e-12,0.0,0.0005256509117261506,176.5157158829434,8.027627135761931e-12,5.599544652377672e-14,2.3529087267850787e-11,3.580404089757792e-09,1.1029259385327167e-05,4.0938593456493875,2.857963764720868e-07,0.00021005371492643232,500000.0,4723471.270537906
7.569472545771278e-05,7.474011110106756e-05,-0.361124161009553,783.7204580669065,0.0,0.1699613741782462,529.474292295162,4.393245124854232e-12,0.0,0.0005256589126002546,176.5194938341,8.034193639405719e-12,5.600262344029232e-14,2.3512360348977943e-11,3.580132376445738e-09,1.102850742007557e-05,4.0939469693385275,2.857773646675699e-07,0.000210053891280526,500000.0,4723548.839585526
7.569737560083055e-05,7.473935953291222e-05,-0.20607823402443715,783.7082899619363,0.0,0.16992860649508232,529.490284345419,4.396742130730075e-12,0.0,0.0005256683091355217,176.5248190520251,8.047080370338544e-12,5.5956434684125105e-14,2.3478846831842265e-11,3.5790960480580473e-09,1.1026056229136704e-05,4.094070482116977,2.857252497793127e-07,0.0002100541398620003,500000.0,4723620.322743534
7.570002574394832e-05,7.473901876175212e-05,-0.051106670033228774,783.6910819408215,0.0,0.1698930481493557,529.4975459145736,4.399997346320262e-12,0.0,0.000525669039892009,176.52723364901544,8.059735477007276e-12,5.592025449027599e-14,2.3445003499868994e-11,3.5773998419063202e-09,1.1022333474983132e-05,4.094126491101327,2.8565407082486844e-07,0.00021005425257705418,500000.0,4723581.6846502405
7.570267588706611e-05,7.473908858072868e-05,0.10378314774560012,783.6688363032905,0.0,0.1698547050365746,529.4960809191443,4.4030100783551155e-12,0.0,0.0005256611098751723,176.52673893155688,8.072155229715318e-12,5.589126750068963e-14,2.3410833397905843e-11,3.5750449864171273e-09,1.101734118728259e-05,4.0941150265896775,2.855638389723867e-07,0.0002100542294823039,500000.0,4723432.978860765
7.570532603018388e-05,7.473956876343724e-05,0.25858385356635427,783.6415561137612,0.0,0.1698135833626033,529.4858942664729,4.405779691334929e-12,0.0,0.0005256445250723785,176.52333653646087,8.084335972177554e-12,5.584390583416016e-14,2.3376339597921952e-11,3.572032909044858e-09,1.1011082065121996e-05,4.094036126540596,2.854545778970637e-07,0.0002100540706459177,500000.0,4723174.27587034
7.570797617330166e-05,7.474045906397622e-05,0.4132880995586146,783.6092450352585,0.0,0.16976968964065536,529.4669918526055,4.408305611209299e-12,0.0,0.0005256192924501667,176.51702843015778,8.096274123987185e-12,5.578289671181016e-14,2.3341525198241e-11,3.5683654363364164e-09,1.1003558873698962e-05,4.093889836557318,2.853263151308431e-07,0.00021005377614759073,500000.0,4722805.66207888
7.571062631641943e-05,7.474175921699547e-05,0.5678885555743038,783.5719070959525,0.0,0.16972303068908015,529.4393805599707,4.410587328474231e-12,0.0,0.0005255854199514028,176.5078169079223,8.107966182659644e-12,5.5709534176185506e-14,2.3306393322816133e-11,3.5640449066273036e-09,1.099477462172252e-05,4.093676209869624,2.8517908645188354e-07,0.00021005334607851727,500000.0,4722327.238342809
7.57132764595372e-05,7.474346893774444e-05,0.7223779100925849,783.5295466362895,0.0,0.16967361362943442,529.4030682548514,4.412624397225079e-12,0.0,0.0005255429164922769,176.49570459303058,8.119408726487118e-12,5.56353840131191e-14,2.3270947120456937e-11,3.5590740475587194e-09,1.0984732943496028e-05,4.093395307313895,2.850129370667459e-07,0.00021005278054136937,500000.0,4721739.119620011
7.571475116322685e-05,7.474459758648728e-05,0.8082945458244375,783.5038013369651,0.0,0.1696449232302891,529.379097040712,4.41365185956552e-12,0.0,0.0005255155308571402,176.48770942133487,8.125666776771106e-12,5.559103219883149e-14,2.3251087707972485e-11,3.556027459369034e-09,1.0978602153171313e-05,4.093209886472852,2.849123066508247e-07,0.00021005240721789435,500000.0,4721364.396999204
7.57162258669165e-05,7.474585290900651e-05,0.8941732673216862,783.4765031283588,0.0,0.16961538239546559,529.3524359372434,4.414603392296894e-12,0.0,0.0005254854775236958,176.4788174795212,8.131845965398865e-12,5.554073222353113e-14,2.3231132496158733e-11,3.5527810512796394e-09,1.097208411333867e-05,4.093003667525701,2.848058427895882e-07,0.00021005199200308447,500000.0,4720955.771367412
7.571717860381672e-05,7.474673124227845e-05,0.9496347355152313,783.4580417495215,0.0,0.16959584588540694,529.3337820001357,4.415177735938418e-12,0.0,0.0005254646439080117,176.47259625557578,8.135795856024336e-12,5.5506443959654326e-14,2.3218189690080605e-11,3.5505777426075866e-09,1.0967667588532671e-05,4.092859386703249,2.8473396421068946e-07,0.00021005170148826304,500000.0,4720673.762619767
7.571756159996992e-05,7.474709921741439e-05,0.9719252918255286,783.4504324328807,0.0,0.16958789250693215,529.3259671332612,4.415399680262185e-12,0.0,0.0005254559554612251,176.46998997904458,8.137374320737867e-12,5.549256418703313e-14,2.3212975568391944e-11,3.5496685373371074e-09,1.0965846618455633e-05,4.092798942637783,2.8470438430827883e-07,0.00021005157977938802,500000.0,4720556.38034916
7.571781188012348e-05,7.474734429370156e-05,0.9864901781288928,783.4453922117036,0.0,0.16958266423976426,529.3207623800337,4.415541946414064e-12,0.0,0.0005254501806621655,176.46825419301823,8.13840290388578e-12,5.5483368364418896e-14,2.3209564793500028e-11,3.5490669259267524e-09,1.0964642243530609e-05,4.0927586867381285,2.846848409909512e-07,0.00021005149872015962,500000.0,4720478.372045102
7.571798397914074e-05,7.474751492943922e-05,0.9965046328664948,783.441891509099,0.0,0.16957905498400086,529.3171385663045,4.41563850190274e-12,0.0,0.0005254461652474224,176.46704565571676,8.139108847233515e-12,5.547698244403917e-14,2.3207217875837886e-11,3.5486496673543134e-09,1.096380723560266e-05,4.092730658647192,2.846713035523812e-07,0.00021005144228244954,500000.0,4720424.111245981
7.5718156078158e-05,7.474768728860334e-05,1.006518486408277,783.4383620618731,0.0,0.16957543418706592,529.3134781730988,4.415734022208998e-12,0.0,0.000525442113560842,176.465824923352,8.139813700494104e-12,5.547054971092406e-14,2.3204869670230175e-11,3.5482293740493164e-09,1.0962966449503265e-05,4.092702347725953,2.8465768457181217e-07,0.0002100513852749118,500000.0,4720369.343246873
7.571846200081052e-05,7.474799792803305e-05,1.0243175891262661,783.4320171643881,0.0,0.1695689693855561,529.3068811754471,4.415901263150546e-12,0.0,0.0005254348217618865,176.46362485057242,8.141063951922873e-12,5.5459000171605205e-14,2.320069233099936e-11,3.5474745102039864e-09,1.0961457165479852e-05,4.092651324172546,2.846332720385654e-07,0.00021005128253188135,500000.0,4720270.735804825
7.571865443106241e-05,7.47481961148604e-05,1.035512535222415,783.4279807467261,0.0,0.16956488424739943,529.3026723525641,4.416004784363992e-12,0.0,0.0005254301763972887,176.46222123124207,8.141848612274465e-12,5.545166131625181e-14,2.3198062636584293e-11,3.5469944523160227e-09,1.0960497888334185e-05,4.0926187717659275,2.846177813105092e-07,0.0002100512169825408,500000.0,4720207.896226104
7.571884686131429e-05,7.474839645586085e-05,1.0467067255424634,783.423909372035,0.0,0.16956078469166078,529.2984178126792,4.416107011079159e-12,0.0,0.0005254254857019476,176.46080237053215,8.142631906099662e-12,5.544426376572187e-14,2.3195431336619916e-11,3.5465102749378457e-09,1.0959530810938281e-05,4.092585865878817,2.846021855778016e-07,0.0002100511507209893,500000.0,4720144.428666529
7.571903929156619e-05,7.4748598950889e-05,1.0579001557940537,783.419802817637,0.0,0.16955667072169925,529.2941175603511,4.416207943115311e-12,0.0,0.0005254207496808845,176.45936826996277,8.143413832310643e-12,5.5436806179147304e-14,2.319279843243872e-11,3.546021930518935e-09,1.0958555837636547e-05,4.092552606546566,2.845864842137012e-07,0.00021005108374728585,500000.0,4720080.331828416
7.571923172181807e-05,7.474880359979852e-05,1.0690928225398437,783.4156609997672,0.0,0.16955254234089648,529.2897716001743,4.4163075802729674e-12,0.0,0.0005254159683391605,176.45791893106605,8.14419438982431e-12,5.542928804045075e-14,2.3190163925377873e-11,3.5455293713162037e-09,1.0957572873575631e-05,4.092518993804802,2.8457067658786853e-07,0.00021005101606149,500000.0,4720015.605257653
7.571942415206996e-05,7.474901040244213e-05,1.0802847232194435,783.4114839768255,0.0,0.16954839955265663,529.2853799367789,4.4164059223313754e-12,0.0,0.000525411141681874,176.4564543553858,8.144973577559783e-12,5.5421709233113125e-14,2.3187527816778002e-11,3.545032551805391e-09,1.0956581828117677e-05,4.092485027689423,2.8455476208114333e-07,0.00021005094766366183,500000.0,4719950.249363394
7.572000239341666e-05,7.474964479014665e-05,1.1139110732497302,783.3987204004269,0.0,0.16953586406339471,529.2719082888757,4.416693638695601e-12,0.0,0.0005253963652407973,176.45196172474274,8.147306736605894e-12,5.53985662547675e-14,2.3179596845303614e-11,3.5435136613327957e-09,1.095355445043166e-05,4.092380835560428,2.845062913804188e-07,0.0002100507378483906,500000.0,4719750.07234682
7.572035652389041e-05,7.475004290589386e-05,1.1345012946156008,783.3907478634525,0.0,0.1695281228162703,529.2634542052022,4.416864065344668e-12,0.0,0.0005253871138027325,176.44914241159282,8.148729501114515e-12,5.538411924809531e-14,2.317473258752506e-11,3.5425639708933248e-09,1.095166333196693e-05,4.092315450629868,2.844761218197752e-07,0.000210050606178384,500000.0,4719624.6808629325
7.572071065436415e-05,7.475044831279746e-05,1.15508887264672,783.3826575279952,0.0,0.16952033284363618,529.254845430728,4.417030099840391e-12,0.0,0.0005253777089960047,176.44627152680317,8.150147604945329e-12,5.5369462866820315e-14,2.3169862932310086e-11,3.5415993717704243e-09,1.0949743773273144e-05,4.092248869643699,2.844455810378845e-07,0.0002100504720981303,500000.0,4719497.167827424
7.57210647848379e-05,7.475086100991884e-05,1.175673789707335,783.3744494730579,0.0,0.16951249416736147,529.246081995458,4.41719173983864e-12,0.0,0.0005253681508535094,176.4433490803791,8.151561041228844e-12,5.53545956363983e-14,2.316498788799835e-11,3.5406198217293453e-09,1.0947795638349938e-05,4.092181092834107,2.8441466711965794e-07,0.00021005033560801765,500000.0,4719367.534076058
7.572141891531164e-05,7.475128099631305e-05,1.1962560284585888,783.3661238242221,0.0,0.1695046068094384,529.23716392971,4.4173489828640786e-12,0.0,0.0005253584394084519,176.44037508243022,8.152969803102402e-12,5.5339517001814663e-14,2.3160107462935256e-11,3.5396252898720418e-09,1.0945818823369493e-05,4.09211212043566,2.843833783973679e-07,0.0002100501967084382,500000.0,4719235.78073141
7.572177304578539e-05,7.475170827102873e-05,1.2168355722959405,783.3576808245402,0.0,0.16949667079197775,529.2280912641176,4.417501826330941e-12,0.0,0.0005253485746943501,176.4373495431713,8.154373883713869e-12,5.532422703443264e-14,2.3155221665473034e-11,3.5386157536213366e-09,1.0943813248430248e-05,4.092041952685347,2.8435171341175293e-07,0.00021005005539978807,500000.0,4719101.909633062
7.572234754796e-05,7.475241693455506e-05,1.2502157771815354,783.3437349049451,0.0,0.16948369282912787,529.2130440103082,4.417740417659519e-12,0.0,0.0005253322453465802,176.4323316376382,8.156641734150267e-12,5.529897293468213e-14,2.3147284081259052e-11,3.5369460625985508e-09,1.0940498334565101e-05,4.0919255783102875,2.8429954023921915e-07,0.00021004982103303759,500000.0,4718880.232455215
7.572292205013463e-05,7.475314477301523e-05,1.2835887762668328,783.329482001423,0.0,0.16947058695691414,529.1975900923201,4.417967411122091e-12,0.0,0.0005253155128568813,176.42717815627486,8.158897217090951e-12,5.5273163640453626e-14,2.3139332415501193e-11,3.5352368972714555e-09,1.0937107541093256e-05,4.091806059645517,2.842463696172676e-07,0.00021004958032882064,500000.0,4718652.995595292
7.572349655230926e-05,7.475389178224898e-05,1.31695449930659,783.3149232163607,0.0,0.16945735327142653,529.1817296460307,4.4181827943863005e-12,0.0,0.0005252983773733206,176.42188914438967,8.161140303363202e-12,5.524680043887736e-14,2.3131366703880145e-11,3.5334883524384282e-09,1.093364094014928e-05,4.091683397741775,2.841921988071298e-07,0.0002100493332888915,500000.0,4718420.207366407
7.572407105448388e-05,7.475465795805595e-05,1.3503128754949072,783.3000595442422,0.0,0.16944399186935585,529.1654628094035,4.4183865548911304e-12,0.0,0.0005252808390459917,176.41646464798652,8.163370963858209e-12,5.521988493762334e-14,2.3123386982081465e-11,3.531700560078828e-09,1.093009869047968e-05,4.091557593665848,2.8413702609793915e-07,0.00021004907991503013,500000.0,4718181.875454187
7.572500126974452e-05,7.475593915565304e-05,1.4043099145941056,783.2753486990266,0.0,0.16942208695537347,529.1382627105291,4.418691799704359e-12,0.0,0.0005252515877418049,176.40739431317263,8.16695635461823e-12,5.517513825020333e-14,2.31104368593768e-11,3.5287229771637236e-09,1.0924203300941295e-05,4.091347235795701,2.840455654959262e-07,0.00021004865623423905,500000.0,4717784.240149015
7.572593148500516e-05,7.475727057295775e-05,1.4582872044941604,783.2498448751172,0.0,0.1693998478776299,529.1099981508645,4.4189664864665155e-12,0.0,0.0005252212813574446,176.39796910296178,8.170508969939346e-12,5.5128958383215336e-14,2.3097450251325156e-11,3.5256435646293787e-09,1.0918111127966014e-05,4.09112864761399,2.8395147518105515e-07,0.0002100482159603101,500000.0,4717372.121137486
7.57268617002658e-05,7.475865219145886e-05,1.5122444430031545,783.22355176806,0.0,0.1693772750560112,529.0806697510446,4.419210562303974e-12,0.0,0.0005251899205640898,176.38818922430173,8.174028687819316e-12,5.5081355558378486e-14,2.3084427309608827e-11,3.5224630457396902e-09,1.0911823310008591e-05,4.090901833919211,2.8385475776107275e-07,0.0002100477591012319,500000.0,4716945.5483091865
7.572779191552644e-05,7.476008399236366e-05,1.56618132778988,783.1964729450189,0.0,0.1693543689141642,529.0502781461138,4.4194239757753256e-12,0.0,0.0005251575060469421,176.378054888944,8.177515386996913e-12,5.503234006760754e-14,2.3071368186005486e-11,3.5191821470330687e-09,1.0905341006082165e-05,4.090666799621248,2.8375541790493987e-07,0.00021004728566517111,500000.0,4716504.550962063
7.57293973327578e-05,7.476267305800768e-05,1.6592198427160543,783.1479005280619,0.0,0.1693140534297899,528.9953276402048,4.4197200284885e-12,0.0,0.0005250990867339376,176.35973136558133,8.183454907670981e-12,5.494445333583283e-14,2.3048745360301848e-11,3.5132857872624446e-09,1.0893699384876529e-05,4.090241842446397,2.835778209508285e-07,0.00021004642961470406,500000.0,4715709.606670872
7.573190011811534e-05,7.476700710998729e-05,1.8041369933651663,783.0675686970267,0.0,0.16924923057205649,528.90335713398,4.419998536692125e-12,0.0,0.0005250017657116921,176.32906377829707,8.192516060837098e-12,5.47992324139101e-14,2.3013265007981583e-11,3.503510224812724e-09,1.0874415847259264e-05,4.089530602570308,2.83285498116713e-07,0.0002100449967306299,500000.0,4714385.121577428
7.573440290347288e-05,7.477170366046904e-05,1.9488949206289516,782.9816708561527,0.0,0.16918201189639134,528.8037168170638,4.420053329030082e-12,0.0,0.0005248968454317324,176.29583919217305,8.20133354234717e-12,5.464418108668635e-14,2.2977528698452183e-11,3.4930359245056034e-09,1.085376895376761e-05,4.088760060422573,2.829744929973484e-07,0.00021004344418849925,500000.0,4712957.28031657
7.573690568883042e-05,7.477676230356236e-05,2.0934877183095155,782.890258949886,0.0,0.16911240618439438,528.6964210867552,4.419883711702636e-12,0.0,0.0005247843412151496,176.26006240776124,8.209905112349915e-12,5.447948883327681e-14,2.2941539402944877e-11,3.4818761384526347e-09,1.0831779503868268e-05,4.087930327319296,2.8264498332208763e-07,0.00021004177217241775,500000.0,4711426.573393243
7.573940847418797e-05,7.478218261860005e-05,2.2379094861061333,782.7933805400062,0.0,0.16904042241452852,528.5814850872327,4.4194891166860885e-12,0.0,0.0005246642691109335,176.22173847460616,8.218228583579433e-12,5.430533971706839e-14,2.2905300098858477e-11,3.4700436970816382e-09,1.0808467231215788e-05,4.087041520352459,2.822971395180954e-07,0.00021003998087570287,500000.0,4709793.474338363
7.574191125954552e-05,7.47879641701589e-05,2.3821543351102905,782.6910796963218,0.0,0.16896606976208217,528.4589247062222,4.418869093554425e-12,0.0,0.0005245366458928618,176.18087269013395,8.226301824914801e-12,5.4121914882394215e-14,2.286881376983105e-11,3.4575511885531867e-09,1.0783851213305147e-05,4.086093762363745,2.819311262960001e-07,0.00021003807050084064,500000.0,4708058.445045141
7.574441404490306e-05,7.479410650809439e-05,2.5262163917970053,782.58339761157,0.0,0.16888935759839804,528.3287565712294,4.418023300364296e-12,0.0,0.0005244014890558076,176.13747059839645,8.234122764320298e-12,5.392939441200551e-14,2.2832083405619876e-11,3.4444110889475283e-09,1.0757950161324885e-05,4.085087181915122,2.8154710796897273e-07,0.00021003604125944167,500000.0,4706221.939427871
7.57469168302606e-05,7.480060916758449e-05,2.6700898010210055,782.4703730400818,0.0,0.16881029548961154,528.1909980454465,4.4169514983085406e-12,0.0,0.0005242588168116572,176.0915379887065,8.241689391510534e-12,5.372795768950247e-14,2.279511200191558e-11,3.430635797350769e-09,1.0730782479305255e-05,4.084021913257126,2.811452491366812e-07,0.0002100338933721917,500000.0,4704284.406008526
7.574941961561814e-05,7.480747166917918e-05,2.81376872855925,782.352042654449,0.0,0.16872889319521006,528.0456672234028,4.415653548321328e-12,0.0,0.0005241086480849499,176.0430808941878,8.248999760461032e-12,5.351778368597838e-14,2.2757902560126e-11,3.4162376597657624e-09,1.0702366291132117e-05,4.082898096295213,2.807257128946632e-07,0.00021003162706880062,500000.0,4702246.290003388
7.57519224009757e-05,7.48146935188556e-05,2.9572473634117493,782.2284413553566,0.0,0.16864516066648613,527.892782926367,4.414129407208558e-12,0.0,0.0005239510025082517,175.99210559024223,8.256051991717582e-12,5.3299051384224604e-14,2.2720458087125402e-11,3.401229004025653e-09,1.0672719520423435e-05,4.081715876554122,2.802886601324607e-07,0.00021002924258794897,500000.0,4700108.035122759
7.575578005531979e-05,7.48265274955153e-05,3.177991713146798,782.0276827431685,0.0,0.1685115596370706,527.6423871590397,4.41133731271317e-12,0.0,0.0005236934198686968,175.9086182045172,8.266412171418127e-12,5.294556313194939e-14,2.2662289902545347e-11,3.3769283384814286e-09,1.0624654683136777e-05,4.079779635400531,2.795810735025604e-07,0.00021002533640107314,500000.0,4696617.148199152
7.575963770966386e-05,7.483921204941467e-05,3.3982254238168275,781.8145973863122,0.0,0.16837248472385205,527.3741677950236,4.408008559023142e-12,0.0,0.0005234182003656781,175.81918871686773,8.276148499180892e-12,5.257283081261943e-14,2.260358155312762e-11,3.3512520336287894e-09,1.0573773700999764e-05,4.077705583827499,2.788328352328538e-07,0.00021002115099335152,500000.0,4692891.0441320725
7.576349536400795e-05,7.485274517029099e-05,3.6179276029692424,781.5892958515661,0.0,0.1682279749796959,527.0882037268235,4.404144185361742e-12,0.0,0.000523125425598603,175.72384343125213,8.285255084166924e-12,5.2181521663570516e-14,2.254434411449439e-11,3.32424587256806e-09,1.0520141620899626e-05,4.0754943318267065,2.7804453126774065e-07,0.00021001668736207637,500000.0,4688931.369289304
7.576735301835204e-05,7.486712476763917e-05,3.837077537523798,781.3518841587171,0.0,0.1680780704815873,526.7845777966368,4.3997456636715725e-12,0.0,0.0005228151810082613,175.62260996836193,8.293726458741107e-12,5.177230983601114e-14,2.2484588682896208e-11,3.2959560807007723e-09,1.0463823754634712e-05,4.073146519928175,2.7721675208260177e-07,0.00021001194655344898,500000.0,4684739.792102356
7.577121067269613e-05,7.488234867145622e-05,4.055654705166972,781.1024647750866,0.0,0.16792281230949474,526.4633767439316,4.394814874043409e-12,0.0,0.0005224875558233004,175.51551724814377,8.301557588105355e-12,5.134587689521599e-14,2.242432637153224e-11,3.2664293755748133e-09,1.0404885866384956e-05,4.070662818794725,2.7635009379398383e-07,0.0002100069296619815,500000.0,4680318.00825924
7.577506832704022e-05,7.489841463296624e-05,4.273638783034207,780.8411372218815,0.0,0.16776224252436614,526.1246911518984,4.389354085437723e-12,0.0,0.0005221426430055364,175.40259547194682,8.308743876354164e-12,5.0902911702541e-14,2.236356830659487e-11,3.2357129717286003e-09,1.0343394268727149e-05,4.0680439288078265,2.7544515923618154e-07,0.00021000163782993207,500000.0,4675667.743529881
7.57789259813843e-05,7.491532032537565e-05,4.491009655738383,780.567998573971,0.0,0.1675964041454172,525.768615391776,4.383365937425945e-12,0.0,0.0005217805391931966,175.2838761039608,8.315281171037672e-12,5.0444109800236e-14,2.2302325623258307e-11,3.203854551780317e-09,1.0279415871509605e-05,4.06529057963705,2.7450255912383446e-07,0.00020999607224672024,500000.0,4670790.755919728
7.578278363572838e-05,7.493306334469064e-05,4.70774742373427,780.2831439774129,0.0,0.16742534112669052,525.3952475644246,4.376853421496762e-12,0.0,0.0005214013446414863,175.1593918517363,8.321165767120956e-12,4.9970172810457394e-14,2.224060946169238e-11,3.170902235016524e-09,1.021301822320575e-05,4.062403529788245,2.735229127444132e-07,0.0002099902341482915,500000.0,4665688.837895742
7.579039203838295e-05,7.497050226963801e-05,5.133284730548544,779.6873505847899,0.0,0.1670728167122417,524.608572499727,4.362485103419891e-12,0.0,0.0005206037755271639,174.89710849796555,8.330846544938832e-12,4.89938195205443e-14,2.211754288348151e-11,3.1028931544898073e-09,1.0075237318521482e-05,4.056320627881799,2.7148462785749174e-07,0.00020997792598829193,500000.0,4654974.227713881
7.57980004410375e-05,7.501116872373426e-05,5.556134711170932,779.0470533123109,0.0,0.1667004983932425,523.7558535159131,4.346119346043197e-12,0.0,0.0005197409678205633,174.6128072395407,8.337956296400506e-12,4.796682170837658e-14,2.1992763265308467e-11,3.031194137401933e-09,9.928842802696624e-06,4.049727080416278,2.6930960858124404e-07,0.00020996457314032923,500000.0,4643406.263296485
7.580364207499291e-05,7.504339446105398e-05,5.867857604105487,778.543950465632,0.0,0.16641185999763247,523.0814338150874,4.332714039341113e-12,0.0,0.0005190595947934823,174.38795292590922,8.341560216313946e-12,4.717585836327646e-14,2.1899183386689776e-11,2.975870917892837e-09,9.815048574537073e-06,4.044512230653163,2.6761152835325857e-07,0.0002099540039532672,500000.0,4634286.489940881
7.580928370894832e-05,7.507737429668024e-05,6.177965788611135,778.017045032783,0.0,0.16611269368995277,522.371555686599,4.318243893236931e-12,0.0,0.0005183432175923522,174.1512773999296,8.343740272165897e-12,4.636233744103782e-14,2.1804743172051874e-11,2.9188832662970677e-09,9.697039142168546e-06,4.039023219518831,2.658431585615746e-07,0.0002099428711288477,500000.0,4624712.12218317
7.581492534290374e-05,7.511309896153479e-05,6.4864028869080075,777.466618784814,0.0,0.16580315667100318,521.626608382898,4.302725138838783e-12,0.0,0.0005175922294384667,173.90291043838346,8.344495498470051e-12,4.5528507605984084e-14,2.1709477161390134e-11,2.8603866514258754e-09,9.575040088463811e-06,4.033263056652846,2.6400664648436044e-07,0.00020993117957221976,500000.0,4614689.670612042
7.582056697685915e-05,7.515055887191455e-05,6.793113761181133,776.8929538773292,0.0,0.1654834093722418,520.8469954853878,4.286175064827103e-12,0.0,0.0005168070373440302,173.64298659490117,8.343826876889069e-12,4.467660533917692e-14,2.1613419753034947e-11,2.8005360557389848e-09,9.449278793954145e-06,4.027234862481146,2.6210417610013497e-07,0.00020991893437204023,500000.0,4604225.817668894
7.582620861081457e-05,7.518974413652015e-05,7.09804454557583,776.2963335240341,0.0,0.16515361527530975,520.0331344047431,4.268611945399602e-12,0.0,0.0005159880616128541,173.3716450333722,8.34173728895556e-12,4.380884734969807e-14,2.1516605177825232e-11,2.739485474590856e-09,9.319984019015478e-06,4.020941864352796,2.6013796509123326e-07,0.0002099061407951438,500000.0,4593327.414235063
7.583185024476998e-05,7.5230644563791e-05,7.401142673953413,775.6770422340904,0.0,0.16481394072902686,519.1854558671621,4.250054977252566e-12,0.0,0.0005151357353282274,173.08902935666467,8.338231457256307e-12,4.292742280808779e-14,2.1419067473502374e-11,2.6773874089910223e-09,9.187385397196406e-06,4.01438739256805,2.5811026119899823e-07,0.00020989280428099932,500000.0,4582001.473442716
7.583749187872539e-05,7.527324966937604e-05,7.702356905543076,775.035365991408,0.0,0.164464554766371,518.3044033910038,4.230524217595168e-12,0.0,0.0005142505038325003,172.79528743214183,8.333315882294768e-12,4.203448639359324e-14,2.13208404598889e-11,2.6143923850398874e-09,9.05171295101335e-06,4.0075748763320975,2.560233391685616e-07,0.0002098789304360726,500000.0,4570255.1640275335
7.584661771999444e-05,7.534574854529441e-05,8.185482324427838,773.9507424274042,0.0,0.16387927100195185,516.80973575257,4.1969234157250276e-12,0.0,0.0005127500716999535,172.29696812638076,8.322401571324059e-12,4.05710848319198e-14,2.1160575877568065e-11,2.5109702066726234e-09,8.826329858423565e-06,3.9960177585292196,2.5252806463672654e-07,0.00020985536547468668,500000.0,4550383.252319295
7.585574356126349e-05,7.542263248391877e-05,8.66334475935716,772.8095293555843,0.0,0.1632697646623122,515.2309319822873,4.1609216734799496e-12,0.0,0.0005111667357053718,171.77059944871638,8.307864364172941e-12,3.909173385917764e-14,2.0998736038996137e-11,2.406197103534096e-09,8.594473927866992e-06,3.9838101070079492,2.488936981756295e-07,0.00020983043494816924,500000.0,4529462.361488488
7.586486940253254e-05,7.550385256376888e-05,9.13575028801497,771.6129706803739,0.0,0.1626367882202407,513.5700594110766,4.122615645945565e-12,0.0,0.0005095025622719975,171.21687063367028,8.289758471324358e-12,3.7604699355988306e-14,2.083545950736788e-11,2.3006583533956836e-09,8.357104516860562e-06,3.9709679059867717,2.451301761386972e-07,0.00020980416511942886,500000.0,4507525.143478886
7.58739952438016e-05,7.558935813804735e-05,9.602514774336075,770.3623255610835,0.0,0.16198110606296268,511.8292534266421,4.082105793792339e-12,0.0,0.0005077596824760337,170.63649360331468,8.268147709796337e-12,3.611779152885648e-14,2.067088256366017e-11,2.1949106171356726e-09,8.115166204298806e-06,3.9575076658857946,2.4124749542248853e-07,0.00020977658318373585,500000.0,4484605.061370941
7.588312108507065e-05,7.567909692489502e-05,10.063464005559224,769.0588681734325,0.0,0.16130349254911258,510.01071126919146,4.039495812270751e-12,0.0,0.0005059402859617768,170.03020089885896,8.243104630984117e-12,3.4638315522680895e-14,2.0505138995191748e-11,2.0894783888991845e-09,7.869583746275419e-06,3.943446375359719,2.372556738904623e-07,0.00020974771720081196,500000.0,4460736.298675016
7.58922469263397e-05,7.577301509848333e-05,10.518433798262352,767.7038870588636,0.0,0.16060473010542345,508.11668580829956,3.99489208192841e-12,0.0,0.0005040466148533781,169.39874360595743,8.214709648692975e-12,3.3173032348223804e-14,2.033835990052848e-11,1.984850993345248e-09,7.62125738394846e-06,3.9288014531848225,2.3316471138026927e-07,0.00020971759602650026,500000.0,4435953.666523637
7.590137276760875e-05,7.587105738073622e-05,10.967270073152774,766.2986842480598,0.0,0.15988560737101648,506.149479328018,3.948403139783986e-12,0.0,0.0005020809576893192,168.74288928277397,8.183050178572562e-12,3.1728127573661276e-14,2.0170673511254905e-11,1.8814802558412203e-09,7.371058447124912e-06,3.913590700209569,2.2898455145126082e-07,0.0002096862492442021,500000.0,4410292.510297899
7.59104986088778e-05,7.597316713365757e-05,11.409828895684676,764.8445741647506,0.0,0.15914691739631084,504.1114373426945,3.900139174187324e-12,0.0,0.0005000456434015836,168.0634198982918,8.148219793838644e-12,3.0309190828827994e-14,2.0002205030891863e-11,1.779778713006424e-09,7.119825426680562e-06,3.89783225154236,2.2472504475920476e-07,0.00020965370709614758,500000.0,4383788.616105455
7.591962445014685e-05,7.607928645201501e-05,11.845976482821822,763.3428822951632,0.0,0.15838945590175346,502.0049424694544,3.850211544617871e-12,0.0,0.0004979430353635192,167.36112978952065,8.11031740495357e-12,2.892120475885574e-14,1.9833076490817788e-11,1.6801185029534888e-09,6.868360463549526e-06,3.8815445291771384,2.20395914390686e-07,0.00020962000041474275,500000.0,4356478.117432551
7.59287502914159e-05,7.618935625596219e-05,12.275589178926673,761.7949436762099,0.0,0.15761401960088314,499.8324083853689,3.798732324907326e-12,0.0,0.0004957755255315807,166.63682364694364,8.069446473021674e-12,2.7568541704192307e-14,1.966340662288904e-11,1.5828307041528212e-09,6.617426317701985e-06,3.8647461952734536,2.1600672296663679e-07,0.00020958516055435308,500000.0,4328397.402694331
7.593787613268496e-05,7.630331638324491e-05,12.698553403299918,760.2021012820281,0.0,0.15682140459175048,497.5962738945648,3.745813868345687e-12,0.0,0.0004935455287037676,165.89131453662216,8.025714264512795e-12,2.6254968152352297e-14,1.9493310748470897e-11,1.488205400889481e-09,6.3677437530817444e-06,3.8474561062863177,2.1156684171292197e-07,0.00020954921932382796,500000.0,4299583.024514653
7.594700197395401e-05,7.642110568076597e-05,13.11476557045545,758.565704355843,0.0,0.1560124048203518,495.29899712646113,3.691568394866983e-12,0.0,0.0004912554769141096,165.1254219660222,7.979231150116145e-12,2.4983658096059128e-14,1.932290068355904e-11,1.396491928086248e-09,6.119989453522823e-06,3.8296932681095206,2.070854219643457e-07,0.00020951220891997287,500000.0,4270071.611318452
7.59618712194656e-05,7.662106763804132e-05,13.77822112986212,755.8096432177908,0.0,0.1546612047539273,491.43135263092154,3.6006297405635927e-12,0.0,0.0004874018603827365,163.83598392559173,7.897894113266026e-12,2.3009284909128273e-14,1.9044847969944392e-11,1.2538232441641092e-09,5.722055923673759e-06,3.7997881668265316,1.997175837710611e-07,0.0002094496999186634,500000.0,4220588.764821936
7.59767404649772e-05,7.683075737402521e-05,14.4231560066257,752.9474173846663,0.0,0.15327199069782674,487.41868191436544,3.506941844767348e-12,0.0,0.0004834058990282945,162.49819754519953,7.810051715178474e-12,2.1161981827145055e-14,1.876669447512107e-11,1.120119188782212e-09,5.3333606015366735e-06,3.768761728211153,1.9229996542409878e-07,0.00020938458092927307,500000.0,4169510.337911953
7.599160971048879e-05,7.704989731360852e-05,15.049287033604928,749.9848955584758,0.0,0.15184810075018265,483.2717121639588,3.4109721362851544e-12,0.0,0.0004792781801129003,161.11563910459557,7.716208209221442e-12,1.9446397003878602e-14,1.8488861317888557e-11,9.958210186702097e-10,4.956027969813197e-06,3.736696893651401,1.8486739290587903e-07,0.00020931699508913804,500000.0,4116992.513166831
7.600647895600039e-05,7.727820615627292e-05,15.656395726680906,746.9279263723727,0.0,0.15039280995874368,479.0011123217568,3.313174589376895e-12,0.0,0.00047502922526096865,159.691865458075,7.616869242505604e-12,1.7864071126080503e-14,1.8211743135194738e-11,8.811473835863158e-10,4.591847718853203e-06,3.703676154347256,1.7745238279086138e-07,0.0002092470859696509,500000.0,4063189.097757551
7.602134820151199e-05,7.751539981692548e-05,16.244325675469536,743.7823191345856,0.0,0.1489093186101954,474.61744111200915,3.2139867997828218e-12,0.0,0.0004706694406222579,158.2303967083195,7.512537335004974e-12,1.6413846549589704e-14,1.793570804668465e-11,7.761101027550574e-10,4.242276716780244e-06,3.669781149467624,1.700850039422324e-07,0.00020917499693903674,500000.0,4008250.769805652
7.603621744702358e-05,7.776119232786028e-05,16.81297972054621,740.5538256365093,0.0,0.14740074195872666,470.13109948150924,3.1138274714082493e-12,0.0,0.0004662090713044637,156.7347003514874,7.403708029803694e-12,1.5092366240294493e-14,1.7661097821409516e-11,6.805570658608048e-10,3.908459955121814e-06,3.635092298410562,1.6279278379057595e-07,0.00020910087056451106,500000.0,3952324.4046328682
7.605108669253518e-05,7.801529669852072e-05,17.362316940884043,737.248123090378,0.0,0.1458701013469128,465.55228759947533,3.013094321501874e-12,0.0,0.00046165816020243627,155.20817694237937,7.290866713262364e-12,1.3894503134381755e-14,1.7388228226014106e-11,5.942079066505068e-10,3.5912452970454076e-06,3.599688468324397,1.556006579426097e-07,0.00020902484805651023,500000.0,3895552.481955344
7.606595593804678e-05,7.827742572865203e-05,17.89234944347823,733.8707982174716,0.0,0.14432031671786547,460.89096651695706,2.912162412239151e-12,0.0,0.000457026511313419,153.65414731300683,7.174485974819242e-12,1.2813793023724293e-14,1.7117389536119795e-11,5.16647748631001e-10,3.2912053112402154e-06,3.5636466776494764,1.4853095685124124e-07,0.00020894706875884504,500000.0,3838072.5738787935
7.608082518355837e-05,7.854729277176254e-05,18.403138995126575,730.4273326274923,0.0,0.14275420044153328,456.1568244999427,2.8113828910062023e-12,0.0,0.00045232365754603826,152.07584134927941,7.055023691675853e-12,1.1842738239657387e-14,1.6848847188346662e-11,4.4745946433710766e-10,3.0086506974487677e-06,3.5270418358052154,1.4160342832308716e-07,0.00020886766968693222,500000.0,3780016.9129637307
7.609569442906996e-05,7.882461244757565e-05,18.89479356773464,726.9230896194761,0.0,0.14117445242859888,451.35924796551205,2.7110821010493705e-12,0.0,0.00044755883292512517,150.47638830224508,6.932920451165784e-12,1.09733941560608e-14,1.658284254934226e-11,3.8579379821658484e-10,2.7436928819470705e-06,3.4899465184190324,1.348352900182081e-07,0.00020878678511364646,500000.0,3721512.0384060456
7.611056367458157e-05,7.9109101303049e-05,19.367463853079315,723.3633024538648,0.0,0.13958365623729602,446.5072968902587,2.611561025413798e-12,0.0,0.00044274094912654386,148.85880859027364,6.808602270711155e-12,1.0196968624063116e-14,1.6319593780425475e-11,3.3250139450759277e-10,2.496158239594465e-06,3.4524307772801595,1.2824130720218602e-07,0.0002087045462016917,500000.0,3662678.517089733
7.612543292009316e-05,7.940047842174106e-05,19.82133977686542,719.7530640438758,0.0,0.13798427678290592,441.6096845199059,2.513095058096818e-12,0.0,0.00043787857590090525,147.22600703515496,6.682459736617726e-12,9.50662632124279e-15,1.605929677862975e-11,2.7979982119470195e-10,2.266020211276278e-06,3.4145619830444667,1.2183389401239036e-07,0.00020862108068175634,500000.0,3603630.7351667825
7.614030216560475e-05,7.969846598148884e-05,20.256647034189083,716.0973181230727,0.0,0.1363786570579798,436.67476117604616,2.4159340123867575e-12,0.0,0.00043297992646419594,145.58076746404004,6.554951695824573e-12,8.88820566971417e-15,1.5802126178206372e-11,2.6578443938734094e-10,2.0518860024756904e-06,3.3764047014972,1.1562322908977972e-07,0.00020853651257565778,500000.0,3544476.755923463
7.615517141111634e-05,8.000278976082455e-05,20.6736436755348,712.40085150271,0.0,0.13476902339743954,431.7105019242674,2.3203025827626845e-12,0.0,0.00042805284127746994,143.92574859876697,6.42602009872604e-12,8.357162266083154e-15,1.5548236391087323e-11,6.76144795780381e-11,1.857219722051075e-06,3.3380205923008965,1.0961739827617881e-07,0.00020845096196304866,500000.0,3485318.237195513
7.617004065662795e-05,8.03131795951219e-05,21.072616771170072,708.6682884723315,0.0,0.1331574701753073,426.72449784340307,2.2264005985304997e-12,0.0,0.0004231047853715997,142.26348114546232,6.295811395637676e-12,7.864351757252746e-15,1.5297762684359206e-11,0.0,1.6743963663635342e-06,3.299468356669306,1.0382251016883788e-07,0.00020836454478950238,500000.0,3426250.408297672
7.618490990213954e-05,8.062936978390855e-05,21.453879180304536,704.9040851718203,0.0,0.13154598076334695,421.7239506158689,2.1344038371947563e-12,0.0,0.000418142843432863,140.59636599148592,6.1647109400215765e-12,7.427645494128064e-15,1.505082226466413e-11,0.0,1.5066403968640379e-06,3.2608036745893902,9.824287416745988e-08,0.00020827737271379452,500000.0,3367362.0908204163
7.619977914765114e-05,8.095109945107974e-05,21.817766445747203,701.1125263274743,0.0,0.1299364171293059,416.71567015152766,2.044465011303762e-12,0.0,0.0004131737276870991,138.9266734136521,6.035181996829767e-12,7.041069075919747e-15,1.4807515364917896e-11,5.720670643212016e-10,1.3533887857691954e-06,3.2220791997770326,9.288114794080049e-08,0.00020818955299172547,500000.0,3308735.7695631133
7.621464839316274e-05,8.1278112859904e-05,22.164633818234442,697.297722742852,0.0,0.12833052039940365,411.70607495463287,1.9567148239026363e-12,0.0,0.00040820374970511287,137.25654320090447,5.906900046097059e-12,6.701979713710919e-15,1.456792632795042e-11,1.6909051013158575e-10,1.2145803531696797e-06,3.1833445611624347,8.77384732603549e-08,0.00020810118839401854,500000.0,3250447.7007465325
7.622951763867433e-05,8.16101596848428e-05,22.494853424212334,693.4636095963986,0.0,0.12672991930585326,406.7011949459142,1.871262953739812e-12,0.0,0.00040323883201985426,135.58798559534407,5.778468216015063e-12,6.3974155010773195e-15,1.4332124675481547e-11,2.3281514415980555e-11,1.0877218673299225e-06,3.144646382968178,8.281463647029063e-08,0.0002080123771557558,500000.0,3192568.052945281
7.624438688418593e-05,8.194699524239519e-05,22.808811590743286,689.6139460103017,0.0,0.1251361296093791,401.70667645589623,1.7881991883024574e-12,0.0,0.0003982845298097683,133.92288295709344,5.64982486825047e-12,6.12236494572448e-15,1.4100166152865873e-11,1.532795504912937e-10,9.72461462296197e-07,3.106028322614458,7.810822446746554e-08,0.00020792321295464813,500000.0,3135161.0781527692
7.625925612969752e-05,8.228838068334007e-05,23.106906331218102,685.7523154301555,0.0,0.12355055660124782,396.7277891139565,1.7075947261295542e-12,0.0,0.0003933460331723979,132.26299206119273,5.521882505575762e-12,5.8754787373424665e-15,1.3872093744367194e-11,0.0,8.682996496769052e-07,3.067531125521565,7.361676114633527e-08,0.00020783378491538298,500000.0,3078285.306405473
7.627412537520912e-05,8.263408314881185e-05,23.389544993801483,681.8821266802283,0.0,0.12197450113724548,391.76943436987284,1.6295035090296256e-12,0.0,0.0003884281699057304,130.6099469387082,5.395354722593241e-12,5.651917985466771e-15,1.3647938654701595e-11,4.835056071985577e-13,7.739048205062439e-07,3.0291926901154764,6.93368427525002e-08,0.0002077441776373781,500000.0,3021993.7592612538
7.628899462072072e-05,8.298387589264651e-05,23.65714207432874,678.0066158649383,0.0,0.12040916210515092,386.83615539903366,1.553963513160516e-12,0.0,0.00038353541507062463,128.96526217907763,5.2704272727112965e-12,5.4483984008044585e-15,1.3427721253354985e-11,2.0302747973197217e-10,6.888110141160563e-07,2.9910481441766303,6.526427160932092e-08,0.00020765447124337908,500000.0,2966334.179086308
7.630386386623231e-05,8.33375383724202e-05,23.910117192386846,674.1288489349504,0.0,0.11885563872199592,381.932148158251,1.4809980197710195e-12,0.0,0.00037867189719432325,127.33033661601216,5.146888520265476e-12,5.263214404155986e-15,1.3211451979128419e-11,0.0,6.125754243269665e-07,2.953129931504792,6.139417662122249e-08,0.00020756474144642743,500000.0,2911349.26986551
7.63187331117439e-05,8.369485631159305e-05,24.148893229230374,670.2517245842166,0.0,0.11731493874242672,377.0612733756613,1.4106168879739928e-12,0.0,0.0003738414241952714,125.70645732477337,5.02509687678213e-12,5.093003722196382e-15,1.299913220116483e-11,7.257051969863661e-10,5.436147390136281e-07,2.915467903060473,5.7721127017219765e-08,0.00020747505963282324,500000.0,2857076.9450064003
7.633360235725551e-05,8.405562173513795e-05,24.373894623177964,666.3779781085813,0.0,0.11578797450827623,372.22706927527736,1.3428178207264837e-12,0.0,0.00036904747718567634,124.09480386437716,4.905070990000575e-12,4.935160513065008e-15,1.2790755037705564e-11,1.3111674315476952e-10,4.822740283216265e-07,2.878089417862772,5.423923214713323e-08,0.00020738549295887742,500000.0,2803550.58201136
7.63484716027671e-05,8.441963298096927e-05,24.58554581772116,662.5101849327392,0.0,0.11427557839279234,367.43276485460257,1.2775875894040654e-12,0.0,0.0003642932304750285,122.49645270415027,4.786708648903232e-12,4.7887547112153454e-15,1.2586306128518454e-11,0.0,4.2707479703462455e-07,2.841019441885532,5.0942243896021146e-08,0.00020729610445923704,500000.0,2750799.2761586676
7.636334084827869e-05,8.478669468941969e-05,24.784269859782295,658.650765238249,0.0,0.11277849828766297,362.6812935509525,1.2149032066672404e-12,0.0,0.000359581574818661,120.91238177985467,4.6701269488417224e-12,4.652174279859382e-15,1.2385764362686742e-11,3.947500354565771e-13,3.779581836920933e-07,2.8042806564372293,4.7823641434996946e-08,0.00020720695316487527,500000.0,2698848.097029591
7.637821009379029e-05,8.515661777290946e-05,24.97048713616596,654.8019884831959,0.0,0.11129740405780154,357.9753071494706,1.1547330419120263e-12,0.0,0.00035491512833452007,119.34347513037653,4.555606309650396e-12,4.523880425497467e-15,1.2189102562890992e-11,3.6460191415200035e-11,3.340642870426274e-07,2.76789356565227,4.4876705583128464e-08,0.00020711809422896987,500000.0,2647718.3410195666
7.639307933930189e-05,8.552921936783808e-05,25.14461424394741,650.9659782106921,0.0,0.10983289225285277,353.3171898025857,1.0970378799529904e-12,0.0,0.00035029624224812753,117.79052757156136,4.443291927980958e-12,4.403071654122403e-15,1.1996288126293865e-11,0.0,2.9501006909548907e-07,2.731876603959095,4.2094590319210675e-08,0.00020702957905897708,500000.0,2597427.779960503
7.640794858481348e-05,8.590432277063441e-05,25.30706298874347,647.1447170555559,0.0,0.10838549021995512,348.7090720463122,1.0417719250285654e-12,0.0,0.00034572701230106554,116.25424936898987,4.333108903076451e-12,4.289378812091161e-15,1.1807283622154666e-11,0.0,2.608014216254329e-07,2.696246244489771,3.9470386705330886e-08,0.00020694145545337435,500000.0,2547990.904193328
7.642281783032508e-05,8.628175735980586e-05,25.458239502625467,643.3400519584773,0.0,0.10695565850127384,344.15284471360405,9.888837372355957e-13,0.0,0.00034120930272446055,114.73527087640856,4.225132090729697e-12,4.180255346464284e-15,1.1622047347958819e-11,0.0,2.2954714452855886e-07,2.661017108564681,3.699717494869587e-08,0.00020685376774169574,500000.0,2499419.1590608372
7.643768707583668e-05,8.666135850571004e-05,25.598543473037005,639.5536992039018,0.0,0.10554379892215715,339.65017265885285,9.38317108614689e-13,0.0,0.00033674475728768746,113.23414711121215,4.119504400324823e-12,4.076384569352876e-15,1.1440533845243171e-11,5.145213237439452e-12,2.0204664299080507e-07,2.6262020674412216,3.466807194314144e-08,0.00020676655692666106,500000.0,2451721.172535188
7.645255632134827e-05,8.704296746965664e-05,25.728367477086284,635.7872499112223,0.0,0.10415025370341603,335.2025082207767,8.900118731948512e-13,0.0,0.0003323348078412271,111.75136224270615,4.016273707084959e-12,3.9776100281683584e-15,1.1262694377328987e-11,5.649103672963226e-12,1.7793579487394488e-07,2.591812350695226,3.247627207663282e-08,0.0002066798608272827,500000.0,2404902.975750016
7.646742556685987e-05,8.742643129382863e-05,25.84809641137277,632.0421752889466,0.0,0.10277531021904121,330.81110436290595,8.43904649565285e-13,0.0,0.0003279806874942664,110.28733397287351,3.915403638065096e-12,3.882762665832435e-15,1.1088477370720361e-11,2.9759411926650097e-12,1.5645668035148856e-07,2.5578576468927623,3.0415081183685494e-08,0.0002065937142219851,500000.0,2358968.213319292
7.648229481237146e-05,8.781160268340022e-05,25.958107011309455,628.3198318442954,0.0,0.10141920614142312,326.4770274416858,7.999295206577967e-13,0.0,0.0003236834456972978,108.84241779299201,3.816865904109971e-12,3.791490937418299e-15,1.0917828821438062e-11,0.0,1.375745816984385e-07,2.52434620095161,2.8477945733009022e-08,0.00020650814899088739,500000.0,2313918.343913558
7.650582890456241e-05,8.842437335285916e-05,26.11325711086316,622.4778113007354,0.0,0.09931180565362802,319.7366170420082,7.345201951890575e-13,0.0,0.0003170003865932564,106.5952664274838,3.665661585340324e-12,3.654118837495633e-15,1.0654893284818828e-11,2.728653574899521e-12,1.119558829361442e-07,2.4722287856019403,2.564999742702932e-08,0.000206373980223939,500000.0,2244422.9573339387
7.652936299675334e-05,8.904053360326634e-05,26.24639581280655,616.7002431031495,0.0,0.09725259735775191,313.14472045512946,6.740063950410026e-13,0.0,0.00031046464330729945,104.39762762393822,3.5203201069158428e-12,3.524369411830325e-15,1.0400525351322842e-11,1.061326543659373e-12,9.11105261555717e-08,2.421259694100227,2.309250076514445e-08,0.0002062414422155398,500000.0,2177131.203160841
7.655289708894428e-05,8.96595814934938e-05,26.358878943033243,610.9909415670304,0.0,0.09524187208857045,306.7031532515954,6.18109295438037e-13,0.0,0.0003040780028694516,102.25010662024002,3.3808771640233234e-12,3.4013522711156398e-15,1.0154486645264249e-11,4.417493110413084e-12,7.394978381564461e-08,2.3714529643830224,2.078237776052738e-08,0.0002061106221234955,500000.0,2112022.1895794524
7.657643118113521e-05,9.028104629574243e-05,26.4520028566467,605.3531655495215,0.0,0.0932797051461708,300.4129283275181,5.665504106962093e-13,0.0,0.0002978414580950539,100.15304106053485,3.247275053118557e-12,3.2847812503746914e-15,9.916533618993155e-12,2.853667653955296e-11,6.009179046344166e-08,2.3228164276202503,1.8697925841780813e-08,0.00020598159329255603,500000.0,2049066.8047880714
7.659996527332616e-05,9.090448707621256e-05,26.527003940361077,599.7896649080443,0.0,0.09136598137717901,294.2743527425448,5.190548828267764e-13,0.0,0.0002917553020999309,98.10653327892327,3.1193592003016e-12,3.173572295166913e-15,9.6864197840041e-12,0.0,4.8683662171272893e-08,2.2753524582646705,1.6818863034217146e-08,0.0002058544164755806,500000.0,1988229.078114978
7.662349936551709e-05,9.152949128488803e-05,26.585058600636284,594.3027245694161,0.0,0.08950042143948136,288.28711658305934,4.753541382125889e-13,0.0,0.00028581921863040033,96.11047992453311,2.996960148601657e-12,3.067699550693479e-15,9.463897612039292e-12,0.0,3.945862103350243e-08,2.229058659623505,1.5126338637289307e-08,0.00020572914099088973,500000.0,1929467.3954729503
7.664703345770803e-05,9.215567335739342e-05,26.62728371503165,588.8942064297277,0.0,0.08768260286634688,282.4503741495379,4.351879775952879e-13,0.0,0.00028003236320583964,94.16459902762935,2.879931999413632e-12,2.966895180940471e-15,9.24872014213358e-12,4.548513175080539e-12,3.197057490934775e-08,2.183928492538606,1.3602914569883021e-08,0.00020560580581302027,500000.0,1872735.5797235311
7.667056754989896e-05,9.278267332732644e-05,26.654737591596923,583.5655887082628,0.0,0.08591198060038359,276.7628178623523,3.9830615083405266e-13,0.0,0.00027439343498291774,92.26845463821188,2.7681312941323117e-12,2.8706955183414234e-15,9.040642324764344e-12,0.0,2.5848832034414672e-08,2.1399518465258596,1.2232526674435302e-08,0.00020548444059285566,500000.0,1817983.845071011
7.66941016420899e-05,9.341015545982675e-05,26.66842135533886,578.3180027608839,0.0,0.08418790541245115,271.22274520119777,3.6446948740956016e-13,0.0,0.00026890074240327517,90.42147914217466,2.6613936196545924e-12,2.7789171806849757e-15,8.839422134415367e-12,7.701149954303024e-12,2.093318325125971e-08,2.097115557217376,1.1000431593248052e-08,0.00020536506660587486,500000.0,1765159.6351317973
7.671763573428084e-05,9.403780692181552e-05,26.669280609651363,573.152267402733,0.0,0.0825096399109405,265.82811899195326,3.334506604617014e-13,0.0,0.0002635522626314374,88.62299335964276,2.559535610683832e-12,2.691373810003228e-15,8.644821481119559e-12,1.8772747288192546e-11,1.6976289620036166e-08,2.055403872879973,9.893142278030482e-09,0.00020524769763032746,500000.0,1714208.354123172
7.674116982647178e-05,9.466533649729384e-05,26.658207270677895,568.068920755455,0.0,0.08087637332480445,260.57662144569827,3.0503464840769597e-13,0.0,0.0002583456948144713,86.87222456041467,2.462368918093849e-12,2.6077495654733425e-15,8.456606948027798e-12,0.0,1.3644560255307904e-08,2.0147988722385937,8.898356426675997e-09,0.00020513234075818945,500000.0,1665074.000700668
7.676470391866271e-05,9.529247334878665e-05,26.636041542447227,563.0682496747455,0.0,0.07928723539260522,255.46570242134473,2.7901894364889944e-13,0.0,0.0002532785083628355,85.16832255368435,2.369708873314196e-12,2.527886316242172e-15,8.274550377904e-12,0.0,1.093177391023937e-08,1.9752808370949384,8.004881445746095e-09,0.0002050189971415022,500000.0,1617699.7140472063
7.678823801085364e-05,9.591896582524541e-05,26.603574013674866,558.1503168933433,0.0,0.07774130841266536,250.49262237682277,2.55213552057661e-13,0.0,0.0002483479876189569,83.51037400704415,2.28137754788947e-12,2.4517279547061277e-15,8.098429328696086e-12,1.7786448684140725e-10,9.161669967855414e-09,1.9368285842835287,7.2025576963768105e-09,0.00020490766267661432,500000.0,1572028.2414619806
7.681177210304459e-05,9.654458031893905e-05,26.56154782616876,553.3149862284034,0.0,0.07623763409590154,245.65449043826413,2.334408242733259e-13,0.0,0.0002435512645765866,81.89741513793287,2.1971898192961714e-12,2.3789163050589988e-15,7.928027417285117e-12,1.8557530823727515e-12,7.261016172455905e-09,1.8994197626724918,6.482180990424239e-09,0.00020479832862931607,500000.0,1528002.3364921752
7.683530619523553e-05,9.716910017416945e-05,26.510660879646565,548.5619450641905,0.0,0.0747752292770902,240.94829799600691,2.1353515736066259e-13,0.0,0.00023888535404023982,80.32844291382321,2.116959245317389e-12,2.3093453449042678e-15,7.763134566899215e-12,4.577377315532844e-13,5.8484585164741574e-09,1.863031108134065,5.835428526936773e-09,0.00020469098220445914,500000.0,1485565.0928726967
7.685884028742646e-05,9.779232464871368e-05,26.451568037278495,543.8907256161493,0.0,0.07335308813034716,236.3709482298033,1.9534259887302497e-13,0.0,0.00023434718488919752,78.80242489529421,2.0405058330512508e-12,2.2429169497988893e-15,7.603547173113109e-12,6.1791853370085895e-12,4.752534844067142e-09,1.82763867601824,5.254786096334907e-09,0.00020458560706371532,500000.0,1444660.2253336317
7.68823743796174e-05,9.841406792712059e-05,26.384883307550542,539.30072384801,0.0,0.0719701918864894,231.91928195316194,1.7872037764859712e-13,0.0,0.00022993362519330482,77.318307851982,1.9676566219418755e-12,2.1794368524643257e-15,7.449068201158278e-12,6.960762112292477e-12,3.839219770942244e-09,1.7932180392552444,4.7334786248250555e-09,0.00020448218379505787,500000.0,1405232.300486216
7.690590847180834e-05,9.903415818465652e-05,26.3111819922382,534.7912168406851,0.0,0.07062551477499848,227.59010014103174,1.6353638246601455e-13,0.0,0.00022564150315902378,75.87502527282741,1.8982427270728606e-12,2.1187575165604696e-15,7.299507225330233e-12,0.0,3.1066021663620828e-09,1.7597444626118426,4.265405192345235e-09,0.00020438069033737783,500000.0,1367226.9256991274
7.692944256399928e-05,9.9652436701026e-05,26.231002788058124,530.3613785500312,0.0,0.06931802922411708,223.38018347475398,1.4966860741585787e-13,0.0,0.00022146762627922917,74.47150388194457,1.832098711046512e-12,2.0607665293202378e-15,7.154680419909573e-12,0.0,2.5659121015583083e-09,1.7271930539528701,3.8450779117727975e-09,0.00020428110236358758,500000.0,1330590.9008788008
7.695297665619021e-05,0.00010026875702293724,26.14484982851217,526.0102940632729,0.0,0.06804671048010717,219.2863092118244,1.3700457918703088e-13,0.0,0.00021740879936436562,73.10666926263701,1.7690647538198765e-12,2.0053176745449227e-15,7.014410509933995e-12,2.4614663979041276e-11,2.0683264576993195e-09,1.6955388947664696,3.4675647812021488e-09,0.00020418339362548565,500000.0,1295272.3380045295
7.697651074838115e-05,0.00010088298417405145,26.053194652950783,521.7369724933831,0.0,0.06681054046728586,215.30526566565499,1.254407781032038e-13,0.0,0.00021346183857780802,71.77945068463877,1.708987322643519e-12,1.9522711082912195e-15,6.8785266891221475e-12,6.503405975290037e-11,1.4390375120612825e-09,1.664757152106174,3.1284369157900435e-09,0.0002040875362635309,500000.0,1261220.7528522462
7.700004484057208e-05,0.00010149499391044483,25.956478101300146,517.5403585756509,0.0,0.06560851146811564,211.4338645579673,1.1488206232056506e-13,0.0,0.00020962358277915117,70.48878522213607,1.6517188445710871e-12,1.9015369725055286e-15,6.746864511076027e-12,6.906736188159204e-11,8.905350183504487e-10,1.6348231737412384,2.8237200893131022e-09,0.00020399350108447984,500000.0,1228387.132694436
7.702357893276303e-05,0.00010210467201969317,25.855112133621194,513.4193430907942,0.0,0.06443962925696325,207.66895148246195,1.0524110270752933e-13,0.0,0.00020589090271937017,69.2336212421286,1.5971173515534135e-12,1.8530300864627505e-15,6.619265758996458e-12,0.0,1.3427124849717762e-09,1.6057125687632128,2.549850174546982e-09,0.00020390125780964655,500000.0,1196723.983483476
7.704711302495396e-05,0.00010271191366173198,25.749481564511846,509.3727724515832,0.0,0.06330291303418878,204.00741469566248,9.643783401983424e-14,0.0,0.00020226071342055116,68.01292133510104,1.5450477493975985e-12,1.8065733620389608e-15,6.49557829871657e-12,0.0,8.948668774810695e-10,1.5774012785389084,2.3036321629505925e-09,0.00020381077529637114,500000.0,1166185.3600998227
7.70706471171449e-05,0.00010331662274959005,25.639945713724035,505.39945675712255,0.0,0.06219740207671983,200.44619243029956,8.83989266167128e-14,0.0,0.00019872998036592893,66.82566475314353,1.4953811647605252e-12,1.7620852195249618e-15,6.3756559186574654e-12,0.0,7.172808385426296e-10,1.5498656279733074,2.0822033141526044e-09,0.0002037220217351514,500000.0,1136726.8805454148
7.709418120933583e-05,0.00010391871136806175,25.526839978018646,501.49817763363075,0.0,0.06112215312947732,196.98227890753714,8.105728194319748e-14,0.0,0.0001952957237794205,65.67084941429391,1.4479943325685025e-12,1.7194974322398679e-15,6.2593581600994026e-12,0.0,5.955649948332281e-10,1.5230823763359678,1.882999427530856e-09,0.00020363496482464746,500000.0,1108305.7292541896
7.711771530152678e-05,0.0001045180992283907,25.410477320992893,497.66769482501684,0.0,0.060076243231426164,193.6127292065519,7.435155360267583e-14,0.0,0.00019195502348034338,64.54749352594385,1.402769673651372e-12,1.6786993691525241e-15,6.146550140655902e-12,3.2663763685900195e-12,4.5662587613068045e-10,1.4970287533821958,1.7037241752490975e-09,0.000203549571926648,500000.0,1080880.6490108047
7.714124939371771e-05,0.00010511471315706388,25.291149682558128,493.9067521445922,0.0,0.059058770944894125,190.33466313358363,6.822569508223733e-14,0.0,0.00018870502349361399,63.45463687468837,1.3595954173880517e-12,1.6395961299487254e-15,6.037102373280857e-12,0.0,4.06589360612954e-10,1.4716824891386433,1.5423215475984585e-09,0.00020346581020290103,500000.0,1054411.9245100159
7.716478348590865e-05,0.00010570848661684534,25.169129309401818,490.2140827977494,0.0,0.058068856857102946,187.14526821761547,6.262853475497614e-14,0.0,0.0001855429353434343,62.391341825011615,1.3183654861174457e-12,1.6021148323579836e-15,5.930890582760027e-12,0.0,4.045817476239119e-10,1.447021837359788,1.3969509672674988e-09,0.00020338364673557367,500000.0,1028861.3589631185
7.718831757809958e-05,0.00010629935925822332,25.044670009406016,486.5884140863038,0.0,0.0571056440274242,184.04180194617945,5.75133781872857e-14,0.0,0.0001824660404068911,61.35669406464629,1.278979454147298e-12,1.5661728688455934e-15,5.827795521353862e-12,3.351320185811628e-11,1.7138829714818445e-10,1.4230255929127016,1.2659647906756412e-09,0.00020330304863294977,500000.0,1004192.2449790667
7.721185167029053e-05,0.00010688727649951841,24.91800833372269,483.02847149730377,0.0,0.05616829892691816,181.02159334224675,5.283763729045137e-14,0.0,0.00017947169015696275,60.349803130264995,1.2413416022714268e-12,1.5316920893410768e-15,5.727702784950472e-12,0.0,3.5749237377142116e-10,1.3996731031008491,1.1478881237250312e-09,0.00020322398312183634,500000.0,980369.3307724786
7.723538576248146e-05,0.00010747218913401576,24.78936469249376,479.532982450448,0.0,0.05525601044337887,178.08204397165966,4.856248562022697e-14,0.0,0.00017655730849911916,59.36980274332436,1.2053615404201844e-12,1.4986023931945554e-15,5.630502630901349e-12,0.0,1.7541505380182728e-10,1.3769442772372298,1.041400662781985e-09,0.0002031464176279892,500000.0,957358.783139295
7.72589198546724e-05,0.00010805405296250811,24.65894439853979,476.1006793347358,0.0,0.054367991748449404,175.2206284606333,4.465253885055266e-14,0.0,0.00017372039198595672,58.41585098257716,1.1709538875006058e-12,1.4668380085307724e-15,5.53608979842239e-12,5.83104676120152e-12,1.1202505126565217e-10,1.3548195883907241,9.453204150850756e-10,0.00020307031984583235,500000.0,935128.147214775
7.728245394686333e-05,0.0001086328284496737,24.52693864822157,472.7303024534991,0.0,0.053503478521275676,172.43489459387243,4.107555934238901e-14,0.0,0.00017095850940728396,57.487130316770205,1.1380375065155709e-12,1.4363338913216358e-15,5.444363332316215e-12,3.4828202128624655e-12,1.0028610053631643e-10,1.333280075923221,8.585890848610319e-10,0.00020299565779854795,500000.0,913646.3048883454
7.730598803905428e-05,0.00010920848040281673,24.39352544301473,469.42060238786416,0.0,0.052661729509450604,169.7224630554443,3.780218360022315e-14,0.0,0.00016826930158443068,56.582847518243895,1.1065353933431974e-12,1.407028227683713e-15,5.3552264106092016e-12,0.0,1.273889730331539e-10,1.3123073428273058,7.802589822487815e-10,0.00020292239988954684,500000.0,892883.4314329784
7.732952213124521e-05,0.00010978097767160186,24.25887045339475,466.1703420990782,0.0,0.051842026260004684,167.0810268670342,3.4805671333199955e-14,0.0,0.0001656504811844583,55.70223347564565,1.0763749273301064e-12,1.3788633785589624e-15,5.268586176551044e-12,1.1170985180695705e-12,8.752283977042322e-11,1.2918835514741704,7.094813124873551e-10,0.0002028505149462391,500000.0,872810.9514381941
7.735305622343615e-05,0.00011035029286746979,24.123127827104764,462.9782987197795,0.0,0.05104367298381554,164.50835057171375,3.2061674808403596e-14,0.0,0.00016309983194738465,54.844542921802415,1.0474876514629766e-12,1.3517848134667484e-15,5.184353575310743e-12,0.0,0.0,1.2719914171170086,6.454956981408476e-10,0.00020277997225693866,500000.0,853401.4943195169
7.737659031562708e-05,0.00011091640210150927,23.986440949641803,459.84326507332065,0.0,0.05026599628101448,162.002269205399,2.9548027184084125e-14,0.0,0.0001606152074450316,54.009054090813564,1.0198087170000933e-12,1.3257409591665497e-15,5.102443195611873e-12,0.0,9.875895719502238e-11,1.2526141998274638,5.876208080873741e-10,0.00020271074160161967,500000.0,834628.8497868053
7.740012440781802e-05,0.00011147928473951758,23.848943144307427,456.7640511545763,0.0,0.04950834330633923,159.56068709343197,2.7244548591769332e-14,0.0,0.000158194529972394,53.1950683168434,9.932769559855523e-13,1.3006812053225398e-15,5.022773116565613e-12,0.0,0.0,1.2337356965971422,5.352459472560709e-10,0.00020264279327729948,500000.0,816467.923943624
7.742365850000896e-05,0.00011203892317331481,23.710758355997942,453.73948485053273,0.0,0.04877008429011039,157.181576503872,2.5132868519443787e-14,0.0,0.00015583578919940185,52.40190958514426,9.678343527097538e-13,1.2765616171673934e-15,4.945264759649609e-12,0.0,3.512655730170672e-11,1.2153402280284311,4.878236389039035e-10,0.0002025760981183685,500000.0,798894.694917414
7.74471925921999e-05,0.00011259530260723845,23.57200175927451,450.7684131113204,0.0,0.048050609806722745,154.86297618590604,2.3196263578760705e-14,0.0,0.0001535370406601948,51.62892404478018,9.434260687909466e-13,1.253337274792515e-15,4.869842746017298e-12,5.44424131305097e-14,4.3480490557760765e-11,1.1974126292191791,4.4486286201775167e-10,0.0002025106275128624,500000.0,781886.1703761168
7.747072668439083e-05,0.00011314841085861592,23.4327803291294,447.8497027297291,0.0,0.04734933025468516,152.60298981885694,2.141950931573054e-14,0.0,0.00015129640423615525,50.8754794915461,9.200004232094534e-13,1.2309645601075976e-15,4.796434759148008e-12,5.274603922535331e-15,3.0712892823854395e-11,1.1799382377580965,4.059230986467694e-10,0.00020244635341491979,500000.0,765420.3455164531
7.749426077658177e-05,0.00011369823817129422,23.293193387962045,444.9822408919636,0.0,0.046665675554526484,150.39978439299804,1.978874494509054e-14,0.0,0.00014911206259497967,50.140964828153024,8.97508656086111e-13,1.2094045681868267e-15,4.724971412783157e-12,2.1952554329963324e-14,9.8755916936657e-12,1.162902881012727,3.7060902466286054e-10,0.0002023832483537882,500000.0,749476.1619273361
7.751779486877271e-05,0.00011424477704158178,23.153333119659305,442.1649355516331,0.0,0.04599909511523799,148.25158853966167,1.8291350011170198e-14,0.0,0.00014698225954008838,49.42478950750896,8.759046604888172e-13,1.1886207178044538e-15,4.6553861240423016e-12,2.0050460932441116e-13,0.0,1.1462928627400666,3.3856572899996904e-10,0.00020232128543985208,500000.0,734033.4674984607
7.754132896096365e-05,0.00011478802205588674,23.013285043742748,439.3967157616685,0.0,0.04534905728927216,146.15669082620656,1.6915832026823402e-14,0.0,0.0001449052982961593,48.72638296428503,8.551448229821468e-13,1.1685768103356739e-15,4.587614991629709e-12,0.0,9.105334788469939e-12,1.1300949498985673,3.094744544810724e-10,0.00020226043836810937,500000.0,719072.9776486647
7.757725675863091e-05,0.00011561099506242063,22.79929956042096,435.26296839304536,0.0,0.044387436647907945,143.05762197079625,1.502753334961271e-14,0.0,0.00014183276360867295,47.69320127235608,8.249876126710062e-13,1.1393278922154694e-15,4.487514177132406e-12,0.0,8.78133766237843e-12,1.1061327073504936,2.7011567089253076e-10,0.00020216964142934652,500000.0,697122.2619799738
7.761318455629817e-05,0.00011642627936869726,22.585316068364435,431.2375413009926,0.0,0.043461428791802696,140.0733006224831,1.3365980467837093e-14,0.0,0.00013887399397038205,46.69827462826786,7.965658368481957e-13,1.1116130144123e-15,4.391291771614215e-12,0.0,3.530291676416995e-12,1.0830577015063618,2.3608456071923806e-10,0.00020208129639069812,500000.0,676190.4300610472
7.764911235396542e-05,0.00011723387921424088,22.371562573329907,427.31691426001987,0.0,0.042569375878137444,137.19838894915762,1.1902410892486745e-14,0.0,0.0001360236974301433,45.739823480982594,7.697541724052146e-13,1.0853280450799743e-15,4.298752893390199e-12,3.950853851723036e-11,0.0,1.0608286598857453,2.0662213330850662e-10,0.00020199531752576407,500000.0,656219.3752635164
7.768504015163268e-05,0.0001180338065576618,22.158241461021095,423.497683775186,0.0,0.04170970657298262,134.42782735344556,1.0611856409116658e-14,0.0,0.00013327685755352436,44.81616103867341,7.44437701096786e-13,1.0603773065119324e-15,4.209714291068425e-12,9.573991434752355e-15,4.54610814120942e-12,1.0394064612935143,1.8108220783169828e-10,0.00020191162221944655,500000.0,637154.7468194207
7.772096794929994e-05,0.00011882608021734294,21.94553200806166,419.7765617213188,0.0,0.040880932229276384,131.7568205176349,9.47263263434379e-15,0.0,0.00013062871991446957,43.92568861630971,7.205109087809902e-13,1.0366728270410469e-15,4.124003577126961e-12,1.5603502341623287e-12,3.325962494185784e-12,1.01875402775399,1.5891402532682848e-10,0.00020183013090950425,500000.0,618945.6949536814
7.77568957469672e-05,0.00011961072508097138,21.733592689475408,416.15037377400654,0.0,0.04008164176092183,129.18082388551622,8.465894973466424e-15,0.0,0.0001280747788937902,43.0668911289043,6.978767886361785e-13,1.0141329338150982e-15,4.0414585133499406e-12,5.401221840336461e-13,2.614004423171992e-12,0.9988362204737015,1.3964763793451162e-10,0.0002017507670210198,500000.0,601544.6327392067
7.779282354463447e-05,0.00012038777138615081,21.522563278697586,412.61605732666675,0.0,0.039310498035758576,126.6955306005408,7.57525395068533e-15,0.0,0.00012561076462181794,42.23833273689098,6.764461253327909e-13,9.926819447633857e-16,3.961926344782981e-12,7.385488566938856e-13,1.959687335476072e-12,0.9796197385760178,1.2288163703918967e-10,0.00020167345689396218,500000.0,584907.0132546455
7.782875134230173e-05,0.00012115725407930106,21.312566721113704,409.17065905451256,0.0,0.03856623393336685,124.29685889619284,6.7864444507403585e-15,0.0,0.00012323263032259447,41.43865264226489,6.5613686668199e-13,9.722500724688557e-16,3.885263179025482e-12,3.8429645009413635e-16,1.5178274118614688e-12,0.961073021549843,1.0827277477089943e-10,0.00020159812970292696,500000.0,568991.1212841441
7.786467913996899e-05,0.00012191921224551744,21.10371080290986,405.8113321495127,0.0,0.03784764857327771,121.98093997441289,6.087041465304727e-15,0.0,0.00012093654028907988,40.666561047432246,6.368735079388348e-13,9.52772796351333e-16,3.811333408092766e-12,0.0,1.250219007936019e-12,0.9431661555207096,9.552719712734969e-11,0.00020152471737095172,500000.0,553757.878828883
7.790060693763625e-05,0.00012267368859492664,20.896089657274015,402.5353333608289,0.0,0.037153603644292904,119.74410641733385,5.466214618568487e-15,0.0,0.00011871885847918917,39.92083529185901,6.18586500109076e-13,9.341902531121376e-16,3.740009170239586e-12,1.2546095365160755e-12,8.579400584186055e-13,0.9258707837037453,8.439305205867718e-11,0.00020145315448054206,500000.0,539170.6639336506
7.79365347353035e-05,0.00012342072899653364,20.68978512815059,399.34001997332206,0.0,0.03648301993292932,117.58288114864887,4.91451560895579e-15,0.0,0.00011657613758954255,39.20031617195889,6.012117211535499e-13,9.164469447540607e-16,3.671169849099546e-12,0.0,5.64834255592488e-13,0.9091600210780172,7.465423901475e-11,0.0002013833781838341,500000.0,525195.1422195628
7.797246253297076e-05,0.0001241603820572971,20.484868006125392,396.22284667050644,0.0,0.035834874091575805,115.49396693421637,4.423694484181973e-15,0.0,0.00011450510863096581,38.50390444075516,5.846900127301303e-13,8.99491462424907e-16,3.604701607524535e-12,3.345619251172242e-13,5.286204255360982e-13,0.893008373177586,6.612511692757525e-11,0.00020131532811224363,500000.0,511799.1101839455
7.800839033063803e-05,0.00012489269874476093,20.281399138806805,393.1813623453877,0.0,0.035208195521136035,113.47423640707592,3.986541216700747e-15,0.0,0.00011250267101669893,37.83055748237333,5.689667618794647e-13,8.832760905529528e-16,3.5404969536890292e-12,8.780547088838666e-17,4.136500027334225e-13,0.8773916589620756,5.864602533012897e-11,0.0002012489462858712,500000.0,498952.34952912247
7.804431812830529e-05,0.00012561773204887422,20.07943042879877,390.21320687534376,0.0,0.034602063447965126,111.5207226074079,3.596749036494347e-15,0.0,0.00011056588318470168,37.17928615820842,5.539915133178101e-13,8.677564868658658e-16,3.478454337232122e-12,5.019904977292384e-14,3.2183375106903193e-13,0.8622869376605253,5.207948856450481e-11,0.00020118417702336678,500000.0,486626.4917930778
7.808024592597255e-05,0.00012633553667767668,19.879005733513097,387.31610791862596,0.0,0.03401560411979115,109.63061002787508,3.2487962688647954e-15,0.0,0.00010869195372920631,36.54915182157907,5.397176124269468e-13,8.528914532255809e-16,3.4184777733542556e-12,0.0,2.3557695855166636e-13,0.8476724395470973,4.630699422871051e-11,0.00020112096685310168,500000.0,474794.8926553375
7.811617372363981e-05,0.00012704616878296858,19.68016167942866,384.4878777340834,0.0,0.03344798817581189,107.80122614874873,2.9378440408671412e-15,0.0,0.00010687823301343521,35.939263495668364,5.261018822909608e-13,8.386426942121298e-16,3.360476492884344e-12,0.0,1.8551402185073914e-13,0.8335275004903315,4.1226257522117004e-11,0.00020105926442615248,500000.0,463432.5152383374
7.815210152130707e-05,0.00012774968571356934,19.482928397604915,381.726410046502,0.0,0.03289842816257045,106.0300334424162,2.659647752567681e-15,0.0,0.00010512220523988483,35.348775207949394,5.131043328103038e-13,8.249745653734014e-16,3.3043646164448224e-12,1.6930044187729424e-13,1.5564087420078607e-13,0.8198325001293213,3.674889601628181e-11,0.00020099902043130876,500000.0,452515.8217768803
7.818802931897434e-05,0.00012844614579397352,19.28733018571632,379.0296769843111,0.0,0.03236617618827168,104.31462182629475,2.4104804875056936e-15,0.0,0.00010342148096169783,34.77688347410268,5.006878964289568e-13,8.118538639444732e-16,3.2500608509796146e-12,0.0,7.082283482964407e-14,0.8065688035177907,3.279845071658416e-11,0.00020094018751226178,500000.0,442022.6730737671
7.822395711664158e-05,0.00012913560812586743,19.09338610608218,376.3957260690287,0.0,0.03185052171416031,102.65270154423253,2.187066702686541e-15,0.0,0.0001017737900257617,34.22282492478469,4.888181864164395e-13,7.992496551037721e-16,3.1974882070421744e-12,0.0,9.411011499952182e-14,0.7937187060808508,2.930870019484222e-11,0.00020088272018714965,500000.0,431932.23514876503
7.825988491430885e-05,0.00012981813241001177,18.90111052609891,373.82267727812865,0.0,0.03135078946561827,101.04209645663431,1.986524741795228e-15,0.0,0.00010017697492349739,33.68587406865898,4.774632761429721e-13,7.871330973348866e-16,3.1465737353522406e-12,4.924388474505141e-14,8.246977895744219e-14,0.7812653817368641,2.622222307843956e-11,0.00020082657477065355,500000.0,422224.8925796532
7.829581271197611e-05,0.00013049377878643072,18.710513605938395,371.30872020303065,0.0,0.030866337469852193,99.48073771896938,1.8063169514783733e-15,0.0,9.862898452380804e-05,33.16534118490801,4.665934983976139e-13,7.754772748085595e-16,3.097248281230159e-12,0.0,1.6756373169142506e-14,0.7691928340185344,2.3489170892235075e-11,0.00020077170929875705,500000.0,412882.1680652888
7.833174050964337e-05,0.00013116260769125072,18.521601740029922,368.85211127806707,0.0,0.030396555208640503,97.96665782810084,1.6442063784508937e-15,0.0,9.712786817018562e-05,32.660570338371,4.561812630195285e-13,7.642570521217148e-16,3.0494462556149282e-12,3.874175510260867e-14,8.344256755260018e-14,0.7574858500374468,2.1066219298813668e-11,0.0002007180834561752,500000.0,403886.64772061113
7.836766830731063e-05,0.00013182467972866073,18.33437795462818,366.45117112080095,0.0,0.029940861874906445,96.49798501647959,1.4982191628182035e-15,0.0,9.567177012129845e-05,32.17093751065457,4.462008907034131e-13,7.534489457037761e-16,3.003105421469521e-12,0.0,2.2985188387787998e-14,0.7461299571409313,1.8915670954041283e-11,0.00020066565850647802,500000.0,395221.9117208936
7.84035961049779e-05,0.0001324800555565099,18.148842267630016,364.104281949956,0.0,0.029498704736151175,95.07293797509332,1.3666118504457393e-15,0.0,9.425892431931621e-05,31.695848840845184,4.366284612142019e-13,7.430310009148194e-16,2.958166694466669e-12,0.0,2.640724131154139e-14,0.7351113821080546,1.7004687150864303e-11,0.0002006143972248851,500000.0,386872.46986088477
7.843952390264516e-05,0.00013312879578418357,17.964992014018076,361.8098850917107,0.0,0.029069557590972267,93.68982088675115,1.2478429514142888e-15,0.0,9.288764946651095e-05,31.23473896968287,4.2744167477321706e-13,7.329826767068197e-16,2.9145739569286648e-12,5.057724934591771e-19,2.3470849603740528e-14,0.7244170127477488,1.5304629074796303e-11,0.00020056426383372215,500000.0,378823.70167525765
7.84754517003124e-05,0.00013377096088156687,17.782822139594128,359.5664785865554,0.0,0.028652919318461527,92.34701875191577,1.1405481712752671e-15,0.0,9.155634439105063e-05,30.78706948126569,4.1861972555554193e-13,7.23284742332085e-16,2.8722738840699587e-12,0.0,9.936509092459803e-15,0.714034361757368,1.3790492434814088e-11,0.00020051522394051065,500000.0,371061.80079398816
7.851137949797967e-05,0.0001344066110980493,17.602325466640586,357.37261488350356,0.0,0.02824831251262724,91.04299299000289,1.0435188256849122e-15,0.0,9.0263483685743e-05,30.352327436590773,4.1014318619131887e-13,7.139191840070344e-16,2.831215781661989e-12,1.3295852103539836e-14,2.793699084831899e-14,0.703951532711574,1.2440421687531615e-11,0.0002004672444786249,500000.0,363573.7232043137
7.854730729564693e-05,0.00013503580639061635,17.423492933970486,355.226898625712,0.0,0.02785528219720609,89.77627729989395,9.556830152645856e-16,0.0,8.900761360386333e-05,29.93002399351315,4.0199390217726046e-13,7.048691176942116e-16,2.79135143430593e-12,6.642899390410262e-15,2.5001008147212147e-14,0.6941571880556267,1.1235292212161933e-11,0.0002004202936504545,500000.0,356347.1391339127
7.858323509331419e-05,0.00013565860636015632,17.246313814299203,353.12798451523065,0.0,0.027473394617079133,88.54547376423052,8.760891922716662e-16,0.0,8.77873481970255e-05,29.519693107977556,3.9415489524827303e-13,6.961187079239899e-16,2.7526349635594033e-12,8.530018729273676e-14,1.318658482248431e-13,0.6846405189830147,1.015835053173143e-11,0.00020037434087299922,500000.0,349370.3882754772
7.861916289098145e-05,0.00013627507019514857,17.07077590803183,351.0745753256699,0.0,0.027102236097084013,87.34924918294782,8.03891803966876e-16,0.0,8.660136567920334e-05,29.120890311675108,3.866102749000046e-13,6.87653093286978e-16,2.7150226952219505e-12,0.0,0.0,0.6753912170882177,9.194904219840383e-12,0.00020032935672585818,500000.0,342632.4381743551
7.865509068864871e-05,0.000136885256622157,16.89686572998448,349.0654197255532,0.0,0.026741411981507028,86.18633162193103,7.383387363397967e-16,0.0,8.544840500875128e-05,28.73319156141853,3.793451573623717e-13,6.794583194170368e-16,2.678473035125878e-12,1.2034707399596627e-12,1.2746510932130904e-12,0.6663994476733405,8.332054155945266e-12,0.00020028531290136148,500000.0,336122.8452191762
7.869101848631598e-05,0.00013748922386231077,16.724568654939198,347.0993107447454,0.0,0.026390545601863984,85.0555071640587,6.787603242188733e-16,0.0,8.43272626613643e-05,28.356192155990215,3.723455913142884e-13,6.715212762650497e-16,2.642946352845105e-12,1.1087229299422592e-17,5.43904661603321e-15,0.6576558246430699,7.558463650482553e-12,0.00020024218215720598,500000.0,329831.718844558
7.872694628398324e-05,0.00013808702959313462,16.553869067446087,345.17508385515157,0.0,0.026049277364078614,83.95561685037542,6.245597217234686e-16,0.0,8.323678959944769e-05,27.989505716376378,3.6559848976020555e-13,6.638296392121054e-16,2.6084048727723393e-12,0.0,2.699440518968319e-15,0.6491513868289389,6.864158220286634e-12,0.00020019993827096795,500000.0,323749.6877349139
7.876287408165049e-05,0.00013867873091539404,16.384750498672176,343.2916151165052,0.0,0.025717263818249354,82.88555379939855,5.752044607942945e-16,0.0,8.217588841843492e-05,27.632763225388356,3.590915674853784e-13,6.563718155292503e-16,2.574812572041726e-12,0.0,0.0,0.6408775757399513,6.240352639665991e-12,0.0002001585559966415,500000.0,317867.8683090948
7.879880187931775e-05,0.0001392643843245601,16.217195743772212,341.44781953994664,0.0,0.025394176836265336,81.84426049349246,5.30219043824149e-16,0.0,8.11435106560627e-05,27.285612122981732,3.5281328359052154e-13,6.491368956248901e-16,2.5421350848191697e-12,1.4399929330431607e-14,5.616033985647159e-15,0.6328262145673362,5.679301018210014e-12,0.00020011801102322243,500000.0,312177.83546104725
7.883472967698501e-05,0.00013984404568630692,16.051186964466094,339.6426496058776,0.0,0.025079702814594127,80.8307262223302,4.891784360375058e-16,0.0,8.013865425625028e-05,26.947715453945857,3.4675278866138865e-13,6.421146074594848e-16,2.510339612530419e-12,7.964930797837394e-15,2.9840919039173846e-15,0.6249894884197442,5.1741666382178426e-12,0.00020007827993521335,500000.0,306671.59533564764
7.887065747465227e-05,0.0001404177702155191,15.886705784102626,337.8750937833493,0.0,0.024773541926314025,79.84398467400645,4.517023428859657e-16,0.0,7.91603611804385e-05,26.618751064818127,3.4089987617348184e-13,6.352952737995969e-16,2.4793948396272488e-12,0.0,1.430031338043063e-15,0.6173599256978313,4.7189089820004525e-12,0.00020003934017488978,500000.0,301341.5598575813
7.894342102290082e-05,0.00014156175423315814,15.558188722442617,334.40656282249176,0.0,0.024177784611339043,77.92388777635234,3.8536078025026545e-16,0.0,7.725670413680552e-05,25.978620420615094,3.296431603743483e-13,6.220690759342162e-16,2.4192078359457108e-12,0.0,1.2561399048389175e-15,0.6025135865138281,3.928371943031159e-12,0.0001999628123040485,500000.0,291057.35120871686
7.901618457114937e-05,0.0001426820544902992,15.235699168188072,331.08063376939646,0.0,0.023612732244754155,76.10275116533762,3.2987131018625157e-16,0.0,7.545116008495238e-05,25.371481607262076,3.1912601392755394e-13,6.095690213039075e-16,2.362156672692352e-12,0.0,6.111286264883153e-16,0.5884324159945011,3.2839989589733917e-12,0.00019988927105662774,500000.0,281411.2343167438
7.906787256617969e-05,0.00014346371652951135,15.010188323254738,328.8007007458331,0.0,0.023228869218131193,74.86557896255943,2.959641514197597e-16,0.0,7.422458054047805e-05,24.95902750659052,3.1206845216674016e-13,6.010964556981936e-16,2.3234178673021e-12,0.0,3.7663944263970272e-16,0.5788665038922824,2.898790486875088e-12,0.00019983875735817347,500000.0,274918.9984547836
7.911956056121003e-05,0.0001442337975253715,14.787576293297766,326.58665209452107,0.0,0.022858787103139107,73.672821896831,2.6596767022816824e-16,0.0,7.304203584957659e-05,24.56138072649443,3.0533012157172874e-13,5.929389151746065e-16,2.286083597924526e-12,0.0,5.008086717011766e-16,0.5696440130997149,2.5640223156002224e-12,0.0001997896169654836,500000.0,268706.8989521292
7.917124855624035e-05,0.00014499244577410102,14.56780303253797,324.4361694177959,0.0,0.022501846985871096,72.52242079195993,2.393863427213177e-16,0.0,7.190148446814353e-05,24.177854769440376,2.9889160581820306e-13,5.85077894898415e-16,2.2500877120121384e-12,2.9776968068452923e-16,4.515612748147845e-16,0.5607490219048039,2.2725088073606926e-12,0.0001997417991381429,500000.0,262759.5852752477
7.922293655127068e-05,0.00014573980646085424,14.350808476819761,322.3470417106938,0.0,0.0221574473620347,71.41243704057149,2.157924380397392e-16,0.0,7.08010043877827e-05,23.807803333676357,2.927349725028792e-13,5.774963069876777e-16,2.215368014484351e-12,0.0,0.0,0.5521665408435584,2.0181660477851583e-12,0.0001996952556551317,500000.0,257062.73722049224
7.9274624546301e-05,0.00014647602165957277,14.136532756220783,320.31715936808746,0.0,0.021825021574846313,70.34104434751504,1.9481569709701863e-16,0.0,6.973878494970089e-05,23.450617560611008,2.868436384904611e-13,5.701783564878169e-16,2.1818659881596503e-12,2.1010039789575366e-15,1.1970227895072627e-15,0.5438824488594336,1.7958308660984602e-12,0.00019964994066742973,500000.0,251602.98468184928
7.932631254133134e-05,0.0001472012303561536,13.92491634362097,318.34450873792883,0.0,0.02150403544644596,69.30652109376149,1.7613557055329096e-16,0.0,6.871311927492557e-05,23.105723489054974,2.8120225099862267e-13,5.631094311647755e-16,2.149526536842325e-12,8.402569668494635e-15,2.9445007501158126e-15,0.5358834342598604,1.6011067643832222e-12,0.0001996058105668641,500000.0,246367.83452409014
7.937800053636166e-05,0.00014791556847606484,13.715900182738302,316.42716700923233,0.0,0.021193985092889712,68.30724329322427,1.594744650008154e-16,0.0,6.772239728193333e-05,22.772579707133797,2.757965804654432e-13,5.562760021295841e-16,2.1182977490165084e-12,1.2179998510064603e-14,0.0,0.528156940257568,1.430246275175305e-12,0.00019956282386243807,500000.0,241345.60382270793
7.942968853139198e-05,0.00014861916890999144,13.509425812570926,314.56329733343387,0.0,0.02089439490905312,67.3416780991383,1.4459146907582779e-16,0.0,6.67650992483713e-05,22.45067518741497,2.7061342310011083e-13,5.496655329079188e-16,2.088130680262564e-12,4.603219839497464e-21,1.1210340819905137e-16,0.5206911147615173,1.280049722963706e-12,0.00019952094106075074,500000.0,236525.35882502014
7.948137652642231e-05,0.0001493121615433848,13.305435478301836,312.751144162294,0.0,0.020604815706654164,66.4083778040026,1.3127690102935864e-16,0.0,6.583978986207037e-05,22.139527286581448,2.6564051276660253e-13,5.432663963215747e-16,2.058979152713764e-12,0.0,5.127814423953994e-16,0.5134747639841583,1.1477786735695034e-12,0.00019948012455285236,500000.0,231896.85905726822
7.953306452145263e-05,0.00014999467329456078,13.103872216575331,310.9890289163053,0.0,0.02032482299043577,65.5059742845253,1.193479006468944e-16,0.0,6.494511271353948e-05,21.83867989346217,2.6086644185487453e-13,5.370677992572293e-16,2.030799570071256e-12,6.847754907241459e-16,0.0,0.5064973094893895,1.0310855637365587e-12,0.00019944033850968914,500000.0,227450.50616586528
7.958475251648297e-05,0.00015066682815920176,12.904679918777354,309.2753459845168,0.0,0.020054015362000282,64.63317385665115,1.0864483517614956e-16,0.0,6.407978519517465e-05,21.54770171377765,2.562805900968227e-13,5.310597147540444e-16,2.0035507468502217e-12,0.0,7.062719809298205e-17,0.49974874841108957,9.279545588033784e-13,0.00019940154878532118,500000.0,223177.29707251844
7.963644051151329e-05,0.00015132874725707433,12.707803383031958,307.6085589474162,0.0,0.019792013041643956,63.7887525114617,9.902818746249394e-17,0.0,6.324259377801565e-05,21.2661846818627,2.5187306011547944e-13,5.252328202740334e-16,1.9771937506403878e-12,0.0,3.82469923834088e-17,0.4932196166166907,8.366513238538751e-13,0.0001993637228259786,500000.0,219068.78099531715
7.968812850654361e-05,0.00015198054887957796,12.513188358809119,305.98719699347293,0.0,0.01953845649889202,62.97155150173012,9.037580027592412e-17,0.0,6.243238963605316e-05,20.99374248929202,2.47634618872611e-13,5.195784412430402e-16,1.9516917562616308e-12,1.2294544074056647e-15,0.0,0.48690095458210797,7.556811100699448e-13,0.00019932682958409556,500000.0,215117.0199751609
7.973981650157394e-05,0.00015262234853905668,12.320781581989307,304.4098515634816,0.0,0.019293005182429965,62.18047324881619,8.258050309087871e-17,0.0,6.164808458811181e-05,20.730009220302158,2.435566445170114e-13,5.140884994309392e-16,1.9270099108008675e-12,0.0,2.0982379589515336e-15,0.4807842757435603,6.837535035810839e-13,0.00019929083943749559,500000.0,211314.55261676843
7.979150449660426e-05,0.00015325425902041855,12.13053080061886,302.8751731672701,0.0,0.01905533634112911,61.414477542894105,7.554812141487732e-17,0.0,6.088864733062219e-05,20.47463808500618,2.3963107818061596e-13,5.087554659367585e-16,1.9031152086204762e-12,0.0,2.3382025294460778e-17,0.47486153711743245,6.197525413746098e-13,0.00019925572411380582,500000.0,207654.36072232938
7.98431924916346e-05,0.0001538763904343025,11.942384791583724,301.38186842251423,0.0,0.018825143928949715,60.67257801353402,6.919579382228493e-17,0.0,6.015309993844223e-05,20.227300242740085,2.3585038019940254e-13,5.03572318344223e-16,1.879976375517463e-12,2.986552047564242e-16,0.0,0.46912511201051843,5.627114928842211e-13,0.00019922145661970298,500000.0,204129.83860392438
7.989488048666492e-05,0.00015448885027075418,11.756293371043867,299.928697277339,0.0,0.01860213758731913,59.953838850019764,6.345051415875868e-17,0.0,5.944051461325912e-05,19.987683708667365,2.322074902501355e-13,4.98532501521412e-16,1.8575637612845617e-12,0.0,1.4673819180295066e-15,0.4635677646612709,5.117915278686929e-13,0.00019918801117441067,500000.0,200734.76482320394
7.994656848169524e-05,0.00015509174345300917,11.572207400805963,298.51447035645464,0.0,0.018386041698946448,59.257371751856695,5.82478589628577e-17,0.0,5.875001066020413e-05,19.75549233712546,2.2869579099111034e-13,4.936298916917468e-16,1.8358492399871767e-12,3.593321512895513e-16,0.0,0.45818262666088616,4.662635940467007e-13,0.00019915536314707698,500000.0,197463.2761135643
7.999825647672557e-05,0.00015568517239143693,11.390078789684669,297.1380464809778,0.0,0.018176594507364773,58.58233309113298,5.353088835972245e-17,0.0,5.808075167450077e-05,19.530444875600818,2.253090748793116e-13,4.888587635154017e-16,1.8148061173311942e-12,0.0,1.2266505674578412e-16,0.45296317501245054,4.2549302225428085e-13,0.00019912348899788572,500000.0,194309.84333364735
8.00499444717559e-05,0.00015626923703760304,11.209860490727072,295.7983303232241,0.0,0.017973547297044486,57.92792127012159,4.92492046852011e-17,0.0,5.7431942921692765e-05,19.312274083794243,2.2204151386916516e-13,4.842137599470992e-16,1.794409044554938e-12,3.096808210475614e-16,0.0,0.44790321169972847,3.889264282499985e-13,0.00019909236622272153,500000.0,191269.2492580182
8.010163246678623e-05,0.00015684403493816838,11.03150649464638,294.49427020581635,0.0,0.017776663629470064,57.293374259221764,4.535814213166536e-17,0.0,5.6802828896668584e-05,19.100725912808585,2.1888763170977702e-13,4.796898645948519e-16,1.7746339383301118e-12,2.6488474433325827e-16,6.160864113199604e-18,0.44299684465032946,3.560805426962152e-13,0.00019906197330114402,500000.0,188336.56806046076
8.015332046181655e-05,0.00015740966128832917,10.854971820502994,293.224856022128,0.0,0.01758571863096045,56.677967301634624,4.181806221882957e-17,0.0,5.6192691047990424e-05,18.895558739923064,2.1584227858097654e-13,4.752823763307229e-16,1.7554579062008858e-12,0.0,5.856000768272647e-18,0.43823846998807836,3.265326712019346e-13,0.00019903228964740562,500000.0,185507.14633814862
8.020500845684689e-05,0.0001579662089846551,10.680212504255325,291.98911726342027,0.0,0.01740049832830435,56.081010772163005,3.8593739379028707e-17,0.0,5.560084565502648e-05,18.69654265475021,2.1290060784294877e-13,4.7098688596170995e-16,1.7368591771297868e-12,4.1401902060879025e-17,0.0,0.4336227554770866,2.999125357840245e-13,0.00019900329556430153,500000.0,182776.58554334159
8.02566964518772e-05,0.00015851376867727737,10.507185585167637,290.7861211613492,0.0,0.017220799028601883,55.50184817849613,3.5653826919298397e-17,0.0,5.502664184634755e-05,18.503458792895035,2.1005805470418829e-13,4.667992547913753e-16,1.7188170367560836e-12,2.548335114997161e-17,2.4068891241434824e-17,0.42914462506753104,2.758952854157819e-13,0.00019897497219969101,500000.0,180140.72571536328
8.030838444690753e-05,0.00015905242882136315,10.335849090563114,289.6149709271872,0.0,0.01704642674002073,54.939854294336534,3.297039367887208e-17,0.0,5.4469459748838646e-05,18.316098713568408,2.0731031663210964e-13,4.627155949074295e-16,1.7013117670066564e-12,8.110526989776492e-16,0.0,0.4247992444608451,2.541954982731046e-13,0.00019894730150552705,500000.0,177595.6303984963
8.036007244193786e-05,0.00015958227572776163,10.166162018460545,288.47480412695705,0.0,0.01687719663043816,54.39443341466807,3.0518520905928143e-17,0.0,5.392870875790374e-05,18.13426381792035,2.0465333534539188e-13,4.587322510326547e-16,1.684324589730629e-12,0.0,5.055981602811543e-18,0.4205820076193187,2.3456202724011084e-13,0.00019892026619924345,500000.0,175137.5726768442
8.041176043696818e-05,0.00016010339361273516,9.998084320060562,287.3647910921606,0.0,0.01671293252123678,53.86501772423723,2.827594977368404e-17,0.0,5.340382591991789e-05,17.957764805116888,2.0208328024234175e-13,4.548457837941181e-16,1.6678376140558568e-12,0.0,2.416836970641462e-18,0.4164885241510598,2.167735651663539e-13,0.00019889384972731348,500000.0,172763.02217933867
8.04937591020034e-05,0.00016091239603710844,9.734649295132689,285.6637637612463,0.0,0.016462120141381046,53.05666092296867,2.509964157597643e-17,0.0,5.260239026240989e-05,17.688271135028167,1.9817563631428243e-13,4.488711025462654e-16,1.6426670704329386e-12,2.067746104033794e-17,1.6222879503743387e-18,0.4102382462272002,1.9186812471226282e-13,0.00019885317313712104,500000.0,169159.17430802938
8.057575776703863e-05,0.00016169995398164507,9.475014984311747,284.0335898517056,0.0,0.01622275400155839,52.285194824600794,2.233158411949958e-17,0.0,5.18375294499314e-05,17.43107625540106,1.944642769813993e-13,4.431201514374662e-16,1.6186486674514472e-12,5.397319606752677e-17,9.807375713353413e-19,0.40427321009951034,1.7045502923774667e-13,0.0001988139543343987,500000.0,165744.6452262508
8.065775643207385e-05,0.00016246637308212354,9.219035507943213,282.47141014444935,0.0,0.015994247618766097,51.54872922216311,1.9913596861402533e-17,0.0,5.1107369459448736e-05,17.18555000043138,1.909368908697109e-13,4.3758199426958406e-16,1.5957229420038846e-12,5.793349294359342e-17,9.84200666792882e-19,0.39857880054005873,1.519844204982041e-13,0.00019877613726616028,500000.0,162507.95121221614
8.073975509710907e-05,0.00016321194723531988,8.966570370556516,280.9745295658659,0.0,0.015776055752830392,50.84550683226601,1.7796557341799213e-17,0.0,5.0410168053417394e-05,16.951106518983416,1.8758218395390756e-13,4.3224663455630527e-16,1.5738346446112465e-12,4.615558957946363e-17,8.639036609688449e-19,0.3931414300964239,1.3600135234848647e-13,0.00019873966949470994,500000.0,159438.51285705902
8.08217537621443e-05,0.00016393695903003537,8.717484249858733,279.5404062663292,0.0,0.015567671060547917,50.17389251158678,1.5938908154183853e-17,0.0,4.974430408859639e-05,16.727200679532956,1.8438978019747528e-13,4.271049158937275e-16,1.552932393894208e-12,7.608267267034981e-25,7.031065163055877e-19,0.38794845571272174,1.2212810281829264e-13,0.00019870450194776107,500000.0,156526.57313030906
8.090375242717952e-05,0.00016464168016276342,8.471646788275452,278.1666413892089,0.0,0.01536862106678642,49.53236349488974,1.4305394667434998e-17,0.0,4.910826783765169e-05,16.513324815674007,1.813501331292667e-13,4.221484336268534e-16,1.532968364125707e-12,0.0,5.898714390004054e-19,0.3829881032492148,1.1005003332415333e-13,0.00019867058868558443,500000.0,153763.12387808668
8.098575109221473e-05,0.00016532637183742097,8.228932386970762,276.8509695717976,0.0,0.015178465419162646,48.919500547000176,1.2866009673982468e-17,0.0,4.850065221688753e-05,16.30900577632357,1.7845444713504294e-13,4.173694567408398e-16,1.5138980023664425e-12,2.3041169186306184e-17,4.268759663033491e-19,0.37824939906868266,9.950423728150391e-14,0.00019863788668537857,500000.0,151139.8398413898
8.106774975724997e-05,0.00016599128514766667,7.989220001857862,275.5912502740524,0.0,0.014996793397099388,48.333979934626655,1.1595138666413303e-17,0.0,4.792014482680538e-05,16.113802249251226,1.756946075497798e-13,4.1276085903389844e-16,1.4956797721612923e-12,0.0,3.0622646817888795e-19,0.37372210796192606,9.027034548721835e-14,0.0001986063556447727,500000.0,148649.01942764674
8.114974842228518e-05,0.00016663666144181515,7.752392943371061,274.3854598368848,0.0,0.014823221649066886,47.77456613360615,1.0470869400587708e-17,0.0,4.736552072178921e-05,15.927302329787329,1.7306311848145471e-13,4.083160583653922e-16,1.4782749210223101e-12,0.0,4.047838540015432e-19,0.36939667675961574,8.21630772119811e-14,0.00019857595780307962,500000.0,146283.53145679578
8.12317470873204e-05,0.0001672627326714843,7.518338681804804,273.23168412447404,0.0,0.014657392134535699,47.240105195923114,9.474418595320755e-18,0.0,4.683563583391625e-05,15.749121309489606,1.7055304727250363e-13,4.0402896283010685e-16,1.4616472691782901e-12,2.1049935666700798e-16,4.448312311537408e-19,0.36526418304556624,7.5026191619654e-14,0.00019854665777702154,500000.0,144036.7671686434
8.131374575235563e-05,0.0001678697217248667,7.286948657573413,272.12811176410776,0.0,0.014498970249904876,46.72951870967671,8.589646769716257e-18,0.0,4.632942098463855e-05,15.578899662489569,1.6815797472479892e-13,3.998939229737819e-16,1.4457630173882285e-12,4.315062407563793e-24,2.0492705179754335e-19,0.3613162884547318,6.872755312404816e-14,0.000198518422408751,500000.0,141902.59694538813
8.139574441739085e-05,0.00016845784274494696,7.058118098834411,271.07302779408866,0.0,0.014347643120156572,46.24179829315538,7.80265070868572e-18,0.0,4.58458764259996e-05,15.416301209902002,1.6587195044651978e-13,3.9590568944172934e-16,1.4305905719114447e-12,2.84174913067368e-18,1.708613403396301e-19,0.3575451961009586,6.315509357122362e-14,0.00019849122062550503,500000.0,139875.33116479652
8.147774308242607e-05,0.0001690273014328942,6.8317458451447095,270.06480778999673,0.0,0.014203118040017244,45.776000570789705,7.10142583912085e-18,0.0,4.538406685960325e-05,15.261011444885279,1.6368945277706768e-13,3.920593754845666e-16,1.4161003849476345e-12,6.88629869197567e-18,1.450451599573911e-19,0.3539436117306618,5.821350190449263e-14,0.0001984650233105489,500000.0,137949.6847977892
8.15597417474613e-05,0.00016957829533709935,6.607734176865848,269.10191246010044,0.0,0.014065121050154596,45.331242584297975,6.4755860546596e-18,0.0,4.494311688704892e-05,15.11273600278816,1.6160535276568994e-13,3.883504237061483e-16,1.4022648090292783e-12,8.978627381681615e-18,1.2341876123668635e-19,0.35050470824144403,5.38214994956837e-14,0.00019843980318448595,500000.0,136120.74536926887
8.164174041249652e-05,0.00017011101412848113,6.3859886508867145,268.18288263484146,0.0,0.013933395635450683,44.90669759728512,5.916127908204334e-18,0.0,4.452220685045123e-05,14.971199262467904,1.5961488171865315e-13,3.8477457650123933e-16,1.3890579640054521e-12,7.272211129956779e-18,1.0482554293713117e-19,0.3472220932429264,4.990959157545929e-14,0.00019841553469573592,500000.0,134383.9439111488
8.172373907753174e-05,0.000170625639862653,6.166417943039159,267.30633458642495,0.0,0.01380770153380082,44.501591256059186,5.415230423523191e-18,0.0,4.4120569026127654e-05,14.836143066365802,1.5771360190452707e-13,3.8132784976272505e-16,1.3764556154085529e-12,9.402195251529184e-18,9.102631238570029e-20,0.34408977937188223,4.641820668421337e-14,0.00019839219391925292,500000.0,132735.02858276988
8.180573774256695e-05,0.00017112234722945846,5.948933696971315,266.4709556577824,0.0,0.013687813645130584,44.11519807344574,4.9660856362223094e-18,0.0,4.373748413851843e-05,14.70732554826517,1.5589738007764016e-13,3.7800650951866226e-16,1.3644350631323113e-12,1.8014868184865142e-17,7.914622551028663e-20,0.3411021571048146,4.3296152529556445e-14,0.0001983697584628925,500000.0,131170.04069048652
8.188773640760219e-05,0.0001716013037903481,5.733450379024442,265.67550019621837,0.0,0.013573521031413124,43.74683820589144,4.562755801015538e-18,0.0,4.337227816488471e-05,14.584520058827513,1.5416236352299222e-13,3.748070511748525e-16,1.3529750394644632e-12,1.0823063648850156e-17,6.194414970257026e-20,0.3382539698382703,4.049933108016987e-14,0.00019834820738091896,500000.0,129685.29287535568
8.19697350726374e-05,0.0001720626702040783,5.519885138875234,264.9187857716333,0.0,0.013464625999424487,43.39587449722825,4.200052747462119e-18,0.0,4.302431940438385e-05,14.467514180029166,1.5250495835292585e-13,3.717261810354259e-16,1.3420556156155565e-12,0.0,4.320469901939541e-20,0.33554029103099303,3.7989666621887515e-14,0.00019832752109407673,500000.0,128277.34925556603
8.199725968547262e-05,0.0001722136215687041,5.448613275122738,264.6732653940846,0.0,0.013429250354286881,43.28186041053141,4.086601020610073e-18,0.0,4.291128150528657e-05,14.429503644808392,1.5196542101860305e-13,3.707180588303669e-16,1.3385081703359022e-12,1.8472521847427094e-20,5.537961640552323e-20,0.334658725207624,3.720573138728497e-14,0.00019832076793366507,500000.0,127821.394813758
8.202478429830783e-05,0.00017236261401828694,5.377545489821825,264.43194435584695,0.0,0.013394455200888387,43.16971722214881,3.977053648524997e-18,0.0,4.280009848588879e-05,14.392116838184045,1.5143412757851498e-13,3.6972283506320374e-16,1.3350188472086595e-12,0.0,5.3058855290402594e-20,0.33379162531614665,3.644927865583957e-14,0.00019831410948347044,500000.0,127373.61719189062
8.202702848475114e-05,0.00017237467574083198,5.371759970991996,264.41245343266144,0.0,0.013391643612138574,43.160655600168326,3.96828934302304e-18,0.0,4.279111444943537e-05,14.389095833399239,1.5139116904035205e-13,3.6964225596372584e-16,1.3347368917280623e-12,2.0263253519301485e-22,5.2852500261365646e-20,0.3337215601472388,3.638878099487406e-14,0.00019831357075069544,500000.0,127337.46570539002
8.202927267119444e-05,0.00017238672448109405,5.365975788683957,264.39299216535284,0.0,0.013388835835131311,43.15160626325968,3.959549911158203e-18,0.0,4.2782142592869124e-05,14.386078924267604,1.5134826445324635e-13,3.695617617652096e-16,1.33445531787008e-12,0.0,5.266640443517988e-20,0.33365158996746597,3.632846046381293e-14,0.0001983130326428847,500000.0,127301.36874330159
8.203151685763776e-05,0.0001723987602420707,5.3601929412919755,264.3735604685677,0.0,0.013386031866356509,43.14256920011002,3.950835273781012e-18,0.0,4.2773182904974036e-05,14.383066107017608,1.5130541375363192e-13,3.6948135236072044e-16,1.3341741252809212e-12,7.706995398847343e-22,5.2480935454324157e-20,0.3335817146893562,3.626831782066646e-14,0.0001983124951596893,500000.0,127265.32621399725
8.203493137714222e-05,0.00017241704770744955,5.351396922292156,264.344051861275,0.0,0.013381772937718594,43.12884286784941,3.937623376293578e-18,0.0,4.275957409744857e-05,14.378489959885624,1.5124031983368186e-13,3.693591722327844e-16,1.3337470225938844e-12,0.0,5.221907243450786e-20,0.33347558161622703,3.6177152203168304e-14,0.00019831167857881015,500000.0,127210.59192568675
8.20383458966467e-05,0.00017243530514391168,5.342603984338125,264.3146114954791,0.0,0.013377522804519117,43.11514488288447,3.924468417622013e-18,0.0,4.274599339450948e-05,14.373923263304109,1.511753502907014e-13,3.6923718778650203e-16,1.3333208004660035e-12,0.0,5.1937503975462753e-20,0.33336966772660204,3.6086396898149196e-14,0.00019831086344185408,500000.0,127155.9832505226
8.204176041615116e-05,0.00017245353256196803,5.333814121901319,264.28523929068086,0.0,0.013373281454477566,43.10147520563568,3.911370122638319e-18,0.0,4.273244075691611e-05,14.369366004077856,1.5111050490238025e-13,3.691153986606384e-16,1.3328954576595102e-12,0.0,5.165387008846068e-20,0.3332639727144492,3.59960498493047e-14,0.00019831004974760145,500000.0,127101.49997340221
8.204517493565563e-05,0.00017247172997211064,5.3250273294724035,264.25593519241244,0.0,0.013369048875346547,43.08783379663025,3.898328217684528e-18,0.0,4.271891614553366e-05,14.364818169047258,1.5104578344705026e-13,3.689938045013083e-16,1.332470992939985e-12,0.0,5.1397062593126355e-20,0.3331584962745619,3.590610910727033e-14,0.00019830923749483638,500000.0,127047.1418923073
8.205430768543961e-05,0.00017252025484803293,5.301540509162202,264.1778902213493,0.0,0.013357771086631115,43.051485999273915,3.863720322726168e-18,0.0,4.268287955769609e-05,14.352700374907627,1.5087328156571053e-13,3.6866953438473037e-16,1.331339991066883e-12,4.3473040671356415e-26,5.0659458725712327e-20,0.3328774522664712,3.566752847125957e-14,0.00019830707205258343,500000.0,126902.36501790599
8.206344043522359e-05,0.0001725685653244123,5.278075506879768,264.1003306964753,0.0,0.01334655572446575,43.01533939983236,3.8295087387735505e-18,0.0,4.2647042445118526e-05,14.34064965704469,1.5070166050371443e-13,3.683466499780181e-16,1.3302152387210012e-12,2.8223190408511823e-24,4.995394513348104e-20,0.33259796393637203,3.5431803942590014e-14,0.00019830491689087969,500000.0,126758.4783407676
8.207257318500758e-05,0.0001726166616000277,5.254632217897537,264.02325550800157,0.0,0.013335402557964548,42.979393254170944,3.795688382850037e-18,0.0,4.261140407003762e-05,14.32866576737545,1.5053091608466212e-13,3.6802514491572636e-16,1.3290967126317978e-12,7.607667433427486e-24,4.9262368716952923e-20,0.3323200255305573,3.519889856577563e-14,0.00019830277198683297,500000.0,126615.47801877144
8.208170593479156e-05,0.00017266454387270355,5.231210537786689,263.9466634366838,0.0,0.013324311357903603,42.94364682351153,3.762254244682016e-18,0.0,4.257596370000063e-05,14.31674845960269,1.5036104416322559e-13,3.677050129910826e-16,1.3279843896964675e-12,2.96788417145144e-24,4.858381965988843e-20,0.33204363133673676,3.496877566426417e-14,0.00019830063731772867,500000.0,126473.36018395993
8.209083868457553e-05,0.00017271221233931277,5.207810362414622,263.8705531578299,0.0,0.013313281896709555,42.908099374395654,3.729201385489824e-18,0.0,4.254072060782898e-05,14.30489748920269,1.5019204062493748e-13,3.6738624815427805e-16,1.3268782469787904e-12,1.0789263160394122e-24,4.7918221105838605e-20,0.3317687756837522,3.4741399089804026e-14,0.0001982985128610294,500000.0,126332.12094448152
8.211392856602793e-05,0.00017283177788474994,5.148744068359929,263.68026778606713,0.0,0.0132856705010494,42.81910910868355,3.6473034300119944e-18,0.0,4.245249227598303e-05,14.275229509331485,1.4976860300893216e-13,3.6658638892403673e-16,1.3241090526578058e-12,0.0,4.629362253307293e-20,0.33108069599871376,3.4178545917876004e-14,0.00019829318710058963,500000.0,125978.92570906901
8.212871995491419e-05,0.00017290765558088459,5.110977285713629,263.5599752939838,0.0,0.013268187577667952,42.762762446007834,3.596068398239024e-18,0.0,4.239662805293366e-05,14.256444402435854,1.4950022165954474e-13,3.6607852891281704e-16,1.3223556198032749e-12,5.444658870326005e-25,4.52937937582227e-20,0.3306450192019695,3.38268288035363e-14,0.00019828980947871633,500000.0,125755.57849559358
8.214351134380043e-05,0.00017298297506127447,5.073265520600835,263.4409294320121,0.0,0.013250863596463474,42.706928046697605,3.545769691385191e-18,0.0,4.2341271707255375e-05,14.237830076232857,1.4923406387758263e-13,3.6557417967780414e-16,1.3206180954207863e-12,0.0,4.4324661736560435e-20,0.3302133032655773,3.3481850882201554e-14,0.00019828645834805988,500000.0,125534.48482308807
8.215830273268669e-05,0.00017305773713650275,5.035608340146876,263.32312510877665,0.0,0.013233697634757508,42.651602937002586,3.4963881761904475e-18,0.0,4.2286420290659136e-05,14.219385539320092,1.4897011300681303e-13,3.650733194291101e-16,1.3188963865231988e-12,3.4169645366863556e-25,4.338536572804105e-20,0.32978552519626775,3.314347387609082e-14,0.00019828313361767885,500000.0,125315.62912833312
8.217309412157295e-05,0.0001731319426107669,4.998005313763084,263.20655724737225,0.0,0.01321668878064194,42.5967841778848,3.44790515486973e-18,0.0,4.223207088927097e-05,14.201109811867695,1.4870835259049874e-13,3.645759271094769e-16,1.3171904012100368e-12,1.8967941194592607e-25,4.247468666842465e-20,0.3293616622691697,3.281156296707941e-14,0.0001982798351978067,500000.0,125098.99602810385
8.21878855104592e-05,0.0001732055922819107,4.960456013112426,263.0912207569654,0.0,0.013199836132862075,42.542468864641734,3.4003023546346056e-18,0.0,4.217822062325841e-05,14.183001925492725,1.4844876636876718e-13,3.6408198233695895e-16,1.3155000486556062e-12,2.7953449845044637e-25,4.159177655746935e-20,0.32894169202489654,3.248598644037044e-14,0.00019827656299984203,500000.0,124884.57030358426
8.221728010168981e-05,0.00017335030793244824,4.885992937727939,262.86565036420546,0.0,0.013166805410068106,42.436012355327904,3.308245444861206e-18,0.0,4.207267559363364e-05,14.147510969822374,1.4793928703651637e-13,3.631105335372937e-16,1.3121868988333741e-12,0.0,3.991552418463012e-20,0.328118561980135,3.185727450881614e-14,0.00019827013772670324,500000.0,124464.93994617263
8.224667469292041e-05,0.0001734928378135653,4.811737045071044,262.6448839796013,0.0,0.013134381214220248,42.331510654619215,3.2194595784317658e-18,0.0,4.196906863556006e-05,14.112671717143192,1.4743820714376068e-13,3.621524746312504e-16,1.3089344415609306e-12,0.0,3.83379103061471e-20,0.32731054666818804,3.1252102610513294e-14,0.00019826381499578484,500000.0,124053.85219155966
8.227606928415102e-05,0.00017363318797348448,4.7376850489905395,262.42888317253454,0.0,0.013102556833865714,42.228942131811436,3.1338149555110998e-18,0.0,4.1867378303535346e-05,14.078476956112537,1.4694540570569213e-13,3.6120766441918423e-16,1.3057420005067331e-12,0.0,3.6852386644743413e-20,0.32651747883876114,3.066954561337561e-14,0.00019825759415051521,500000.0,123651.19411910932
8.230546387538163e-05,0.00017377136436147646,4.663833697944104,262.217610265539,0.0,0.01307132571401876,42.128285660486426,3.0511876174555597e-18,0.0,4.1767583652025556e-05,14.044919643508962,1.4646076459598283e-13,3.602759686542729e-16,1.3026089151183554e-12,-8.173997605295107e-41,3.545293027509528e-20,0.32573919514073907,3.010872354231179e-14,0.00019825147455211915,500000.0,123256.85565014901
8.233932348470719e-05,0.00017392784312799954,4.579008863405277,261.98005669408855,0.0,0.01303607755684026,42.014682461499085,2.959594603867983e-18,0.0,4.1654953122620906e-05,14.00704609190317,1.4591247052357797e-13,3.5921883576660597e-16,1.299072641333741e-12,9.625618674933941e-41,3.394033908757722e-20,0.32486080633323233,2.948856121207239e-14,0.000198244550065303,500000.0,122812.78899061811
8.237318309403275e-05,0.0001740814541376267,4.494441122419628,261.7486719854316,0.0,0.013001598549656974,41.903558197771595,2.8716753369983875e-18,0.0,4.1544780303854395e-05,13.969998979018548,1.4537467928090558e-13,3.5817874598505196e-16,1.2956133079706498e-12,-6.04981543038281e-41,3.2526731696842683e-20,0.3240015848467712,2.889491211755705e-14,0.00019823775817223518,500000.0,122379.45941325933
8.240704270335832e-05,0.00017423220600912027,4.41012566806535,261.5234020071648,0.0,0.012967879411317744,41.794882956579684,2.7872661970802604e-18,0.0,4.143703553911422e-05,13.933768332414909,1.44847223648815e-13,3.5715551946739384e-16,1.2922299797855044e-12,-8.879278288988266e-42,3.1204894335899754e-20,0.3231612993938352,2.8326627408119605e-14,0.00019823109798067107,500000.0,121956.71194228284
8.244090231268388e-05,0.0001743801071980047,4.326057748340529,261.30419380145736,0.0,0.012934911111771738,41.68862763448383,2.7062117243553048e-18,0.0,4.133168997414426e-05,13.898344449455102,1.4432994088928647e-13,3.561489829876431e-16,1.2889217468369822e-12,-2.837223631985253e-41,2.9968223622477215e-20,0.32233972494435675,2.7782620226096924e-14,0.00019822456862687504,500000.0,121544.39609183636
8.247476192200944e-05,0.00017452516600326758,4.242232663287292,261.0909955298431,0.0,0.012902684865194355,41.584763915174406,2.6283639905991577e-18,0.0,4.122871553507887e-05,13.863717889918934,1.4382267258636088e-13,3.5515896903727255e-16,1.2856877237864164e-12,-3.0089772713912265e-43,2.8810683552384794e-20,0.32153664255441833,2.7261862691553178e-14,0.00019821816927422404,500000.0,121142.36572395804
8.252865778882804e-05,0.00017475021971697518,4.109293928404346,260.7639100188347,0.0,0.012852898505396958,41.424304753813765,2.5107195760676975e-18,0.0,4.1069630223635413e-05,13.810223284286474,1.4303550822170762e-13,3.536168011480819e-16,1.280690937760271e-12,1.7630618551812196e-25,2.711788651802313e-20,0.3202959597861734,2.6478524344884477e-14,0.00019820824929883078,500000.0,120523.30280283105
8.258255365564663e-05,0.000174968124430387,3.9769402051245857,260.4517245193218,0.0,0.012804937415356033,41.26972835342309,2.4003129819479956e-18,0.0,4.091637730501466e-05,13.758689900284804,1.4227272692619872e-13,3.5211545645787305e-16,1.2758766480311331e-12,4.409010076080559e-25,2.5591578472511488e-20,0.3191007629852193,2.5747993645996604e-14,0.00019819865353001736,500000.0,119929.39078209698
8.263644952246523e-05,0.0001751789111824243,3.8451533260359465,260.15424707282796,0.0,0.012758769790412416,41.12093220904458,2.296652578535789e-18,0.0,4.0768855151905315e-05,13.70908356434448,1.415337532202091e-13,3.506543333538866e-16,1.271241649409638e-12,5.080331703792239e-25,2.421411431008492e-20,0.31795025957521594,2.5066925283877638e-14,0.00019818937900764095,500000.0,119360.10450551768
8.269034538928382e-05,0.00017538261003915558,3.713915429008817,259.87129244315975,0.0,0.012714365226082384,40.97781832842146,2.1992839056942965e-18,0.0,4.062696661105947e-05,13.661371607360874,1.4081803571078158e-13,3.492328545241798e-16,1.266782877626215e-12,0.0,2.2970201693776523e-20,0.31684369187238043,2.4432254008407434e-14,0.00019818042293412064,500000.0,118814.94341860653
8.274424125610241e-05,0.0001755792501130496,3.583208944991919,259.602681911659,0.0,0.012671694670004547,40.840293077125125,2.107786386497592e-18,0.0,4.0490618849745646e-05,13.615522813061945,1.401250460274741e-13,3.4785046439905886e-16,1.262497404450224e-12,7.396270812848783e-25,2.1846017514332035e-20,0.3157803358879975,2.3841171232774507e-14,0.0001981717826693944,500000.0,118293.4306145585
8.285311413106387e-05,0.00017595505725539334,3.320724655807303,259.10312909057177,0.0,0.012590674838789374,40.57916986547679,1.9393044794857406e-18,0.0,4.023173137272073e-05,13.52846836811683,1.3879244574982786e-13,3.4517502186994205e-16,1.2543578147941847e-12,1.267442515672638e-23,1.989292977234789e-20,0.31376131082059916,2.2769812075844372e-14,0.00019815528213948014,500000.0,117310.24572210995
8.296198700602533e-05,0.00017630239485210415,3.060199478121462,258.6600681235021,0.0,0.012516405773693324,40.33980406446194,1.790358853741663e-18,0.0,3.9994415019572294e-05,13.448667507769509,1.3754662964491987e-13,3.4265274386060506e-16,1.2468926196884894e-12,5.433761056842149e-23,1.829770065348651e-20,0.31191051575157336,2.1847395888081402e-14,0.0001981400416710954,500000.0,116418.2556012867
8.307085988098677e-05,0.00017662146882713696,2.8014984804712064,258.27225261751016,0.0,0.012448694032994551,40.121572220278004,1.658489068386896e-18,0.0,3.977805167450373e-05,13.375912382153297,1.363840050441315e-13,3.4027972530540753e-16,1.240082309633533e-12,1.3432577821259797e-22,1.6997047284350556e-20,0.31022313008742425,2.1058308959839245e-14,0.00019812604497945296,500000.0,115614.32500704404
8.317973275594823e-05,0.00017691247063437274,2.5444906409586454,257.9385298239699,0.0,0.012387364772298558,39.9239108174555,1.5415776226530682e-18,0.0,3.958208264685997e-05,13.310015123915816,1.3530127708358177e-13,3.380523131947604e-16,1.2339092427378915e-12,1.7134395646506527e-22,1.5958963542649175e-20,0.3086947966825283,2.0389513692740095e-14,0.00019811327804080138,500000.0,114895.63603671937
8.328860563090969e-05,0.00017717557764721927,2.289048562475721,257.65783673739077,0.0,0.012332260703889404,39.74631292489492,1.4378009213635153e-18,0.0,3.9406005345881115e-05,13.250806730059542,1.3429542592929708e-13,3.3596709005694767e-16,1.2283575390877756e-12,0.0,1.5165117001398138e-20,0.3073215959060307,1.983017500808242e-14,0.00019810172899931895,500000.0,114259.66813372314
8.339747850587113e-05,0.00017741095354211904,2.0350481906465916,257.42919634854195,0.0,0.01228324116791463,39.588325202338865,1.3455853591619718e-18,0.0,3.9249370312805014e-05,13.198136063945832,1.3336368614372584e-13,3.340208531044146e-16,1.223412986409474e-12,5.510486304345415e-22,1.4443818783485487e-20,0.30610002249565305,1.9371356602369258e-14,0.00019809138807820302,500000.0,113704.18029315586
8.350635138083259e-05,0.0001776187486625338,1.7823685401889027,257.2517141572236,0.0,0.012240181308940255,39.44954524644681,1.2635687637267893e-18,0.0,3.911177858966497e-05,13.151868970517262,1.3250352806990372e-13,3.322105933130684e-16,1.2190629563721636e-12,0.0,1.450916364723011e-20,0.3050269650373369,1.9005775592828932e-14,0.00019808224749753612,500000.0,113227.1953473831
8.361522425579403e-05,0.00017779910034344048,1.5308914393539306,257.12457514668154,0.0,0.012202971353804487,39.32961926335105,1.1905690264976205e-18,0.0,3.899287941177323e-05,13.111887500363729,1.3171264122712166e-13,3.305334825036645e-16,1.215296331135048e-12,9.269867286019487e-21,1.071648171681713e-20,0.3040996879692641,1.8727605963218762e-14,0.0001980743014040126,500000.0,112826.9862869187
8.372409713075549e-05,0.00017795213319844502,1.2805012915426195,257.04704120436435,0.0,0.012171515983120728,39.22824004303986,1.125559079766102e-18,0.0,3.8892368199447493e-05,13.07808923441309,1.3098891952179065e-13,3.289868660814546e-16,1.2121034393562006e-12,0.0,3.1994248498757583e-20,0.30331581591962964,1.853232174087682e-14,0.00019806754581215541,500000.0,112502.06445477554
8.383297000571695e-05,0.00017807795938259776,1.0310848474210375,257.0184488492875,0.0,0.012145733787571686,39.14514520701867,1.0676457799315022e-18,0.0,3.880998482067551e-05,13.050386699728463,1.303304479819283e-13,3.275682534274656e-16,1.2094760007433913e-12,1.3686440656351823e-19,0.0,0.30267332015742043,1.841657581309035e-14,0.00019806197855350648,500000.0,112251.16939997484
8.39418428806784e-05,0.00017817667883670763,0.7825309841765473,257.0382071953335,0.0,0.012125556802597411,39.08011570863104,1.0160512867510786e-18,0.0,3.8745512104276366e-05,13.028706869538413,1.2973549080994455e-13,3.2627530536417656e-16,1.2074070784837054e-12,0.0,3.037748526762364e-19,0.3021705069967802,1.8378107970223987e-14,0.00019805759923195124,500000.0,112073.26024128917
8.405071575563985e-05,0.0001782483795100811,0.5347304930980733,257.1057961688678,0.0,0.01211093011770431,39.03297457387973,9.700969518937413e-19,0.0,3.8698774591502614e-05,13.01299074344614,1.2920248065566885e-13,3.251058245794838e-16,1.2058910391655423e-12,1.970015387204513e-18,0.0,0.3018060080609399,1.8415678987917876e-14,0.00019805440918573236,500000.0,111967.5084653993
8.41595886306013e-05,0.00017829313755851232,0.2875758765043054,257.2207650298957,0.0,0.012101811557354226,39.00358587294714,9.291898840555964e-19,0.0,3.866963751636656e-05,13.0031930045503,1.287300090324068e-13,3.240577504492567e-16,1.2049235198818697e-12,0.0,3.2453698242671326e-18,0.301578772329933,1.852902905316566e-14,0.00019805241145692546,500000.0,111933.29211228044
8.426846150556276e-05,0.00017831101751879426,0.04096115423825303,257.38273111931744,0.0,0.012098171430160948,38.991853911867,8.928117753261818e-19,0.0,3.8658006004232825e-05,12.999281749960808,1.2831681777043129e-13,3.2312915370319337e-16,1.2045014021751285e-12,2.635227781685948e-17,0.0,0.30148805989053823,1.8718858160573207e-14,0.00019805161076807032,500000.0,111970.19125117295
8.437733438052421e-05,0.0001783020724627048,-0.20521832593284836,257.591379041297,0.0,0.012099992343419824,38.99772263476371,8.605093435534838e-19,0.0,3.866382447917556e-05,13.001238291514689,1.2796179139393836e-13,3.2231822867729927e-16,1.2046227925113638e-12,0.0,3.1219835930460036e-17,0.30153343731434734,1.89868282365045e-14,0.0001980520135052016,500000.0,112077.98478573223
8.448620725548566e-05,0.00017826634413231079,-0.45106606129845905,257.846459450866,0.0,0.01210726908082653,39.021175229740436,8.318860252208217e-19,0.0,3.86870762732417e-05,13.009057024385248,1.2766395033276793e-13,3.216232866499779e-16,1.205287009056442e-12,3.134717105211012e-16,0.0,0.30171477461046065,1.9335583205237632e-14,0.00019805362770675364,500000.0,112256.64818877298
8.459508013044712e-05,0.0001782038630560453,-0.6966845807695278,258.14778921015034,0.0,0.012120008542282625,39.06223393488657,8.065948454988926e-19,0.0,3.8727783434118174e-05,13.022745362407957,1.274224449015282e-13,3.2104275208935814e-16,1.2064945746335364e-12,2.2579977135271857e-18,1.445503321021796e-20,0.30203224372552284,1.9768796585619397e-14,0.00019805646305862376,500000.0,112506.35291343654
8.470395300540856e-05,0.00017811464864529527,-0.9421756108713284,258.49525092834097,0.0,0.012138229745196292,39.12096004245218,7.843323859981258e-19,0.0,3.8786006729271e-05,13.04232373947214,1.27236549991828e-13,3.205751594307523e-16,1.2082472157910635e-12,0.0,1.9898932008605296e-20,0.30248631857599745,2.02912321507245e-14,0.00019806053089525607,500000.0,112827.4666054916
8.481282588037002e-05,0.00017799870927264554,-1.1876402348645454,258.8887926423563,0.0,0.012161963886900844,39.19745410003992,7.648336930873482e-19,0.0,3.886184584541508e-05,13.06782567659527,1.271056604198359e-13,3.2021914927594413e-16,1.2105478679334474e-12,0.0,2.276619348913031e-20,0.303077776603802,2.0908835532251052e-14,0.0001980658442067543,500000.0,113220.55444380076
8.492169875533148e-05,0.00017785604233297306,-1.433179052373141,259.32842802398477,0.0,0.012191254468374595,39.29185630933788,7.478679370823646e-19,0.0,3.8955439783833085e-05,13.099297914854327,1.2702928687443101e-13,3.199734649532699e-16,1.2134006865178556e-12,0.0,2.0736610874966633e-20,0.30380770185933925,2.1628849120558252e-14,0.00019807241765192485,500000.0,113686.38178567683
8.503057163029292e-05,0.0001776866342876796,-1.6788923371131916,259.81423695379186,0.0,0.012226157480125788,39.404347125220134,7.332347030010148e-19,0.0,3.906696745434618e-05,13.136800615116671,1.2700705241970112e-13,3.1983695030026244e-16,1.2168110643908207e-12,2.454203693373433e-19,2.033565550152239e-20,0.30467748963378993,2.2459956140129662e-14,0.00019808026757722473,500000.0,114225.91806986554
8.513944450525438e-05,0.00017749046069205355,-1.9248801885656177,260.3463662202756,0.0,0.012266741651725544,39.53514805998092,7.207608604809576e-19,0.0,3.919664847266226e-05,13.180407626159285,1.2703868951327585e-13,3.1980854843326976e-16,1.2207856553982849e-12,0.0,2.5315691116918996e-20,0.3056888526775141,2.3412459113664516e-14,0.00019808941204170182,500000.0,114840.34190555742
8.524831738021584e-05,0.0001772674862061997,-2.1712426775407163,260.9250303308637,0.0,0.012313088766933517,39.68452269897104,7.102979705563855e-19,0.0,3.934474416731661e-05,13.23020682326627,1.2712403750589427e-13,3.198873009998527e-16,1.225332404448184e-12,0.0,2.788587013502103e-20,0.3068438290530313,2.4498496523479485e-14,0.00019809987084805456,500000.0,115531.04738558702
8.535719025517728e-05,0.0001770176645902735,-2.4180799880364447,261.5505125758229,0.0,0.012365294046880236,39.852777935577656,7.01720173503351e-19,0.0,3.951155880407792e-05,13.286300519952032,1.2726304058948974e-13,3.200723479441935e-16,1.2304605842549237e-12,2.174501153539369e-19,3.03760191365897e-20,0.30814479168398096,2.5732304702402173e-14,0.00019811166557994384,500000.0,116299.65174186039
8.546606313013874e-05,0.00017674093868455605,-2.6654925564262126,262.2231663995507,0.0,0.012423466604422128,40.04026543559029,6.949225067742234e-19,0.0,3.969744103777637e-05,13.348805956158282,1.2745574616335312e-13,3.203629281527251e-16,1.2361808390582184e-12,0.0,4.259354612609928e-20,0.30959445967771426,2.7130533238560107e-14,0.0001981248196457091,500000.0,117148.00443755563
8.557493600510019e-05,0.0001764372403746343,-2.9135812072372795,262.94341704449005,0.0,0.012487729973493771,40.247383343279644,6.89819625458379e-19,0.0,3.990278560377496e-05,13.417855867034351,1.277023035907167e-13,3.2075838106299505e-16,1.2425052356773e-12,0.0,5.085628696890879e-20,0.3111959115168292,2.871262422105676e-14,0.00019813935832871255,500000.0,118078.19776636457
8.568380888006164e-05,0.00017610649054197204,-3.1624472846570133,263.71176343665877,0.0,0.012558222717980749,40.474578243768065,6.863449197173269e-19,0.0,4.012803526353813e-05,13.493599137161203,1.2800296332051395e-13,3.212581492415425e-16,1.249447322328963e-12,1.5241056010502197e-18,2.759268699875125e-20,0.31295260023237187,3.05012664783721e-14,0.0001981553088445653,500000.0,119092.57904586586
8.57926817550231e-05,0.00017574859900033657,-3.4121927796060207,264.5287803304366,0.0,0.012635099125360877,40.722347398604725,6.84450034073801e-19,0.0,4.037368302106608e-05,13.576201545857664,1.283580763501883e-13,3.2186178190465525e-16,1.2570221957072908e-12,2.4399763107778256e-18,1.3568439331400895e-20,0.31486837068947904,3.252294136037732e-14,0.00019817270040554195,500000.0,120193.76453031877
8.590155462998455e-05,0.00017536346441863492,-3.662920452452102,265.39512074727446,0.0,0.01271852999117417,40.991241274077936,6.841048021084824e-19,0.0,4.064027462955963e-05,13.665846610080669,1.2876809400569918e-13,3.225689394749581e-16,1.2652465769005017e-12,0.0,1.1942967085101475e-19,0.31694747913648574,3.4808578119607976e-14,0.000198191564292535,500000.0,121384.65519480933
8.6010427504946e-05,0.00017495097423068446,-3.9147339509954344,266.3115187213859,0.0,0.012808703501301632,41.28186638476086,6.852976245865526e-19,0.0,4.092841141061952e-05,13.762736532419503,1.292335680147704e-13,3.233793993181397e-16,1.274138896807993e-12,0.0,2.7590608161377515e-19,0.3191946151914432,3.739434189559318e-14,0.00019821193393494222,500000.0,122668.45455437586
8.611930037990745e-05,0.00017451100453243717,-4.167737923033857,267.278792368739,0.0,0.01290582622004487,41.594888478049036,6.880363400605464e-19,0.0,4.1238753411518e-05,13.867093262771396,1.2975515084885878e-13,3.242930627816978e-16,1.283719391816859e-12,1.4603554548428106e-17,3.227205097583563e-20,0.3216149264652115,4.032258300414973e-14,0.00019823384499893188,500000.0,124048.68870694506
8.622817325486891e-05,0.00017404341996725886,-4.4220381227471,268.29784731455754,0.0,0.013010124193103899,41.931036089010156,6.923496625132754e-19,0.0,4.1572022929611966e-05,13.979159683473547,1.3033359630786062e-13,3.2530996353034544e-16,1.2940102106017507e-12,2.1346617235497478e-17,0.0,0.32421404604783594,4.3642983316923566e-14,0.00019825733548460298,500000.0,125529.22882425223
8.633704612983037e-05,0.00017354807359999273,-4.677741509938886,269.36968049275436,0.0,0.013121844175775284,42.291104498813624,6.982892806128699e-19,0.0,4.192900843688042e-05,14.099200928982352,1.3096976031934378e-13,3.264302775888e-16,1.305035533027656e-12,0.0,1.1575229719458374e-18,0.32699812311543336,4.741394145383511e-14,0.00019828244583258115,500000.0,127114.31633500717
8.644591900479181e-05,0.00017302480678069683,-4.934956340262514,270.4953842685527,0.0,0.013241254998058578,42.6759601344089,7.059327577857127e-19,0.0,4.231056894193294e-05,14.227505852658247,1.3166460192059178e-13,3.27654334812246e-16,1.3168217022633705e-12,0.0,1.5843487576524556e-18,0.3299738569488488,5.170425564248763e-14,0.0001983092190406892,500000.0,128808.59104856072
8.655479187975327e-05,0.00017247344899908685,-5.193792245549831,271.6761509837598,0.0,0.013368649079899425,43.08654545208937,7.153874067071646e-19,0.0,4.271763883176062e-05,14.364388654870405,1.3241918438747384e-13,3.2898263214930783e-16,1.3293973713581631e-12,1.4954195122216842e-16,0.0,0.33314853469375233,5.659516665648466e-14,0.00019833770079138495,500000.0,130617.12257463683
8.658924567381749e-05,0.00017229308645836725,-5.276058680249517,272.0614905813963,0.0,0.013410677379197882,43.22200074472463,7.187784405159012e-19,0.0,4.285193435738032e-05,14.409547356928059,1.3267060799953026e-13,3.294248010196624e-16,1.3335464441893321e-12,1.3358249363417408e-16,0.0,0.3341958855960883,5.828304989372804e-14,0.0001983470777106133,500000.0,131214.1252259346
8.661040879705538e-05,0.00017218089306451258,-5.3266780809169285,272.30100066938314,0.0,0.013436909731993105,43.30654642192778,7.2096047952254975e-19,0.0,4.29357561552442e-05,14.437733579649969,1.328280847464074e-13,3.2970162108504097e-16,1.3361361800991472e-12,0.0,7.848443730325901e-19,0.33484959937562864,5.935581826795016e-14,0.00019835292536585716,500000.0,131586.85775416778
8.662162368662354e-05,0.00017212100440536967,-5.353529972872053,272.42879747039865,0.0,0.013450940532930576,43.3517670537373,7.221479266035837e-19,0.0,4.2980589608404714e-05,14.452809439729085,1.3291247777425684e-13,3.2984992805033914e-16,1.3375213579749918e-12,-1.1289570158989742e-32,7.145600737946126e-19,0.33519924883271873,5.993575604656395e-14,0.0001983560514725104,500000.0,131786.25648153882
8.662296711476988e-05,0.00017211381016107147,-5.356747831757006,272.4441472441398,0.0,0.013452627324849592,43.35720350719818,7.2229163024484115e-19,0.0,4.2985979514999224e-05,14.454621869330868,1.3292263105033255e-13,3.298677686869443e-16,1.3376878856432002e-12,8.98043222760414e-18,3.768766262229057e-19,0.33524128391549024,6.00057678529573e-14,0.00019835642721922772,500000.0,131810.23024908046
8.662431054291623e-05,0.0001721066115936269,-5.359965964801323,272.4595062490383,0.0,0.013454315412696176,43.36264413737472,7.224356474203945e-19,0.0,4.299137356254839e-05,14.456435691385131,1.3293279371886266e-13,3.2988562536556733e-16,1.3378545413970759e-12,0.0,0.0,0.33528335129295345,6.007589661906556e-14,0.00019835680323829067,500000.0,131834.22306741614
8.662565397106257e-05,0.00017209940870266757,-5.363184372223292,272.4748744772785,0.0,0.01345600479712461,43.36808894637568,7.225799784924029e-19,0.0,4.299677175314291e-05,14.4582509065949,1.3294296578222945e-13,3.2990349808035063e-16,1.3380213253006989e-12,0.0,7.083210535230889e-19,0.3353254509814135,6.014614302761165e-14,0.00019835717952979744,500000.0,131858.234943022
8.662848993440336e-05,0.00017208418927360444,-5.369979299879712,272.5073469645233,0.0,0.013459575331156066,43.37959661479165,7.2288569230190965e-19,0.0,4.300818089300386e-05,14.46208738547487,1.3296446976590595e-13,3.2994127983336093e-16,1.3383738255338468e-12,2.725992819384227e-16,5.346261474769242e-18,0.33541442917240727,6.029482100074028e-14,0.00019835797477244074,500000.0,131908.98640727985
8.663132589774417e-05,0.0001720689505726382,-5.376775453080841,272.5398605547587,0.0,0.013463151652209827,43.39112293451246,7.231928100071494e-19,0.0,4.3019608524477365e-05,14.465930082411745,1.3298601564869634e-13,3.299791329687756e-16,1.338726897728296e-12,1.1849726683340198e-15,8.746602701321346e-18,0.33550355157674594,6.044402899597353e-14,0.0001983587712305298,500000.0,131959.82293924154
8.663416186108496e-05,0.00017205369259629051,-5.383572833816649,272.5724151844798,0.0,0.013466733766468071,43.402667925469196,7.235013350952661e-19,0.0,4.303105466732388e-05,14.469779004050247,1.3300760345312033e-13,3.3001705743477503e-16,1.3390805424896992e-12,1.8929118158440763e-15,2.2737264057028837e-18,0.3355928183485394,6.05937694525573e-14,0.0001983595689049899,500000.0,132010.74460511116
8.663699782442576e-05,0.00017203841534107713,-5.390371444226073,272.60501087550176,0.0,0.01347032168012368,43.41423160763545,7.238112710725469e-19,0.0,4.304251934134593e-05,14.473634157049263,1.3302923320176517e-13,3.300550531842746e-16,1.3394347604250009e-12,2.4207760855617566e-16,0.0,0.33568222964222716,6.074404443860672e-14,0.0001983603677967514,500000.0,132061.75151267598
8.663983378776655e-05,0.00017202311880350747,-5.397171286666169,272.6376477221625,0.0,0.01347391539938431,43.42581400102775,7.24122621464165e-19,0.0,4.3054002566388465e-05,14.477495548081992,1.3305090491727293e-13,3.300931201721367e-16,1.3397895521424481e-12,0.0,2.5663660127292282e-17,0.33577178561258003,6.089485617506279e-14,0.0001983611679067513,500000.0,132112.84380515068
8.664553551641362e-05,0.00017199230661452643,-5.4108461630672995,272.7033888216004,0.0,0.013481158197707626,43.44915720986934,7.247528889585573e-19,0.0,4.307714591088266e-05,14.485277813304993,1.3309460318465305e-13,3.301698695910417e-16,1.3405046028561785e-12,4.618788432647182e-16,8.133426604335683e-19,0.33595227712655623,6.119969771327728e-14,0.00019836278022528875,500000.0,132215.82404172764
8.665123724506068e-05,0.00017196141644086033,-5.424526040944616,272.7692962836141,0.0,0.01348842453909517,43.47257629684816,7.253889171877538e-19,0.0,4.310036448384655e-05,14.493085375126785,1.3313847136490384e-13,3.3024690644612345e-16,1.3412219803146362e-12,5.566196474560244e-16,0.0,0.3361333553362023,6.150673548777982e-14,0.00019836439747939884,500000.0,132319.15061038366
8.665693897370775e-05,0.0001719304482539425,-5.4382109371648655,272.83537042862986,0.0,0.013495714474474766,43.496071426192124,7.260307356157076e-19,0.0,4.312365844810157e-05,14.500918288298417,1.3318250964379796e-13,3.3032423041284137e-16,1.3419416895081185e-12,5.319965484961167e-16,1.6029462042825777e-18,0.3363150215113553,6.181598742635104e-14,0.00019836601967669696,500000.0,132422.82446666894
8.666264070235481e-05,0.00017189940202511303,-5.451900868346151,272.9016114763352,0.0,0.013503028055005311,43.51964276283047,7.266783740811628e-19,0.0,4.3147027967164614e-05,14.508776607804748,1.3322671820788815e-13,3.3040184118133027e-16,1.3426637354481672e-12,5.09495869673007e-16,0.0,0.33649727692726805,6.212747155358452e-14,0.00019836764682481633,500000.0,132526.8465209422
8.666834243100188e-05,0.00017186827772561864,-5.465595850578097,272.96801954608895,0.0,0.013510365332083094,43.543290472396556,7.27331862795595e-19,0.0,4.317047320525089e-05,14.51666038886538,1.3327109724453196e-13,3.3047973846052985e-16,1.3433881231676583e-12,3.576985751765133e-16,3.8296787866705e-18,0.33668012286462834,6.244120587688736e-14,0.0001983692789314019,500000.0,132631.2176384536
8.668165398587758e-05,0.00017179530924047503,-5.497588627772631,273.1237104209572,0.0,0.013527587856655058,43.59879788420617,7.288804773705889e-19,0.0,4.3225505363091625e-05,14.535165702486834,1.3337537151817455e-13,3.306627153401946e-16,1.3450884608892301e-12,0.0,5.572773362162195e-18,0.3371093105081507,6.318252806128865e-14,0.00019837310867772706,500000.0,132876.25173155914
8.669496554075329e-05,0.0001717219146967574,-5.529609229637378,273.28031448475446,0.0,0.013544940484892243,43.65472461433002,7.304615438817839e-19,0.0,4.328095324904629e-05,14.553810810356646,1.3348057840930553e-13,3.3084724945039705e-16,1.3468016550848784e-12,0.0,4.857133592717842e-18,0.3375417403536477,6.393644817438925e-14,0.00019837696559062677,500000.0,133123.20462412343
8.670827709562899e-05,0.0001716480937227125,-5.5616578604165685,273.4378334423652,0.0,0.013562423884887063,43.71107281578731,7.320754707932763e-19,0.0,4.3336818997700936e-05,14.572596430258152,1.3358672035441112e-13,3.310333383781835e-16,1.3485277711716933e-12,0.0,7.741762333216852e-18,0.3379774290483992,6.470320418946343e-14,0.00019838084976886764,500000.0,133372.08765202906
8.67215886505047e-05,0.00017157384594385864,-5.593734726181395,273.5962692992656,0.0,0.013580038731329697,43.767844663022444,7.337226781982074e-19,0.0,4.3393104764882624e-05,14.591523287117536,1.3369379981448612e-13,3.312209802569041e-16,1.3502668752158976e-12,0.0,5.4309506213178194e-18,0.33841639340537133,6.548303993304646e-14,0.00019838476131195805,500000.0,133622.9124091764
8.67349002053804e-05,0.00017149917098296748,-5.625840034354628,273.7556242824072,0.0,0.013597785705584205,43.82504235211283,7.35403598182755e-19,0.0,4.344981272786574e-05,14.610592113073071,1.3380181927494327e-13,3.314101736938221e-16,1.3520190339390278e-12,2.0640723648824188e-16,0.0,0.338858650404817,6.62762054317715e-14,0.00019838870032014576,500000.0,133875.6907108185
8.674821176025612e-05,0.0001714240684600472,-5.657973992736243,273.9159006401871,0.0,0.01361566549579228,43.88266810097842,7.371186751850564e-19,0.0,4.3506945085580175e-05,14.629803647545014,1.339107812455369e-13,3.316009177102158e-16,1.3537843147241802e-12,5.979877025536318e-16,2.278304742453743e-18,0.33930421719587733,6.708295629726658e-14,0.0001983926668944036,500000.0,134130.43449730906
8.676152331513182e-05,0.00017134853799233586,-5.690136809258695,274.0771005838315,0.0,0.013633678796950315,43.94072414958582,7.38868366315617e-19,0.0,4.356450405881381e-05,14.649158637303623,1.340206882603876e-13,3.317932117108093e-16,1.355562785622114e-12,5.398022761060748e-16,1.5554832181325663e-17,0.339753111098153,6.790355339062585e-14,0.00019839666113642882,500000.0,134387.1558065377
8.678383526711299e-05,0.00017122097794552844,-5.744111299920496,274.34937078209845,0.0,0.01366417287500097,44.03900517331035,7.418800208944296e-19,0.0,4.3661943601283875e-05,14.68192401237277,1.342070337299618e-13,3.3211899831176903e-16,1.358573513221157e-12,0.0,8.482039542383307e-19,0.3405130276497919,6.931077352966479e-14,0.00019840341835709942,500000.0,134821.92377163382
8.680614721909416e-05,0.00017109221270000094,-5.798168432283235,274.6242523651981,0.0,0.013695047366950966,44.13851225373471,7.449925541939746e-19,0.0,4.3760598702967026e-05,14.715098135805567,1.3439605362932623e-13,3.3244914028455408e-16,1.3616218187990323e-12,0.0,0.0,0.341282424167594,7.075893504376163e-14,0.00019841025408397705,500000.0,135262.33963308384
8.682845917107534e-05,0.0001709622404022813,-5.852309190604172,274.9017559486638,0.0,0.013726305677626338,44.23925636445705,7.482083695036192e-19,0.0,4.3860480243505706e-05,14.748684666030123,1.3458776035699534e-13,3.3278364098421426e-16,1.3647080356938978e-12,1.430729694986416e-16,3.4680520319746237e-18,0.34206138550027687,7.224937595483031e-14,0.00019841716880953687,500000.0,135708.46241817888
8.68507711230565e-05,0.0001708310591762652,-5.906534562442398,275.18189239061564,0.0,0.013757951268743091,44.341248662437295,7.515299868113536e-19,0.0,4.396159928433404e-05,14.782687322604527,1.3478216650514064e-13,3.3312250608367747e-16,1.3678325027930402e-12,1.7872724553892916e-17,1.0048604219433204e-18,0.3428499979143267,7.378348459199208e-14,0.0001984241630323751,500000.0,136160.35224061497
8.687308307503769e-05,0.00017069866712324578,-5.960845538552107,275.46467277752595,0.0,0.013789987659794913,44.44450049084889,7.54960047650738e-19,0.0,4.406396707150518e-05,14.817109887167572,1.3497928486009456e-13,3.334657433129259e-16,1.370995564618219e-12,0.0,0.0,0.3436483491160469,7.53627006843152e-14,0.00019843123725724903,500000.0,136618.07031125142
8.689539502701885e-05,0.0001705650623221634,-6.015243111865667,275.7501083151915,0.0,0.013822418428905293,44.54902338181888,7.585013194187515e-19,0.0,4.416759503840847e-05,14.851956204352268,1.3517912840317453e-13,3.33813362209914e-16,1.374197571407855e-12,2.977521078491036e-16,4.395202980838892e-18,0.34445652827274387,7.69885170884936e-14,0.00019843839199504154,500000.0,137081.67890143272
8.691770697900004e-05,0.00017043024282972037,-6.0697282785274265,276.038210445904,0.0,0.013855247213724761,44.65482905933339,7.621567003962253e-19,0.0,4.427249480864946e-05,14.887230182754482,1.353817103113162e-13,3.341653739205989e-16,1.377438879204032e-12,7.218560938332892e-16,1.0020655690225105e-17,0.3452746260351942,7.866248253506836e-14,0.00019844562776280601,500000.0,137551.24141917762
8.69400189309812e-05,0.0001702942066803688,-6.124302037927733,276.32899085512986,0.0,0.013888477712383676,44.761929442305394,7.659292255020018e-19,0.0,4.437867819909139e-05,14.92293579595567,1.3558704395752198e-13,3.3452179104299263e-16,1.3807198499442167e-12,7.048002812117045e-16,7.150253259248132e-18,0.34610273456136464,8.03862039765646e-14,0.00019845294508382322,500000.0,138026.82243161974
8.698620017122841e-05,0.0001700087654366237,-6.237544491646232,276.9394081041333,0.0,0.013958550640593063,44.987771297123295,7.74123731979372e-19,0.0,4.4602586397949e-05,14.998227981557598,1.3602084393812413e-13,3.3527356064227336e-16,1.3876383973315277e-12,0.0,0.0,0.34784896142210125,8.411929619987465e-14,0.000198468351848119,500000.0,139030.58437102314
8.703238141147563e-05,0.00016971808546104017,-6.351179707388515,277.5614588366938,0.0,0.014030394916449794,45.219322124970915,7.828642424647353e-19,0.0,4.48321546896593e-05,15.075423450575673,1.3646661386980745e-13,3.360444042702765e-16,1.3947317932225388e-12,0.0,5.27519981587815e-19,0.34963933050819973,8.808841825328202e-14,0.0001984841150568445,500000.0,140061.01204023062
8.707856265172284e-05,0.00016942214844689653,-6.46521665622657,278.1952546231684,0.0,0.01410404591148473,45.45669592671444,7.92183852792853e-19,0.0,4.50674960990145e-05,15.154560209137601,1.369244804481329e-13,3.368344798450003e-16,1.4020034983334537e-12,1.840061734973119e-16,0.0,0.35147472328326174,9.23104810397029e-14,0.00019850023960170572,500000.0,141118.72658396696
8.712474389197005e-05,0.0001691209356427533,-6.5796643653509355,278.8409113666822,0.0,0.014179540231828247,45.700010682283214,8.02119108753197e-19,0.0,4.530872759580089e-05,15.235677589929274,1.373945739555876e-13,3.3764396510459963e-16,1.4094570935375786e-12,0.0,0.0,0.3533560519773163,9.680377208272829e-14,0.00019851673050516852,500000.0,142204.37276053827
8.717092513221727e-05,0.0001688144278555834,-6.69453191600977,279.4985492976839,0.0,0.014256915760186565,45.9493884859484,8.127103219484672e-19,0.0,4.555597022891946e-05,15.318816297294585,1.3787702827552747e-13,3.3847305516358283e-16,1.417096283904459e-12,0.0,1.647295307235877e-18,0.3552842606328036,1.0158805580811996e-13,0.00019853359292203903,500000.0,143318.61979494776
8.727218087032543e-05,0.00016812375837793673,-6.947901554785914,280.98301667288024,0.0,0.01443334513684992,46.518012332508384,8.384519804999433e-19,0.0,4.6119725523140775e-05,15.508386703662996,1.3897878503966482e-13,3.4036055690142247e-16,1.4345142849852802e-12,0.0,8.863748548352707e-19,0.35968090462652896,1.1320359420036119e-13,0.00019857189131566202,500000.0,145865.22477849812
8.737343660843359e-05,0.00016740732528656475,-7.203430514157245,282.52707024025113,0.0,0.014619445270712784,47.11780459142925,8.68114616782003e-19,0.0,4.671438236605242e-05,15.708348177224224,1.4014214257456082e-13,3.423457999844442e-16,1.4528858168443559e-12,3.9938875500604506e-17,1.1090223277469576e-18,0.36431854521902096,1.2658020941569883e-13,0.00019861205923469365,500000.0,148560.47473959965
8.744144962026176e-05,0.0001669115244566183,-7.376329464215533,283.5983970031223,0.0,0.014750111230309393,47.538935031946835,8.90569574382766e-19,0.0,4.7131907091467437e-05,15.848746560489198,1.409589440284862e-13,3.437355543555165e-16,1.4657840869277758e-12,6.120286810563311e-17,1.4090956420999232e-18,0.3675747586773126,1.367046546049615e-13,0.0001986401198797178,500000.0,150458.5039390944
8.750946263208995e-05,0.00016640392875120292,-7.55027683812381,284.69775504781575,0.0,0.014885503847594158,47.97529927648117,9.153369032407805e-19,0.0,4.7564535189203346e-05,15.994223658682188,1.418047614378175e-13,3.4517161857599853e-16,1.479148073940692e-12,0.0,8.718311519529382e-19,0.3709487610980902,1.4786813012945374e-13,0.0001986690708951697,500000.0,152430.1242466569
8.757747564391812e-05,0.0001658844658550473,-7.725302754943087,285.8256463904226,0.0,0.015025782911095645,48.42741231642991,9.426985441396696e-19,0.0,4.801277724130668e-05,16.144951161979584,1.42680116377564e-13,3.466550148872515e-16,1.4929933787530295e-12,2.1690958268669984e-16,2.0098708240959707e-18,0.37444453443506254,1.6019194460086543e-13,0.00019869893238749274,500000.0,154478.22810049335
8.764548865574631e-05,0.0001653530613886211,-7.901437480235334,286.9825973980624,0.0,0.015171116591128374,48.89581615734963,9.729804389462012e-19,0.0,4.847717061268745e-05,16.301109766661067,1.4358554714397802e-13,3.481868511419898e-16,1.5073364143842906e-12,1.9845044390514177e-16,3.184591014859856e-18,0.3780662695175261,1.738133420215571e-13,0.0001987297252140743,500000.0,156605.8740549196
8.771350166757448e-05,0.00016480963890384641,-8.078711396674136,288.1691597558035,0.0,0.015321681918355945,49.38108136134236,1.0065600747901858e-18,0.0,4.8958280980299284e-05,16.46288968931741,1.4452160845935702e-13,3.497683234437484e-16,1.5221944517080716e-12,0.0,2.0952073952058812e-18,0.38181837797621715,1.888876852542963e-13,0.00019876147101259177,500000.0,158816.29733141075
8.778151467940267e-05,0.00016425411988318442,-8.257154967677836,289.38591145048673,0.0,0.015477665295326088,49.88380869571046,1.0438755815078866e-18,0.0,4.9456703967680355e-05,16.630491216486583,1.454888710517983e-13,3.514007194562439e-16,1.5375856682269388e-12,6.846943070818372e-17,1.8852949395002465e-18,0.38570550499083917,2.0559105910436115e-13,0.00019879419223296083,500000.0,161112.9211510931
8.784952769123086e-05,0.0001636864237372728,-8.436798697616943,290.6334578962006,0.0,0.01563926304495294,50.40463090070824,1.0854363977686363e-18,0.0,4.997306689756896e-05,16.804125293994804,1.4648792114825153e-13,3.5308542379000676e-16,1.5535292003218945e-12,3.7783830348231913e-16,5.663693697198953e-18,0.3897325429584578,2.241233174542087e-13,0.00019882791217102591,500000.0,163499.36899875948
8.791754070305903e-05,0.00016310646780284032,-8.617673086945441,291.9124331300951,0.0,0.01580668199841761,50.94421458433063,1.1318358260911314e-18,0.0,5.0508030670467906e-05,16.984014158649828,1.4751935986880938e-13,3.5482392451963015e-16,1.570045199201563e-12,1.4091761180454552e-16,7.943132899014726e-18,0.39390464614415505,2.447115901714518e-13,0.00019886265500366912,500000.0,165979.47785110172
8.798555371488722e-05,0.0001625141673437334,-8.79980858017685,293.2235010421439,0.0,0.015980140124840992,51.50326225172241,1.1837659580483016e-18,0.0,5.1062291776677804e-05,17.170392014814627,1.4858380248938577e-13,3.5661781978609446e-16,1.5871548907512535e-12,0.0,2.2524183543875246e-18,0.39822724637257906,2.6761435079236006e-13,0.0001988984458255029,500000.0,168557.31242196826
8.80535667267154e-05,0.00016190943555649195,-8.98323550448529,294.5673565765913,0.0,0.016159867205691725,52.08251447876691,1.2420355043190659e-18,0.0,5.163658445127963e-05,17.36350575904828,1.4968187754322303e-13,3.584688244327166e-16,1.60488063954211e-12,9.344773736886698e-16,0.0,0.40270606983429924,2.931261438596288e-13,0.000198935310687375,500000.0,171237.18047164203
8.812157973854358e-05,0.00016129218358074265,-9.167984001814204,295.94472717742843,0.0,0.016346105557495525,52.682752241390254,1.3075911214603139e-18,0.0,5.223168298349224e-05,17.563615756660045,1.5081422573775073e-13,3.6037877701896196e-16,1.623246017322418e-12,2.0933786488127793e-15,1.7606970833167097e-17,0.4073471550961737,3.215830861218509e-13,0.00019897327663690877,500000.0,174023.64943250263
8.818959275037175e-05,0.00016066232051456747,-9.354083951182046,297.3563743093149,0.0,0.016539110806804706,53.304799413276065,1.381542940511491e-18,0.0,5.284840419299739e-05,17.770996674408828,1.5198149866353433e-13,3.623496474488823e-16,1.642275876346539e-12,3.6652821855138024e-16,3.912242028483583e-17,0.41215687241387466,3.533692740483156e-13,0.00019901237176111268,500000.0,176921.5643648829
8.825760576219994e-05,0.00016001975343542287,-9.541564878884648,298.80309497489355,0.0,0.016739152721600297,53.94952544543005,1.4651951666655736e-18,0.0,5.348761008656091e-05,17.98593837382863,1.5318435726774694e-13,3.6438354523441477e-16,1.661996427914656e-12,0.0,1.3700859804123875e-17,0.41714194445048675,3.8892425897223545e-13,0.00019905262523109557,500000.0,179936.06731147558
8.833526382455819e-05,0.0001592704069732027,-9.757358646583409,300.4989342473549,0.0,0.01697653262208679,54.71459012346931,1.5745487793691279e-18,0.0,5.424612428758404e-05,18.24099911879984,1.5460216506262932e-13,3.667858409261735e-16,1.685393630048014e-12,9.399859026907295e-16,1.3132364716844932e-17,0.42305748429606127,4.3477809035760826e-13,0.00019910004236948497,500000.0,183527.6300566961
8.841292188691642e-05,0.0001585042296306036,-9.975033075113181,302.24289168839397,0.0,0.017223907868670382,55.511869360838006,1.701286655812056e-18,0.0,5.5036577227166936e-05,18.506799700201743,1.560682425882885e-13,3.692768719474478e-16,1.7097710389151098e-12,0.0,3.329932913981531e-17,0.42922210963045676,4.870744143728632e-13,0.00019914905621876117,500000.0,187286.99497545013
8.849057994927467e-05,0.00015772107375295753,-10.194629283564314,304.0363401510487,0.0,0.017481757226959785,56.342906199922666,1.8487109618432745e-18,0.0,5.5860498736178546e-05,18.783854544529017,1.5758359789731953e-13,3.7186054220322746e-16,1.7351750723265612e-12,0.0,5.289789907980808e-18,0.4356477513779197,5.468332409877872e-13,0.00019919971588079597,500000.0,191223.46208240846
8.85682380116329e-05,0.00015692078855132448,-10.41618685949124,305.88072567048613,0.0,0.017750590836894044,57.209344801691955,2.0208286688817523e-18,0.0,5.6719518898295544e-05,19.07271178964953,1.5914923770463698e-13,3.7454106609358887e-16,1.7616551476937112e-12,1.905883018516336e-15,2.9383202552188984e-17,0.44234712231947354,6.152530186002895e-13,0.00019925207267274342,500000.0,195347.01070763572
8.864589607399115e-05,0.00015610322023282635,-10.63974352501054,307.7775713290485,0.0,0.01803095258054407,58.112938077161225,2.222512111199683e-18,0.0,5.761537561611802e-05,19.373955829016722,1.6076616073429669e-13,3.7732299228369265e-16,1.7892639034423305e-12,0.0,4.296356008801481e-16,0.4493337761000039,6.937447017848206e-13,0.0001993061802358468,500000.0,199668.35698496358
8.87235541363494e-05,0.00015526821215920526,-10.865334750127404,309.72848143095763,0.0,0.01832342265533525,59.05555598086346,2.4596999162199856e-18,0.0,5.854992283362083e-05,19.68821007658467,1.6243534983900463e-13,3.8021123003686923e-16,1.8180574389472526e-12,0.0,1.2727124825157873e-15,0.45662217135401634,7.839728330108676e-13,0.0001993620946517825,500000.0,204199.01699098517
8.880121219870763e-05,0.00015441560503936768,-11.09299329029003,311.7351452409846,0.0,0.018628620371350033,60.03919452623091,2.7396494793176426e-18,0.0,5.952513947445258e-05,20.016139972397088,1.6415776267610864e-13,3.832110784203965e-16,1.848095574526181e-12,3.170463796461899e-14,1.3472092915331143e-15,0.46422774141321393,8.879051429037152e-13,0.00019941987456736462,500000.0,208951.37562509725
8.887887026106587e-05,0.00015354523715973572,-11.322748687055125,313.7993428118269,0.0,0.01894720719335699,61.06598559129864,3.07125327095176e-18,0.0,6.0543139163518186e-05,20.358456251657355,1.6593432078897565e-13,3.863282572119783e-16,1.8794421333307156e-12,2.1380221516546086e-20,1.0187406839381488e-16,0.4721669701251433,1.0078727110283687e-12,0.00019947958132639638,500000.0,213938.76356425253
8.89565283234241e-05,0.0001526569446568165,-11.554626672919388,315.9229496914586,0.0,0.019279890052248425,62.13820758969124,3.4654351231139966e-18,0.0,6.160618080663489e-05,20.715918502270657,1.6776589690101255e-13,3.895689404842409e-16,1.9121652471126477e-12,0.0,1.3265190836346932e-16,0.4804574743618019,1.1466429479948764e-12,0.00019954127910650667,500000.0,219175.54094959254
8.903418638578235e-05,0.0001517505618386131,-11.78864848741578,318.1079416453805,0.0,0.019627424948600446,63.25829708702859,3.935648375381523e-18,0.0,6.27166801075561e-05,21.089339037574206,1.696533001421615e-13,3.9293979472958215e-16,1.9463376878926715e-12,5.656463640581158e-16,1.799730842207102e-16,0.48911809383890237,1.3075083638003639e-12,0.00019960503506175935,500000.0,224677.1893194472
8.91118444481406e-05,0.00015082592156268954,-12.024830102220857,320.35640014582464,0.0,0.0199906208774556,64.42886144963059,4.498504342384305e-18,0.0,6.387722210837063e-05,21.479587113219942,1.7159725887202507e-13,3.964480213528001e-16,1.9820372276761727e-12,0.0,2.0809102484353384e-16,0.498168988916471,1.4943948164775899e-12,0.00019967091947213617,500000.0,230460.4132184521
8.918950251049883e-05,0.0001498828556790139,-12.26318133588646,322.67051839141345,0.0,0.02037034410255082,65.65269262079251,5.1745672258588414e-18,0.0,6.509057484780377e-05,21.88759351997194,1.7359840074089215e-13,4.0010140260813175e-16,2.0193470285497395e-12,2.963780186775159e-15,3.563675075730541e-16,0.5076317471181019,1.7119938053683055e-12,0.00019973900589996215,500000.0,236543.25237134102
8.926716057285708e-05,0.0001489211955465362,-12.503704837774652,325.0526075274918,0.0,0.020767522812506867,66.93278212834774,5.98936167101496e-18,0.0,6.635970424024569e-05,22.314355586995926,1.7565722960112457e-13,4.039083516688496e-16,2.0583560656659864e-12,0.0,2.938727608499893e-16,0.5175294991706386,1.965924502951746e-12,0.00019980937135267215,500000.0,242945.20533840545
8.934481863521532e-05,0.0001479407726341893,-12.746394920872365,327.50510295398846,0.0,0.021183152193705087,68.27233743506864,6.974652797733235e-18,0.0,6.76877902861489e-05,22.760942632830304,1.7777409882856708e-13,4.0787796853883007e-16,2.099159585742883e-12,0.0,4.5120933599725373e-17,0.5278870454267373,2.2629326408848003e-12,0.00019988209645128792,500000.0,249687.365827193
8.942247669757356e-05,0.00014694141921901946,-12.991236221218703,330.03057076308704,0.0,0.021618299956834054,69.67479975119784,8.170076522842612e-18,0.0,6.907824473221653e-05,23.228501903808883,1.799491805480637e-13,4.12020102732465e-16,2.1418596037894785e-12,2.6774095430037066e-14,8.062300268943594e-16,0.5387309935926983,2.611135197575184e-12,0.00019995726560410242,500000.0,256792.57308038184
8.95001347599318e-05,0.00014592296919568713,-13.238202169064975,332.6317147370791,0.0,0.02207411235639886,71.14386343696209,9.625221331680315e-18,0.0,7.053473030769916e-05,23.718265042559185,1.8218243019255082e-13,4.1634542241307383e-16,2.1865654408580506e-12,5.405050426073946e-14,2.8100197943572936e-15,0.5500899087503099,3.020322186557856e-12,0.00020003496718512951,500000.0,264285.57822754607
8.957779282229004e-05,0.00014488525901318656,-13.48725324007658,335.31138375124857,0.0,0.022551820745819278,72.68349713146739,1.1402293113530688e-17,0.0,7.206118167203573e-05,24.231555132049596,1.84473545764316e-13,4.208654902793439e-16,2.2333943056840722e-12,0.0,2.0451647081539493e-15,0.5619944767271808,3.502329706443623e-12,0.00020011529371634379,500000.0,272193.22824111814
8.965545088464828e-05,0.00014382812875748862,-13.738334936538465,338.0725788993514,0.0,0.02305274871324274,74.29796675085925,1.3579534617648187e-17,0.0,7.366182821652439e-05,24.76979436282062,1.8682192110634325e-13,4.25592848344764e-16,2.2824719230363067e-12,0.0,1.6403297224840443e-15,0.5744776819199335,4.071502081154628e-12,0.00020019834205199652,500000.0,280544.66886498325
8.973310894700653e-05,0.00014275142340184393,-13.991375477646834,340.91846092456444,0.0,0.02357831984159938,75.99186050387807,1.6255624036641765e-17,0.0,7.534121886586625e-05,25.33451237278446,1.892265924277471e-13,4.3054111298655017e-16,2.3339332114707823e-12,2.0664635758414682e-14,2.7711532341620722e-15,0.5875750007168201,4.745265803826709e-12,0.00020028421356331076,500000.0,289371.5690581943
8.981076700936476e-05,0.00014165499424921175,-14.24628315846394,343.8523580313897,0.0,0.02413006614247321,77.77011607710541,1.9555346749325913e-17,0.0,7.710424903021995e-05,25.927355310365968,1.9168617726632824e-13,4.357250804122592e-16,2.387923012961156e-12,0.0,3.514169129246423e-15,0.6013246116961245,5.5448439681413115e-12,0.00020037301432126428,500000.0,298708.36934881064
8.988842507172301e-05,0.0001405387005948955,-14.502943312118544,346.8777734919057,0.0,0.024709637210633528,79.63805014267474,2.3636926479584715e-17,0.0,7.895618986040357e-05,26.55009567191734,1.9419880502364197e-13,4.411608437258522e-16,2.444596876477713e-12,5.538993168611568e-15,3.5590753789535894e-16,0.6157676237818495,6.496147582015377e-12,0.0002004648552742762,500000.0,308592.55613934435
8.996608313408126e-05,0.00013940241164213496,-14.76121481775034,349.99839297161896,0.0,0.0253188101443256,81.60139033628874,2.8701523266888436e-17,0.0,8.090271995289695e-05,27.20464296269482,1.9676203818444468e-13,4.468659240399982e-16,2.50412189694222e-12,3.1940129559434046e-13,0.0,0.6309483235001525,7.630890093509903e-12,0.00020055985241688564,500000.0,319064.964600094
9.004374119643949e-05,0.0001382460087077294,-15.020926113236753,353.2180922689836,0.0,0.025959500271258443,83.6663098436167,3.5005567591763176e-17,0.0,8.294995963797841e-05,27.893055227428857,1.9937278334142465e-13,4.528594182598298e-16,2.5666776100913478e-12,2.023783090507967e-18,9.84976636536633e-15,0.6469144424055188,8.987984392433358e-12,0.00020065812694490537,500000.0,330170.1137126079
9.012139925879774e-05,0.0001370693877608725,-15.281870589017796,356.54094382424825,0.0,0.02663377272882689,85.8394647128524,4.287681478639546e-17,0.0,8.51045079739527e-05,28.61755148975403,2.0202719121127488e-13,4.591621618075026e-16,2.6324569424502447e-12,0.0,1.3821218385049424e-14,0.6637174455812835,1.0615297340176937e-11,0.00020075980539025032,500000.0,341956.5751116555
9.019905732115597e-05,0.00013587246234528274,-15.54380130025332,359.97122260457314,0.0,0.027343854903377495,88.12803397872977,5.273528547443335e-17,0.0,8.73734825288161e-05,29.38052512893532,2.047205449767626e-13,4.657969135621163e-16,2.7016672137729164e-12,1.1547617016892338e-14,1.9506674924501748e-14,0.6814128418846973,1.257185831324006e-11,0.00020086501972794662,500000.0,354477.3794557735
9.027671538351421e-05,0.00013465516694158763,-15.806424903728473,363.5134113136616,0.0,0.02809214976149117,90.53976263631246,6.512063629662313e-17,0.0,8.976456198538651e-05,30.18455820666484,2.0744713655592288e-13,4.727885639014327e-16,2.774531186846961e-12,0.0,2.8060196692489598e-14,0.7000605162221659,1.493064513812935e-11,0.00020097390744580615,500000.0,367790.46361946274
9.035437344587246e-05,0.00013341746083500187,-16.069394690622232,367.1722042105725,0.0,0.028881250051443867,93.0830074343196,8.072800729188275e-17,0.0,9.228603154240453e-05,31.032436733848055,2.1020013084187737e-13,4.801643667113323e-16,2.851288156242289e-12,5.2923275389534675e-14,3.9097947418133295e-14,0.7197250836268354,1.7782105237088506e-11,0.0002010866115647632,500000.0,381959.1613401668
9.04320315082307e-05,0.00013215933256338595,-16.33230257819353,370.952508915034,0.0,0.02971395333667353,95.76678535925657,1.0045505853705204e-16,0.0,9.49468309829946e-05,31.927166834462486,2.1297141865276025e-13,4.879542009146756e-16,2.932195063117607e-12,6.453479301005568e-14,5.6682419648839904e-14,0.7404762641420193,2.1238614308036484e-11,0.00020120328059507078,500000.0,397052.7398010767
9.050968957058894e-05,0.00013088080503236216,-16.594669908342354,374.859445616118,0.0,0.030593277779483972,98.60082454486081,1.254637905843057e-16,0.0,9.7756605147104e-05,32.87199171797847,2.1575146018490567e-13,4.961908664225328e-16,3.017527617289449e-12,0.0,8.621721350077831e-14,0.7623892764570036,2.5440131790552483e-11,0.00020132406841004319,500000.0,413146.984231161
9.056711990847455e-05,0.00012992221188149524,-16.78802502528182,377.83331000987016,0.0,0.03127545304252767,100.79945931940175,1.4822452803097749e-16,0.0,9.993641522700264e-05,33.6049825866259,2.1780653546128431e-13,5.025905649088528e-16,3.083652933466342e-12,3.809249458054501e-14,1.1107030478060451e-13,0.7793892922394574,2.9127521389420726e-11,0.00020141613690379434,500000.0,425741.20045151946
9.062455024636016e-05,0.00012895253759527813,-16.980521731812928,380.8815660863796,0.0,0.03198630560852734,103.09052258216397,1.7545184518285797e-16,0.0,0.00010220786242389181,34.36878768526754,2.1985523136616948e-13,5.092701208861318e-16,3.152486733344945e-12,2.0899985418899354e-13,1.3105331023387083e-13,0.797103972308226,3.340263779150257e-11,0.00020151061084664002,500000.0,438964.14757070306
9.068198058424578e-05,0.00012797183966429962,-17.171870488215426,384.0064970111998,0.0,0.0327273201415933,105.47879992609032,2.0807394411687061e-16,0.0,0.00010457569135637233,35.16500245663253,2.2189187442391035e-13,5.16246555737835e-16,3.224162348344563e-12,1.6027607175302966e-13,1.685795440994225e-13,0.8155703192413704,3.8366645964214094e-11,0.00020160755756237677,500000.0,452854.5947718532
9.073941092213139e-05,0.00012698019314833203,-17.361747591678114,387.21043934340366,0.0,0.03350006466126988,107.96934572597473,2.4722019498670386e-16,0.0,0.00010704491311983487,35.99531195116038,2.2391019812229579e-13,5.235381728204256e-16,3.2988197730154117e-12,0.0,2.7839824775646863e-13,0.8348274138594369,4.413924379032831e-11,0.00020170704555303487,500000.0,467453.98145945696
9.0796841260017e-05,0.0001259776927466502,-17.549791474012117,390.4957777178654,0.0,0.03430619414300516,110.56749475488706,2.942663633100002e-16,0.0,0.00010962081681458274,36.861494699736,2.2590331548699352e-13,5.311646666830388e-16,3.3766058199114556e-12,8.312370850769191e-13,4.4769106244942727e-13,0.8549165050418265,5.086220683711696e-11,0.00020180914431799953,500000.0,482806.59069366456
9.085427159790261e-05,0.00012496445511025358,-17.735598591471813,393.86493812056517,0.0,0.03514745390045998,113.27887313706661,3.5089042211526996e-16,0.0,0.00011230898040676513,37.765426365213244,2.278636994864332e-13,5.3914724689157e-16,3.4576742268838095e-12,3.695826075795932e-12,4.624968882182609e-13,0.8758810944176763,5.870363164465921e-11,0.0002019139241264973,500000.0,498959.7274047274
9.091170193578823e-05,0.00012394062138762293,-17.918718931831048,397.3203796016433,0.0,0.036025682671079244,116.1094083682062,4.191408402514704e-16,0.0,0.00011511528065000328,38.709083083020445,2.297831741782227e-13,5.47508783147289e-16,3.542185705664826e-12,6.0508804385957445e-12,7.687119223385822e-14,0.8977670138478653,6.786302539942037e-11,0.0002020214557400718,500000.0,515963.90001033084
9.096913227367384e-05,0.00012290636002549771,-18.09865110508753,400.864584082379,0.0,0.0369428152836854,119.06533798916094,5.015201683731325e-16,0.0,0.00011804590164448291,39.69454435283791,2.316529210246153e-13,5.562739653041028e-16,3.6303079151923583e-12,0.0,0.0,0.9206224924932233,7.857738942567182e-11,0.00020213181007697697,500000.0,533873.0029678404
9.102656261155945e-05,0.00012186186986600515,-18.27483692129553,404.5000433817785,0.0,0.0379008847547656,122.15321634704006,6.010876379661168e-16,0.0,0.0001211073415193718,40.72399529263779,2.334635063958342e-13,5.654694616686642e-16,3.722215337658963e-12,0.0,2.3957182592756932e-12,0.9444982090807217,9.112849105117915e-11,0.00020224505780644375,500000.0,552744.4960574477
9.1067001513503e-05,0.00012112039163452931,-18.39631525795284,407.11600475733394,0.0,0.03860120856200542,124.41038112805909,6.835005902405962e-16,0.0,0.00012334518039093512,41.47649915930865,2.346975281040353e-13,5.722179582925156e-16,3.789299575600244e-12,2.669709563235397e-12,1.377365498051399e-12,0.9619507834199886,1.012470485043261e-10,0.00020232657370674857,500000.0,566642.9880461958
9.110744041544655e-05,0.00012037404866043676,-18.51539249195781,409.7793042693404,0.0,0.03932365874661709,126.73886582009781,7.778206190748235e-16,0.0,0.00012565372859122076,42.25277998216895,2.3589363938963504e-13,5.792047687026239e-16,3.858415277779247e-12,6.040177186739e-17,1.5881713403996845e-12,0.9799548088609954,1.1257666599286676e-10,0.00020240958293585984,500000.0,581071.4200466188
9.11478793173901e-05,0.00011962294315655297,-18.63181324047305,412.49079288631674,0.0,0.04006903383204843,129.1412451902633,8.858321908257325e-16,0.0,0.00012803553882050832,43.05369614873592,2.370481171924533e-13,5.864413137644095e-16,3.9296289403378255e-12,9.121658526728982e-14,2.1185904964013908e-12,0.9985301936997456,1.2527055815819146e-10,0.00020249410910114135,500000.0,596053.2913528954
9.118831821933365e-05,0.00011886718804207165,-18.74530261331831,415.25130737235435,0.0,0.040838156333770706,131.62017164020727,1.009592323358838e-15,0.0,0.00013049324072693903,43.88013192867474,2.3815717678989854e-13,5.939395932233543e-16,4.003008365076546e-12,1.183690470713547e-12,2.0286135618581662e-12,1.0176974465265796,1.3950201889737922e-10,0.0002025801752421017,500000.0,611613.1057526784
9.122875712127719e-05,0.00011810690776161823,-18.855564817056372,418.06166495209675,0.0,0.04163187222537736,134.17837336267502,1.1514724283868123e-15,0.0,0.00013302953912056671,44.732996859218765,2.392170113985826e-13,6.017123240689446e-16,4.078622507119257e-12,0.0,3.1039247489474735e-12,1.0374776619469919,1.554670650525075e-10,0.00020266780368211184,500000.0,627776.3882548399
9.126919602322074e-05,0.0001173422391697905,-18.962281690655566,420.9226576126852,0.0,0.04245105009991013,136.81865160004648,1.3142065772580742e-15,0.0,0.0001356472112790134,45.613224831207475,2.4022384287623263e-13,6.097730299386291e-16,4.156541286786674e-12,1.0659444603002446e-13,4.319271733986984e-12,1.0578924993753378,1.7338741213111455e-10,0.00020275701586034643,500000.0,644569.6968067698
9.130963492516429e-05,0.00011657333246961274,-19.065111188154905,423.83504592751507,0.0,0.04329657995635133,139.54387690671496,1.5009465678822231e-15,0.0,0.00013834910321124105,46.521772843018944,2.411739838939215e-13,6.181360219252536e-16,4.23683536245682e-12,2.985461426749763e-12,3.735845632303364e-12,1.0789641541542914,1.9351383772676916e-10,0.0002028478321455591,500000.0,662020.6279518076
9.135007382710784e-05,0.00011580035220704583,-19.16368578834208,426.79955204035207,0.0,0.04416937164187281,142.3569842579795,1.7153247090979689e-15,0.0,0.0001411381247508719,47.45961936994757,2.420639145649135e-13,6.268164487499047e-16,4.319575859110205e-12,0.0,5.052251089358003e-12,1.1007153197451431,2.161299538083049e-10,0.00020294027162974393,500000.0,680157.8146061818
9.139051272905139e-05,0.00011502347833178492,-19.257610811742467,429.81685160525376,0.0,0.04507035293320095,145.26096679762406,1.9615255698344975e-15,0.0,0.00014401724335694316,48.42776227974031,2.428903765542217e-13,6.358304222148621e-16,4.404834045589593e-12,0.0,1.0028643425274898e-11,1.1231691393672159,2.4155642870585035e-10,0.00020303435189779128,500000.0,699010.9139629166
9.143095163099494e-05,0.00011424290733142775,-19.346462641896686,432.88756465380504,0.0,0.04600046710491278,148.25886799995735,2.2443678767317775e-15,0.0,0.00014698947653491037,49.4272162195381,2.4365048803566443e-13,6.451950631513888e-16,4.492680953245884e-12,1.687048124733159e-11,9.031848004687593e-12,1.1463491453875556,2.701557071440926e-10,0.00020313008876997942,500000.0,718610.583567061
9.147139053293847e-05,0.00011345885343983272,-19.429786911324385,436.01224567931376,0.0,0.04696066979948578,151.3537720179068,2.569397616635681e-15,0.0,0.00015005788209952452,50.45900939807533,2.443418803566869e-13,6.549285021099773e-16,4.583186928723075e-12,1.8091464967908625e-11,1.3191600846230061e-12,1.1702791847361942,3.0233726818918294e-10,0.00020322749601563227,500000.0,738988.4439791201
9.151182943488202e-05,0.00011267154991898004,-19.507096636467864,439.1913726331986,0.0,0.047951925406251934,154.54879196827193,2.942993446814222e-15,0.0,0.00015322554618381082,51.524179680159264,2.449628634511438e-13,6.650500154874435e-16,4.6764211131271946e-12,0.0,1.484708337734614e-11,1.1949833282950537,3.3856346076486824e-10,0.00020332658503596117,500000.0,760177.0252421859
9.155226833682557e-05,0.00011188125041766499,-19.57787020554294,442.42533408903756,0.0,0.048975202971928374,157.84705586072732,3.372485640710559e-15,0.0,0.00015649557019851117,52.62376989561095,2.455126278040665e-13,6.755802158986607e-16,4.7724508385607105e-12,3.0274562905373866e-11,5.174071576811705e-11,1.220485761970791,3.7935595195971275e-10,0.00020342736451274814,500000.0,782209.6931143672
9.159270723876912e-05,0.00011108823041012797,-19.641549439763125,445.71441577713745,0.0,0.05003147027554007,161.25168984471247,3.866289812341819e-15,0.0,0.00015987105369837728,53.758822254030314,2.4599146839083916e-13,6.86540923952323e-16,4.871340932247681e-12,5.964404103344806e-12,2.134588013006681e-11,1.2468106575350075,4.253028155062359e-10,0.00020352984002059403,500000.0,805120.5539719696
9.163314614071267e-05,0.0001102927887156275,-19.69753759648508,449.0587853159819,0.0,0.05112168848131785,164.7657984219895,4.434056584027553e-15,0.0,0.0001633550744902994,54.93037174796083,2.4640106143076116e-13,6.979553579821024e-16,4.973152917906634e-12,0.0,2.5584671015588867e-11,1.273982019063434,4.770662901797808e-10,0.00020363401359918656,500000.0,828944.3329065731
9.167358504265622e-05,0.00010949524909937796,-19.745197330633488,452.4584753073103,0.0,0.0522468041304524,168.39244123939642,5.086838138376915e-15,0.0,0.000166950665948702,56.1394384159425,2.467447906429733e-13,7.098483146645979e-16,5.077944103436306e-12,8.294753346032692e-12,3.447477610170364e-11,1.3020235040336783,5.353911946180404e-10,0.00020373988328260763,500000.0,853716.2212843935
9.171402394459976e-05,0.00010869596195460884,-19.78384870555991,455.9133647639801,0.0,0.0534077409794103,172.13460604239933,5.837272349953881e-15,0.0,0.00017066079016963791,57.3870183256334,2.4702811984408766e-13,7.222461902822434e-16,5.185766543398692e-12,0.0,3.684535619794174e-11,1.330958213977214,6.01113990620903e-10,0.00020384744258289452,500000.0,879471.6892769105
9.175446284654331e-05,0.00010789530606435432,-19.812767253060333,459.4231587027449,0.0,0.05460539048835149,175.99517733813101,6.699784857777674e-15,0.0,0.00017448830693635094,58.674073126538346,2.4725902376923925e-13,7.351770465415921e-16,5.2966658643293935e-12,0.0,1.286773139561776e-10,1.3608084519922536,6.751724528669257e-10,0.00020395667992470758,500000.0,906246.2581122158
9.179490174848686e-05,0.00010709369043977949,-19.83118213994655,462.98736595659614,0.0,0.055840599953938905,179.976900289066,7.690808846248019e-15,0.0,0.00017843593810440542,60.00151801270364,2.474484870735669e-13,7.486709476938316e-16,5.410679940788335e-12,1.206664930863036e-11,7.431785606154355e-11,1.3915954440750942,7.586158441200235e-10,0.00020406757802829184,500000.0,934075.2267240639
9.183534065043041e-05,0.00010629155622990884,-19.83827448018242,466.6052748712998,0.0,0.05711416017331416,184.08233933484237,8.829021628254214e-15,0.0,0.00018250622616403276,61.37020792785538,2.476110699363342e-13,7.627599516682596e-16,5.5278374101564545e-12,0.0,4.8254529446065984e-11,1.4233390185093762,8.526154781444652e-10,0.0002041801132380817,500000.0,962993.3462318714
9.187577955237396e-05,0.00010548937869625933,-19.833175814298013,470.2759268357938,0.0,0.0584267904581965,188.31383101806895,1.0135596007262511e-14,0.0,0.0001867014873810312,62.78092183823376,2.4776555224807967e-13,7.774780288256217e-16,5.648156014549197e-12,0.0,2.0834298793240186e-10,1.4560572414429938,9.584754610542082e-10,0.00020429425479447325,500000.0,993034.435676614
9.191621845431751e-05,0.00010468766924356449,-19.81496686390531,473.9980877275683,0.0,0.05977912132462352,192.6734304798475,1.1634463062203916e-14,0.0,0.00019102375951003984,64.23434489500494,2.479356679284269e-13,7.928602325270836e-16,5.771640759166867e-12,2.8396550131425486e-11,1.2828737746122832e-10,1.48976600376061,1.0776433223779343e-09,0.00020440996404698196,500000.0,1024230.9322858048
9.195665735626104e-05,0.00010388697749400057,-19.782676654209585,477.7702171313691,0.0,0.06117167667684395,197.1628510991186,1.3352581387204515e-14,0.0,0.000195474741308113,65.7310483109275,2.4815090065520916e-13,8.089413980715516e-16,5.898281877981886e-12,0.0,8.663990865927428e-11,1.5244785531970915,1.2117202010173065e-09,0.0002045271936077088,500000.0,1056613.3687606333
9.19970962582046e-05,0.00010308789338918659,-19.735282033278473,481.5904353350634,0.0,0.06260485231569783,201.78339677028438,1.5320205719900378e-14,0.0,0.000200055724735228,67.27146678273141,2.4844735060309353e-13,8.256824729004202e-16,6.028052599933701e-12,0.0,4.4875085798302945e-10,1.560204971170053,1.362470061840746e-09,0.00020464588644470596,500000.0,1090209.7700918363
9.203753516014814e-05,0.00010229104930104027,-19.67170771693844,485.4564882251638,0.0,0.06407889094979563,206.53588635300042,1.75711459708247e-14,0.0,0.00020476752226711092,68.8558733038142,2.4886877713581167e-13,8.139930470642397e-16,6.160906712036664e-12,4.9057275250246764e-11,2.5581847010758255e-10,1.5969515900057114,1.5318272824520768e-09,0.0002047659749161089,500000.0,1125044.9625989597
9.207797406209169e-05,0.0001014971221272541,-19.59082703603108,489.36571002779414,0.0,0.06559385851281664,211.42056990421915,2.0141451354016453e-14,0.0,0.00020961038212421556,70.48435123726563,2.494674748917514e-13,5.772015561875227e-14,6.296775920068562e-12,0.0,2.157794896438122e-10,1.634720342488475,1.7219019337103115e-09,0.00020488737974751922,500000.0,1161139.7877074657
9.211841296403524e-05,0.00010070683534251235,-19.491463408192704,493.31498427901056,0.0,0.06714961402374119,216.43703640696674,2.195546356264495e-14,0.0,0.00021458389552239923,72.15676355401725,2.5022641084729423e-13,4.2443094249454215e-11,6.435567027302079e-12,0.0,8.594854038575439e-10,1.673508049916985,1.9349816721815057e-09,0.00020501000895656608,500000.0,1198510.2143857358
9.215885186597879e-05,9.992096097297754e-05,-19.372392658038564,497.3007028431808,0.0,0.06874577778829444,221.5841128456173,1.7100146126499008e-14,0.0,0.0002196869055525647,73.8727191859322,2.506952897642121e-13,5.795442973604865e-10,6.5771590690735705e-12,8.443520829371561e-10,4.345054545821605e-10,1.713305642361057,2.173529062559816e-09,0.0002051337567306295,500000.0,1237166.3436978317
9.219929076792233e-05,9.914032144929026e-05,-19.232346777935337,501.3187252981623,0.0,0.07038169225986024,226.85975471119193,1.1215638179437296e-13,0.0,0.0002249173818279939,75.6315365227046,2.5895144064704695e-13,1.4120226157173234e-10,6.7213996408317965e-12,1.3303384846023414e-12,5.849553839780369e-10,1.754097315182249,2.440173193124342e-09,0.00020525850226795834,500000.0,1277111.3066843462
9.223972966986588e-05,9.836579129118841e-05,-19.070018533346364,505.3643347332568,0.0,0.07205640062205693,232.26092826440942,1.4082360206025529e-13,0.0,0.0002302723108246713,77.43220415861414,2.7870996395806664e-13,0.0,6.868101853433625e-12,0.0,7.15595921411671e-10,1.7958596069350672,2.7376932424800536e-09,0.0002053841085931899,500000.0,1318340.043285949
9.228016857180943e-05,9.759829857448727e-05,-18.884067526029682,509.4321958527178,0.0,0.07376859000276409,237.78348514746799,1.1773520774994262e-13,0.0,0.00023574757955224625,79.2733390912563,3.0247032998754206e-13,6.097746796037654e-11,7.017041239821137e-12,1.140117254434603e-11,8.907416765087425e-10,1.8385604429628555,3.068993440311529e-09,0.0002055104213625187,500000.0,1360837.9765059683
9.232060747375298e-05,9.683882611923165e-05,-18.67312804926221,513.516312553203,0.0,0.07551655891666507,243.4220303856221,1.0494372855649492e-13,0.0,0.00024133784212450955,81.15314271493915,3.2133484995532127e-13,0.0,7.167952201161824e-12,0.0,1.0975470846948942e-09,1.8821581093428619,3.4370667167805513e-09,0.00020563726767832208,500000.0,1404579.5788601923
9.236104637569653e-05,9.608841232549087e-05,-18.435818769326968,517.6099879206303,0.0,0.07729817399397908,249.16978531289314,1.0129299105355482e-13,0.0,0.000247036380105145,83.06935512199995,3.3436761260220684e-13,0.0,7.320524491322177e-12,3.441181352302758e-11,1.3432779465923467e-09,1.9266001923426048,3.844944398859624e-09,0.00020576445493818155,500000.0,1449526.8470215898
9.240148527764006e-05,9.534815157781903e-05,-18.170754334491637,521.7057869475179,0.0,0.07911082487222545,255.01844751048998,1.0365554206058089e-13,0.0,0.0002528349605249617,85.01920840859395,3.4619616343072726e-13,8.848504755352446e-11,7.474400228759083e-12,0.0,1.6603189934838454e-09,1.9718224970280518,4.295630816821921e-09,0.00020589176974790144,500000.0,1495627.699797571
9.244192417958361e-05,9.461919413711698e-05,-17.876559073413357,525.795503184336,0.0,0.08095138108979764,260.9580504534166,1.1890043357760791e-13,0.0,0.0002587236995713309,86.9993798830473,3.6152761306504863e-13,0.0,7.629170225231899e-12,0.0,2.027475385694921e-09,2.0177479619238876,4.792020819411321e-09,0.00020601897693300292,500000.0,1542814.3234417508
9.247057501982234e-05,9.411022767999594e-05,-17.649752285805203,528.6844845113376,0.0,0.08227030476973775,265.2149265047778,1.1623112056395353e-13,0.0,0.0002629441206405187,88.4185562856357,3.7360495230048766e-13,0.0,7.739114984787278e-12,2.944668062729061e-11,2.3163103512994386e-09,2.050662452689611,5.172851168113404e-09,0.00020610889774234586,500000.0,1576857.2200240046
9.249922586006106e-05,9.360798424477788e-05,-17.407176480140254,531.5624579866707,0.0,0.08359990014909735,269.50681824024247,1.0855246053872787e-13,0.0,0.0002671992566707831,89.84940634415756,3.8408931570902476e-13,1.56974962296936e-10,7.849096864098952e-12,0.0,2.6769381644435333e-09,2.08384768635373,5.57883612075442e-09,0.00020619853685279165,500000.0,1611366.729684629
9.25278767002998e-05,9.311292212838251e-05,-17.148378875786523,534.4257645370525,0.0,0.08493851348156696,273.82845095622406,1.3433599617293197e-13,0.0,0.00027148387801607964,91.29017155127055,3.949634805155548e-13,0.0,7.958920467196597e-12,6.159707658144016e-13,3.072452542011631e-09,2.1172628793215145,6.010726884036678e-09,0.00020628778956780668,500000.0,1646301.7416080507
9.255652754053853e-05,9.262551236215196e-05,-16.872925296914968,537.2705356646528,0.0,0.08628432724455358,278.17402200564743,1.36902535040306e-13,0.0,0.00027579223203116605,92.7389173909404,4.074944870857289e-13,7.66924881697763e-11,8.06837598086574e-12,6.091233712784063e-11,3.4682999486148196e-09,2.1508631638887468,6.469138613319997e-09,0.00020637654517867803,500000.0,1681615.7877129714
9.258517838077725e-05,9.214623811371853e-05,-16.580404457712614,540.0926945369774,0.0,0.0876353527623812,282.5371839818982,1.4721708163000784e-13,0.0,0.0002801180248752074,94.19352773289559,4.220591839613339e-13,0.0,8.17723925720967e-12,0.0,3.97896680204306e-09,2.184599462219354,6.95452097568246e-09,0.00020646468695510633,500000.0,1717256.795888187
9.261382922101598e-05,9.167559394949842e-05,-16.27043257937512,542.887958731123,0.0,0.08898942849390523,286.9110312497052,1.4894190105950177e-13,0.0,0.0002844544089867478,95.65170034175044,4.3721041183282875e-13,0.0,8.285271961645337e-12,0.0,4.5251835678622934e-09,2.2184183789364154,7.4671266390594e-09,0.0002065520921844029,500000.0,1753166.8722446025
9.26424800612547e-05,9.121408497263105e-05,-15.942658222351632,545.6518451630712,0.0,0.09034421582794969,291.2880902627267,1.5057626703428382e-13,0.0,0.0002887939750400781,97.11094364929289,4.516176846302139e-13,5.887384224422013e-11,8.392221873711573e-12,4.132798176475696e-11,5.123487314671523e-09,2.252262127832017,8.006977674980309e-09,0.00020663863225993807,500000.0,1789282.1198140627
9.267113090149343e-05,9.076222583018388e-05,-15.596767322292568,548.3796771467586,0.0,0.09169719694139826,295.6603143249564,1.736747990797796e-13,0.0,0.0002931287430261846,98.56857500815728,4.676181656127397e-13,0.0,8.49782319147882e-12,0.0,5.902151345714146e-09,2.2860684921959047,8.573830902222103e-09,0.00020672417282391252,500000.0,1825532.5009770256
9.269978174173215e-05,9.032053957281319e-05,-15.232488406900217,551.0665936901279,0.0,0.09304567751693814,300.0190835856633,1.9297583605611466e-13,0.0,0.0002974501672166144,100.02172068979544,4.871269127597117e-13,0.0,8.60179709428572e-12,0.0,6.693018488519627e-09,2.319770822025551,9.16714289456045e-09,0.00020680857397231816,500000.0,1861841.7524966584
9.272843258197088e-05,8.988955635668934e-05,-14.849598003703575,553.7075616940567,0.0,0.09438678831884172,304.355211021599,1.876662349911253e-13,0.0,0.0003017491443104515,101.46731787894534,5.068773061572428e-13,4.474645692500415e-10,8.703852542697902e-12,3.075328874860973e-10,7.146534467248213e-09,2.3532980807267347,9.78603542443372e-09,0.0002068916905283867,500000.0,1898127.3640279584
9.27570834222096e-05,8.946981198673915e-05,-14.44792616671446,556.2973911789769,0.0,0.09571748630886005,308.65895508014955,2.305764388919042e-13,0.0,0.0003060160188777469,102.90211888927362,5.270236244197585e-13,8.271775693559761e-10,8.803687611584203e-12,4.930303932156943e-10,7.846716375173651e-09,2.3865749463991706,1.0429262459173718e-08,0.00020697337238895547,500000.0,1934300.6290002796
9.278573426244833e-05,8.90618463027584e-05,-14.027362028793934,558.830753390611,0.0,0.09703456027317368,312.92003961818335,3.7941962038108697e-13,0.0,0.0003102405886184607,104.32269781088793,5.642748461588952e-13,0.0,8.90099205042404e-12,0.0,9.920928845636772e-09,2.4195219673204145,1.1095179206208072e-08,0.00020705346494741915,500000.0,1970266.7756687077
9.281438510268705e-05,8.866620140941003e-05,-13.587859239647123,561.3022014199137,0.0,0.09833464861484896,317.12768174343796,3.9340887975232427e-13,0.0,0.0003144121617680745,105.72545979031709,6.190827789911659e-13,0.0,8.995445876039729e-12,0.0,1.0251150590044425e-08,2.4520557663484106,1.178171462527597e-08,0.00020713180959697935,500000.0,2005925.1850512358
9.284303594292579e-05,8.82834197512992e-05,-13.129441317907363,563.7061949288735,0.0,0.09961424590305364,321.2706280856999,3.574739578738059e-13,0.0,0.00031851958926468557,107.106653124994,6.749032448317199e-13,4.664474480362911e-11,9.086722701516002e-12,3.2833488726284795e-12,1.1352278816821685e-08,2.4840893287740364,1.2486352041106224e-08,0.0002072082443165237,500000.0,2041169.7088812701
9.287168678316452e-05,8.791404203692843e-05,-12.652206795593315,566.037128126614,0.0,0.10086971317618575,325.3371999616887,3.31948529418933e-13,0.0,0.00032255129589977595,108.46238431987679,7.180366330019012e-13,0.0,9.174492145336481e-12,0.0,1.254902011545074e-08,2.5155323547206825,1.3206113799898415e-08,0.00020728260434112053,500000.0,2075889.0914564948
9.290033762340324e-05,8.755860501951226e-05,-12.156334018749934,568.2893607327057,0.0,0.10209729834784344,329.31534771892467,3.245374148268058e-13,0.0,0.0003264953318692737,109.78863620501926,7.50476015711762e-13,0.0,9.258422227960769e-12,3.2450540196621988e-12,1.378006681432342e-08,2.546291676284606,1.3937554012945266e-08,0.00020735472291739582,500000.0,2109967.499735939
9.292898846364197e-05,8.721763914651267e-05,-11.642085492865105,570.457252379598,0.0,0.10329315723502779,333.1927143864422,3.267556268843364e-13,0.0,0.00033033944205966136,111.08128915574669,7.814330600784839e-13,6.053481460641582e-12,9.338181623018757e-12,0.0,1.5115222613839593e-08,2.5762717492261125,1.4676762798718959e-08,0.00020742443214207844,500000.0,2143285.166891548
9.295763930388069e-05,8.6891666092595e-05,-11.109811676634624,572.5352003095105,0.0,0.10445337719142343,336.95670857086554,3.258689712811178e-13,0.0,0.0003340711424073546,112.33614539501338,8.144291991754661e-13,0.0,9.41344187784464e-12,0.0,1.646718907931705e-08,2.605375215817515,1.5419381301047947e-08,0.0002074915638802372,500000.0,2175719.150495442
9.298629014411942e-05,8.658119619325998e-05,-10.559954114919973,574.517680322194,0.0,0.10557400247377792,340.5945863296182,3.2130822860101287e-13,0.0,0.0003376777995248392,113.54895628882042,8.461335432669249e-13,4.674827518146595e-13,9.483880078419052e-12,1.3340992371687298e-12,1.78687344618788e-08,2.633503538348462,1.6160628386274637e-08,0.0002075559507580406,500000.0,2207144.2045788816
9.301494098435814e-05,8.628672579951979e-05,-9.993047792200437,576.3992908060202,0.0,0.10665106192682801,344.0935415222528,3.216781227112234e-13,0.0,0.0003411467174054642,114.71545246813386,8.736775782092767e-13,1.5080333145332395e-12,9.549182273594443e-12,0.0,1.9315423131081545e-08,2.6605576986785415,1.6895340765603633e-08,0.00020761742722290335,500000.0,2237433.7617159635
9.304359182459687e-05,8.600873457754396e-05,-9.409722591227226,578.1747996574666,0.0,0.10768059999565971,347.44080388711404,3.2867423341370685e-13,0.0,0.00034446523436312083,115.83137652618285,8.984580359287657e-13,1.0285902807302484e-11,9.6090464893618e-12,1.3189416517857858e-13,2.0741797759294826e-08,2.6864389564315103,1.7618026828558796e-08,0.00020767583066179276,500000.0,2266461.018263892
9.307224266483559e-05,8.574768278049289e-05,-8.810703757751632,579.8391940032269,0.0,0.10865871005338842,350.62374382863277,3.4038073601944524e-13,0.0,0.0003476208282663784,116.89251795296133,9.23576487435984e-13,0.0,9.663186454867402e-12,4.6110717805204514e-12,2.2183313493719128e-08,2.7110496588066164,1.832293464495262e-08,0.00020773100256563196,500000.0,2294100.1132413773
9.310089350507432e-05,8.550400852245844e-05,-8.196811280848571,581.3877327420269,0.0,0.10958156900828196,353.62998264395713,3.49048846353006e-13,0.0,0.0003506012263488906,117.89474988307332,9.49883192644684e-13,1.826506908484746e-11,9.711333151156237e-12,1.1796367252159769e-12,2.3691568843664177e-08,2.7342940925751855,1.9004132517043663e-08,0.00020778278972662478,500000.0,2320227.388654492
9.312954434531304e-05,8.527812508663133e-05,-7.568958115878183,582.8160020690942,0.0,0.11044547232543361,356.44750667195603,3.6160006689990043e-13,0.0,0.000353394518015484,118.83406715137755,9.769867404867258e-13,0.0,9.753240021860115e-12,0.0,2.507915840023623e-08,2.756079367555668,1.9655602406500872e-08,0.00020783104545287837,500000.0,2344722.7166652232
9.315819518555178e-05,8.507041830170557e-05,-6.9281471886967765,584.1199743144571,0.0,0.11124687087858072,359.0647836233915,3.6943463770000476e-13,0.0,0.0003559892704990255,119.70662507556248,1.0035710869301747e-12,6.955413867805121e-11,9.788681621173109e-12,1.667599179362681e-11,2.625844008907295e-08,2.776316315031851,2.0271344565069904e-08,0.0002078756307828131,500000.0,2367470.876867137
9.31868460257905e-05,8.488124402208532e-05,-6.275467136939495,585.2960711980537,0.0,0.1119824066307143,361.4708791510785,3.9488498132423146e-13,0.0,0.0003583746434730115,120.50877831908068,1.0316085805889903e-12,0.0,9.817464623064695e-12,1.3206246806098485e-11,2.7643473366236443e-08,2.794920390232789,2.0845491236226898e-08,0.00020791641568046972,500000.0,2388362.967547456
9.320738194056078e-05,8.475723440412667e-05,-5.800994811529908,586.0586518956114,0.0,0.11246733545055208,363.0598262214595,4.07245549322732e-13,0.0,0.00035994989480060593,121.03850737927621,1.0536063147587026e-12,0.0,9.833904259755728e-12,0.0,2.853851191671142e-08,2.8072062214325073,2.1228284926078053e-08,0.00020794324335113732,500000.0,2402139.0129524553
9.322791785533107e-05,8.46430210981156e-05,-5.321477643198003,586.7530104054479,0.0,0.11291574085589544,364.5315014708479,4.1045267048472796e-13,0.0,0.00036140887528495917,121.52913980310942,1.0754346419598536e-12,6.364225430632672e-11,9.846780923669329e-12,7.652546745838468e-12,2.9229586605823386e-08,2.8185852971134597,2.1584861374165042e-08,0.00020796801600083802,500000.0,2414874.931389236
9.324845377010135e-05,8.45387028949604e-05,-4.837387393804993,587.3783806259535,0.0,0.11332662573114895,365.88263372044986,4.226607758834218e-13,0.0,0.0003627483421682015,121.97958503312891,1.0968023855996108e-12,0.0,9.856052100426891e-12,2.637178558321927e-12,3.0068412813087315e-08,2.8290323244076263,2.1913390299890544e-08,0.0002079906960903027,500000.0,2426539.0145604988
9.326898968487164e-05,8.444436872391393e-05,-4.3492120836122785,587.9341923571719,0.0,0.1136990734111571,367.1102081615693,4.2859391761108386e-13,0.0,0.0003639653066094087,122.38883798181405,1.1179983449794454e-12,0.0,9.861685521297288e-12,0.0,3.075387532047146e-08,2.8385239927493013,2.221218997265525e-08,0.00020801124940938656,500000.0,2437102.5320980796
9.328400087217342e-05,8.438177516389244e-05,-3.9900738654979953,588.2962590296561,0.0,0.11394652349726637,367.9277732847696,4.2968339043893544e-13,0.0,0.00036477579763694403,122.66140052744062,1.1332516448705615e-12,3.9936246658854803e-11,9.863486957859227e-12,6.704503324811627e-12,3.10990230788639e-08,2.844845445825474,2.241091995511494e-08,0.0002080249099974719,500000.0,2444113.1010946413
9.329901205947522e-05,8.43245858109226e-05,-3.629221608144016,588.6209165416019,0.0,0.11417269653246545,368.6768753390484,4.387714023552759e-13,0.0,0.00036551841080321475,122.91113853775497,1.1484853156598055e-12,0.0,9.86332416522605e-12,0.0,3.159211840068878e-08,2.8506375370135912,2.259243213817537e-08,0.0002080374069514583,500000.0,2450513.1818723567
9.3314023246777e-05,8.4272824872627e-05,-3.2668588367089844,588.9081968719224,0.0,0.11437732547589786,369.35662709470137,4.428578568635541e-13,0.0,0.00036619226657957514,123.13775622542852,1.1636291147131927e-12,0.0,9.861192858493427e-12,0.0,3.19242034338524e-08,2.8558934062245425,2.275626664421895e-08,0.0002080487305683865,500000.0,2456295.114827351
9.332903443407878e-05,8.422651348035604e-05,-2.9031916391690884,589.1582275741205,0.0,0.1145601711935275,369.96623002722737,4.4246785585684647e-13,0.0,0.0003667965735170039,123.34098737615291,1.178274356925362e-12,3.405197817593931e-11,9.857091319472239e-12,9.391344679919086e-12,3.214159615115693e-08,2.8606068791694255,2.2902032692029404e-08,0.0002080588722385523,500000.0,2461452.414028311
9.334005672899882e-05,8.419598869874264e-05,-2.63545115291,589.3182352601924,0.0,0.11468043667609427,370.3687656382262,4.4734273852866973e-13,0.0,0.0003671956060492809,123.47518575860305,1.1887361507072748e-12,0.0,9.852826178773825e-12,0.0,3.24422301341578e-08,2.8637192978855,2.2997374594566106e-08,0.00020806556202860674,500000.0,2464838.4831249136
9.335107902391885e-05,8.416841790845766e-05,-2.367202444491949,589.4584285589794,0.0,0.11478876982269275,370.732848752131,4.491549857293142e-13,0.0,0.00036755651499160194,123.59656467229887,1.199067415117534e-12,0.0,9.847501395293655e-12,0.0,3.260608050885924e-08,2.866534398966064,2.3082708102069656e-08,0.00020807160792115492,500000.0,2467883.35047712
9.336210131883886e-05,8.41438062536887e-05,-2.0985286608146914,589.5789984343631,0.0,0.1148851057845506,371.05825879775017,4.48882851312739e-13,0.0,0.0003678790818146438,123.70505058279903,1.2091633090385914e-12,2.326550837137406e-11,9.841118961674299e-12,1.0497157738967031e-11,3.270338677225709e-08,2.869050476882296,2.3157965139616226e-08,0.0002080770076674351,500000.0,2470585.8763881973
9.337312361375889e-05,8.41221579612177e-05,-1.8295130380457634,589.6801961094518,0.0,0.11496938835703033,371.3448030607234,4.5275344435017526e-13,0.0,0.000368163115496065,123.80057924272222,1.2190787051819046e-12,0.0,9.833681951791427e-12,0.0,3.292871699239262e-08,2.87126604153499,2.3223108446401878e-08,0.000208081759352372,500000.0,2472945.4199267444
9.338106582515577e-05,8.410839792463328e-05,-1.6355063098476457,589.7412872073921,0.0,0.11502262003902868,371.5270892213809,4.5431237415052395e-13,0.0,0.0003683437996121232,123.86135007822263,1.2261406992915045e-12,0.0,9.82767159457098e-12,0.0,3.298157326052229e-08,2.8726754795272305,2.326377594796329e-08,0.00020808478059784104,500000.0,2474432.9366373667
9.338900803655265e-05,8.40961791611844e-05,-1.441396254595311,589.792643826059,0.0,0.11506955368490696,371.68905756304906,4.5425519249131326e-13,0.0,0.00036850433990739983,123.91534726774901,1.233049386236256e-12,1.6511678152276938e-11,9.821117164169442e-12,1.1788454093484007e-11,3.298770607175483e-08,2.8739278185745594,2.329920291480313e-08,0.0002080874640559116,500000.0,2475742.517054884
9.339695024794953e-05,8.40855023691031e-05,-1.2472136939139613,589.8344579283241,0.0,0.11511017675410845,371.83066327341896,4.566184292120986e-13,0.0,0.00036864469194522806,123.96255587180191,1.2398456057905247e-12,0.0,9.814020570574916e-12,0.0,3.312221617503966e-08,2.875022712138646,2.3329415501977228e-08,0.000208089809333261,500000.0,2476874.5747422487
9.33970411215885e-05,8.408538913122168e-05,-1.2449915844063357,589.8348820134033,0.0,0.11511060499288073,371.83216552807596,4.566538227387446e-13,0.0,0.0003686461808650882,123.96305669398684,1.23992331132731e-12,0.0,9.813936244122428e-12,0.0,3.3117022948689645e-08,2.8750343275491193,2.332973116382291e-08,0.0002080898342094793,500000.0,2476886.5027020182
9.339713199522748e-05,8.40852760952717e-05,-1.242769469457696,589.8353048806998,0.0,0.11511103239660793,371.8336651119416,4.56651378482658e-13,0.0,0.00036864766713743204,123.96355662577128,1.240000538706005e-12,5.338505969293755e-13,9.813851846001777e-12,5.367977878454679e-13,3.310278524761342e-08,2.8750459223164766,2.3330046148212425e-08,0.0002080898590413832,500000.0,2476898.4075097977
9.339747524505896e-05,8.408485095538499e-05,-1.234376013648332,589.8368883973671,0.0,0.11511263933161847,371.8393052742958,4.56515067570135e-13,0.0,0.0003686532572274242,123.9654369449348,1.2402900990752612e-12,6.395884291138071e-12,9.813532413116436e-12,4.55659022991351e-13,3.3055926607119624e-08,2.8750895319857346,2.3331229765336404e-08,0.00020808995243715164,500000.0,2476943.154042195
9.339781849489045e-05,8.408442869655839e-05,-1.2259825142358622,589.8384474975314,0.0,0.11511423451772501,371.8449073281533,4.565534839839114e-13,0.0,0.0003686588095347456,123.96730455931758,1.240580540687898e-12,1.2129150418621587e-11,9.813211971964155e-12,0.0,3.307775761091081e-08,2.8751328469361406,2.3332403535202224e-08,0.000208090045200645,500000.0,2476987.5404509786
9.339816174472192e-05,8.408400931880653e-05,-1.217588973754306,589.839982213431,0.0,0.11511581789412693,371.85047127101836,4.568544686537313e-13,0.0,0.0003686643240564944,123.96915946808791,1.2408736925772197e-12,1.3291459371567139e-11,9.812890525918146e-12,1.6229683987255178e-12,3.30978994634499e-08,2.875175867215167,2.333356726149416e-08,0.00020809013733184427,500000.0,2477031.566848174
9.33985049945534e-05,8.408359282214314e-05,-1.20919539088631,589.8414934611872,0.0,0.11511738943146574,371.8559971004257,4.572377020613013e-13,0.0,0.00036866980079088674,123.97100167042332,1.2411685208622528e-12,1.0508472523563147e-11,9.812568073884568e-12,0.0,3.309010666603256e-08,2.8752185928283938,2.3334720770207317e-08,0.00020809022883073054,500000.0,2477075.2370837876
9.339884824438488e-05,8.408317920658223e-05,-1.2008017686485024,589.8429811592429,0.0,0.11511894917147858,371.8614848139223,4.57529392329307e-13,0.0,0.00036867523973552023,123.97283116550534,1.241463368317201e-12,7.049957826334207e-12,9.812244614072156e-12,0.0,3.308976890576771e-08,2.875261023715193,2.3335863932187966e-08,0.00020809031969728535,500000.0,2477118.550789803
9.339919149421636e-05,8.40827684721369e-05,-1.1924081122657437,589.8444447191766,0.0,0.11512049712225908,371.86693440908056,4.577035889760807e-13,0.0,0.000368680640888605,123.97464795252465,1.241757505670092e-12,4.97072864038926e-12,9.811920145939104e-12,2.4948216071294667e-12,3.31039562497388e-08,2.8753031598484586,2.3336996633945796e-08,0.00020809040993149066,500000.0,2477161.505454885
9.339953474404785e-05,8.408236061881843e-05,-1.1840144252858327,589.8458839409069,0.0,0.11512203323679378,371.87234588351197,4.578218508739985e-13,0.0,0.00036868600424739395,123.97645203068518,1.2420510749562563e-12,4.03030620644703e-12,9.811594669845713e-12,0.0,3.3102027467740566e-08,2.875345001249194,2.33381187511377e-08,0.00020809049953332898,500000.0,2477204.1002097875
9.339987799387932e-05,8.408195564663665e-05,-1.1756207093825615,589.8472990548835,0.0,0.115123557518005,371.8777192348631,4.579299434992126e-13,0.0,0.0003686913298082174,123.97824339920244,1.242344388880303e-12,3.222020991655817e-12,9.811268186306558e-12,0.0,3.308548582675722e-08,2.8753865478974037,2.333923016832108e-08,0.00020809058850278225,500000.0,2477246.3360064295
9.34002212437108e-05,8.408155355560096e-05,-1.1672269663034136,589.8486902709437,0.0,0.11512507003435413,371.8830544608021,4.58028357355005e-13,0.0,0.0003686966175720216,123.98002205729914,1.2426375769869695e-12,2.198863673429709e-12,9.810940695705601e-12,1.1516710534949271e-11,3.309373384258994e-08,2.875427799720846,2.3340330789797143e-08,0.00020809067683983342,500000.0,2477288.2137101
9.340056449354228e-05,8.408115434572031e-05,-1.1588331987912626,589.8500575710837,0.0,0.11512657075568172,371.8883515590191,4.58100071871623e-13,0.0,0.00036870186753778074,123.9817880042051,1.2429305416862392e-12,1.2913470184458795e-12,9.810612198210323e-12,1.2175079432796936e-11,3.312956700905663e-08,2.8754687567147856,2.3341420535655932e-08,0.0002080907645444667,500000.0,2477329.733222332
9.340090774337376e-05,8.408075801700279e-05,-1.1504394099992965,589.8514008473653,0.0,0.1151280595830311,371.8936105272311,4.581403832751449e-13,0.0,0.0003687070796959865,123.98354123915922,1.2432230923839363e-12,7.969654244289683e-13,9.810282693841493e-12,0.0,3.313740342781304e-08,2.875509418938462,2.3342499334311842e-08,0.00020809085161666612,500000.0,2477370.894064349
9.340125099320525e-05,8.408036456945521e-05,-1.1420456027676527,589.8527200607841,0.0,0.11512953657486853,371.89883136318724,4.581606889504784e-13,0.0,0.00036871225404693625,123.98528176141119,1.2435151436961476e-12,6.295495045936229e-13,9.809952182676553e-12,7.981948213384249e-12,3.3090336530209764e-08,2.875549786358562,2.3343567121815108e-08,0.000208090938056415,500000.0,2477411.6960497997
9.340188848130137e-05,8.407964149791834e-05,-1.1264564744366221,589.8551061565745,0.0,0.11513224822161655,371.9084263872191,4.581860233164314e-13,0.0,0.00036872176358959745,123.98848054999755,1.244056352852772e-12,9.55689661642141e-13,9.809335682582265e-12,2.5185453932440103e-11,3.302415481870817e-08,2.87562397495823,2.3345520814932455e-08,0.00020809109691536452,500000.0,2477486.52132308
9.340252596939751e-05,8.407892836427854e-05,-1.1108673095464559,589.8574090928264,0.0,0.11513491891436663,371.91788986229716,4.582391050538826e-13,0.0,0.0003687311426744927,123.99163548220533,1.2445965281606975e-12,1.6738576511215862e-12,9.808715712485987e-12,1.509812502897223e-11,3.3062278742113264e-08,2.875697146459414,2.3347435983884547e-08,0.00020809125359269031,500000.0,2477560.107924657
9.340316345749365e-05,8.407822516855327e-05,-1.095278123528555,589.8596292396581,0.0,0.11513754892007505,371.92722177478055,4.583350806388897e-13,0.0,0.0003687403913337013,123.99474655348703,1.245136329928006e-12,1.8815086587564138e-12,9.808092274173003e-12,5.414982339016704e-11,3.308859883188691e-08,2.875769300679744,2.3349312361331113e-08,0.00020809140808829868,500000.0,2477632.457288968
9.340380094558979e-05,8.407753191075017e-05,-1.0796889319999814,589.8617669283414,0.0,0.11514013836787652,371.93642211134477,4.584384815943125e-13,0.0,0.0003687495095994766,123.99781375940046,1.2456757779992309e-12,1.2618148414207148e-12,9.807465368887293e-12,6.453691391127588e-11,3.31131707477076e-08,2.875840437444333,2.335114975879797e-08,0.00020809156040209884,500000.0,2477703.5706884223
9.340443843368592e-05,8.407684859086751e-05,-1.064099752459283,589.8638220810054,0.0,0.11514268705527238,371.94549085897626,4.585008714462868e-13,0.0,0.00036875849739088955,124.00083709560705,1.246214202960829e-12,4.706577956963931e-13,9.806834997527559e-12,0.0,3.325328826449022e-08,2.8759105566928174,2.3352948036825903e-08,0.0002080917105340051,500000.0,2477773.4476675424
9.340507592178206e-05,8.407617520889263e-05,-1.0485106032041862,589.8657944229577,0.0,0.11514519498312402,371.95442800499137,4.585201533562975e-13,0.0,0.0003687673546803385,124.00381655787851,1.246751246994286e-12,7.370493128033537e-14,9.806201161362858e-12,0.0,3.327925541820683e-08,2.875979658439947,2.3354707061116225e-08,0.000208091858483939,500000.0,2477842.0869418844
9.34057134098782e-05,8.407551176480086e-05,-1.0329215018572393,589.8676838321605,0.0,0.11514766217423351,371.96323353705236,4.58518101885429e-13,0.0,0.0003687760815362438,124.00675214210165,1.2472868595193137e-12,9.825129443835493e-14,9.80556386169802e-12,1.406115721044984e-10,3.298087738581597e-08,2.87604774268268,2.3356426722767934e-08,0.00020809200425182483,500000.0,2477909.4878754877
9.340635089797434e-05,8.407485825855592e-05,-1.0173324652803761,589.8694903701514,0.0,0.11515008855984522,371.97190744316134,4.585170568537048e-13,0.0,0.0003687846779486915,124.00964384427681,1.2478211608369957e-12,1.9511945199210087e-13,9.804923099960634e-12,8.036669906678812e-11,3.295921125454732e-08,2.876114809060949,2.3358106924560762e-08,0.00020809214783758858,500000.0,2477975.6506116744
9.340698838607048e-05,8.407421469011089e-05,-1.001743510306585,589.8712141104194,0.0,0.11515247412082616,371.9804497116479,4.585224946529457e-13,0.0,0.0003687931437139115,124.0124916605135,1.2483541892786025e-12,1.5028842424933123e-13,9.804278877658279e-12,0.0,3.356219558563877e-08,2.8761808573191234,2.335974757912747e-08,0.00020809228924116086,500000.0,2478040.5753494273
9.340762587416662e-05,8.407358105940844e-05,-0.9861546538532053,589.8728550469842,0.0,0.11515481895495364,371.9888603311661,4.58528932709955e-13,0.0,0.00036880147900686703,124.01529558702931,1.2488862360704017e-12,1.86104273692471e-14,9.803631196288698e-12,3.783827310266881e-10,3.3449743695423214e-08,2.8762458879890986,2.336134862053649e-08,0.00020809242846248077,500000.0,2478104.261952047
9.340826336226275e-05,8.407295736638051e-05,-0.9705659131852483,589.8744131754237,0.0,0.11515712211434671,371.99713929069975,4.585300265213773e-13,0.0,0.00036880968403333713,124.01805562015139,1.2494171479660417e-12,0.0,9.802980057198433e-12,5.397391468105164e-10,3.2388567926920917e-08,2.876309901574269,2.336290999458578e-08,0.00020809256550148754,500000.0,2478166.7102868427
9.340923135805507e-05,8.40720293191655e-05,-0.9468954013839502,589.8766206460494,0.0,0.11516054263648905,372.0094587348631,4.585249350634575e-13,0.0,0.0003688218934568933,124.02216266559367,1.2502212542296829e-12,2.0605941011681505e-14,9.80198472461511e-12,1.4531339205497893e-10,3.262395918138933e-08,2.8764051549581846,2.3365204923879313e-08,0.00020809276941592252,500000.0,2478259.166687645
9.34101993538474e-05,8.407112418473365e-05,-0.9232252565224478,589.8786370458032,0.0,0.11516387015640546,372.0214745501376,4.585183410853034e-13,0.0,0.0003688338016417898,124.0261684858823,1.2510224916153165e-12,1.689140559810678e-14,9.80098142744742e-12,3.55182782059706e-12,3.319884633350654e-08,2.8764980599695815,2.336740820524258e-08,0.00020809296829829005,500000.0,2478348.766846153
9.34120276276296e-05,8.406947714303146e-05,-0.8785201732343692,589.8819242790997,0.0,0.11516989957915016,372.04334065320893,4.584893925068973e-13,0.0,0.0003688554714571568,124.03345818057292,1.2525291556731207e-12,0.0,9.799064769724698e-12,9.919070370170668e-11,3.3743408823307956e-08,2.8766671258602003,2.337131932809688e-08,0.0002080933302035839,500000.0,2478510.20377244
9.341385590141179e-05,8.406791183276315e-05,-0.8338170147836506,589.8845300736758,0.0,0.11517559298272999,372.06412329752294,4.584507766876791e-13,0.0,0.00036887606712854905,124.04038666695325,1.254026137388108e-12,0.0,9.797119752013005e-12,8.129850141603115e-11,3.357339022397138e-08,2.8768278149531836,2.3374902838370822e-08,0.00020809367415678282,500000.0,2478661.4490836565
9.3415684175194e-05,8.406642825003872e-05,-0.7891161860534595,589.8864544720044,0.0,0.11518094947877003,372.083822292415,4.584255245315706e-13,0.0,0.0003688955882884036,124.04695388146112,1.2555115409056793e-12,3.052609689181832e-17,9.795146408417943e-12,7.045198356862432e-12,3.320778269724187e-08,2.876980125937041,2.3378158324097973e-08,0.00020809400015730787,500000.0,2478802.501049926
9.34175124489762e-05,8.406502639022985e-05,-0.7444180908297248,589.8876974465013,0.0,0.11518596962186077,372.1024374696548,4.584163465677531e-13,0.0,0.0003689140347121443,124.05315976801405,1.256985307829837e-12,0.0,9.793144773906053e-12,0.0,3.3129712069607044e-08,2.8771240569750223,2.3381085431650935e-08,0.00020809430820487547,500000.0,2478933.357853213
9.34193407227584e-05,8.406370624797091e-05,-0.6997231318932299,589.8882589784463,0.0,0.11519065377469105,372.11996868343925,4.584137510571821e-13,0.0,0.00036893140635336065,124.0590042780069,1.258448590649294e-12,9.730848397199965e-16,9.791114884215037e-12,2.0220902290821453e-12,3.31723595877076e-08,2.877259606829042,2.338368394000737e-08,0.00020809459829949185,500000.0,2479054.0179142496
9.342416987069739e-05,8.406061220112353e-05,-0.5816852796143859,589.8864653017273,0.0,0.11520140972437731,372.1610614060753,4.584364910468222e-13,0.0,0.00036897212185676943,124.07270362504421,1.2622635965812827e-12,1.2150837173530965e-15,9.785617583649497e-12,8.035934255207634e-12,3.325348810689399e-08,2.877577332584226,2.3388966590978746e-08,0.0002080952782131741,500000.0,2479323.6808597394
9.342899901863637e-05,8.405808809775136e-05,-0.46367954348216506,589.8799180723046,0.0,0.11520982360366727,372.1945892449809,4.584503857019337e-13,0.0,0.0003690053373110403,124.08388095755963,1.2660120507521581e-12,1.4666294658939096e-15,9.779924093030369e-12,2.8202818287988686e-12,3.318314423752595e-08,2.877836566153541,2.339195490275808e-08,0.00020809583289102345,500000.0,2479522.1810452286
9.343382816657537e-05,8.40561337672856e-05,-0.3457133411293441,589.86861836664,0.0,0.11521589704905787,372.2205517387496,4.584360885022395e-13,0.0,0.0003690310524840069,124.09253612178372,1.269696085863908e-12,1.9552669610867214e-15,9.774035124525408e-12,2.6196459637038e-13,3.3130901308843365e-08,2.8780373031648434,2.339264871083642e-08,0.0002080962623601277,500000.0,2479649.5157400407
9.343865731451435e-05,8.405474900233587e-05,-0.22779408205893847,589.8525678923612,0.0,0.11521963004998469,372.2389495311036,4.584005447248114e-13,0.0,0.0003690492679315542,124.09866933237906,1.2733147571500239e-12,2.1260244385788724e-15,9.76795141746587e-12,2.8714090110592714e-13,3.311056128018538e-08,2.8781795488616564,2.3391048532502724e-08,0.00020809656666148622,500000.0,2479705.6949199312
9.34461143244872e-05,8.405372891205782e-05,-0.045816448673645975,589.8184567436646,0.0,0.1152207979818965,372.2525038738084,4.583177769192588e-13,0.0,0.00036906266811831374,124.10318763458235,1.2787725400835226e-12,2.094040294880565e-15,9.758176422217361e-12,3.19408078119714e-13,3.3068252592973286e-08,2.878284340340121,2.33840744999715e-08,0.00020809679081979285,500000.0,2479652.729968379
9.345357133446005e-05,8.405406526422083e-05,0.13600443734031678,589.7730336337725,0.0,0.11521638996331761,372.24803656843136,4.582069885188474e-13,0.0,0.0003690582011318438,124.101697800346,1.2840720833651852e-12,2.0771121143932405e-15,9.747941866618111e-12,2.908578468190001e-13,3.300856615762255e-08,2.8782497871318307,2.3371641565000123e-08,0.00020809671692219997,500000.0,2479430.292764698
9.346102834443289e-05,8.405575679833634e-05,0.3176414835610884,589.7163118355724,0.0,0.1152064125515462,372.22556522525343,4.580644835044679e-13,0.0,0.0003690358844326588,124.09420570086787,1.2892143373441982e-12,2.1025587641717168e-15,9.737250846661867e-12,2.9790509368969693e-13,3.293571600795164e-08,2.8780760254635562,2.3353762557886116e-08,0.000208096345307974,500000.0,2479038.5886319727
9.346848535440573e-05,8.405880204112679e-05,0.4990677029692119,589.6483076430267,0.0,0.11519087451394121,372.1851137607352,4.578829971403434e-13,0.0,0.0003689957417785464,124.08071930972716,1.294200514711875e-12,2.105410278402848e-15,9.72610660921303e-12,2.986530408311759e-13,3.2848453785737904e-08,2.877763240193344,2.3330455277640582e-08,0.0002080956763970833,500000.0,2478477.892772605
9.347594236437857e-05,8.406319931419668e-05,0.6802562264839476,589.5690402780082,0.0,0.11516978647333508,372.12671228014597,4.576566172839375e-13,0.0,0.0003689378030542058,124.06124866375448,1.2990313387376675e-12,2.0982475383131813e-15,9.714512546992971e-12,2.980854001000482e-13,3.274675387135627e-08,2.8773116640577943,2.3301742162857357e-08,0.0002080947106873087,500000.0,2477748.5489889286
9.348339937435142e-05,8.406894674175773e-05,0.8611803147676066,589.4785317807217,0.0,0.11514316082612966,372.0503969555396,4.57381332691259e-13,0.0,0.0003688621041428752,124.03580582235055,1.3037070520015418e-12,2.0994005727107983e-15,9.702472193619549e-12,2.946335319999788e-13,3.2630892504838117e-08,2.8767215767503886,2.3267650141655012e-08,0.00020809344875131778,500000.0,2476850.968282234
9.349085638432427e-05,8.407604225234955e-05,1.0418133716769205,589.376806979132,0.0,0.11511101179513934,371.9562099796532,4.570538906473246e-13,0.0,0.0003687686868918264,124.00440485211674,1.3082276592630739e-12,2.1024754838145387e-15,9.689989220541492e-12,2.933251375037878e-13,3.2501144750007514e-08,2.8759933045310437,2.3228210662867635e-08,0.00020809189123599582,500000.0,2475785.6282775924
9.349359571389356e-05,8.407898690991283e-05,1.1080905135946715,589.3366268524667,0.0,0.11509781780355578,371.9171313726924,4.569199167802077e-13,0.0,0.0003687299294696353,123.99137647011779,1.3098493238207827e-12,2.1019856222324567e-15,9.685293192880159e-12,2.924754952842886e-13,3.245002201745896e-08,2.8756911416158646,2.3212386571959547e-08,0.00020809124498993197,500000.0,2475352.2494410425
9.349633504346285e-05,8.408211306225144e-05,1.174323507543639,589.2949382982509,0.0,0.11508388146975083,371.87565010128276,4.567782899950324e-13,0.0,0.0003686887899979581,123.97754707743262,1.3114500438706535e-12,2.1022137476362174e-15,9.680538141285403e-12,2.9174541396015354e-13,3.239704840312468e-08,2.8753704011256582,2.3195847611683505e-08,0.00020809055899162314,500000.0,2474896.3341889894
9.349893177337663e-05,8.408524393576767e-05,1.2370667083894908,589.2540285883645,0.0,0.11506998604080305,371.8341123366695,4.566368139036239e-13,0.0,0.0003686475952534945,123.96369886052413,1.312948092858617e-12,2.102628826724874e-15,9.675976303031781e-12,2.908984129700899e-13,3.2345138397534135e-08,2.8750492240497874,2.3179511419325744e-08,0.00020808987203782187,500000.0,2474443.3726248383
9.34991042245369e-05,8.408545762852002e-05,1.2412320673803268,589.2512638203447,0.0,0.11506903965924527,371.83127746769674,4.566271661499149e-13,0.0,0.00036864478381959213,123.96275374787099,1.3130469127355928e-12,2.10263522746614e-15,9.67567147945772e-12,2.9086869549910143e-13,3.234163292659087e-08,2.8750273043671957,2.317840387823491e-08,0.00020808982515379862,500000.0,2474412.57555307
9.349927667569716e-05,8.408567203957716e-05,1.2453972385501555,589.2484925152758,0.0,0.11506809034290774,371.8284330984671,4.566174867906351e-13,0.0,0.0003686419629669546,123.96180546798114,1.3131456495280448e-12,2.1026429101343206e-15,9.675366423529865e-12,2.9086084063296107e-13,3.2338120036178815e-08,2.8750053112279317,2.317729351587849e-08,0.00020808977811255126,500000.0,2474381.686997356
9.349944912685743e-05,8.408588716890645e-05,1.2495622181797836,589.2457138967563,0.0,0.11506713809202947,371.825579229705,4.566077757885295e-13,0.0,0.0003686391326963003,123.96085402109607,1.3132443032345935e-12,2.1026518307636844e-15,9.675061135299464e-12,2.9080651545571036e-13,3.233459898437588e-08,2.874983244637599,2.317618031816241e-08,0.00020808973091409035,500000.0,2474350.7036813986
9.349973087047569e-05,8.408624018361302e-05,1.2563663760139214,589.2411581706472,0.0,0.11506557603075547,371.8208962602217,4.565918421734656e-13,0.0,0.0003686344884557984,123.95929277323971,1.3134053008482891e-12,2.1026684154751173e-15,9.674561868281212e-12,2.9071448261991615e-13,3.23288274325492e-08,2.874947035136675,2.3174355462778886e-08,0.00020808965346497368,500000.0,2474299.8788712276
9.350001261409396e-05,8.408659511527474e-05,1.2631700163362727,589.236582034852,0.0,0.11506400613841059,371.8161879400525,4.565758238250438e-13,0.0,0.0003686298190821478,123.95772307386207,1.3135660766885719e-12,2.102686788989795e-15,9.67406198157689e-12,2.906330673000294e-13,3.2323031176601715e-08,2.874910629622425,2.317252288121875e-08,0.00020808957559630383,500000.0,2474248.7974185585
9.350029435771223e-05,8.408695196374565e-05,1.2699731374670598,589.231985443976,0.0,0.11506242841606441,371.81145427241967,4.56559720568884e-13,0.0,0.00036862512457854445,123.95614492403739,1.3137266307538318e-12,2.102706390449093e-15,9.673561475416194e-12,2.905518112601556e-13,3.2317209879897264e-08,2.874874028119764,2.317068247832274e-08,0.0002080894973081284,500000.0,2474197.4591607233
9.35005761013305e-05,8.408731072887931e-05,1.2767757383480123,589.2273684951568,0.0,0.11506084286479129,371.8066952605589,4.565435322262247e-13,0.0,0.0003686204049481979,123.95455832484447,1.3138869630421957e-12,2.1027268438253876e-15,9.673060350029198e-12,2.90467227232005e-13,3.2311363658955367e-08,2.874837230653711,2.3168834167408436e-08,0.0002080894186004952,500000.0,2474145.864537817
9.350085784494876e-05,8.408767141052895e-05,1.2835778178373651,589.2227312660686,0.0,0.11505924948566884,371.8019109077172,4.565272586143132e-13,0.0,0.0003686156601943285,123.95296327736575,1.3140470735512858e-12,2.1027478860099026e-15,9.672558605646045e-12,2.9038428106231226e-13,3.2305492661823114e-08,2.8748002372493717,2.31669778720481e-08,0.0002080893394734521,500000.0,2474094.0139077315
9.350147910182809e-05,8.408847350071349e-05,1.2985748483707673,589.2124344082897,0.0,0.11505570836034305,371.7912716730374,4.564910723522008e-13,0.0,0.00036860510904538236,123.94941628087754,1.3143993404556661e-12,2.102795480363145e-15,9.67145005139036e-12,2.9019346518536676e-13,3.2292459537510174e-08,2.8747179729424515,2.3162856140937115e-08,0.0002080891635130948,500000.0,2473978.776941691
9.35023284372107e-05,8.408958513173317e-05,1.3190735125963513,589.1981981420197,0.0,0.11505080564640692,371.77652723765186,4.564409251698335e-13,0.0,0.0003685904867442532,123.94450065925194,1.314879188171472e-12,2.1028613256171955e-15,9.669929656307005e-12,2.8992770103560225e-13,3.2274447568079886e-08,2.8746039665689547,2.315715687610076e-08,0.00020808891965505287,500000.0,2473819.221950137
9.350317777259329e-05,8.409071417094923e-05,1.3395673593091306,589.1837785401314,0.0,0.11504583185758512,371.7615526990168,4.563899922158853e-13,0.0,0.0003685756363145352,123.93950832481099,1.3153570202201959e-12,2.1029259849067976e-15,9.66840364906701e-12,2.896655487952971e-13,3.2256212453285323e-08,2.8744881810206078,2.315138215367388e-08,0.00020808867198831297,500000.0,2473657.346226926
9.35040271079759e-05,8.409186061425861e-05,1.3600563506226275,589.1691761809291,0.0,0.11504078702418631,371.7463481486928,4.563382680429007e-13,0.0,0.00036856055784704176,123.93443930807994,1.3158328364545823e-12,2.1029884963695364e-15,9.666872036020056e-12,2.894034838489097e-13,3.2237755277841575e-08,2.8743706170053707,2.3145531073253067e-08,0.0002080884205142204,500000.0,2473493.1530494913
9.350487644335851e-05,8.409302445752097e-05,1.380540447692554,589.1543914089737,0.0,0.11503567117683758,371.73091367929175,4.562857470970756e-13,0.0,0.000368545251433628,123.92929363993453,1.31630663668893e-12,2.1030488895917723e-15,9.665334823534278e-12,2.8913698805128977e-13,3.221907679824377e-08,2.874251275239333,2.3139603096949952e-08,0.00020808816523413545,500000.0,2473326.644716824
9.350572577874111e-05,8.40942056965606e-05,1.4010196112828477,589.1394244677101,0.0,0.11503048434647774,371.71524938444986,4.562324237888403e-13,0.0,0.0003685297171671648,123.92407135159186,1.3167784207033463e-12,2.103107186115019e-15,9.663792017997282e-12,2.888464045413702e-13,3.2200177707463025e-08,2.874130156446503,2.313359789774352e-08,0.00020808790614943224,500000.0,2473157.8231100845
9.350657511412372e-05,8.409540432716937e-05,1.4214938023511576,589.1242756359998,0.0,0.11502522656434692,371.6993553587884,4.561782925436689e-13,0.0,0.00036851395514149904,123.91877247459756,1.3172481882482695e-12,2.1031633651192827e-15,9.662243625816459e-12,2.8856773805428236e-13,3.218105871034924e-08,2.874007261358506,2.3127515246332555e-08,0.00020808764326149778,500000.0,2472986.690269513
9.350742444950633e-05,8.409662034510726e-05,1.4419629821321323,589.1089452471571,0.0,0.11501989786198394,371.6832316979059,4.561233478179928e-13,0.0,0.00036849796545144694,123.91339704082299,1.317715939045077e-12,2.1032174680233263e-15,9.66068965341868e-12,2.883071369343852e-13,3.216172060759191e-08,2.873882590714525,2.3121354981855978e-08,0.00020808737657173156,500000.0,2472813.248474789
9.350914717028556e-05,8.409914019624464e-05,1.4834654022856941,589.0772941308277,0.0,0.11500887189026102,371.64982295972874,4.560093815059003e-13,0.0,0.00036846483449802465,123.90225897361591,1.3186584904713884e-12,2.103320305607389e-15,9.65752059460038e-12,2.8774316324187443e-13,3.212182722700251e-08,2.873624269233647,2.3108621357928344e-08,0.00020808682397022334,500000.0,2472454.371797012
9.351086989106481e-05,8.410173152633563e-05,1.5249467238344272,589.0449002178271,0.0,0.11499755454876182,371.6154707037359,4.558920004300213e-13,0.0,0.00036843076812495854,123.89080635237482,1.319592740594846e-12,2.103413672675593e-15,9.654328658962576e-12,2.871534786680574e-13,3.208104242561941e-08,2.8733586524054933,2.309556811488685e-08,0.0002080862557454993,500000.0,2472086.0245252997
9.351259261184406e-05,8.410439429875752e-05,1.566406624856657,589.0117662542365,0.0,0.11498594611206339,371.58017576503767,4.557711600468191e-13,0.0,0.0003683957671605038,123.87903945551516,1.3205186859499542e-12,2.103497700101533e-15,9.651113900852536e-12,2.865556094406123e-13,3.2039372898413634e-08,2.873085746687254,2.3082195900178584e-08,0.0002080856719097275,500000.0,2471708.2258852306
9.351431533262331e-05,8.410712847633165e-05,1.6078447835184417,588.9778948270114,0.0,0.1149740468598245,371.5439389954128,4.556468168800937e-13,0.0,0.0003683598324494393,123.86695856700943,1.3214363225807196e-12,2.1035724825880202e-15,9.647876374935446e-12,2.859471739385928e-13,3.19968251997123e-08,2.872805558665003,2.3068505688453312e-08,0.00020808507247529483,500000.0,2471320.9945863793
9.351603805340256e-05,8.410993402132433e-05,1.649260878223763,588.943288399836,0.0,0.11496185707677432,371.50676126326704,4.555189286029002e-13,0.0,0.00036832296485302606,123.85456397637313,1.3223456460616146e-12,2.1036379405959473e-15,9.64461613619451e-12,2.8532073429536343e-13,3.195340577458611e-08,2.872518095053372,2.3054498579675973e-08,0.00020808445745480644,500000.0,2470924.348973435
9.351911660957036e-05,8.411512522085983e-05,1.7232167873323452,588.8796228894139,0.0,0.11493935096927392,371.4379830419182,4.55281431252398e-13,0.0,0.0003682547609452059,123.83163418556737,1.323949918260418e-12,2.103731920839867e-15,9.638733600398219e-12,2.8418635660469765e-13,3.18736633166324e-08,2.871986292052854,2.3028681938616887e-08,0.00020808331962103308,500000.0,2470192.144386377
9.352405372883912e-05,8.412392542819387e-05,1.841666983468659,588.7726714775253,0.0,0.11490132677315894,371.32142778541083,4.548760814037874e-13,0.0,0.0003681391804194529,123.79277615364097,1.3264671706734943e-12,2.1038217905478075e-15,9.629149437222695e-12,2.822965632741453e-13,3.1740102897618494e-08,2.8710850706590407,2.2985191749064764e-08,0.0002080813912192321,500000.0,2468955.5160807096
9.352718762313978e-05,8.412981469517072e-05,1.9167533812056208,588.7017026413392,0.0,0.11487595920269016,371.24345398108875,4.546027995581748e-13,0.0,0.00036806185958504077,123.76678069614383,1.328029469609926e-12,2.10383832413279e-15,9.622970254583258e-12,2.8103136030590483e-13,3.1651753589262433e-08,2.870482166668866,2.295626394932764e-08,0.00020808010102579464,500000.0,2468130.8437286513
9.353032151744043e-05,8.413593914868034e-05,1.9917588675930566,588.6283568169855,0.0,0.11484963774284497,371.1623894401291,4.543168580194172e-13,0.0,0.00036798147455217677,123.73975483564635,1.3295641048262723e-12,2.1038246903478907e-15,9.616717300645398e-12,2.797312210453326e-13,3.156067695973976e-08,2.8698553648838074,2.2926318528425625e-08,0.0002080787595875498,500000.0,2467275.4627736746
9.353345541174109e-05,8.414229853218052e-05,2.0666815390192292,588.5526466929747,0.0,0.11482236437515281,371.07824026735835,4.540180608094548e-13,0.0,0.0003678980313750501,123.71170060741784,1.3310710296241382e-12,2.103781579074325e-15,9.610390923105551e-12,2.783923170499523e-13,3.1466911628145275e-08,2.869204712507157,2.289536258706244e-08,0.00020807736699186437,500000.0,2466389.4827876636
9.353658930604174e-05,8.414889258317342e-05,2.1415194989445623,588.4745845463593,0.0,0.11479414113504396,370.9910127444726,4.53706222802137e-13,0.0,0.000367811536283181,123.68262010569315,1.332550194086313e-12,2.1037081375285342e-15,9.603991472967766e-12,2.770279391837941e-13,3.137049617377896e-08,2.868530258109776,2.2863403842701132e-08,0.00020807592332842102,500000.0,2465473.013246817
9.35397232003424e-05,8.415572103321833e-05,2.21627085701514,588.3941820165402,0.0,0.1147649701115692,370.90071332917046,4.533811697262108e-13,0.0,0.0003677219956805601,123.6525154833835,1.3340015452333857e-12,2.1036035826125916e-15,9.597519304502345e-12,2.7558467863353634e-13,3.1271468915749103e-08,2.8678320516233846,2.2830450378500187e-08,0.00020807442868921207,500000.0,2464526.16256681
9.354285709464307e-05,8.416278360795755e-05,2.2909337300284176,588.3114503186374,0.0,0.11473485344707968,370.80734865409545,4.530427380240921e-13,0.0,0.0003676294161445997,123.62138895172379,1.3354250274300747e-12,2.1034688061906034e-15,9.590974775221937e-12,2.741336108837821e-13,3.11698679711205e-08,2.867110144332389,2.2796509990842464e-08,0.00020807288316852305,500000.0,2463549.038991695
9.354599098894372e-05,8.417008002714652e-05,2.365506243079414,588.2264004915007,0.0,0.11470379333687915,370.710925525703,4.526907743633924e-13,0.0,0.0003675338044250112,123.58924277989497,1.3368205827940902e-12,2.1033054698592785e-15,9.584358245851984e-12,2.727144062621107e-13,3.106573169836044e-08,2.866364588865115,2.2761590181315708e-08,0.00020807128686291384,500000.0,2462541.751627165
9.35513423457551e-05,8.418307895969503e-05,2.492630123551494,588.0758435979592,0.0,0.11464858138929136,370.5392257112654,4.5205808325574744e-13,0.0,0.00036736355071150895,123.53200039127991,1.3391388667208333e-12,2.1029574140956134e-15,9.572894630687741e-12,2.7015935398079237e-13,3.0882160735585245e-08,2.8650369851895165,2.269971992731106e-08,0.0002080684439371509,500000.0,2460752.318311305
9.355669370256648e-05,8.41967574373523e-05,2.6194758563180125,587.9186115598204,0.0,0.11459063665621143,370.3586643629485,4.5138487007866696e-13,0.0,0.00036718451159093053,123.47180370695212,1.3413752362163195e-12,2.1025205064251135e-15,9.561223972216471e-12,2.674887454511098e-13,3.069150283074947e-08,2.8636408635129804,2.2635055260208417e-08,0.00020806545372860065,500000.0,2458875.8054642477
9.356204505937787e-05,8.421111394711162e-05,2.7460342804191047,587.7547557705146,0.0,0.11452997112015609,370.1692788262393,4.5067056103008845e-13,0.0,0.0003669967240961278,123.40866517738587,1.3435293702754837e-12,2.101997082989597e-15,9.54934812910777e-12,2.647366347725848e-13,3.049395258000067e-08,2.862176512595058,2.256763543265539e-08,0.0002080623167633287,500000.0,2456912.7730341638
9.356739641618926e-05,8.42261469271425e-05,2.872296311442038,587.5843262456376,0.0,0.114466597197122,369.97110787179247,4.4991465654981845e-13,0.0,0.0003668002266726959,123.34259772818284,1.3456009395727934e-12,2.101388055447001e-15,9.537268985288202e-12,2.6190068492834406e-13,3.0289705823806924e-08,2.8606442322147743,2.2497500111294667e-08,0.0002080590335860983,500000.0,2454863.7881871816
9.357714559704228e-05,8.425526773471055e-05,3.1015310585260045,587.2570970260564,0.0,0.11434422231831144,369.58762745262015,4.484292601666944e-13,0.0,0.0003664199880424155,123.21475071548537,1.3491616350273902e-12,2.100057382609319e-15,9.514746721659716e-12,2.565392747811964e-13,2.990103921687313e-08,2.8576791189529733,2.2362878722048737e-08,0.0002080526782768316,500000.0,2450911.8717920585
9.358380014392557e-05,8.427642588896551e-05,3.2573912887685443,587.0214497449258,0.0,0.11425559650121662,369.30933633804966,4.473342271825185e-13,0.0,0.0003661440518253376,123.12197237718091,1.3514330327225155e-12,2.0989842175353832e-15,9.498995779681227e-12,2.5274134766139876e-13,2.9623974513852798e-08,2.855527341791087,2.2266017543549054e-08,0.0002080480645348834,500000.0,2448053.490784865
9.359045469080885e-05,8.429861952098253e-05,3.412737385250825,586.7759356505508,0.0,0.11416286735415733,369.01772577822334,4.4617281319080054e-13,0.0,0.0003658549106588011,123.02475354648266,1.3535746495078248e-12,2.0977802402026867e-15,9.482942688106484e-12,2.488430658994063e-13,2.9337805598010262e-08,2.853272577759815,2.2165214635152813e-08,0.00020804322841382896,500000.0,2445065.8968028044
9.359710923769215e-05,8.432184515402892e-05,3.5675527210164817,586.5206434329008,0.0,0.11406606289375154,368.7128839647411,4.4494469850988487e-13,0.0,0.0003655526519902882,122.92312362521638,1.3555858591536537e-12,2.0964455638157498e-15,9.466591300596883e-12,2.448493584288402e-13,2.9042921898604712e-08,2.8509155087656266,2.2060551464084594e-08,0.00020803817114068823,500000.0,2441950.272257466
9.360376378457544e-05,8.434609920145611e-05,3.7218208878087835,586.2556609362545,0.0,0.11396521208135901,368.3949022062372,4.436496959979815e-13,0.0,0.00036523736635706635,122.81711305437518,1.357466055806009e-12,2.094980114410278e-15,9.449945520751698e-12,2.407687444826485e-13,2.8739715277118303e-08,2.848456840816056,2.195211085396575e-08,0.000208032893983672,500000.0,2438707.82383545
9.361388580665155e-05,8.438495476382735e-05,3.9553878760362315,585.8342207888766,0.0,0.11380412029114519,367.88624938231595,4.415515551226381e-13,0.0,0.00036473302934474956,122.64753551578005,1.3600734711967694e-12,2.0925022684159365e-15,9.424070597837242e-12,2.344110303110985e-13,2.8263446091527548e-08,2.8445238852916477,2.1780112090822423e-08,0.00020802444842611684,500000.0,2433535.4483630545
9.362400782872768e-05,8.442616766436414e-05,4.187595593592069,585.390867573519,0.0,0.11363384520082302,367.3477596759678,4.3929884758063913e-13,0.0,0.00036419911206972687,122.46801083389761,1.3623745439971384e-12,2.089726552386709e-15,9.39753781306036e-12,2.2789501100197674e-13,2.7770224844853834e-08,2.8403602289639798,2.159986971411343e-08,0.00020801550195256077,500000.0,2428076.943213104
9.36341298508038e-05,8.446972386588818e-05,4.418389381320827,584.9259054304692,0.0,0.1134545006538516,366.77979383308343,4.368924621655478e-13,0.0,0.00036363597221827313,122.27865927615346,1.3643675887032459e-12,2.0866551744029707e-15,9.370361498148029e-12,2.2124639518210407e-13,2.7261448484444138e-08,2.8359686611544492,2.1411691230223834e-08,0.0002080060595501077,500000.0,2422336.881135404
9.36442518728799e-05,8.451560878491988e-05,4.647715894523464,584.4396386581437,0.0,0.11326620499069678,366.1827274993766,4.3433381963996486e-13,0.0,0.000363043982245849,122.07960607732298,1.3660511673892498e-12,2.0832907622273904e-15,9.342556192530288e-12,2.1449029364335814e-13,2.673851431019016e-08,2.831352086390563,2.1215889991524943e-08,0.00020799612640511517,500000.0,2416319.96466522
9.366043712386221e-05,8.45937804287607e-05,5.011234118005102,583.6185828547267,0.0,0.11294682519107221,365.16851882260386,4.2993106280383774e-13,0.0,0.00036203840267936735,121.74148378955024,1.3680973984657731e-12,2.077309501024152e-15,9.296824913400446e-12,2.0352504840157953e-13,2.5876386440053796e-08,2.823510128381525,2.088775758503115e-08,0.00020797923692060806,500000.0,2406135.6316632945
9.36766223748445e-05,8.467780288407223e-05,5.370663089729309,582.7450897359365,0.0,0.11260539690872771,364.08257274977143,4.2515415250501514e-13,0.0,0.00036096170316543053,121.37944539710837,1.3693463811836847e-12,2.070598934317319e-15,9.249584217547119e-12,1.9244478633562704e-13,2.4987261490318684e-08,2.815113492055526,2.0542277546929662e-08,0.00020796112946328132,500000.0,2395276.192190626
9.368830648412508e-05,8.474205685817288e-05,5.627482010242326,582.0826402937156,0.0,0.11234552501064768,363.2550274566661,4.2148019419345347e-13,0.0,0.00036014120831649477,121.10355406295875,1.3697518982096374e-12,2.0653089400283807e-15,9.2145780453131e-12,1.8442603764625154e-13,2.4331754544751873e-08,2.8087148358477947,2.02828548897627e-08,0.0002079473142748213,500000.0,2387029.075403144
9.369999059340567e-05,8.480929814076259e-05,5.8819970556371315,581.3940057157527,0.0,0.11207466184165793,362.3916910376995,4.1762326231403174e-13,0.0,0.0003592852305166718,120.81573053931938,1.3697417757058888e-12,2.0596513301791507e-15,9.178841155026199e-12,1.764271088909153e-13,2.3667108126393162e-08,2.8020394403056166,2.001560856121751e-08,0.00020793288631268522,500000.0,2378449.3032849682
9.371167470268624e-05,8.487949941349995e-05,6.1341403093989,580.6796710880851,0.0,0.11179302706992318,361.49326670295244,4.1358936155722104e-13,0.0,0.0003583944669658892,120.51620926581394,1.3693170245400227e-12,2.0536320835363004e-15,9.142397297472039e-12,1.6847844133802925e-13,2.299531261218627e-08,2.795092742708012,1.9741054972540203e-08,0.0002079178552679804,500000.0,2369545.217893387
9.372335881196683e-05,8.495263258051944e-05,6.383846555235127,579.9401259255487,0.0,0.11150084582174657,360.56047598123723,4.0938495136839276e-13,0.0,0.00035746963302108007,120.2052307892107,1.36847931488489e-12,2.0472574484523426e-15,9.10527035308265e-12,1.6060801220022924e-13,2.2318303124864454e-08,2.7878803219750528,1.945971214928337e-08,0.00020790223109010933,500000.0,2360325.320928523
9.37417407584067e-05,8.507355370950166e-05,6.771612611456761,578.7268029391131,0.0,0.11102038235476108,359.0251918977226,4.0244191502867426e-13,0.0,0.00035594745073234464,119.69339010928167,1.366331338289037e-12,2.0365249451231807e-15,9.045535778811153e-12,1.484467198269159e-13,2.1247138664100634e-08,2.7760093706903057,1.900459765314329e-08,0.0002078764745076552,500000.0,2345201.8160766866
9.37552852271312e-05,8.516718283063868e-05,7.0532396891230285,577.7947726503428,0.0,0.11065055765862458,357.8424048426092,3.970834175155089e-13,0.0,0.0003547747615492794,119.29906670445496,1.3641054936306351e-12,2.0280800814140166e-15,9.000532004171136e-12,1.3970430897080069e-13,2.0456628460948838e-08,2.7668639585889636,1.8660494509254798e-08,0.0002078565967190746,500000.0,2333591.8296388206
9.376882969585571e-05,8.526460236371443e-05,7.331297610774004,576.8313691608379,0.0,0.11026774554110004,356.61724338107877,3.9153238263154027e-13,0.0,0.00035356006309378025,118.89061635384152,1.3613409167623824e-12,2.0191927485211685e-15,8.954730832839194e-12,1.3118277896494844e-13,1.966800532877771e-08,2.757390904881606,1.8309852240479442e-08,0.0002078359745056137,500000.0,2321601.6674137004
9.378237416458021e-05,8.536576341333852e-05,7.605705548726959,575.8373837731756,0.0,0.10987232874294249,355.3509399770518,3.8580115824339607e-13,0.0,0.0003523045772541899,118.46844994192884,1.3580450539589682e-12,2.0098749250297104e-15,8.90816969340405e-12,1.2290935455189936e-13,1.8883731549015237e-08,2.747599739074447,1.7953458590917854e-08,0.0002078146249622777,500000.0,2309245.447856815
9.379591863330471e-05,8.547061602372145e-05,7.876387740110689,574.8136133012822,0.0,0.10946469555875843,354.04474616258227,3.799023918395658e-13,0.0,0.0003510095448171407,118.03298471016515,1.3542264490613206e-12,2.0001391781160376e-15,8.860885897759794e-12,1.1490740917630685e-13,1.810611269747765e-08,2.7375001381087536,1.759208961998979e-08,0.00020779256548442807,500000.0,2296537.421072976
9.380946310202921e-05,8.55791092471435e-05,8.143273488470701,573.7608594849986,0.0,0.10904523901076278,352.6999298334873,3.738489430809458e-13,0.0,0.0003496762227868451,117.58464335536628,1.3498947023019993e-12,1.989998635151805e-15,8.812916579181457e-12,1.0719628854970909e-13,1.7337291029212606e-08,2.7271019054505095,1.7226507268200725e-08,0.00020776981373530162,500000.0,2283491.9388261633
9.382300757075373e-05,8.569119121248494e-05,8.40629714607639,572.6799280616722,0.0,0.10861435603555036,351.31777258247433,3.676538096308297e-13,0.0,0.0003483058817415864,117.1238531406239,1.345060414053378e-12,1.9794667189652693e-15,8.764298633197941e-12,9.979206186977269e-14,1.657924231169911e-08,2.7164149504699964,1.6857457039654023e-08,0.00020774638761382965,500000.0,2270123.4238028545
9.383655203947823e-05,8.58068091935057e-05,8.665398083183923,571.5716277824854,0.0,0.10817244668674217,349.8995670801717,3.6133005846343563e-13,0.0,0.0003468998032377111,116.65104502218409,1.3397351230146626e-12,1.9685572383991167e-15,8.715068661336061e-12,9.270493409487782e-14,1.5833769091391047e-08,2.705449268191788,1.6485665824630665e-08,0.0002077223052228526,500000.0,2256446.3394095977
9.385788403703348e-05,8.599594342174283e-05,9.065384733846786,569.7725624141212,0.0,0.10745507149112082,347.59600021315833,3.511411603372649e-13,0.0,0.0003446159390496624,115.88307097518349,1.3303826653792186e-12,1.950644425510543e-15,8.63637986442274e-12,8.220731115596389e-14,1.4689071774134406e-08,2.6876379001092983,1.5896250492731353e-08,0.0002076830898918109,500000.0,2234314.7550327256
9.387921603458875e-05,8.619350318377777e-05,9.455311829250915,567.9107938294309,0.0,0.10671292290873748,345.21135523778423,3.40716289793701e-13,0.0,0.0003422516959254759,115.0880668031826,1.3198958131150646e-12,1.9318877696568265e-15,8.556402310647438e-12,7.253934216962616e-14,1.3585107322749975e-08,2.669199631193107,1.5304426055152965e-08,0.00020764236412844036,500000.0,2211510.0966061214
9.3900548032144e-05,8.63992720988901e-05,9.835016389858353,565.9894947232781,0.0,0.10594758253545525,342.75075609895106,3.301051988988076e-13,0.0,0.00033981215370146154,114.26774074888239,1.3083313965581125e-12,1.9123456119477567e-15,8.475272672385161e-12,6.369886065429681e-14,1.2526379947080152e-08,2.6501740801494678,1.4712685564500793e-08,0.00020760020058467282,500000.0,2188088.437866902
9.392188002969926e-05,8.661303062051837e-05,10.204364403017824,564.0118286606739,0.0,0.10516062797609847,340.2193184883955,3.193562631822651e-13,0.0,0.0003373023840168296,113.42379830326801,1.2957498955917992e-12,1.8920776759529793e-15,8.393124326235239e-12,5.567260988799833e-14,1.151642464741672e-08,2.6306008018659726,1.4123358645279149e-08,0.00020755667221987242,500000.0,2164105.2523557483
9.394321202725452e-05,8.683455664400125e-05,10.563249923624067,561.9809416399063,0.0,0.10435362658028786,337.6221290914559,3.0851609048367444e-13,0.0,0.000334727429742594,112.55793528683078,1.2822147425246312e-12,1.871144263093102e-15,8.310086997956478e-12,4.844886707434257e-14,1.0557833335465007e-08,2.6105191269465755,1.3538602600923766e-08,0.00020751185203752562,500000.0,2139615.187839375
9.396454402480978e-05,8.706362609489414e-05,10.91159408446947,559.899953889596,0.0,0.10352812961433139,334.96422624364857,2.9762918991593497e-13,0.0,0.0003320922858078378,111.67183140079808,1.2677916376245397e-12,1.8496053091543697e-15,8.22628645292517e-12,4.1927030858374214e-14,9.65238749259603e-09,2.5899680121472595,1.2960396285460973e-08,0.00020746581283527562,500000.0,2114671.859488242
9.398587602236504e-05,8.730001349570337e-05,11.249344022556109,557.7719521080047,0.0,0.10268566688777586,332.25058206448085,2.86737697000092e-13,0.0,0.0003294018814901876,110.76714427085125,1.2525478897943661e-12,1.82752121413092e-15,8.141844231423842e-12,3.6006315675370923e-14,8.80099418729377e-09,2.56898590223401,1.2390536650803122e-08,0.0002074186269696441,500000.0,2089327.6630356486
9.40072080199203e-05,8.754349250857419e-05,11.576471718491044,555.5999822254005,0.0,0.10182774184983027,329.48608612075503,2.75881157343475e-13,0.0,0.0003266610642222748,109.84550400075088,1.2365517865759248e-12,1.8049523165981228e-15,8.056877428054101e-12,3.1424032206559763e-14,8.003861429893476e-09,2.5476106036666546,1.183063786583984e-08,0.00020737036613709817,500000.0,2063633.6084066879
9.402854001747555e-05,8.779383645211972e-05,11.892972762917406,553.3870426578867,0.0,0.10095582716195188,326.6755306463433,2.650963666193067e-13,0.0,0.0003238745849408733,108.90850824486456,1.2198719964773842e-12,1.781956685385448e-15,7.97149851365332e-12,2.3148101700999337e-14,7.26048862379467e-09,2.525879170317644,1.1282132330317007e-08,0.00020732110117181992,500000.0,2037639.1736036062
9.404987201503082e-05,8.805081879130724e-05,12.198865072187683,551.1360780676221,0.0,0.10007136074702662,323.8235973211685,2.5441726081694027e-13,0.0,0.0003210470849815469,107.95771780050833,1.2025770137876593e-12,1.758590700374216e-15,7.885815197186798e-12,4.9936800363200726e-14,6.5708361804926e-09,2.5038278012454502,1.0746273977786234e-08,0.0002072709018603297,500000.0,2011392.1785687206
9.407120401258607e-05,8.831421359967868e-05,12.49418757157358,548.8499736732259,0.0,0.0991757422985528,320.93484559403595,2.438748495085376e-13,0.0,0.00031818308450203486,106.99465271498251,1.1847346478741755e-12,1.7349123009854024e-15,7.799930325053601e-12,0.0,5.9283250556428065e-09,2.4814917504137437,1.0224143251814564e-08,0.0002072198367729099,500000.0,1984938.678656531
9.409253601014133e-05,8.858379599331083e-05,12.778998857205213,546.5315501373975,0.0,0.09827033030876488,318.01370252020706,2.334971892642251e-13,0.0,0.00031528697241075214,106.02078889759737,1.166411583654009e-12,1.7109824689802918e-15,7.713941815377862e-12,6.881034891594576e-13,5.367649500752165e-09,2.4589052480657076,9.716653423214016e-09,0.00020716797311179185,500000.0,1958322.877125091
9.411386800769659e-05,8.885934253606582e-05,13.053375844383487,544.1835590605418,0.0,0.09735643912125817,315.0644540722992,2.233093938584145e-13,0.0,0.0003123629977524251,105.03755522288064,1.147672878709619e-12,1.6868260172323034e-15,7.627942624847653e-12,0.0,4.6187912712195025e-09,2.436101433896051,9.224558153895204e-09,0.00020711537657598547,500000.0,1931587.0559250382
9.413520000525184e-05,8.914063161601588e-05,13.317412422655284,541.8086788570166,0.0,0.09643533954864353,312.09123787042427,2.1333367787373002e-13,0.0,0.0003094152622262186,104.04633110694037,1.1285819847947932e-12,1.6626536073508651e-15,7.542020744989614e-12,1.4559157813411268e-11,5.769569814430645e-09,2.4131122981385302,8.74846070989856e-09,0.0002070621112424941,500000.0,1904771.523065544
9.415653200280711e-05,8.942744379301031e-05,13.571218096547037,539.409511883139,0.0,0.09550824751587993,309.0980372693238,2.0358942490211674e-13,0.0,0.0003064477150998469,103.04844453621311,1.1091998529327681e-12,1.638175980785261e-15,7.456259226492063e-12,8.574117442619608e-14,3.885230825926982e-09,2.3899686453192754,8.288821535477019e-09,0.00020700823946319768,500000.0,1877914.5785596787
9.417786400036236e-05,8.971956211769777e-05,13.814916667995641,536.9885807024934,0.0,0.09457633943143068,306.0886767307358,1.940932816009026e-13,0.0,0.000303464148167011,102.0451705247016,1.0895848881194503e-12,1.613652153834591e-15,7.370736226764031e-12,0.0,3.419118360946864e-09,2.366700041923109,7.84597070447797e-09,0.00020695382177721223,500000.0,1851052.4905393624
9.419919599791763e-05,9.001677242268177e-05,14.048644949620197,534.5483265008405,0.0,0.09364073579647031,303.06681840149037,1.8485927259949409e-13,0.0,0.0003004681919970374,101.0377299731812,1.0697929614565524e-12,1.5892013628832073e-15,7.285525079183791e-12,0.0,3.0698352833790314e-09,2.3433348052196488,7.420116963095539e-09,0.00020689891683773763,500000.0,1824219.4908165338
9.422052799547288e-05,9.031886358647816e-05,14.272551497132012,532.0911068854842,0.0,0.09270250769373525,300.03595981535574,1.758989290725756e-13,0.0,0.00029746331382202195,100.02728890303972,1.0498772820090984e-12,1.5647504655230887e-15,7.200694381800952e-12,8.940822111438798e-13,2.7716874344455117e-09,2.319899978424984,7.011357322822819e-09,0.00020684358135265426,500000.0,1797447.7792070461
9.424185999302815e-05,9.06256277708761e-05,14.486795377931383,529.6191945986072,0.0,0.09176267508588654,296.99943263586994,1.6722142844859474e-13,0.0,0.0002944528165538583,99.01495803716251,1.0298879983471964e-12,1.5403433420209361e-15,7.116308102737479e-12,0.0,2.388251276995609e-09,2.296421322308036,6.619688379582791e-09,0.0002067878700381959,500000.0,1770767.5407586268
9.42631919905834e-05,9.093686063250204e-05,14.691544989750124,527.1347765699901,0.0,0.0908222071330954,293.9604023549977,1.5883374444795808e-13,0.0,0.0002914398384929645,98.0017926994763,1.009872134722182e-12,1.5160563173772624e-15,7.0324256996155784e-12,0.0,2.069090561016453e-09,2.272923312497492,6.245016778399887e-09,0.00020673183558495546,500000.0,1744206.9727879397
9.428452398813865e-05,9.12523615096784e-05,14.886976932128473,524.6399534057039,0.0,0.08988202211660382,290.92186886031044,1.5074080394440407e-13,0.0,0.0002884273537581784,96.98879300404539,9.898737603330956e-13,1.4919004473189118e-15,6.949102250823608e-12,2.274990437945719e-12,1.9600072767200035e-09,2.2494291441599583,5.887168740933531e-09,0.00020667552863532152,500000.0,1717792.3209545896
9.430585598569392e-05,9.15719335857259e-05,15.073274924230873,522.1367392834197,0.0,0.08894298737639807,287.88666778458463,1.429456464831658e-13,0.0,0.00028541817356313404,95.97690430501169,9.699338168093657e-13,1.4678968183936031e-15,6.866388596749083e-12,1.3111876794364334e-13,1.7157403348584413e-09,2.2259607429334785,5.545899716240055e-09,0.0002066189977714087,500000.0,1691547.9232104877
9.432718798324917e-05,9.189538402982937e-05,15.250628779114672,519.6270620767551,0.0,0.08800592159360635,284.8574725544365,1.354495843965359e-13,0.0,0.0002824149482687596,94.96701787958119,9.500903082712251e-13,1.444118242978363e-15,6.784331488931687e-12,1.4327181554838711e-11,2.0584790434042394e-09,2.2025387791748274,5.2209039832997785e-09,0.00020656228951267027,500000.0,1665496.2600486916
9.434851998080444e-05,9.222252411647532e-05,15.419233420293587,517.1127641234026,0.0,0.08707159195160995,281.8367970586182,1.282523617332506e-13,0.0,0.0002794201701497309,93.95997181759236,9.303777936287256e-13,1.4205187407705819e-15,6.702973745582281e-12,0.0,1.3010073143430887e-09,2.1791826921633293,4.9118229930760626e-09,0.00020650544832230775,500000.0,1639658.0114278558
9.436985197835969e-05,9.255316932465806e-05,15.579287971345583,514.5956027028616,0.0,0.08614072125204623,278.82699885819284,1.213523107206078e-13,0.0,0.0002764361765161869,92.95655209174129,9.108278705678234e-13,1.3971599974116839e-15,6.622354411334992e-12,0.0,1.1364144001309245e-09,2.1559107089733263,4.618253979339766e-09,0.00020644851662177433,500000.0,1614052.1165211652
9.439118397591494e-05,9.288713941821353e-05,15.730994902300063,512.0772514406777,0.0,0.0852139832147599,275.8302828632405,1.147465040789102e-13,0.0,0.0002734651534512753,91.95749378333954,8.914696830495592e-13,1.3740867855086001e-15,6.5425089200162295e-12,1.3020968107762021e-11,1.0292442726443294e-09,2.132739878630308,4.339757430683829e-09,0.000206391534812438,500000.0,1588695.8392963568
9.441251597347021e-05,9.322425850849078e-05,15.874559221339192,509.5593014960809,0.0,0.0842920063581017,272.8487054063323,1.0843090135292406e-13,0.0,0.0002705091394419132,90.96348244034652,8.723293038219028e-13,1.351292476843708e-15,6.463469259206757e-12,0.0,8.924829207909294e-10,2.109686100957853,4.0758640137048716e-09,0.00020633454130359116,500000.0,1563604.8355688625
9.443384797102546e-05,9.356435510044125e-05,16.010187724084272,507.0432630952309,0.0,0.08337537538062177,269.88417864843444,1.0240048850107326e-13,0.0,0.0002675700292726722,89.97515554622855,8.534292035293318e-13,1.3287979323003058e-15,6.385264135288103e-12,0.0,1.0681803769050987e-09,2.0867641606422924,3.826081254654702e-09,0.000206277572546119,500000.0,1538793.2226166143
9.445517996858073e-05,9.3907262123275e-05,16.138088302145004,504.5305673093909,0.0,0.08246463141225843,266.9384752565938,9.664941032676313e-14,0.0,0.0002646495812107367,88.99310407942328,8.347910048243502e-13,1.3066144464696902e-15,6.3079191379066255e-12,2.0643030942310773e-14,6.909661480083807e-10,2.0639877648102978,3.5898994011958778e-09,0.00020622066307112845,500000.0,1514273.650397881
9.447651196613598e-05,9.425281694690024e-05,16.25846930436468,502.0225677617429,0.0,0.08156027607254875,264.0132332965641,9.117109518679171e-14,0.0,0.000261749420142629,88.01787414446474,8.164339004310702e-13,1.2847613390475141e-15,6.231456902839868e-12,0.0,5.894383153251445e-10,2.0413695781341477,3.3667967483563005e-09,0.0002061638455328401,500000.0,1490057.372873917
9.449784396369124e-05,9.460086138533098e-05,16.371538951039344,499.52054279610195,0.0,0.08066276993732892,261.1099612882553,8.595837140711651e-14,0.0,0.0002588710414611242,87.04996865739038,7.98373703502876e-13,1.2632523030116735e-15,6.1558972725736374e-12,0.0,5.232409761637092e-10,2.0189212648470702,3.1562443713362136e-09,0.0002061071507550916,500000.0,1466154.32051942
9.45191759612465e-05,9.495124168814521e-05,16.477504797077582,497.0256974901689,0.0,0.07977253559124403,258.23004337706317,8.10035751199873e-14,0.0,0.00025601581679259944,86.08984906977898,7.8062358229988e-13,1.2420936317415997e-15,6.081257453923303e-12,9.111221700956799e-14,4.746237742875109e-10,1.996653527348745,2.9577103662800545e-09,0.00020605060778086347,500000.0,1442573.1717482526
9.454050795880176e-05,9.530380852100367e-05,16.576573242889225,494.53916584559875,0.0,0.07888995920372806,255.37474457886114,7.629864956881271e-14,0.0,0.0002531850000447371,85.13793711734601,7.631949894267605e-13,1.2212927050791345e-15,6.007552172060742e-12,0.0,3.8886094354015806e-10,1.9745761469044365,2.770663604205368e-09,0.00020599424392428472,500000.0,1419321.4238720683
9.456183995635702e-05,9.565841693622843e-05,16.668949092801626,492.0620130309284,0.0,0.07801539230001461,252.54521606047,7.183523602534648e-14,0.0,0.00025037973267333163,84.19461658036742,7.460978479828269e-13,1.2008579296765182e-15,5.934793820415249e-12,0.0,3.1986643594851e-10,1.9526980243247423,2.5945769889082254e-09,0.0002059380848246218,500000.0,1396405.4628999447
9.45940415324873e-05,9.619727042013728e-05,16.79616655888844,488.34260280162533,0.0,0.07671106278482662,248.32501325383748,6.553592324086038e-14,0.0,0.0002461957152653714,82.7876670067685,7.209341405581215e-13,1.1707154637961997e-15,5.82677757828836e-12,2.481693086603914e-13,2.994913971849843e-10,1.920067106084696,2.348376245522989e-09,0.00020585375084560095,500000.0,1362460.412591571
9.462624310861757e-05,9.673999162100906e-05,16.909282248614545,484.6499852211945,0.0,0.0754266616493525,244.16903065789538,5.973730537030464e-14,0.0,0.00024207536767884466,81.40212745974468,6.965640277918783e-13,1.1414309531025766e-15,5.720968318666275e-12,3.981465124870557e-13,2.458055632144031e-10,1.887932743567575,2.124219640537991e-09,0.00020577001374895768,500000.0,1329306.703194374
9.465844468474785e-05,9.728613731720365e-05,17.008968709810613,480.9870062862786,0.0,0.0741629967366489,240.0799183744832,5.4409074726299674e-14,0.0,0.00023802131722994236,80.03888143988867,6.730001026795793e-13,1.1130125018094588e-15,5.6173828946614116e-12,2.6139703560869566e-12,2.868785916519653e-10,1.8563154273851314,1.9204221184641438e-09,0.0002056869418100731,500000.0,1296954.0030558503
9.469064626087812e-05,9.783528568500941e-05,17.09588192035297,477.3562158227472,0.0,0.07292073567144683,236.05987003474385,4.9521096828181265e-14,0.0,0.00023403573871990695,78.69866026781823,6.502481587150341e-13,1.0854604032775297e-15,5.516029572898096e-12,1.9248586703844712e-15,1.5281169867265937e-10,1.8252321190934135,1.7353723244537828e-09,0.00020560459609100335,500000.0,1265407.8894456415
9.47228478370084e-05,9.838703572768508e-05,17.17065974796653,473.7598858230615,0.0,0.07170041854585212,232.11066104472144,4.5043753356885504e-14,0.0,0.00023012039230507376,77.38205583464116,6.283081343895305e-13,1.0587727570704691e-15,5.416908959318637e-12,0.0,1.1298663030547732e-10,1.7946965459520154,1.5675405408944631e-09,0.0002055230308910817,500000.0,1234670.298013155
9.475504941313867e-05,9.89410066733867e-05,17.233920688578692,470.2000284979804,0.0,0.07050246817028273,228.23368513250404,4.094821948524104e-14,0.0,0.00022627665971318504,76.08953278618264,6.071749712111474e-13,1.032943340042433e-15,5.320014859803258e-12,0.0,9.160847861569378e-11,1.7647194844190635,1.4154836819641627e-09,0.00020544229418798229,500000.0,1204739.942488514
9.478725098926895e-05,9.949683734292197e-05,17.28626287886714,466.67841377525707,0.0,0.06932720114814483,224.4299891062255,3.720668074220407e-14,0.0,0.0002225055787329183,74.82144011074185,5.868393584584205e-13,1.0079614195809063e-15,5.225335077117745e-12,0.0,7.456757217431468e-11,1.7353090284810508,1.2778478847310497e-09,0.00020536242806773857,500000.0,1175612.704194712
9.481945256539922e-05,0.00010005418548486678,17.328263407031137,463.19658631185536,0.0,0.0681748379740961,220.70030578957363,3.3792493835021606e-14,0.0,0.00021880787589226611,73.57802211925873,5.672884099289491e-13,9.838140042345726e-16,5.132852146201349e-12,3.2272907947063637e-12,1.211342628236522e-10,1.706470844298362,1.1533692372069922e-09,0.00020528346914289796,500000.0,1147281.992289478
9.48516541415295e-05,0.00010061272708701525,17.36047788513844,459.75588193298233,0.0,0.06704551227603799,217.04508505306796,3.068029923421486e-14,0.0,0.00021518399721753715,72.35942879064145,5.485062762246328e-13,9.604858725800849e-16,5.042544009625975e-12,6.710558538322799e-12,1.275450986285069e-10,1.67820841038852,1.0408729580678836e-09,0.00020520544895637004,500000.0,1119739.0751104706
9.488385571765977e-05,0.00010117215567800076,17.38344022513925,456.35744334352256,0.0,0.06593927991050098,213.4645228629249,2.7846094429091816e-14,0.0,0.00021163413696022738,71.1657254561895,5.304746936756238e-13,9.37959151760805e-16,4.954384635333701e-12,0.0,3.45899707462734e-11,1.6505232420299722,9.392713596977588e-10,0.00020512839436823043,500000.0,1092973.382971615
9.491605729379004e-05,0.00010173218162785225,17.397662591250068,453.00223504370837,0.0,0.06485612753350978,209.95858833513398,2.526727488564619e-14,0.0,0.0002081582644756,69.99690181898707,5.131735212181343e-13,9.162151547207417e-16,4.868344579405124e-12,0.0,3.405464094774561e-11,1.6234151002004542,8.475609111262552e-10,0.00020505232792403838,500000.0,1066972.7834069605
9.494825886992032e-05,0.00010229253145039698,17.403635492768508,449.69105757036715,0.0,0.0637959796521621,206.5270488412487,2.2922647772527892e-14,0.0,0.00020475614913519942,68.85288032376923,4.965811822518518e-13,8.952337723929374e-16,4.784391497126851e-12,9.205864052336525e-13,3.277261661258859e-11,1.5968821862841127,7.648186100216456e-10,0.00020497726820439523,500000.0,1041723.8306371459
9.49804604460506e-05,0.00010285294710954751,17.40182800171019,446.42456093108535,0.0,0.06275870612399208,203.16949323057156,2.0792423020194058e-14,0.0,0.00020142738330789276,67.73352389882466,4.806750346979341e-13,8.749935688134696e-16,4.70249060564738e-12,0.0,0.0,1.57092132126305,6.901979052506688e-10,0.0002049032301557639,500000.0,1017211.9905026286
9.501266202218088e-05,0.00010341318533353337,17.39268809306762,443.2032572548185,0.0,0.061744128828664556,199.885353230724,1.8858186411741737e-14,0.0,0.0001981714036069697,66.63864309060148,4.654316828423219e-13,8.554727026262914e-16,4.622605101351144e-12,2.5843388482201323e-12,3.782049611826656e-11,1.545528111090147,6.229243315341313e-10,0.00020483022540238543,500000.0,993421.8424440578
9.504486359831116e-05,0.00010397301694156217,17.376643064480845,440.0275327563739,0.0,0.06075202725644319,196.6739230947042,1.7102859032941466e-14,0.0,0.00019498751032939512,65.56800261372051,4.5082727814437483e-13,8.366488518909504e-16,4.544696535078739e-12,0.0,1.097424397030097e-11,1.5206970990069504,5.622909712613211e-10,0.0002047582625392055,500000.0,970337.2602615334
9.507706517444143e-05,0.00010453222618594249,17.354100032187066,436.8976588468501,0.0,0.05978214453019864,193.5343775771234,1.5510646551456086e-14,0.0,0.00019187488528744294,64.52132734396375,4.3683777363044e-13,8.184993579535142e-16,4.468725148309051e-12,0.0,8.448740905125907e-12,1.4964219040533973,5.076538829054503e-10,0.00020468734740607564,500000.0,947941.5728076687
9.51092667505717e-05,0.00010509061011128835,17.325446484155663,433.81380257874605,0.0,0.05883419205448464,190.46578833306054,1.406698105944003e-14,0.0,0.00018883260808802408,63.498307785389265,4.2343912856061713e-13,8.010015199314053e-16,4.394650173382942e-12,0.0,9.158845155647452e-12,1.472695348220519,4.5842756639834417e-10,0.00020461748334378826,500000.0,926217.7065659327
9.514146832670198e-05,0.00010564797793200412,17.291050875715005,430.77603635271606,0.0,0.05790785425710976,187.46713883539937,1.2758457799596178e-14,0.0,0.0001858596709388029,62.498605043532045,4.1060747659332173e-13,7.841327143832115e-16,4.322430100710638e-12,0.0,7.580735826735653e-12,1.4495095716444535,4.1408053398590065e-10,0.00020454867143260345,500000.0,905148.3114200489
9.517366990283225e-05,0.00010620415042930215,17.251263256538845,427.78434697123714,0.0,0.057002792717159426,184.53733790488997,1.1572768815781421e-14,0.0,0.00018295499202736177,61.52185533610966,3.983192677236186e-13,7.678704743929909e-16,4.252022915741614e-12,1.6312400289262051e-13,7.009970535381994e-12,1.4268561372362862,3.7413104035394894e-10,0.0002044809107139308,500000.0,884715.8711885249
9.520587147896253e-05,0.00010675895936886995,17.206415922287995,424.83864403796247,0.0,0.056118649896376285,181.67523194569574,1.0498635228428785e-14,0.0,0.00018011742763983008,60.56767407215751,3.8655138869185013e-13,7.521926180485901e-16,4.183386308319924e-12,0.0,5.2186204693224085e-12,1.4047261253074916,3.3814300430733563e-10,0.00020441419839586165,500000.0,864902.8002294371
9.52380730550928e-05,0.00010731224693990427,17.156824082635275,421.93876772705113,0.0,0.055255052539457394,178.87961597821212,9.525739452897223e-15,0.0,0.00017734578311616342,59.635659530193884,3.752812577465854e-13,7.370773504095407e-16,4.116477856896729e-12,0.0,2.2547247501837195e-12,1.3831102188656128,3.057221451524709e-10,0.00020434853004331458,500000.0,845691.5274031726
9.527027463122308e-05,0.00010786386521583682,17.102786537572513,419.0844959616075,0.0,0.05441161472671832,176.14924355907056,8.644658363547559e-15,0.0,0.00017463882270233827,58.72539616539054,3.6448689629853526e-13,7.225033173111465e-16,4.0512551899165786e-12,7.786082668435142e-13,3.878278059192265e-12,1.3619987803104106,2.7651234974598295e-10,0.0002042838997536062,500000.0,827064.5686320207
9.530247620735335e-05,0.00010841367563681308,17.044586352967723,416.27555105280913,0.0,0.05358794058550135,173.48283567507912,7.846798185624206e-15,0.0,0.0001719952783569044,57.836457574670206,3.5414698586188263e-13,7.084496553645138e-16,3.987676126539412e-12,1.0013735321735924e-12,8.245992484446907e-12,1.3413819202181063,2.5019227682278765e-10,0.00020422030031827415,500000.0,809004.5892346189
9.533467778348363e-05,0.00010896154851381393,16.98249152963758,413.511605835626,0.0,0.05278362671970024,170.8790886938637,7.124331722090322e-15,0.0,0.0001694138576104359,56.968409147323165,3.442409124599318e-13,6.948960462688586e-16,3.925698798706405e-12,0.0,0.0,1.3212495588254984,2.2647219947080233e-10,0.00020415772337196823,500000.0,791494.4570946394
9.53668793596139e-05,0.00010950736255430181,16.916755671565365,410.79228927192867,0.0,0.05199826442839744,168.33668144904743,6.470138356294762e-15,0.0,0.0001668932506380267,56.120810427092856,3.347487913805385e-13,6.818227524146836e-16,3.865281756389519e-12,1.6761693486748805e-13,0.0,1.301591480781017,2.0509108265037857e-10,0.00020409615952918282,500000.0,774517.2875146965
9.539908093574418e-05,0.00011005100440925376,16.84761864657654,408.1171915735731,0.0,0.05123144163985529,165.85428153295223,5.8777471212556215e-15,0.0,0.00016443213646158845,55.293217210061925,3.2565148354568775e-13,6.692106488583318e-16,3.806384057707335e-12,5.448768859053824e-17,1.3978779300628449e-12,1.2823973837869544,1.858138890909994e-10,0.00020403559850959977,500000.0,758056.4806921023
9.543128251187445e-05,0.00011059236824108987,16.775307219313508,405.4858689814724,0.0,0.05048274460021153,163.43055086652802,5.341283011591209e-15,0.0,0.00016202918846868944,54.48518340157778,3.1693060815909165e-13,6.570412057302364e-16,3.748965345479381e-12,0.0,4.890600411819858e-13,1.263656921690651,1.6842910381479486e-10,0.00020397602925283678,500000.0,742095.7528338651
9.546348408800474e-05,0.0001111313553118377,16.700035672331815,402.89784811952103,0.0,0.049751759349261356,161.06415061198643,4.8554166205499734e-15,0.0,0.00015968307929759807,53.69626265404604,3.0856854540245275e-13,6.452965237217085e-16,3.692985911661157e-12,3.9862783367596625e-13,1.6643117626957246e-12,1.245359742502075,1.5274646803389287e-10,0.00020391744002331167,500000.0,726619.1614411873
9.549568566413501e-05,0.00011166787359099437,16.622006413638026,400.35262995005047,0.0,0.04903807305331495,158.75374548823538,4.41531711968119e-15,0.0,0.00015739248511638867,52.92600980562758,3.005484291374626e-13,6.339593509580283e-16,3.6384067509586225e-12,0.0,2.3534312708330158e-12,1.2274955217546097,1.3859490926887712e-10,0.00020385981850591905,500000.0,711611.1254411144
9.552788724026529e-05,0.0001122018373826224,16.541410565023774,397.84969338058005,0.0,0.04834127520255568,156.49800754434915,4.016608542818766e-15,0.0,0.00015515608936009307,52.17398213825322,2.9285413533432425e-13,6.230130629566691e-16,3.585189604793563e-12,0.0,0.0,1.2100539916463784,1.2582065540653736e-10,0.0002038031518931791,500000.0,697056.4408196505
9.556008881639556e-05,0.0001127331669711441,16.45842853200922,395.3884985301298,0.0,0.04766095863140262,154.29561944233185,3.655329290038835e-15,0.0,0.0001529725859892681,51.43974047204457,2.854702688661572e-13,6.124416551803908e-16,3.5332969966882744e-12,0.0,5.123313277850615e-13,1.1930249664084012,1.142855204190299e-10,0.00020374742696447316,500000.0,682940.2922773489
9.559229039252584e-05,0.00011326178828508763,16.373230546435227,392.96848975192506,0.0,0.04699672035601888,152.14527729721314,3.3278947351372828e-15,0.0,0.00015084068230341322,50.722850112156614,2.783821466369322e-13,6.022297464847952e-16,3.4826922600562884e-12,2.8540507607502897e-13,3.8461794402535467e-13,1.1763983642997915,1.0386534917764934e-10,0.00020369263015799322,500000.0,669248.2615342505
9.562449196865611e-05,0.00011378763257795971,16.285977187455003,390.5890983853884,0.0,0.04634816231201925,150.04569311886902,3.0310627974469407e-15,0.0,0.00014875910137059013,50.02288166284181,2.7157577741503804e-13,5.923625675926201e-16,3.4333395592963272e-12,3.981349711247619e-12,0.0,1.1601642265007812,9.444860869388773e-11,0.00020363874763596138,500000.0,655966.3326403226
9.565669354478639e-05,0.000114310636125536,16.196819883462645,388.2497452361863,0.0,0.045714892011770834,147.99559689577117,2.761902323947718e-15,0.0,0.00014672658405304284,49.33941172213874,2.650378391814532e-13,5.828259447010569e-16,3.3852039049869523e-12,1.4466195614190903e-16,2.7204733429308964e-13,1.1443127331907064,8.5935114282219e-11,0.00020358576534364005,500000.0,643080.8946533713
9.568889512091666e-05,0.00011483073993900682,16.105901396446114,385.949842788302,0.0,0.04509652313700596,145.99373835689315,2.517764119915951e-15,0.0,0.00014474189078496675,48.672023469263515,2.5875565615837946e-13,5.736062833771469e-16,3.3382511638887447e-12,5.711153930752324e-14,2.2103233583855145e-13,1.128834217157774,7.823487884752438e-11,0.00020353366906261162,500000.0,630578.7420169895
9.572109669704694e-05,0.00011534788949337006,16.01335628272001,383.68879723431763,0.0,0.04449267589716306,144.03888844507745,2.2962544604714455e-15,0.0,0.0001428038030510974,48.02030715580674,2.527171749157214e-13,5.646905565939621e-16,3.2924480643956882e-12,8.270807249756515e-17,1.823948546379946e-13,1.1137191752466118,7.126707507249174e-11,0.00020348244445880017,500000.0,618447.0730698891
9.575329827317721e-05,0.00011586203447033361,15.91931133071838,381.46601030905424,0.0,0.043902977446967036,142.12984053274891,2.0952109148896827e-15,0.0,0.0001409111245809707,47.38386051103295,2.469109395568626e-13,5.56066288568211e-16,3.2477621980233263e-12,5.906555997706324e-14,1.4633258339322251e-13,1.098958277733386,6.495910028699871e-11,0.00020343207712566802,500000.0,606673.4869152784
9.578549984930749e-05,0.00011637312851497096,15.823885978226073,379.28088094803667,0.0,0.04332706219228554,140.26541140817628,1.9126803181650217e-15,0.0,0.00013906268231231162,46.76228907068434,2.4132606654992055e-13,5.477215350364937e-16,3.2041620174621518e-12,4.9060311499319123e-14,1.2096120829485902e-13,1.0845423759431574,5.924573462241446e-11,0.00020338255262298809,500000.0,595245.9789109449
9.581770142543776e-05,0.00011688112900547245,15.727192710826362,377.1328067710067,0.0,0.042764572033111334,138.44444205759072,1.74689872891182e-15,0.0,0.00013725732716597178,46.1552064377265,2.359522197198844e-13,5.396448651153158e-16,3.161616831662616e-12,0.0,1.0258791170388902e-13,1.0704625082947055,5.406838377629735e-11,0.00020333385651155972,500000.0,584152.9349789448
9.584990300156803e-05,0.00011738599683542641,15.629337442342775,375.0211853987245,0.0,0.04221515654229314,136.66579826585212,1.5962732187008765e-15,0.0,0.00013549393464974574,45.56223448260095,2.307795855921581e-13,5.318253442830437e-16,3.120096798363325e-12,1.6342306808984924e-13,7.827363134287218e-14,1.0567099049504973,4.937439834494109e-11,0.00020328597438420517,500000.0,573383.1249228711
9.588210457769831e-05,0.00011788769620803295,15.530419874129262,372.9454156554017,0.0,0.04167847309407007,134.92837105639484,1.4593653451162536e-15,0.0,0.00013377140529618347,44.9830034898958,2.2579884913397492e-13,5.242525160568359e-16,3.079572914433701e-12,0.0,6.949024977489441e-14,1.043275991223121,4.511646247218911e-11,0.00020323889189337806,500000.0,562925.6949874241
9.591430615382858e-05,0.00011838619444163041,15.430533837395448,370.9048986259749,0.0,0.04115418695984764,133.23107698934743,1.3348761687603296e-15,0.0,0.00013208866495683426,44.41715225773409,2.2100116995216713e-13,5.169163829936229e-16,3.0400170043649417e-12,0.0,5.6592924759281347e-14,1.0301523898772666,4.1252044920005726e-11,0.000203192594775665,500000.0,552770.1597454941
9.594650772995887e-05,0.00011888146178594498,15.3297676180473,368.89903859723245,0.0,0.04064197135977471,131.5728583348497,1.2216326828223158e-15,0.0,0.0001304446649723285,43.86432815555477,2.163781591060082e-13,5.09807388603712e-16,3.0014017072051433e-12,1.7811690985962043e-18,4.672320168039125e-14,1.0173309224690912,3.7742906529890066e-11,0.00020314706887345968,500000.0,542906.3934753166
9.597870930608915e-05,0.00011937347124850706,15.228204263871177,366.9272439033772,0.0,0.04014150748301437,129.9526831368787,1.1185755324330347e-15,0.0,0.00012883838223498245,43.32418714539107,2.119218566627844e-13,5.029163998452539e-16,2.9637004622004324e-12,0.0,3.9271621831783664e-14,1.004803609838855,3.455465841916384e-11,0.00020310230015406375,500000.0,533324.6211594131
9.601091088221942e-05,0.00011986219843071259,15.125921876226492,364.98892766633236,0.0,0.03965248447593894,128.3695451813271,1.0247479095303792e-15,0.0,0.00012726881915818875,42.79639377122829,2.0762471004557922e-13,4.962346895161657e-16,2.9268874933733548e-12,3.891353273545766e-14,3.1016599412778345e-14,0.992562671865167,3.1656365764444274e-11,0.0002030582747264378,500000.0,524015.40917781804
9.60431124583497e-05,0.00012034762137302372,15.022993886000163,363.08350845202796,0.0,0.03917459940501984,126.82246388071079,9.39285517344405e-16,0.0,0.00012573500356252297,42.28062112056694,2.034795531875582e-13,4.897539188735579e-16,2.8909377932432904e-12,8.227996313508498e-15,2.6229821974626434e-14,0.9806005265741955,2.9020192635009268e-11,0.00020301497885581905,500000.0,514969.6558027162
9.607531403447997e-05,0.00012082972040883546,14.919489315987915,361.210410828007,0.0,0.038707557199711536,125.31048408658624,8.614075066768645e-16,0.0,0.00012423598849018708,41.776550761885574,1.9947958651064285e-13,4.834661209651989e-16,2.8558271058689057e-12,2.34603400526725e-13,1.3645593721967686e-14,0.968909788688422,2.6621083607145367e-11,0.0002029723989763945,500000.0,506178.58153827087
9.610751561061024e-05,0.00012130847802646276,14.815473022317532,359.36906595121195,0.0,0.03825107056987593,123.83267583989941,7.904082942103495e-16,0.0,0.00012277085195348543,41.28387266141087,1.9561835774835075e-13,4.773636844901848e-16,2.8215319093770005e-12,0.0,5.199784814062552e-14,0.9574832676985471,2.443647866336345e-11,0.00020293052170224698,500000.0,497633.71954345494
9.615909355209706e-05,0.00012206831392161187,14.647952727221185,356.48450239659604,0.0,0.03754120354087911,121.5345848263604,6.89448356868563e-16,0.0,0.00012049246630169424,40.517725146854204,1.8970762304202338e-13,4.679574388607974e-16,2.768242955488436e-12,8.808249442575801e-19,1.375524030120592e-14,0.9397142606160123,2.13342264078151e-11,0.00020286487701157453,500000.0,484439.93359921174
9.621067149358387e-05,0.00012281948463437376,14.479505591923829,353.67769141755014,0.0,0.03685659359763134,119.31825885261082,6.022181428508311e-16,0.0,0.00011829514458929576,39.77883681471006,1.8411369329553617e-13,4.589800269414669e-16,2.716897865284197e-12,0.0,1.0374320056121508e-14,0.9225774667742013,1.8657743274538547e-11,0.00020280094790398433,500000.0,471824.96350596077
9.62622494350707e-05,0.00012356194782488065,14.310340285523337,350.9464147688734,0.0,0.03619618075430855,117.18026660300498,5.267570328609e-16,0.0,0.00011617548491728706,39.06606371812685,1.7881492412621373e-13,4.504052673221272e-16,2.667411029859708e-12,9.357633415178227e-15,7.571381286433686e-15,0.9060463549922643,1.6345117486768386e-11,0.00020273868257743156,500000.0,459758.642246683
9.631382737655751e-05,0.00012429567137988773,14.140645216448831,348.2885078968396,0.0,0.03555895218344352,115.1173293943275,4.613947089557818e-16,0.0,0.00011413023670930918,38.37831279551439,1.737913906460085e-13,4.4220882044285824e-16,2.619701049865248e-12,0.0,5.452330944336367e-15,0.8900955742553359,1.4343850440586664e-11,0.00020267803063852308,500000.0,448212.533602148
9.636540531804432e-05,0.0001250206324306416,13.970590326684315,345.7018612838214,0.0,0.03494394066361848,113.12631613443318,4.0470755902566317e-16,0.0,0.00011215629572187607,37.71454018983307,1.6902474086455609e-13,4.343680547323867e-16,2.573690543862464e-12,8.745288552339544e-15,4.407507820003587e-15,0.8747009147307905,1.2609374087275073e-11,0.0002026189431303858,500000.0,437159.8359872959
9.641698325953113e-05,0.0001257368164420964,13.800328736309954,343.1844216834478,0.0,0.034350222961825556,111.20423810029835,3.55481201577044e-16,0.0,0.00011025069886350278,37.073749507677746,1.644980615129638e-13,4.2686192171088187e-16,2.5293059607255933e-12,4.065428693512479e-20,3.3757960814057703e-15,0.8598392673929511,1.1103809226059746e-11,0.0002025613725509308,500000.0,426575.2904862273
9.646856120101795e-05,0.0001264442163744656,13.629998252947985,340.7341930174755,0.0,0.03377691817770771,109.34824359733213,3.126785130217276e-16,0.0,0.00010841061889384079,36.45499003877555,1.6019575528716844e-13,4.1967083919243793e-16,2.4864773967292348e-12,0.0,2.5172782357390097e-15,0.845488582730632,9.79492568798411e-12,0.00020250527286165185,500000.0,416435.0928168808
9.652013914250477e-05,0.00012714283192541417,13.459722746765012,338.3492366601562,0.0,0.03322318606517228,107.55561253283012,2.7541280756745984e-16,0.0,0.00010663335904309743,35.857354946860255,1.56103428536052e-13,4.1277658269236343e-16,2.4451384175180166e-12,2.1109937507555306e-14,2.1948029603784915e-15,0.8316278287891616,8.65526693723881e-12,0.00020245059948561622,500000.0,406716.80882212997
9.657171708399159e-05,0.0001278326688473729,13.289613395489493,336.0276712609438,0.0,0.03268822534950016,105.82375096499501,2.4292538192566314e-16,0.0,0.00010491634761034795,35.27997945240103,1.5220778866225518e-13,4.061621849771759e-16,2.405225885605053e-12,0.0,1.5990889219967581e-15,0.818236949022125,7.661413921596947e-12,0.0002023973092961551,500000.0,397399.293735522
9.66232950254784e-05,0.0001285137383262167,13.119769818286283,333.76767227655716,0.0,0.03217127205867063,104.15018569811387,2.1456649073273742e-16,0.0,0.00010325713260664958,34.722039030719124,1.4849655058840794e-13,3.9981184308407512e-16,2.366679794182395e-12,0.0,1.1681806326682657e-15,0.8052968205000605,6.79336653151717e-12,0.00020234536059925983,500000.0,388462.61549221043
9.667487296696521e-05,0.00012918605641196756,12.95028111115815,331.5674713586269,0.0,0.031671597881262024,102.53255897140687,1.8977910902321723e-16,0.0,0.00010165337648886619,34.18274764133322,1.4495835156872622e-13,3.937108321532923e-16,2.329443107660573e-12,1.9314388197402594e-20,9.07058056066605e-16,0.7927892128446455,6.034022797984408e-12,0.00020229471311164425,500000.0,379887.98220729426
9.672645090845204e-05,0.00012984964349884196,12.781226791202739,329.42535559588333,0.0,0.031188508560802485,100.96862326465265,1.6808513342854364e-16,0.0,0.0001001028510088028,33.66135599623624,1.4158267358796465e-13,3.8784542567595003e-16,2.293461608980304e-12,7.59536959350788e-16,7.070989658801773e-16,0.780696748065689,5.3687400055417704e-12,0.00020224532793498162,500000.0,371657.6736667607
9.677802884993885e-05,0.00013050452385303765,12.612677656164442,327.33966657245037,0.0,0.030721342331543132,99.4562362362379,1.4907373358781564e-16,0.0,9.860343219450958e-05,33.15714987232041,1.3835977265766947e-13,3.822028218501882e-16,2.258683753638086e-12,0.0,5.487795947073242e-16,0.7690028614218501,4.784964720798426e-12,0.0002021971675265733,500000.0,363754.9766157124
9.682960679142566e-05,0.0001311507251842008,12.444696566943744,325.3087992601734,0.0,0.030269468401102853,97.99335581094712,1.3239151392508772e-16,0.0,9.715309548064811e-05,32.66944847372328,1.3528061441604876e-13,3.7677107560366877e-16,2.225060530407685e-12,0.0,4.639102108678622e-16,0.7576917634388983,4.271920524264569e-12,0.0002021501956671864,500000.0,356164.12371135
9.688118473291248e-05,0.00013178827825537147,12.277339160981647,323.3312008001005,0.0,0.029832285484160767,96.57803543325123,1.177341571474383e-16,0.0,9.574991100277754e-05,32.19760284934851,1.3233681549126654e-13,3.7153903580766162e-16,2.192545328726532e-12,6.1934489052043614e-15,3.79582040231386e-16,0.7467484032076852,3.820344162811568e-12,0.00020210437742699408,500000.0,348870.23604916973
9.693276267439929e-05,0.00013241721652730936,12.110654500676787,321.4053692790325,0.0,0.029409220389892056,95.20841949568955,1.048393037932967e-16,0.0,9.439203906475505e-05,31.740994368760116,1.2952059010878828e-13,3.6649628727831285e-16,2.1610938126322853e-12,0.0,2.668594026441942e-16,0.7361584330361413,3.42226245877098e-12,0.000202059679130295,500000.0,341859.26920512633
9.698434061588611e-05,0.00013303757583453082,11.944685665795536,319.5298524195154,0.0,0.028999726664857117,93.8827389461155,9.348049450202791e-17,0.0,9.307772578349396e-05,31.299033257706945,1.2682470145267142e-13,3.616330972670353e-16,2.130663801057885e-12,0.0,2.1090023410595896e-16,0.7259081744841825,3.0708034306369537e-12,0.00020201606831933366,500000.0,335117.96251635783
9.703591855737293e-05,0.0001336493940907604,11.779470293310329,317.70324622420736,0.0,0.02860328329140462,92.59930707492782,8.346202667683253e-17,0.0,9.180529891232326e-05,30.871157193651634,1.242424173380819e-13,3.569403660679065e-16,2.1012151542665566e-12,0.0,1.6726633988118773e-16,0.7159845857903421,2.760036233728085e-12,0.00020197351371750033,500000.0,328633.7914628555
9.708749649885974e-05,0.00013425271102120856,11.615041068953467,315.9241935985541,0.0,0.028219393442051825,91.35651548258183,7.461458246878911e-17,0.0,9.057316384315407e-05,30.456829961402036,1.2176746980076914e-13,3.524095814158738e-16,2.0727096662096495e-12,0.0,1.3274306211280203e-16,0.706375230692209,2.4848353621612266e-12,0.00020193198519223717,500000.0,322394.92299877555
9.713907444034655e-05,0.00013484756791904464,11.451426175180714,314.1913829632083,0.0,0.027847583289205963,90.15283022652572,6.679150121169307e-17,0.0,8.937979978648727e-05,30.055540168560185,1.193940182455606e-13,3.48032776385461e-16,2.045110962585743e-12,1.0558892110943556e-15,1.0904793686536658e-16,0.6970682486342492,2.24076530891109e-12,0.0002018914537179688,500000.0,316390.17367407336
9.719065238183338e-05,0.00013543400742379742,11.288649699334288,312.50354687619165,0.0,0.027487400869480937,88.9867881449948,5.986559582158041e-17,0.0,8.822375612669796e-05,29.666800019932918,1.1711661582399002e-13,3.4380249051260495e-16,2.0183844043655925e-12,1.88536944212346e-16,8.231748822504583e-17,0.6880523263431281,2.0239824950168247e-12,0.0002018518913392973,500000.0,310608.9703995234
9.724223032332019e-05,0.00013601207331982634,11.126732006203207,310.8594606504485,0.0,0.027138415001431923,87.85699335360401,5.372643412967288e-17,0.0,8.710364894864369e-05,29.29014414955072,1.1493017873928886e-13,3.397117338782406e-16,1.9924969965365287e-12,0.0,6.891222506789365e-17,0.6793166707391122,1.8311517781176196e-12,0.00020181327113461515,500000.0,305041.31367788784
9.73202567194701e-05,0.00013687074790085744,10.883454298136156,308.4528410792816,0.0,0.026630844506513422,86.21380210952209,4.572458411589705e-17,0.0,8.547454752118878e-05,28.74232995093978,1.1178498125968629e-13,3.337740248636266e-16,1.9548602772070756e-12,0.0,5.0081285355934905e-17,0.6666113963750034,1.5786247297691303e-12,0.0002017565803524083,500000.0,297003.6088576313
9.739828311562002e-05,0.00013771052011634128,10.642225743945911,306.13972179632384,0.0,0.026146616823755086,84.64618002140865,3.9026656380866645e-17,0.0,8.39203672694228e-05,28.21970932414876,1.0882204788190715e-13,3.281197887860722e-16,1.9189698870357115e-12,0.0,3.605734845113619e-17,0.6544904282282096,1.3659206618908333e-12,0.00020170190106744593,500000.0,289402.5032063779
9.747630951176993e-05,0.00013853155116572992,10.40307817933965,303.91637792617325,0.0,0.025684479265925958,83.15007169717806,3.340486309899302e-17,0.0,8.243708757487595e-05,27.720930265036543,1.0602769821732818e-13,3.2272999003990677e-16,1.88473045850651e-12,1.570603013412768e-16,2.7244184600193542e-17,0.6429224097117834,1.186171439081661e-12,0.0002016491524526507,500000.0,282209.83735097904
9.755433590791984e-05,0.0001393340042461022,10.166031424736012,301.77927361064417,0.0,0.02524326348750863,81.72169478659562,2.8673559582548416e-17,0.0,8.102095851969724e-05,27.244731797334484,1.0338953337845816e-13,3.175873087913576e-16,1.852053205943201e-12,0.0,2.0008625710896998e-17,0.6318780954182516,1.0337800795407342e-12,0.00020159825819256272,500000.0,275399.66020487295
9.763236230406976e-05,0.00014011804370343432,9.931094905289978,299.725052239857,0.0,0.02482187924797976,80.35751979137146,2.4681235004391854e-17,0.0,7.96684808698729e-05,26.78993724164822,1.0089629696284973e-13,3.1267596731666766e-16,1.8208554183866346e-12,0.0,1.5002484628597e-17,0.621330195009787,9.041709537588223e-13,0.0002015491462349519,500000.0,268948.03580436984
9.771038870021967e-05,0.00014088383427494179,9.69826910658174,297.7505270726491,0.0,0.024419308672591924,79.05425148579735,2.1303881310641362e-17,0.0,7.837638765516332e-05,26.355448021389247,9.853775247349343e-14,3.0798157513888605e-16,1.7910599954484749e-12,9.99005237109075e-24,1.1328366099302079e-17,0.6112532295612274,7.935921110260843e-13,0.00020150174855341712,500000.0,262832.86857987277
9.77884150963696e-05,0.00014163154042604918,9.467546863787923,295.8526722690884,0.0,0.024034600964771436,77.80881179929132,1.8439607203029753e-17,0.0,7.714162719841514e-05,25.940237956083642,9.630457527066656e-14,3.034909903811161e-16,1.762595022009294e-12,0.0,8.499885156831426e-18,0.6016233992066667,6.989581047528709e-13,0.00020145600092124708,500000.0,257033.7451580588
9.78664414925195e-05,0.0001423613257924786,9.238914468614018,294.02861433500124,0.0,0.02366686752499279,76.61832401471527,1.6004433787318058e-17,0.0,7.596134744937632e-05,25.543347993338884,9.418825758300737e-14,2.9919219599170015e-16,1.7353933778927264e-12,9.097946752800012e-17,6.6996831234982806e-18,0.5924184609596934,6.177240418321036e-13,0.0002014118426971521,500000.0,251531.79094475144
9.794446788866943e-05,0.00014307335271413656,9.012352615219978,292.27562399672405,0.0,0.023315277446968548,75.48009818811491,1.392901470979113e-17,0.0,7.483288152946221e-05,25.163881348013735,9.218102490509795e-14,2.950741896425794e-16,1.7093923796354994e-12,1.0457158231187535e-16,5.397312560803189e-18,0.5836176159777553,5.477847162355932e-13,0.00020136921662292122,500000.0,246309.54007233126
9.802249428481934e-05,0.00014376778183681187,8.78783722463715,290.5911085040588,0.0,0.022979053369179055,74.39161771878719,1.2155981791614778e-17,0.0,7.375373441698042e-05,24.80099902488925,9.027576210543699e-14,2.9112688557582456e-16,1.6845334519695393e-12,0.0,3.3708105406212935e-18,0.5752014057209426,4.873936500786735e-13,0.0002013280686325142,500000.0,241350.81747784562
9.810052068096925e-05,0.00014444477176771007,8.565340173538484,288.9726042991075,0.0,0.022657467656320065,73.35052698738022,1.063774992277014e-17,0.0,7.272157069123054e-05,24.4539156974051,8.846594790070538e-14,2.873410266632288e-16,1.6607618265727387e-12,2.0074586798350252e-16,7.715506414506352e-19,0.5671516163688755,4.350978272571e-13,0.00020128834767201045,500000.0,236640.631901674
9.817854707711917e-05,0.0001451044787820191,8.344829931673726,287.41777013309735,0.0,0.02234983888210412,72.35461996957542,9.334728068006616e-18,0.0,7.173420324381674e-05,24.121895911639733,8.674559669437715e-14,2.837081054624973e-16,1.6380262656057874e-12,1.1009277103501867e-23,2.4391994930134664e-18,0.559451190780868,3.896849771087085e-13,0.00020125000553001873,500000.0,232165.07878611347
9.825657347326908e-05,0.00014574705657836967,8.126272114156853,285.92438054638666,0.0,0.02205552858722316,71.4018297405067,8.213890889701931e-18,0.0,7.078958287306282e-05,23.804250587248234,8.510920693372956e-14,2.802202935186077e-16,1.6162788077890206e-12,0.0,2.1358212488270307e-18,0.5520841473433306,3.5014088094132003e-13,0.000201212996678182,500000.0,227911.25202681977
9.8334599869419e-05,0.0001463726560765921,7.909629959504936,284.49031969096484,0.0,0.021773938290676594,70.49021879941701,7.247633962831862e-18,0.0,6.988578869163353e-05,23.50033379185454,8.355171518577716e-14,2.7687037808962854e-16,1.595474535098222e-12,2.201956668316839e-17,1.4806085700861487e-18,0.5450355051593111,3.15614692608781e-13,0.00020117727812135334,500000.0,223867.1637135788
9.841262626556891e-05,0.00014698142524986063,7.694864745444818,283.11357551895503,0.0,0.021504506735212436,69.61797015219437,6.412836601386332e-18,0.0,6.902101928553525e-05,23.209539768108755,8.206845520115469e-14,2.7365170538650364e-16,1.5755713583672028e-12,3.5963582442963414e-17,1.14634700818369e-18,0.5382912150980131,2.8539069587531417e-13,0.00020114280925694452,500000.0,220021.6711278069
9.849065266171883e-05,0.00014757350898587815,7.48193615197001,281.79223430973326,0.0,0.021246707348212112,68.78337909137733,5.690086661076532e-18,0.0,6.819358456460441e-05,22.931300193269813,8.065512134794074e-14,2.705581295327354e-16,1.5565298201863764e-12,3.9485184604725115e-17,9.396616079494571e-19,0.5318380962371987,2.588652440766173e-13,0.00020110955174292686,500000.0,216364.41029014488
9.856867905786874e-05,0.00014814904897418645,7.270802577282476,280.5244755106739,0.0,0.021000045900040603,67.98484561541787,5.063044419263678e-18,0.0,6.740189824677217e-05,22.665081651906615,7.930773590389108e-14,2.6758396665246956e-16,1.5383129135881601e-12,0.0,5.018774874574722e-19,0.5256637772483785,2.355278807807142e-13,0.00020107746937400272,500000.0,212885.73541680415
9.864670545401865e-05,0.00014870818361698018,7.061421411399219,279.30856686955684,0.0,0.0207640583434463,67.22086743405839,4.517925120648676e-18,0.0,6.664447092341813e-05,22.410383304000376,7.802261976505096e-14,2.647239535995638e-16,1.5208859151521523e-12,0.0,3.06060344856786e-19,0.5197566423138769,2.1494584283426508e-13,0.0002010465279654993,500000.0,209576.6637116228
9.872473185016857e-05,0.00014925104796019957,6.8537492731707665,278.1428598228466,0.0,0.020538308819382033,66.49003351246688,4.043076090385121e-18,0.0,6.591990365886333e-05,22.166734732660462,7.679636617454383e-14,2.6197321084950036e-16,1.504216231308916e-12,3.7232520343318636e-25,5.598611661591519e-19,0.514105781209614,1.9675130702733737e-13,0.00020101669524454443,500000.0,206428.82497267818
9.880275824631848e-05,0.00014977777364169232,6.647742214373785,277.02578519887555,0.0,0.02032238781597442,65.79101811116776,3.62862698914407e-18,0.0,6.522688208140613e-05,21.933693957130835,7.562581711936107e-14,2.5932720905963814e-16,1.4882732567376694e-12,0.0,4.640709798882872e-19,0.508700943221418,1.8063087005623583e-13,0.00020098794074810454,500000.0,203434.41561556823
9.88807846424684e-05,0.00015028848885395986,6.44335589632356,275.95584916158947,0.0,0.02011591046831659,65.12257528186665,3.2661990689429927e-18,0.0,6.456417092634294e-05,21.710845597784274,7.450804208994355e-14,2.567817389099742e-16,1.4730282438431907e-12,8.138928305487326e-18,3.1216622174510855e-19,0.5035324945863406,1.6631684563289462e-13,0.00020096023572745513,500000.0,200586.15665722985
9.895881103861831e-05,0.0001507833183196646,6.24054574237135,274.9316293724797,0.0,0.019918514987649898,64.48353378214954,2.9486643203271185e-18,0.0,6.39306089942725e-05,21.497799180762847,7.344031893947209e-14,2.5433288390630313e-16,1.458454182380468e-12,1.1525133944714104e-18,5.280505735736154e-19,0.49859137917274177,1.535800494438426e-13,0.00020093355305868873,500000.0,197877.25528480826
9.903683743476824e-05,0.0001512623832782879,6.039267068978893,273.9517713609345,0.0,0.019729861209486065,63.872792375231846,2.6699464541951436e-18,0.0,6.33251044911481e-05,21.294187570987894,7.242011661262662e-14,2.519769958478034e-16,1.4445256883804142e-12,4.930988427032111e-17,1.135429220365432e-19,0.49386908213760555,1.4222380237788122e-13,0.00020090786715889244,500000.0,195301.36968023604
9.911486383091815e-05,0.00015172580148229494,5.839475196628401,273.01498515886334,0.0,0.01954962925120693,63.28931548412952,2.4248559302683907e-18,0.0,6.274663071971245e-05,21.099665523328852,7.144507953989732e-14,2.4971067270139574e-16,1.4312189016117126e-12,0.0,2.4386133684322986e-18,0.4893575963242762,1.3207893323693463e-13,0.00020088315390766077,500000.0,192852.5768509937
9.919289022706806e-05,0.00015217368720140577,5.641125547969372,272.120041934622,0.0,0.019377518270474108,62.73212917217302,2.208952140226787e-18,0.0,6.219422209447896e-05,20.913908342569595,7.051301351692437e-14,2.47530738639068e-16,1.4185113908804652e-12,5.660139906382008e-16,0.0,0.4850493911834972,1.229996048514278e-13,0.00020085939057356715,500000.0,190525.3430177561
9.933172095606804e-05,0.0001529325389434645,5.291633990174059,270.62753562083964,0.0,0.01909049328311788,61.802924110562614,1.885450666833396e-18,0.0,6.127298465624672e-05,20.60412594323923,6.895456828584009e-14,2.43856502692695e-16,1.3973180039213335e-12,1.1471116268196354e-24,1.5830103912880796e-19,0.47786470997837455,1.0909747233919003e-13,0.00020081939177405734,500000.0,186669.20368073022
9.942254570759516e-05,0.00015340285720940087,5.065268125660442,269.71783616526267,0.0,0.018915442269706963,61.23621983339514,1.7088983777308495e-18,0.0,6.071113967917726e-05,20.415195622102768,6.800009405340825e-14,2.4158835827092497e-16,1.384391140368682e-12,0.0,1.5947678848455965e-19,0.47348291123744785,1.0133151414243506e-13,0.00020079476142037216,500000.0,184333.1092942321
9.951337045912229e-05,0.00015385269443627138,4.840621450789665,268.85900141077286,0.0,0.018750010987204763,60.70065814968238,1.5553802344373507e-18,0.0,6.0180170258215075e-05,20.236647753366086,6.709394246397312e-14,2.3942285014249755e-16,1.3721731686244388e-12,8.276131327022202e-18,1.1714921441032154e-19,0.46934190929705233,9.445749977551054e-14,0.00020077131337424065,500000.0,182136.6411170301
9.960419521064941e-05,0.00015428220368026674,4.617625999513384,268.04951142935124,0.0,0.018593850961228856,60.19511092031936,1.4216078088722157e-18,0.0,5.9678957927671356e-05,20.068106233138693,6.62336610063354e-14,2.3735638118080806e-16,1.3606381430557306e-12,0.0,1.0217221979842508e-19,0.4654329813034723,8.836265837579549e-14,0.0002007490212822011,500000.0,180073.57656828556
9.969501996217652e-05,0.00015469153185958346,4.396214585502432,267.2879290875419,0.0,0.018446638008179903,59.71852864434007,1.3048027385345714e-18,0.0,5.9206462185700047e-05,19.909221174252743,6.541697960132902e-14,2.3538561006730627e-16,1.3497619313984161e-12,8.800252853129038e-26,8.831990821892181e-20,0.4617480124388097,8.29507961011364e-14,0.00020072786068495532,500000.0,178138.16125258798
9.972116766959569e-05,0.00015480565287562912,4.332756301725059,267.0773674996425,0.0,0.018405872101212487,59.58655446455242,1.2739773235680506e-18,0.0,5.907561964047171e-05,19.86522305182174,6.518964521894981e-14,2.348355369558202e-16,1.3467496811592168e-12,0.0,8.508872641337191e-20,0.4607275784697588,8.1507453021255e-14,0.00020072197523666343,500000.0,177603.87570117752
9.972161540222603e-05,0.00015480759254899132,4.3316707785811435,267.07379554693784,0.0,0.018405180256591276,59.58431470998237,1.2734597176860857e-18,0.0,5.907339909104982e-05,19.864476352763283,6.518578218597223e-14,2.3482618433039175e-16,1.346698557988624e-12,1.6851565288841093e-22,8.503908652852581e-20,0.4607102605243145,8.148316123412566e-14,0.00020072187525608506,500000.0,177594.81466277858
9.972206313485638e-05,0.00015480953173633753,4.33058529190325,267.0702247929787,0.0,0.01840448861998291,59.582075628826125,1.2729424510153667e-18,0.0,5.907117920926743e-05,19.863729878210428,6.518192014687223e-14,2.3481683393264395e-16,1.3466474501274921e-12,2.2267004883712608e-20,8.496043020397981e-20,0.46069294778575487,8.145888355626604e-14,0.00020072177530229576,500000.0,177585.75661168582
9.972309446738432e-05,0.00015481399672051196,4.328085059515822,267.06200426453,0.0,0.01840289625654835,59.57692056485599,1.2717522391202772e-18,0.0,5.906606834825089e-05,19.86201126070462,6.517302788883959e-14,2.347953041726343e-16,1.3465297836389043e-12,6.506678013471694e-21,8.485485295258449e-20,0.4606530884557236,8.140301484118303e-14,0.00020072154516502443,500000.0,177564.90314109428
9.972665088013146e-05,0.00015482937384814902,4.319464823760023,267.03370560407654,0.0,0.01839741366146826,59.55917139544701,1.267661704515048e-18,0.0,5.904847137204769e-05,19.8560939658977,6.514240451825335e-14,2.347211521902296e-16,1.3461246489263252e-12,0.0,8.44560662495445e-20,0.46051585058528177,8.121093714883208e-14,0.00020072075265696663,500000.0,177493.11415988
9.973020729287862e-05,0.00015484472032275176,4.310846883333448,267.0054825082501,0.0,0.018391944166600924,59.541464636227005,1.2635923980668246e-18,0.0,5.903091644238024e-05,19.85019080998287,6.511184368645477e-14,2.3464714031476413e-16,1.345720478351133e-12,0.0,8.407298292152275e-20,0.46037894063350965,8.101975893241187e-14,0.00020071996183730712,500000.0,177421.51325910355
9.973268702633566e-05,0.00015485540262518888,4.304839320430663,266.9858480235581,0.0,0.018388138265887713,59.52914354091933,1.2607675421013298e-18,0.0,5.901870099635398e-05,19.8460831499792,6.509057187620622e-14,2.3459561774842024e-16,1.34543923743341e-12,0.0,8.372368663979365e-20,0.4602836730273151,8.088699230411195e-14,0.00020071941143117467,500000.0,177371.69989289567
9.973516675979271e-05,0.00015486607003185125,4.298832870049772,266.9662499214623,0.0,0.018384338720076335,59.51684301875753,1.2579529062526671e-18,0.0,5.900650594706572e-05,19.841982348739812,6.50693303723388e-14,2.345441630403977e-16,1.3451584642060675e-12,3.040429403663686e-20,8.341954439367611e-20,0.46018856449418266,8.075466068961592e-14,0.00020071886184482612,500000.0,177321.9775238111
9.973764649324976e-05,0.00015487672254549585,4.292827530962976,266.9466882984472,0.0,0.018380545523438985,59.50456305119858,1.2551484495472287e-18,0.0,5.8994331276131464e-05,19.83788840008276,6.504811913479935e-14,2.344927760952408e-16,1.3448781582427314e-12,0.0,8.314655174681306e-20,0.46009361489073636,8.062276155146271e-14,0.00020071831307782832,500000.0,177272.34613210615
9.974140852329254e-05,0.00015489285515733606,4.283718886029438,266.91708078784393,0.0,0.01837480293452945,59.4859721864856,1.2509131230170055e-18,0.0,5.897589982188067e-05,19.83169049725771,6.501599704043578e-14,2.34414945575014e-16,1.3444537943063601e-12,1.5644651775474238e-21,8.270417216175556e-20,0.4599498689709081,8.042348002933818e-14,0.0002007174821010443,500000.0,177197.2233301149
9.974517055333532e-05,0.000154908953506977,4.274612791364257,266.8875571932024,0.0,0.018369074925972135,59.46742852371546,1.2467009898335724e-18,0.0,5.895751516483181e-05,19.825508330820362,6.498394437648807e-14,2.343372704461177e-16,1.3440305033750784e-12,1.575585570281468e-21,8.227302274669953e-20,0.4598064880199394,8.022518837201476e-14,0.00020071665300759614,500000.0,177122.30940897242
9.97489325833781e-05,0.0001549250176040054,4.265509242404099,266.85811743123463,0.0,0.018363361477917152,59.44893199862679,1.2425119094048573e-18,0.0,5.8939177241274526e-05,19.819341879346982,6.495196100407789e-14,2.34259750366966e-16,1.3436082839712323e-12,1.2640230664609804e-22,8.184572247139558e-20,0.4596634715409565,8.002788207452364e-14,0.0002007158257959814,500000.0,177047.60402228293
9.975269461342088e-05,0.00015494104745799028,4.2564082345793945,266.8287614057676,0.0,0.018357662570575393,59.43048254715501,1.2383457421091711e-18,0.0,5.892088598769357e-05,19.813191121479445,6.492004678475938e-14,2.341823850013691e-16,1.3431871346216968e-12,1.1083063750724076e-22,8.142106785451037e-20,0.4595208190386075,7.983155614126884e-14,0.00020071500046470265,500000.0,176973.10681609125
9.97609096669106e-05,0.0001549759324756406,4.236543396224755,266.76494803139127,0.0,0.018345268454066838,59.39035825010044,1.2293271620716663e-18,0.0,5.888110574309902e-05,19.799814309915963,6.485059619234696e-14,2.340139803473707e-16,1.3422711934907774e-12,4.4944012591837275e-23,8.050436385761496e-20,0.45921057505175605,7.94062269363237e-14,0.00020071320473780772,500000.0,176811.15105552875
9.976912472040032e-05,0.00015501065435206173,4.216690605967478,266.7015326828285,0.0,0.018332943375671092,59.35045745471492,1.2204157549704618e-18,0.0,5.8841547083721276e-05,19.786512010304843,6.47814732650726e-14,2.3384630853095006e-16,1.3413603326361245e-12,4.4410732921766407e-23,7.960340711218887e-20,0.45890205919608607,7.898549586828251e-14,0.00020071141795462773,500000.0,176650.1827797916
9.979133310243117e-05,0.00015510370477294548,4.163080980092584,266.5320832565822,0.0,0.018299968052272363,59.24370424880804,1.196850433046135e-18,0.0,5.87357092509375e-05,19.750922165147628,6.459623709604626e-14,2.3339667218358574e-16,1.3389232455113262e-12,2.6892311504618916e-22,7.724319370007457e-20,0.45807663563378215,7.787072079523892e-14,0.00020070663225801438,500000.0,176219.94067308697
9.981354148446202e-05,0.0001551955655737933,4.10955812633762,266.365520786897,0.0,0.01826749183555976,59.13856683413542,1.174031138489902e-18,0.0,5.863147335451725e-05,19.715870999455305,6.441335753901566e-14,2.3295230806365556e-16,1.3365228812814685e-12,1.6920811633748978e-21,7.498830560111717e-20,0.45726370548697043,7.678819599280279e-14,0.0002007019115139636,500000.0,175796.8212955706
9.983574986649287e-05,0.00015528623867455509,4.056121114292331,266.20182914839194,0.0,0.018235510833218116,59.03503260984791,1.1519317149426317e-18,0.0,5.852882690165947e-05,19.681354312302332,6.423280736453014e-14,2.3251315932184816e-16,1.3341589501989253e-12,2.131144735347503e-21,7.283420881115464e-20,0.4564631713249678,7.573697261556312e-14,0.00020069725542828557,500000.0,175380.75722348772
9.98579582485237e-05,0.00015537572597260836,4.0027690171969565,266.0409925983961,0.0,0.018204021223955473,58.93308920502443,1.1305270894259653e-18,0.0,5.8427757627519574e-05,19.647367979417567,6.405455984593188e-14,2.320791733638612e-16,1.331831167805595e-12,4.436324569343711e-22,7.077610591220576e-20,0.45567493749491134,7.471613815387957e-14,0.000200692663713144,500000.0,174971.6824486884
9.988016663055455e-05,0.00015546402934256406,3.949500912029173,265.88299580072044,0.0,0.018173019256563835,58.832724475631345,1.1097932368373241e-18,0.0,5.8328253492194976e-05,19.6139079521706,6.387858875067432e-14,2.3165030111384963e-16,1.329539254862093e-12,4.8843515186974545e-22,6.880835914438266e-20,0.45489891009824873,7.372481392172165e-14,0.00020068813608706206,500000.0,174569.5323740653
9.991952329023473e-05,0.0001556176140455706,3.8553051322633887,265.6099299274673,0.0,0.01811926549374965,58.65870384684517,1.0746263774062317e-18,0.0,5.815572503223975e-05,19.55589220285377,6.357225334590423e-14,2.3090269092051427e-16,1.3255648973131583e-12,1.024433569383053e-21,6.55304583840271e-20,0.4535533699235364,7.203792447596637e-14,0.00020068026901449334,500000.0,173873.67518752834
9.995887994991489e-05,0.00015576749656817738,3.761365151045685,265.3456521975987,0.0,0.018067011672622642,58.48953907895661,1.0413719204793413e-18,0.0,5.798801079579507e-05,19.499495321429325,6.327284660499521e-14,2.301707490755138e-16,1.3217008430239166e-12,1.3652774948355942e-21,6.250110797955037e-20,0.4522453756189093,7.043659096586107e-14,0.00020067260085869948,500000.0,173199.02374142662
9.999823660959506e-05,0.00015591368687614996,3.6676759075716117,265.090081998343,0.0,0.018016238458510657,58.325167578552694,1.0099159819178607e-18,0.0,5.78250487261656e-05,19.444696440234722,6.298023307994329e-14,2.294542470162754e-16,1.3179456526288836e-12,1.276264686771114e-21,5.969979807014567e-20,0.45097444320754004,6.891661932438787e-14,0.0002006651301807024,500000.0,172545.24673550337
0.00010003759326927524,0.00015605619473872142,3.5742323736820905,264.84314063218403,0.0,0.01796692714741534,58.16552879394228,9.801521159960062e-19,0.0,5.7666778790870754e-05,19.391475372285473,6.26942815612047e-14,2.287529680096222e-16,1.3142979336404068e-12,2.7831697685811184e-22,5.710791819255093e-20,0.44974010449934315,6.74740801271352e-14,0.00020065785559396983,500000.0,171912.02430879296
0.0001000769499289554,0.00015619502972869458,3.4810295541867724,264.60475138022895,0.0,0.01791905965105513,58.01056416673482,9.51980816561383e-19,0.0,5.751314293363862e-05,19.339812595132255,6.241486493782784e-14,2.2806670515672904e-16,1.310756339320691e-12,6.811715783437114e-22,5.470824940744206e-20,0.4485419067165782,6.610529219872962e-14,0.0002006507757637139,500000.0,171299.04778906849
0.00010011630658863557,0.00015633020122258408,3.388062487113179,264.37483955871136,0.0,0.017872618482477492,57.86021708526178,9.253090850396033e-19,0.0,5.736408502822685e-05,19.289689235332347,6.214186006517687e-14,2.273952604221917e-16,1.3073195675977185e-12,0.0,5.2486167307711016e-20,0.4473794121337015,6.480680680768639e-14,0.00020064388940626982,500000.0,170706.01944896535
0.00010019124219498988,0.00015657747418264335,3.211686013410749,263.9602614940313,0.0,0.017788076824456694,57.586524757240376,8.78363038329257e-19,0.0,5.7092739520602505e-05,19.198444504157752,6.163935505547517e-14,2.261571084864781e-16,1.3010612119495228e-12,0.0,4.8696327767741467e-20,0.4452632031219766,6.251737462154174e-14,0.00020063130817375623,500000.0,169631.01067624925
0.00010026617780134418,0.00015681156056853327,3.036112674311299,263.57567204901073,0.0,0.017708534208205215,57.329016159459904,8.359967352772608e-19,0.0,5.683743897313185e-05,19.112595174914624,6.115887770923279e-14,2.2497074576017265e-16,1.2951700728894992e-12,0.0,4.541614364619059e-20,0.443272127891044,6.045093692017284e-14,0.00020061941587270663,500000.0,168625.40778492967
0.0001003411134076985,0.00015703251931166565,2.8613092139406224,263.2206135820608,0.0,0.01763388688491324,57.08735541903058,7.977302082605002e-19,0.0,5.6597850392923086e-05,19.032029272847378,6.0699686759132e-14,2.2383500376908024e-16,1.2896384209764403e-12,0.0,4.2579045907700666e-20,0.44140358944726005,5.858954834930547e-14,0.00020060820510533423,500000.0,167687.4611400057
0.00010041604901405281,0.0001572404068676867,2.687242806409409,262.8946522533315,0.0,0.017564038021325574,56.861229051244536,7.631399367710195e-19,0.0,5.6373662983295105e-05,18.956642287069254,6.026108380721019e-14,2.2274877957854677e-16,1.2844590393164268e-12,0.0,4.012353894784526e-20,0.4396551639040343,5.691736456213359e-14,0.00020059766907836701,500000.0,166815.54426892847
0.00010049098462040711,0.00015743527725211063,2.5138810514142995,262.5973772428658,0.0,0.017498897421700677,56.65034505945575,7.318509658684892e-19,0.0,5.616458725137571e-05,18.88633687047645,5.984241066219637e-14,2.217110293469752e-16,1.27962520256683e-12,2.476311419065221e-21,3.800670192294241e-20,0.4380245935220351,5.542041472218689e-14,0.00020058780158139602,500000.0,166008.14815183842
0.00010056592022676142,0.00015761718207006614,2.341191968933663,262.3284001565628,0.0,0.017438381272662277,56.45443210907149,7.035312990695814e-19,0.0,5.5970354189175745e-05,18.821022564369756,5.94430469834665e-14,2.2072076666214331e-16,1.2751306577058672e-12,0.0,3.6154206591013357e-20,0.43650978032243165,5.4086401052362003e-14,0.00020057859697050084,500000.0,165263.87607588392
0.00010064085583311573,0.00015778617054449314,2.1691439932172205,262.0873544736093,0.0,0.017382411908199506,56.27323876677193,6.778873383484505e-19,0.0,5.579071451933225e-05,18.760615544822354,5.906240812785335e-14,2.197770601138585e-16,1.2709696063271895e-12,2.261969074890866e-20,3.470247511041701e-20,0.4351087802044848,5.290452362285571e-14,0.0002005700501540284,500000.0,164581.43891634463
0.00010075584270711616,0.00015802046951693226,1.9063159404996832,261.7710049892892,0.0,0.01730520711758451,56.023298569043796,6.431541782814275e-19,0.0,5.5542917475408375e-05,18.677289401498125,5.851348572549479e-14,2.1841749005438956e-16,1.2652209168717673e-12,1.7610823163085318e-19,3.3198432856978634e-20,0.4331762243939186,5.136552404760788e-14,0.00020055820410814698,500000.0,163651.80997501907
0.0001008708295811166,0.00015822462397477058,1.6448134360219326,261.5184625424995,0.0,0.017238307692618807,55.80672061699355,6.13309231252279e-19,0.0,5.532819660703671e-05,18.605085707824777,5.800551638940042e-14,2.171625049087461e-16,1.2602275211037878e-12,4.529379983265729e-19,3.197589392510478e-20,0.4315016278965168,5.0134122477911664e-14,0.00020054788224860135,500000.0,162861.17725244357
0.00010098581645511702,0.0001583987800725197,1.3845278844648483,261.32868440400154,0.0,0.0171815107223888,55.6228480136887,5.876790168094e-19,0.0,5.514590064995678e-05,18.54378546466394,5.753681358950793e-14,2.1600937456128346e-16,1.255974204630836e-12,4.743216553258355e-19,3.050194286336979e-20,0.430079911537359,4.9187495130335844e-14,0.00020053907327880784,500000.0,162206.2254808229
0.00010110080332911745,0.00015854307160062905,1.125352780833119,261.200734606239,0.0,0.01713464224185025,55.471117570580304,5.657013137588718e-19,0.0,5.4995471244773555e-05,18.49320091378315,5.710583878393798e-14,2.1495559485694003e-16,1.2524478852375586e-12,0.0,2.945256740254825e-20,0.42890672070157115,4.850797760345846e-14,0.00020053176858972222,500000.0,161684.13322586654
0.00010121579020311789,0.0001586576202213763,0.8671836430087334,261.133780704297,0.0,0.017097556099589385,55.351056142032064,5.469069927017711e-19,0.0,5.487643930291669e-05,18.453174315845306,5.6711189659295916e-14,2.139988728624817e-16,1.2496375269259074e-12,0.0,2.9927819834613895e-20,0.4279783969926367,4.808251134302782e-14,0.0002005259621773532,500000.0,161292.55071536836
0.00010133077707711832,0.0001587425356956845,0.609917946700192,261.12709094553674,0.0,0.01707013300130968,55.2622775287377,5.309050230751448e-19,0.0,5.478842193661007e-05,18.42357691805658,5.6351589597243504e-14,2.131371143884065e-16,1.2475340670140342e-12,0.0,2.693328815162993e-20,0.4272919542893946,4.790223276734262e-14,0.00020052165057134904,500000.0,161029.58126339485
0.00010144576395111876,0.00015879791610401423,0.3534550638361724,261.1800317817046,0.0,0.017052279717705635,55.204479913319055,5.173697866940177e-19,0.0,5.47311199164589e-05,18.40430809923503,5.60258781887052e-14,2.1236841335483021e-16,1.2461303554044797e-12,3.3026733319143354e-18,4.3752295038237537e-20,0.4268450589178975,4.7962181161304874e-14,0.00020051883277284686,500000.0,160893.7660165416
0.00010156075082511918,0.00015882384806179762,0.09769620444334014,261.29206577209794,0.0,0.01704392844804608,55.17744380001339,5.060306632212953e-19,0.0,5.470431562880331e-05,18.39529468293464,5.573300269411007e-14,2.1169104228324625e-16,1.2454211053545564e-12,0.0,0.0,0.4266360137209231,4.826112020644072e-14,0.00020051751020207578,500000.0,160884.07186866118
0.00010167573769911961,0.00015882040692848592,-0.15745563470018745,261.46274981195734,0.0,0.01704503633287314,55.1810304371016,4.966638322548255e-19,0.0,5.470787151167397e-05,18.396490411507628,5.547201036945044e-14,2.1110344418586465e-16,1.2454028552400516e-12,3.3417559671311235e-17,2.5831165032648294e-19,0.4266637458600745,4.880145309859445e-14,0.00020051768665635191,500000.0,160999.88236076597
0.00010179072457312005,0.00015878765701007522,-0.4120957187394471,261.6917339401193,0.0,0.017055585110487808,55.215180704829685,4.890858263836842e-19,0.0,5.4741728952248725e-05,18.407875575354897,5.524204156097977e-14,2.1060422629446053e-16,1.2460739408864682e-12,0.0,0.0,0.42692779821710874,4.958923721240676e-14,0.00020051936827799918,500000.0,161240.9916123292
0.00010190571144712048,0.0001587256517569978,-0.6663175999758559,261.9787598467155,0.0,0.01707558091268587,55.27991445412486,4.831483146378959e-19,0.0,5.4805907631240397e-05,18.429456792464347,5.504232346775864e-14,2.1019215549402895e-16,1.2474344780956875e-12,3.178870963223315e-16,1.9633082112131946e-18,0.42742832428084004,5.063428673416006e-14,0.00020052256353116768,500000.0,161607.600656844
0.0001020206983211209,0.0001586344339584918,-0.9202131589828041,262.3236608232405,0.0,0.017105054196809338,55.375330286636505,4.7873389066617845e-19,0.0,5.4900505304821944e-05,18.461266935079994,5.487216448614789e-14,2.0986615434466862e-16,1.2494863551162073e-12,3.692488638168888e-18,3.7630022531017594e-20,0.42816608644640286,5.195038459685058e-14,0.0002005272831871364,500000.0,162100.31720600696
0.00010213568519512134,0.0001585140359344559,-1.1738726149273389,262.72636121663106,0.0,0.01714405981255098,55.50160577098781,4.757528255183008e-19,0.0,5.5025698019024365e-05,18.503365201796857,5.473094907246962e-14,2.0962529811986227e-16,1.2522332349094095e-12,0.0,3.8105717859065e-20,0.42914245768732195,5.355557810083758e-14,0.0002005335403180021,500000.0,162720.15762538972
0.00010225067206912177,0.00015836447972653628,-1.4273845203514643,263.1868761058236,0.0,0.017192677202944835,55.6589980934771,4.7414074722280525e-19,0.0,5.5181740754859144e-05,18.555837334494584,5.461813306540345e-14,2.094688135024587e-16,1.2556805671394732e-12,3.3601956215310204e-18,4.444076567419009e-20,0.43035942658678566,5.5472599877689264e-14,0.00020054135029878552,500000.0,163468.5515685928
0.0001023656589431222,0.0001581857772902633,-1.680835748032593,263.7053115952371,0.0,0.01725101074025214,55.847845145454365,4.738571289385633e-19,0.0,5.5368968506370936e-05,18.618795980851754,5.4533239409256916e-14,2.0939607865906717e-16,1.2598356099008617e-12,0.0,4.648472881915424e-20,0.4318196057453188,5.772940940782128e-14,0.00020055073081776231,500000.0,164347.3495471185
0.00010248064581712263,0.00015797793068973628,-1.9343114635931835,264.281865543833,0.0,0.017319190198770783,56.06856705398214,4.748844890811467e-19,0.0,5.558779779817306e-05,18.6923812046442,5.4475854221106927e-14,2.0940662421423688e-16,1.2647074612928322e-12,3.3702141648631627e-19,5.284174215474879e-20,0.43352624361596426,6.035987733365447e-14,0.00020056170189480636,500000.0,165358.8333887844
0.00010259563269112306,0.0001577409322966296,-2.187895076404498,264.91682850754034,0.0,0.017397371367790366,56.321668166198755,4.772282933951161e-19,0.0,5.583872865279533e-05,18.776761147300597,5.4445623149765776e-14,2.0950013518216497e-16,1.2703071010341906e-12,0.0,4.040883578295167e-20,0.43548323984752413,6.340463888919447e-14,0.00020057428590766502,500000.0,166505.72953937654
0.0001027106195651235,0.00015747476499604357,-2.4416681660954955,265.6105848824296,0.0,0.017485736808957465,56.6077395011896,4.809176089251163e-19,0.0,5.6122347021531555e-05,18.87213284531794,5.444224797875348e-14,2.0967645424067566e-16,1.276647442385449e-12,0.0,6.206295888369858e-20,0.43769516424260707,6.691214379257817e-14,0.0002005885076261728,500000.0,167791.2253188411
0.00010282560643912393,0.0001571794024021908,-2.6957103845784283,266.3636143715735,0.0,0.017584496763488534,56.92746168697087,4.860065768855216e-19,0.0,5.643932769623974e-05,18.97872320940582,5.446548342670497e-14,2.0993558648365537e-16,1.283743394726762e-12,1.4973623578531155e-18,8.589342671209347e-20,0.44016727946660045,7.093994192326165e-14,0.00020060439425442062,500000.0,169218.98835892335
0.00010294059331312435,0.00015685480908697225,-2.9500993315923894,267.17649383247334,0.0,0.01769389021602611,57.281608404585484,4.925767875254503e-19,0.0,5.679043772390601e-05,19.096790172694064,5.4515134097994046e-14,2.102777055230469e-16,1.2916119372329748e-12,1.2162263145221422e-19,2.2885332363737093e-20,0.44290556767767064,7.555625314450716e-14,0.00020062197548089203,500000.0,170793.18944338043
0.00010305558018712479,0.00015650094082466365,-3.2049103989841,268.0498994656589,0.0,0.0178141861233297,57.67105036583003,5.00740692197564e-19,0.0,5.717654035026379e-05,19.2266240168445,5.459105153541377e-14,2.1070316077849673e-16,1.3002722041817517e-12,0.0,0.0,0.4459167612828377,8.084188275448494e-14,0.00020064128353660895,500000.0,172518.52894785063
0.00010317056706112522,0.00015611774485648503,-3.4602165784784873,268.9846092947338,0.0,0.017945684817342388,58.09675985550096,5.106462474852981e-19,0.0,5.759859952309178e-05,19.36854888636463,5.469313132575761e-14,2.1121248630953674e-16,1.3097455825214606e-12,1.1490393908382167e-17,3.01762738024425e-19,0.4492083780589535,8.689255361965015e-14,0.00020066235326134398,500000.0,174400.2671066382
0.00010328555393512564,0.0001557051601795196,-3.7160882285847494,269.98150598511944,0.0,0.018088719593568798,58.55981587356282,5.224830646235445e-19,0.0,5.805768499028979e-05,19.522924502925893,5.4821310207080996e-14,2.1180641126729835e-16,1.3200558224176842e-12,2.242245248601926e-17,6.047891810490597e-19,0.45278876091232095,9.382175394577894e-14,0.00020068522217799059,500000.0,176444.25843607838
0.00010340054080912608,0.0001552631178650581,-3.9725927954488527,271.0415800235627,0.0,0.01824365849722682,59.061409917584136,5.364904262763384e-19,0.0,5.8554978032732136e-05,19.690148093137168,5.497556312284484e-14,2.124858720565899e-16,1.331229161596887e-12,0.0,0.0,0.4566671225889098,1.0176421682329704e-13,0.00020070993057518826,500000.0,178656.99067420952
0.00010351552768312651,0.00015479154141206198,-4.22979448069277,272.16593321506457,0.0,0.018410906321278966,59.6028524511063,5.529676413243655e-19,0.0,5.909177787717238e-05,19.87065654499748,5.515590016333554e-14,2.1325202627600817e-16,1.3432944644117971e-12,0.0,0.0,0.46085359568825507,1.1088017806878311e-13,0.00020073652159827293,500000.0,181045.62860363867
0.00010354839299877943,0.00015465131779497602,-4.3034440254720865,272.49927259879786,0.0,0.01846103169980195,59.76512668172533,5.581809630450221e-19,0.0,5.925266066040385e-05,19.92475622932651,5.521224196253751e-14,2.1348712630321014e-16,1.3469112061056302e-12,1.092899831889964e-17,3.929413253651379e-19,0.46210831185690193,1.137271848321118e-13,0.00020074447411112616,500000.0,181761.75358596724
0.0001035511953030186,0.00015463924943258226,-4.309726759306128,272.5279437068829,0.0,0.018465354246641783,59.779120350873036,5.586365176139329e-19,0.0,5.9266534338507365e-05,19.929421499225544,5.52171448064138e-14,2.135075064456997e-16,1.347223107498417e-12,5.956772369613389e-18,3.091379485641706e-19,0.4622165119258306,1.1397524533915539e-13,0.00020074515951770862,500000.0,181823.51565447747
0.00010355399760725778,0.00015462716346341108,-4.316009954039889,272.55665394762525,0.0,0.018469684452259393,59.79313881429352,5.590938346819963e-19,0.0,5.928043259828103e-05,19.93409503514639,5.522206317725664e-14,2.1352793918073927e-16,1.347535563481742e-12,0.0,9.221146488554111e-20,0.4623249037058819,1.1422415264571554e-13,0.00020074584607852346,500000.0,181885.38839205823
0.0001035556468042909,0.00015462004246328322,-4.3197079217523005,272.57356873462516,0.0,0.018472236424345874,59.801400483716364,5.593637989020034e-19,0.0,5.9288623426644935e-05,19.936849346204294,5.5224964968621845e-14,2.135399887363975e-16,1.3477197078301655e-12,2.1255774381410314e-18,1.6414293126651438e-19,0.4623887835355093,1.143710358484904e-13,0.00020074625066941398,500000.0,181921.8532439114
0.00010355729600132404,0.00015461291536434627,-4.323406049239026,272.5904975301569,0.0,0.018474791052849104,59.809670752934544,5.596343771065346e-19,0.0,5.92968227810638e-05,19.939606524299133,5.522787213825505e-14,2.1355205651632757e-16,1.3479040445319174e-12,1.2360240426902418e-18,4.1106956731769643e-19,0.4624527298593804,1.1451821525149125e-13,0.00020074665566045948,500000.0,181958.3567912784
0.00010355894519835715,0.00015460578216633668,-4.327104336445492,272.6074406523632,0.0,0.01847734833918134,59.81794962652005,5.599055706316724e-19,0.0,5.930503066607041e-05,19.942366570955134,5.52307846863213e-14,2.1356414251746507e-16,1.3480885736876832e-12,0.0,1.673579263756744e-19,0.4625167427128464,1.1466569290442158e-13,0.00020074706105180422,500000.0,181994.8992698106
0.00010356059439539028,0.000154598642868991,-4.330802783482007,272.62439817799526,0.0,0.018479908284756527,59.82623710905025,5.601773808302165e-19,0.0,5.9313247086202884e-05,19.945129487698328,5.523370261297246e-14,2.1357624673351188e-16,1.3482732953982591e-12,1.680946006070591e-17,0.0,0.46258082213129964,1.1481347095842133e-13,0.00020074746684359303,500000.0,182031.4807537365
0.00010356224359242341,0.00015459149747204553,-4.334501390562474,272.641370034173,0.0,0.018482470890990324,59.83453320510821,5.60449809066008e-19,0.0,5.9321472046004997e-05,19.947895276056634,5.5236625918360155e-14,2.1358836915799357e-16,1.3484582097645639e-12,3.058953453158227e-17,1.0852757592002504e-18,0.4626449681501768,1.1496155101449025e-13,0.0002007478730359711,500000.0,182068.1012171766
0.00010356389278945654,0.00015458434597523615,-4.3382001578891956,272.6583561745619,0.0,0.018485036159300108,59.84283791928309,5.607228567072633e-19,0.0,5.932970555002655e-05,19.95066393756,5.523955460264392e-14,2.1360050978627046e-16,1.3486433168876559e-12,0.0,2.4383838359241418e-18,0.4627091808049617,1.1510993386377066e-13,0.0002007482796290836,500000.0,182104.7606520273
0.00010356554198648967,0.00015457718837829845,-4.341899085613016,272.67535662531486,0.0,0.018487604091105295,59.85115125616979,5.609965251259155e-19,0.0,5.933794760282305e-05,19.953435473740303,5.5242488665987375e-14,2.1361266861452147e-16,1.3488286168687211e-12,0.0,0.0,0.46277346013118237,1.1525862022185255e-13,0.0002007486866230758,500000.0,182141.45909873478
0.00010356810984095965,0.00015456603161840592,-4.347658758381185,272.70185539092455,0.0,0.018491607751638394,59.86411257341366,5.61423874956478e-19,0.0,5.935079778109587e-05,19.95775657369996,5.524706780834876e-14,2.1363163653428706e-16,1.349117519244153e-12,2.8398914697104437e-16,0.0,0.4628736779800101,1.15490735601502e-13,0.0002007493211245887,500000.0,182198.6775204398
0.00010357067769542964,0.0001545548600680116,-4.3534188208904725,272.7283889167704,0.0,0.01849561787824225,59.877094823698634,5.618527383269545e-19,0.0,5.936366871291599e-05,19.962084652407334,5.5251659992453973e-14,2.136506485515474e-16,1.3494068898039507e-12,7.059883392121198e-16,2.699309213395024e-18,0.4629740576846359,1.1572359151369363e-13,0.00020074995659887548,500000.0,182255.9907079813
0.00010357324554989963,0.00015454367372611387,-4.35917927378907,272.7549572504708,0.0,0.018499634476298536,59.890098024453565,5.622831204851847e-19,0.0,5.937656041556278e-05,19.966419715672924,5.5256265218920216e-14,2.1366970465039226e-16,1.3496967289319093e-12,3.193568707813307e-16,0.0,0.46307459937982187,1.1595719104223682e-13,0.00020075059304648716,500000.0,182313.39878032217
0.00010357581340436963,0.00015453247259170926,-4.364940117901831,272.78156040967696,0.0,0.01850365755120026,59.90312219314188,5.627150267086962e-19,0.0,5.938947290634985e-05,19.97076176931877,5.526088348836968e-14,2.1368880481545994e-16,1.3499870370125825e-12,0.0,0.0,0.4631753032005972,1.1619153693391386e-13,0.00020075123046797773,500000.0,182370.9018365449
0.0001035799621483633,0.00015451434426406289,-4.374248430777712,272.8246152454215,0.0,0.018510171115589096,59.92420898953266,5.634160681295494e-19,0.0,5.94103788904968e-05,19.977791776633545,5.5268372538436516e-14,2.1371975699862894e-16,1.3504570639922762e-12,2.8800064855344794e-16,1.5810508577217517e-18,0.4633383478459219,1.1657174026434132e-13,0.0002007522623746909,500000.0,182464.00731876175
0.0001035871450723641,0.0001544828664833807,-4.390366793572469,272.8993731799811,0.0,0.018521488444735015,59.960847333902954,5.646393209959129e-19,0.0,5.944670307328808e-05,19.99000642622523,5.5281419211062413e-14,2.1377361777349555e-16,1.351273746298248e-12,1.7774906248683334e-16,5.653954673501352e-19,0.46362163819274893,1.1723465885041647e-13,0.00020075405498640343,500000.0,182625.79330248258
0.00010359432799636489,0.00015445127291465244,-4.4064882413513065,272.974403764238,0.0,0.018532856682545402,59.997650488263275,5.658747260012185e-19,0.0,5.948319065287886e-05,20.00227602088367,5.5294567967107077e-14,2.1382782286254663e-16,1.3520941143613465e-12,2.1789266962369418e-16,6.962720652614566e-19,0.46390620286241635,1.179035254258831e-13,0.00020075585524173968,500000.0,182788.32632029837
0.00010360151092036568,0.0001544195635356673,-4.422612788150026,273.0497070649569,0.0,0.01854427594877794,60.03461884036195,5.671224026285278e-19,0.0,5.951984201369241e-05,20.014600689878083,5.530781882133648e-14,2.1388237209875751e-16,1.3529181767198812e-12,2.869704828602767e-16,8.748384862960066e-19,0.4641920448530302,1.1857839639741434e-13,0.000200757663152893,500000.0,182951.60835528123
0.00010360869384436647,0.00015438773832411755,-4.438740447308186,273.12528329883196,0.0,0.01855574636386022,60.07175278007811,5.683824718984604e-19,0.0,5.955665754226469e-05,20.026980563188054,5.5321171788952484e-14,2.139372653718219e-16,1.3537459419590308e-12,2.3232100961941836e-16,1.0965833700802497e-18,0.46447916717916576,1.1925933042792377e-13,0.00020075947873209718,500000.0,183115.64150223896
0.00010361587676836728,0.0001543557972576011,-4.454871231711689,273.20113277543715,0.0,0.018567268048887874,60.10905269942755,5.696550564311325e-19,0.0,5.959363762725019e-05,20.039415771505514,5.5334626885559534e-14,2.1399250261807177e-16,1.354577418710948e-12,0.0,8.603585430647698e-19,0.4647675728719156,1.1994638730623682e-13,0.00020076130199162974,500000.0,183280.42792970323
0.00010362305969236807,0.00015432374031362352,-4.4710051541437235,273.2772557839395,0.0,0.01857884112561893,60.14651899256967,5.709402804972855e-19,0.0,5.9630782659428555e-05,20.051906446237016,5.5348184127138634e-14,2.1404808381298793e-16,1.3554126156548944e-12,0.0,0.0,0.4650572649789463,1.2063962704131571e-13,0.00020076313294381613,500000.0,183445.9698039382
0.00010363024261636886,0.00015429156746959923,-4.487142227232802,273.35365255138566,0.0,0.018590465716473294,60.18415205581544,5.722382700368654e-19,0.0,5.966809303171266e-05,20.064452719506427,5.5361843530046964e-14,2.1410400896990687e-16,1.3562515415174128e-12,6.692567528298281e-16,0.0,0.4653482465645619,1.213391099925662e-13,0.00020076497160102878,500000.0,183612.26926086214
0.00010364164723116285,0.00015424024720996188,-4.512770206045627,273.4755137474285,0.0,0.018609028672387652,60.24424715102106,5.74325678408902e-19,0.0,5.9727672831526665e-05,20.0844874820682,5.5383741022838553e-14,2.1419351032207935e-16,1.3575912195527957e-12,1.3157781100325768e-16,3.8556783936360783e-19,0.4658129062170723,1.224626826824933e-13,0.0002007679067695932,500000.0,183877.8711785429
0.00010365305184595685,0.00015418863462737472,-4.538406211869984,273.5980666466685,0.0,0.01862772229781072,60.30476527135222,5.764461094106147e-19,0.0,5.978767202916681e-05,20.104663274574577,5.5405896167278303e-14,2.1428387930899593e-16,1.3589403553858534e-12,0.0,3.0063634614983793e-19,0.46628083673065907,1.2360239618679024e-13,0.00020077086144322867,500000.0,184145.39703782456
0.00010366445646075085,0.00015413672963000437,-4.564050295354703,273.72131218421475,0.0,0.018646547093168257,60.3657080368771,5.786000937385797e-19,0.0,5.9848092230809755e-05,20.12498063713089,5.5428309034776376e-14,2.143751165393434e-16,1.3602989846880356e-12,1.38967429283215e-23,2.6882179934599907e-19,0.4667520506318087,1.2475850304821494e-13,0.00020077383567222666,500000.0,184414.85558478354
0.00010367586107554484,0.00015408453212544077,-4.589702506678067,273.8452513346956,0.0,0.018665503563206343,60.42707708164445,5.807881734018396e-19,0.0,5.990893505649291e-05,20.145440114503366,5.545097969911995e-14,2.1446722281633233e-16,1.3616671434379275e-12,0.0,2.7427554603141724e-19,0.4672265605551048,1.2593126027611434e-13,0.00020077682950718877,500000.0,184686.25566639443
0.00010369473433316849,0.00015399750875563198,-4.632171800539072,274.05188203391333,0.0,0.018697164848685017,60.52957627282791,5.844855727153582e-19,0.0,6.001055535130899e-05,20.17961173784646,5.5489063424910874e-14,2.1462155941901522e-16,1.3639523117260445e-12,0.0,2.831605492559052e-19,0.46801909176576306,1.2790931175946597e-13,0.00020078182714789564,500000.0,185139.6790115679
0.00010373242748817469,0.00015382130804537754,-4.717058224414168,274.47027120177,0.0,0.01876149069855624,60.73782263707688,5.921644307407985e-19,0.0,6.021701607246214e-05,20.249037810769774,5.556723829439015e-14,2.1493695124123334e-16,1.3685952594378643e-12,0.0,2.929579485026094e-19,0.46962926781952424,1.3200333789942095e-13,0.0002007919703521935,500000.0,186061.39523698812
0.00010377012064318089,0.000153641905963742,-4.802036594396577,274.8963040849364,0.0,0.01882728880286534,60.95083522899896,6.002539797418626e-19,0.0,6.042820215247627e-05,20.32005286927367,5.5648234532875406e-14,2.152619239317049e-16,1.373344718683646e-12,0.0,2.9128208364076707e-19,0.4712762966927503,1.3629712329085365e-13,0.00020080233109556381,500000.0,187004.91620615227
0.00010380781379818709,0.00015345929901818304,-4.887108592293978,275.3300193559658,0.0,0.018894578687385956,61.168677260700456,6.087774157509989e-19,0.0,6.064417626143498e-05,20.392677987283342,5.5732055452205346e-14,2.1559654299370362e-16,1.3782020810078456e-12,0.0,3.3781330119349815e-19,0.47296066714604995,1.40801417295227e-13,0.00020081291129475258,500000.0,187970.58625511665
0.00010384550695319328,0.00015327348365101685,-4.972275837178647,275.77145705892895,0.0,0.018963380430525537,61.39141373337352,6.17759689350282e-19,0.0,6.0865002843166885e-05,20.466934835177153,5.581870458867107e-14,2.1594088503423908e-16,1.3831687771785253e-12,2.0869755478857396e-22,3.8073182024548207e-19,0.4746828817733749,1.4552763771697316e-13,0.00020082371290651985,500000.0,188958.76028296648
0.00010388320010819948,0.00015308445624304177,-5.0575398835333445,276.2206586256004,0.0,0.01903371467531718,61.619111476111776,6.272276229695576e-19,0.0,6.109074815372837e-05,20.542845692727163,5.590818568846725e-14,2.16295035175927e-16,1.388246278021171e-12,2.872217455086269e-22,4.0667110846269844e-19,0.4764434573021444,1.5048790834849196e-13,0.00020083473792742375,500000.0,189969.80402210137
0.0001039216327401424,0.00015288840944633106,-5.144577886652732,276.68671082590623,0.0,0.019107028647149506,61.856455688245305,6.374110637805343e-19,0.0,6.132605721842839e-05,20.621972531934762,5.600234221591166e-14,2.1666632660524014e-16,1.3935390444576576e-12,2.656668617698021e-22,4.390530993162184e-19,0.4782786200347746,1.5579981690937082e-13,0.0002008462113732242,500000.0,191024.6203189996
0.00010396006537208531,0.0001526890155691193,-5.231719584524163,277.16092573171574,0.0,0.019181981026848833,62.09910402776296,6.481620739926523e-19,0.0,6.156662492938981e-05,20.702867684053327,5.6099451405020216e-14,2.1704801371882908e-16,1.3989502247500555e-12,1.360307901720217e-22,4.794946349951533e-19,0.48015479466660776,1.6138296443260868e-13,0.00020085792139359353,500000.0,192104.01576277864
0.00010399849800402822,0.00015248627059416176,-5.318966398264268,277.64335180977406,0.0,0.019258595594405507,62.347133479243844,6.595161252203946e-19,0.0,6.181252761107462e-05,20.78555681453454,5.6199517777489956e-14,2.1744020615518457e-16,1.4044815124948923e-12,0.0,5.153662100260063e-19,0.4820725764480156,1.672528022328472e-13,0.00020086987023588536,500000.0,193208.41469768144
0.00010403693063597112,0.00015228017045262912,-5.40631966869822,278.1340390174357,0.0,0.019336896797657103,62.60062318933571,6.715113849348265e-19,0.0,6.206384373147449e-05,20.870066309629895,5.630254600562373e-14,2.178430186170907e-16,1.410134648573048e-12,0.0,5.559964795831826e-19,0.4840325773466424,1.734257769179632e-13,0.00020088206019073019,500000.0,194338.25441684897
0.00010407536326791404,0.00015207071102820636,-5.493780653845725,278.63303879450325,0.0,0.019416909768001565,62.85965451762441,6.841889148289699e-19,0.0,6.232065395254396e-05,20.956423293349744,5.64085408931266e-14,2.1825657084925173e-16,1.415911422239505e-12,1.0714029899133155e-22,6.1454254212186565e-19,0.4860354264407308,1.7991940734964137e-13,0.00020089449359189846,500000.0,195493.98549920434
0.00010415371352965347,0.0001516332766298438,-5.67242042170454,279.676288758988,0.0,0.019585437747489602,63.40524139302651,7.123357065452952e-19,0.0,6.28615626025139e-05,21.138313403816742,5.663383545753017e-14,2.1913344633221796e-16,1.428078848346946e-12,9.504151764476403e-23,7.366650351820708e-19,0.4902539438932889,1.9422990382058215e-13,0.00020092060481517913,500000.0,197932.24953868875
0.00010423206379139292,0.0001511818277606034,-5.851521274838978,280.7547773697981,0.0,0.019761416285864565,63.97494846189394,7.4392796265388e-19,0.0,6.342638462333715e-05,21.328244808625,5.687152230388543e-14,2.2005660975625888e-16,1.4407840565096022e-12,0.0,8.578959079644671e-19,0.4946589604382534,2.1012641403397475e-13,0.00020094775849894246,500000.0,200484.18192893703
0.00010431041405313235,0.00015071632800765593,-6.031090132931115,281.86900150675837,0.0,0.01994508665962659,64.56955682514537,7.794576732487546e-19,0.0,6.401589441825253e-05,21.526477914574578,5.712164404073585e-14,2.2102728230674755e-16,1.4540442083305783e-12,5.56536711975079e-22,1.0386487648641182e-18,0.4992565156048101,2.278077682686681e-13,0.00020097597619955922,500000.0,203154.15803687318
0.0001043887643148718,0.0001502367404877061,-6.211131969381546,283.0194865612256,0.0,0.0201367038632265,65.18989199380192,8.19500887236195e-19,0.0,6.46309104197995e-05,21.7332879340974,5.738424244926163e-14,2.220467822096143e-16,1.4678774320579092e-12,1.4577287150745603e-21,1.2749261421312815e-18,0.5040529923042909,2.475009158828709e-13,0.00020100528030941598,500000.0,205946.82644811977
0.00010446711457661123,0.00014974302801487227,-6.391649614162563,284.20678713752903,0.0,0.020336537322850658,65.83682619978228,8.647336046416944e-19,0.0,6.527229738079895e-05,21.948965655640144,5.76593572687309e-14,2.2311652941959376e-16,1.482302871384334e-12,9.152587758192464e-22,1.4847051435856056e-18,0.5090551346974099,2.6946522450058514e-13,0.0002010356940790446,500000.0,208867.12545705444
0.00010454546483835068,0.000149235153275468,-6.572643550939142,285.4314877023807,0.0,0.020544871659454136,66.51128086613441,9.15950121867577e-19,0.0,6.594096882340356e-05,22.173818267200772,5.794702490446101e-14,2.2423805176405803e-16,1.4973407375783935e-12,0.0,1.630438154261105e-18,0.5142700672942756,2.939975205524582e-13,0.00020106724163710684,500000.0,211920.30075579096
0.00010462381510009012,0.00014871307901769047,-6.754111690409491,286.69420329648636,0.0,0.020762007501134414,67.21422923700308,9.74085417162639e-19,0.0,6.663788964651411e-05,22.408170233118433,5.824727699216133e-14,2.254129907090307e-16,1.5130123648357339e-12,2.659439604669655e-21,1.9061320463631966e-18,0.5197053152894897,3.214379925543235e-13,0.0002010999480117003,500000.0,215111.9244678948
0.00010470216536182956,0.0001481767682617215,-6.9360491159790465,287.9955803124442,0.0,0.02098826234588656,67.94669917070378,1.040242139075807e-18,0.0,6.736407889490385e-05,22.652364225240554,5.856013878817272e-14,2.266431088846973e-16,1.52934026886727e-12,1.2064550927520389e-20,2.718609504526508e-18,0.5253688261583999,3.52177060843529e-13,0.0002011338391532776,500000.0,218447.9156102871
0.000104780515623569,0.00014762618453230143,-7.11844780149848,289.33629729932784,0.0,0.021223971477224605,68.70977610394783,1.115723241166042e-18,0.0,6.812061269802626e-05,22.906762111148996,5.888562737693104e-14,2.2793029674392744e-16,1.546348208872311e-12,2.3393491012989558e-20,4.2168085211469676e-18,0.5312689925767026,3.866634430504406e-13,0.00020116894195796909,500000.0,221934.56205428392
0.00010485886588530845,0.0001470612921148333,-7.301296300637195,290.7170657698174,0.0,0.02146948893569327,69.50460619700921,1.2020714463456845e-18,0.0,6.890862738821321e-05,23.171746002709384,5.922374968433391e-14,2.2927658091221664e-16,1.5640612530763958e-12,1.8763284563761136e-20,5.582731610529783e-18,0.5374146767391034,4.2541360256554814e-13,0.00020120528429054627,500000.0,225578.54407832594
0.00010493721614704788,0.00014648205633674026,-7.4845794054444275,292.13863100507734,0.0,0.02172518854914347,70.33239966913689,1.3011169861129625e-18,0.0,6.972932280748716e-05,23.44771936804525,5.95745002765786e-14,2.306841314462616e-16,1.5825058479848696e-12,-4.4716292670423425e-36,4.976779254229155e-18,0.5438152361489671,4.69022838940008e-13,0.000201242895006857,500000.0,229386.95962385455
0.00010501556640878733,0.0001458884438766544,-7.66827777041377,293.60177285710944,0.0,0.021991465024362545,71.19443433260138,1.4150354594690508e-18,0.0,7.058396581130444e-05,23.73510820973376,5.993785891838096e-14,2.3215527168817513e-16,1.6017098914697046e-12,0.0,1.201900094364814e-18,0.5504805509438226,5.181783254579126e-13,0.00020128180397571108,500000.0,233367.35137331212
0.00010509391667052676,0.00014528042310452528,-7.852367497094578,295.10730654000247,0.0,0.022268735102454612,72.09205933313127,1.5464184987398782e-18,0.0,7.147389397691887e-05,24.034362311808625,6.031378786375216e-14,2.336924858139606e-16,1.6217028097847728e-12,5.930952819081508e-20,0.0,0.557421052816692,5.736744572684155e-13,0.0002013220420998886,500000.0,237527.73576807836
0.00010517226693226621,0.00014465796445583976,-8.036819679189234,296.65608341392056,0.0,0.0225574387802963,73.0266991042702,1.698358468194814e-18,0.0,7.240051952383129e-05,24.345956558080683,6.070222884600373e-14,2.352984306674607e-16,1.6425156385923637e-12,1.6451369561896155e-19,1.2662954191950297e-17,0.5646477555914647,6.364309205142889e-13,0.00020136364133658717,500000.0,241876.63410095638
0.00010525061719400564,0.00014402104084343704,-8.221599898658278,298.24899173115625,0.0,0.02285804060018505,73.99985754250919,1.874552785906124e-18,0.0,7.336533345312167e-05,24.670392324061602,6.110309974201331e-14,2.3697594638500087e-16,1.6641811080575905e-12,1.8460893250833741e-19,4.0956124482569343e-17,0.5721722875053268,7.075140542222753e-13,0.00020140663471606836,500000.0,246423.1057958758
0.00010532896745574508,0.00014336962811077407,-8.406667670239575,299.88695733728264,0.0,0.023171031009475214,75.01312240900981,2.0794313200888524e-18,0.0,7.436990991142886e-05,25.00819894442932,6.151629087520578e-14,2.3872806636476535e-16,1.6867337320319231e-12,0.0,5.693573291327082e-17,0.5800069252432029,7.881620534934727e-13,0.00020145105635838552,500000.0,251176.78401022905
0.00010540731771748453,0.0001427037055308695,-8.59197582986405,301.57094431417,0.0,0.023496927791577266,76.06816996237293,2.3183118442222755e-18,0.0,7.541591078399486e-05,25.35993525752054,6.194166092035165e-14,2.405580290970079e-16,1.7102099013017593e-12,0.0,6.303023894384228e-18,0.5881646297586626,8.798147998029958e-13,0.00020149694148781085,500000.0,256147.9136938676
0.00010548566797922396,0.00014202325635556535,-8.777469860975001,303.30195554594843,0.0,0.02383627756913814,77.16676982510515,2.5975902149190602e-18,0.0,7.650509051940306e-05,25.726191227734315,6.23790323717726e-14,2.4246929205147716e-16,1.7346479808210024e-12,9.227628979935952e-19,0.0,0.5966590839017931,9.84149199216141e-13,0.00020154432644435986,500000.0,261347.39223595057
0.00010556401824096341,0.00014132826842022463,-8.963087152067468,305.0810331847605,0.0,0.02418965737948153,78.31079008404231,2.9249735943909075e-18,0.0,7.763930118626703e-05,26.107589645933313,6.282818653444503e-14,2.4446554588680037e-16,1.7600884107746692e-12,3.2754488194313283e-18,2.54976926396119e-16,0.6055047318560444,1.103121089527949e-12,0.00020159324869169519,500000.0,266786.8128266406
0.00010564236850270284,0.00014061873480951907,-9.14875617842832,306.90925899331927,0.0,0.024557676321433703,79.50220262190894,3.3097669323960462e-18,0.0,7.882049775907366e-05,26.50478790690207,6.328885799531937e-14,2.465507283016385e-16,1.7865738112307779e-12,6.30591008840406e-18,8.689332580736638e-16,0.6147168203622356,1.239015000582443e-12,0.00020164374682061308,500000.0,272478.51065726473
0.00010572071876444229,0.00013989465459054315,-9.334395600441324,308.78775453381604,0.0,0.024940977271460493,80.74308867330227,3.7632252819033536e-18,0.0,8.005074362652667e-05,26.918479861625013,6.376072853053913e-14,2.487290391757909e-16,1.8141490900271418e-12,6.5023653211071206e-18,1.3127627531735923e-15,0.6243114416778283,1.3945033069421648e-12,0.00020169586054721077,500000.0,278435.612068969
0.00010579906902618172,0.00013915603362011267,-9.519913270181982,310.71768116927956,0.0,0.025340238665541186,82.03564459353751,4.2989879504627234e-18,0.0,8.133221631092604e-05,27.349397740528946,6.42434204032314e-14,2.5100495644415635e-16,1.8428615534042717e-12,0.0,3.2415046826526935e-16,0.6343055781820574,1.5727166281796969e-12,0.00020174963070470773,500000.0,284672.0867448621
0.00010587741928792117,0.00013840288543379397,-9.705205137011138,312.70023983571014,0.0,0.025756176341335604,83.38218782274113,4.9336135738922166e-18,0.0,8.266721338112154e-05,27.798314141818317,6.473648900731119e-14,2.533832552057777e-16,1.8727610187303296e-12,0.0,0.0,0.644717148490735,1.7773276896132592e-12,0.00020180509922768596,500000.0,291202.80301555386
0.0001059557695496606,0.00013763523222497145,-9.890154041887044,314.7366705234778,0.0,0.026189545432891308,84.78516302007942,5.687241070077559e-18,0.0,8.405815853413882e-05,28.266044076530733,6.523941481385e-14,2.558690274832513e-16,1.9038999284620598e-12,3.5029804550465404e-17,5.203260555517204e-15,0.655565054886541,2.012651341494448e-12,0.00020186230912736428,500000.0,298043.5863033292
0.00010601035038990826,0.00013709190952880155,-10.018722442204202,316.18781498247927,0.0,0.026502164250449788,85.79722519768691,6.2953502662155e-18,0.0,8.506154261616174e-05,28.60344973926241,6.559527456524734e-14,2.576670632066631e-16,1.926353768434841e-12,9.559744150375375e-17,1.3965608063487188e-14,0.6633903933459566,2.197395030244747e-12,0.00020190321548095472,500000.0,303001.1963427713
0.00010606493123015591,0.00013654157680868323,-10.147011952869116,317.6661653014261,0.0,0.02682390944980559,86.83883287432502,6.982781026682292e-18,0.0,8.609421885440726e-05,28.950705408149364,6.595539688611288e-14,2.5952181583443773e-16,1.9494552860816786e-12,1.7784169616566346e-16,2.2758320486264412e-14,0.6714441797554401,2.4014569564791676e-12,0.00020194500344377609,500000.0,308123.4325282472
0.00010611951207040357,0.0001359842507491326,-10.274969553903086,319.1721727556696,0.0,0.02715507303639576,87.9109313860038,7.76081120259617e-18,0.0,8.715712447894514e-05,29.308126243395865,6.631952786341632e-14,2.6143530598320475e-16,1.9732246378284216e-12,2.378906908618978e-16,1.9507681914931696e-14,0.6797337235218689,2.627044233064268e-12,0.00020198768841978064,500000.0,313416.56299189245
0.00010617409291065122,0.0001354199510187544,-10.402537978379492,320.7062967881838,0.0,0.027495957849361784,89.01450114246019,8.642403936199992e-18,0.0,8.825123149283137e-05,29.67603909823675,6.668738821212598e-14,2.63409646921536e-16,1.9976826887108248e-12,1.8364919406992898e-16,0.0,0.6882666052447354,2.8766350128743583e-12,0.00020203128602627109,500000.0,318887.13351674326
0.00010622867375089888,0.00013484870052043484,-10.529655403192457,322.2690045917823,0.0,0.027846877878194738,90.15055865226034,9.64247966689261e-18,0.0,8.937754768841053e-05,30.05478286069053,6.705867140128825e-14,2.654470490023484e-16,2.0228510289572282e-12,0.0,0.0,0.6970506846422659,3.153012632455457e-12,0.00020207581208008218,500000.0,324541.9791204464
0.00010628325459114653,0.00013427052566278853,-10.656255113825933,323.8607705898374,0.0,0.028208158570864006,91.32015752037078,1.0778234297307448e-17,0.0,9.053711763631316e-05,30.444708786133898,6.743304168538583e-14,2.6754982049368766e-16,2.048751989379634e-12,0.0,8.874511116636495e-14,0.7060941082646693,3.459304828349423e-12,0.0002021212825812565,500000.0,330388.23584138375
0.00010633783543139418,0.00013368545664094883,-10.782265161032669,325.4820759104526,0.0,0.028580137138343585,92.52438943457595,1.2069503406774037e-17,0.0,9.173102366342036e-05,30.846180826157898,6.781013205880449e-14,2.6972036859655404e-16,2.0754086559832094e-12,8.103313934027508e-16,3.3915440469679366e-13,0.7154053171212951,3.799028705007967e-12,0.00020216771369434806,500000.0,336433.3528868464
0.0001064234287548553,0.00013275415599139201,-10.978498026421065,328.0852493348244,0.0,0.029185854633526655,94.48532071850224,1.446374499415673e-17,0.0,9.367514061545976e-05,31.49992457236364,6.840598926157822e-14,2.7326675125628485e-16,2.1187906373547923e-12,7.785260668727062e-22,6.047064119047329e-16,0.7305673806103511,4.4087496151706875e-12,0.00020224250015473668,500000.0,346332.44955988537
0.00010647933665674324,0.0001321368132509498,-11.105631209119295,329.8263702376998,0.0,0.02959683705894558,95.81582279148806,1.6314882847446235e-17,0.0,9.499423407687663e-05,31.943493103623886,6.879745252052443e-14,2.756814002758535e-16,2.1482076968489408e-12,0.0,0.0,0.7408549195300027,4.86509430158239e-12,0.00020229267664346554,500000.0,353087.80469793105
0.00010653524455863115,0.0001315123884974334,-11.231823265180234,331.6003457752494,0.0,0.03002042149845845,97.1871223785367,1.843428179653662e-17,0.0,9.635377522727483e-05,32.40066288643426,6.919008062502951e-14,2.78177203504112e-16,2.178511417980191e-12,1.150507523388972e-16,2.0646641858722778e-14,0.7514579077992147,5.374042311131048e-12,0.00020234392300695376,500000.0,360082.8011990202
0.00010659115246051909,0.0001308809374202926,-11.356965486886056,333.4077156544926,0.0,0.030457032340859728,98.60059340764741,2.0863507191404512e-17,0.0,9.775512621364922e-05,32.871891966847734,6.958329389187463e-14,2.807573165247685e-16,2.2097304974908635e-12,0.0,0.0,0.7623869687294091,5.942126930507089e-12,0.0002023962570746824,500000.0,367327.16728550364
0.00010664706036240702,0.00013024252198829032,-11.480940851098941,335.24902152211075,0.0,0.03090710846573963,100.05765672164823,2.3650804439456746e-17,0.0,9.919969569554162e-05,33.35765403158547,6.997646424945069e-14,2.8342503430812566e-16,2.2418945144459727e-12,4.708376595237619e-16,1.4240778008112642e-13,0.7736530883805213,6.576740890020612e-12,0.0002024496966758889,500000.0,374831.05316977383
0.00010670296826429494,0.00012959721090065164,-11.603623476522923,337.1248054472162,0.0,0.031371103423313396,101.55978066389585,2.6852190179902572e-17,0.0,0.00010068893942575872,33.85843860329993,7.036891258070913e-14,2.861837989710299e-16,2.275033929091324e-12,7.1549650258709895e-16,1.1454306412351372e-13,0.7852676200905614,7.286251757164114e-12,0.00020250425959250816,500000.0,382605.044842058
0.00010675887616618287,0.0001289450801452764,-11.72487795099574,339.0356080134435,0.0,0.03184948550464062,103.10848130441377,3.0532808132598555e-17,0.0,0.00010222436047462361,34.374751115965736,7.075990614046224e-14,2.8903720291769107e-16,2.3091800718750366e-12,0.0,0.0,0.7972422862235211,8.080131991876243e-12,0.00020255996350021093,500000.0,390660.1764502811
0.00010681478406807079,0.00012828621358532404,-11.844558628763489,340.9819661298332,0.0,0.032342737742946784,104.70532244250082,3.476849273529784e-17,0.0,0.00010380750923229222,34.90711291574928,7.114865607891636e-14,2.9198899194060904e-16,2.3443651261614073e-12,0.0,2.676611955952529e-13,0.8095891781887488,8.969110674430226e-12,0.00020261682590283294,500000.0,399007.9418162191
0.00010687069196995872,0.00012762070354362568,-11.96250894613211,342.96441081126346,0.0,0.03285135785618564,106.35191542611241,3.96475429848754e-17,0.0,0.00010543998322974718,35.45606120079321,7.153431512172731e-14,2.9504307221969874e-16,2.380622105682291e-12,4.1632185420435884e-15,8.533999711901085e-13,0.8223207550457107,9.965344633266076e-12,0.00020267486406204077,500000.0,407660.3054622907
0.0001069627878667284,0.00012651021052160965,-12.152581942522152,346.31011365709685,0.0,0.033724069121248326,109.17720807556572,4.936739452910249e-17,0.0,0.00010824104993601387,36.39796947444115,7.21604309520864e-14,3.003078910650913e-16,2.442774644687568e-12,2.1395197959512335e-15,0.0,0.8441661235542377,1.1877586204558758e-11,0.00020277307743853543,500000.0,422610.5056695462
0.00010702502917685735,0.00012574990913023743,-12.277705618651781,348.62864614250816,0.0,0.034339474792118914,111.1695070118403,5.736610759061995e-17,0.0,0.00011021626557286391,37.06217070397341,7.257520399325822e-14,3.0403914626229697e-16,2.486556932235335e-12,0.0,0.0,0.8595707240111907,1.3392533312600273e-11,0.00020284132289156778,500000.0,433231.0259500534
0.00010708727048698631,0.00012498191207037742,-12.399817505743677,350.9942551909656,0.0,0.03497640540645835,113.23149093880382,6.676217843217004e-17,0.0,0.00011226056867477682,37.74960381682557,7.298150864619246e-14,3.079172606970336e-16,2.5318300470035545e-12,2.6625770956816158e-15,1.905625514565295e-13,0.8755141338898944,1.5117510465440002e-11,0.00020291110151741943,500000.0,444290.2432610441
0.00010714951179711527,0.00012420641614583144,-12.518613817023917,353.4075764284773,0.0,0.035635639101546414,115.36567912570851,7.7810323350727e-17,0.0,0.00011437645690897229,38.461108697860986,7.337775807135406e-14,3.1194876946578383e-16,2.578644177369405e-12,0.0,0.0,0.8920158323639705,1.708324684522802e-11,0.0002029824337471893,500000.0,455807.9298922953
0.00010721175310724422,0.0001234236378178764,-12.633766422236116,355.8692052656332,0.0,0.036317971994492645,117.57464906941365,9.081267669226422e-17,0.0,0.00011656648567075254,39.19754464411285,7.376226837393364e-14,3.161404895331543e-16,2.6270502337299377e-12,0.0,1.1923257183932656e-12,0.9090957488246332,1.932509385800509e-11,0.0002030553386927877,500000.0,467804.61528150167
0.00010727399441737318,0.00012263381475715535,-12.744921165590785,358.3796885095842,0.0,0.037024216166394314,119.86102999891304,1.061275544790738e-16,0.0,0.00011883326164458304,39.95978819929521,7.413326221188957e-14,3.2049952158360077e-16,2.6770996487787306e-12,5.633846181428538e-15,3.329536530047024e-13,0.9267742126650284,2.188371553148344e-11,0.00020312983389409389,500000.0,480301.5719014519
0.00010733623572750214,0.00012183720752684999,-12.851696072548991,360.9395146192323,0.0,0.03775519712355954,122.22749462812598,1.2417990720911693e-16,0.0,0.0001211794346272219,40.748730404312454,7.448887540479606e-14,3.250332514071511e-16,2.7288441339286387e-12,0.0,0.0,0.9450718895014145,2.4805874216409075e-11,0.00020320593503073576,500000.0,493320.79012115917
0.0001073984770376311,0.00012103410138321695,-12.953679474797474,363.54910268209824,0.0,0.038511750632030085,124.67674893872196,1.4547362498747852e-16,0.0,0.00012360768739721066,41.565273391012795,7.482716711404775e-14,3.297493503770145e-16,2.7823353869628874e-12,0.0,5.029554128390099e-13,0.964009702180294,2.814532548064697e-11,0.00020328365559958323,500000.0,506884.9403628566
0.00010746071834776005,0.00012022480818405336,-13.050428092994006,366.2087903824514,0.0,0.039294718870262146,127.21151973763338,1.7060592081500225e-16,0.0,0.00012612072337999674,42.41032623405768,7.514613432352588e-14,3.3465577275495873e-16,2.837624745188409e-12,2.2763010283421015e-14,0.0,0.9836087345732483,3.1963831153539385e-11,0.00020336300655772216,500000.0,521017.3208771003
0.00010752295965788901,0.00011940966841223555,-13.141465068467564,368.91882052373575,0.0,0.04010494579711187,129.83453965275808,2.002841377787409e-16,0.0,0.0001287212517720955,43.284799948723624,7.544373163639836e-14,3.3976074962561464e-16,2.8947627764990408e-12,1.4821290441844248e-14,0.0,1.0038901155564475,3.633230137682636e-11,0.00020344399592668027,500000.0,535741.7880016915
0.00010758520096801796,0.00011858905332558214,-13.226277950307542,371.67932592429577,0.0,0.04094327159819937,132.54852917605294,2.353453741030345e-16,0.0,0.00013141196973722838,44.189601504350534,7.571789762109995e-14,3.4507277999738137e-16,2.953798799610367e-12,0.0,1.1308421419440833e-12,1.0248748801694592,4.133207664084367e-11,0.00020352662835266703,500000.0,551082.6656408543
0.00010764744227814692,0.00011776336723657174,-13.304316667476343,374.4903127282268,0.0,0.041810526089625086,135.3561753428969,2.767793024589775e-16,0.0,0.00013419554127144686,45.12562671637476,7.596658908144435e-14,3.5060061914162103e-16,3.0147803244639413e-12,2.0144241642285044e-13,0.0,1.0465838047684544,4.705635826403105e-11,0.00020361090461899919,500000.0,567064.6306951963
0.00010770968358827588,0.00011693304991874466,-13.37499150941281,377.351641910341,0.0,0.04270752095651488,138.26010661582706,3.2575454267798954e-16,0.0,0.0001370745723054409,46.09375187295958,7.61878247742361e-14,3.5635326151588223e-16,3.077752403555841e-12,9.881384222658583e-13,0.0,1.0690372128228003,5.361179340517678e-11,0.00020369682110785446,500000.0,583712.5704525433
0.00010777192489840483,0.00011609857913746224,-13.43767109094896,380.26300793126427,0.0,0.043635040702852367,141.26286349635714,3.8364895897602455e-16,0.0,0.00014005158155517663,47.09482393743506,7.637974042122081e-14,3.6233991576738057e-16,3.142756884181927e-12,2.4084776060298616e-12,1.8070794794541314e-11,1.0922547476486115,6.112021538308057e-11,0.00020378436920778545,500000.0,601051.4061441213
0.00010783416620853379,0.00011526047329903228,-13.491680575161379,383.2239180636823,0.0,0.04459383198012132,144.36686435968258,4.520842467519475e-16,0.0,0.000143128966648677,48.12964915812307,7.654065673482724e-14,3.6856992998668596e-16,3.2098315511882817e-12,2.5751859548411894e-17,1.7722512717394673e-13,1.11625510834598,6.972054173522973e-11,0.00020387353466480205,500000.0,619105.8835805795
0.00010787856827295074,0.00011466066768939782,-13.524515211456901,385.36608778745136,0.0,0.045297319255589004,146.6443450793184,5.083873918117426e-16,0.0,0.00014538691872561122,48.88892552159131,7.663571309621876e-14,3.7316834516579855e-16,3.2589651952894127e-12,0.0,1.6258032128342872e-13,1.1338647550846779,7.660975058751475e-11,0.00020393812137230443,500000.0,632436.5235059446
0.00010792297033736767,0.00011405951530660647,-13.552295983622281,387.5327876761577,0.0,0.04601731087063938,148.97526080596413,5.718086369723744e-16,0.0,0.00014769784762024845,49.66601627840722,7.671386527174977e-14,3.7789899290355375e-16,3.3091792189604952e-12,1.804481321528071e-14,3.4725092155725035e-13,1.1518875651837246,8.419853012784399e-11,0.00020400351118619642,500000.0,646152.3704831076
0.0001079673724017846,0.00011345724691391485,-13.574734512904538,389.72362012757316,0.0,0.04675402110261368,151.360305815963,6.432326603594438e-16,0.0,0.00015006244165801023,50.46115288938896,7.677482866856783e-14,3.8276536609440715e-16,3.360481834217927e-12,0.0,0.0,1.1703289068394551,9.255669417524542e-11,0.00020406969244429293,500000.0,660261.7840763816
0.00010801177446620154,0.0001128541063540137,-13.59152982659951,391.93811468516674,0.0,0.047507641610568176,153.80010122048932,7.236471050076326e-16,0.0,0.00015248131662410385,51.274542423230635,7.681846057571963e-14,3.877709766703898e-16,3.4128791894454644e-12,9.245931273392403e-14,7.57984655462554e-13,1.1891935825250697,1.0176039658434833e-10,0.00020413665132648135,500000.0,674772.7987579773
0.00010805617653061848,0.00011225035111317782,-13.60236819503867,394.17572194523086,0.0,0.04827833794140862,156.29518369886273,8.141527226677297e-16,0.0,0.0001549550045940964,52.10636380036538,7.68447882468501e-14,3.929193481392751e-16,3.4663751018185546e-12,0.0,0.0,1.2084857418857125,1.118925495163462e-10,0.0002042043716832438,500000.0,689693.0433245453
0.00010810057859503541,0.00011164625289382717,-13.606923023058517,396.4358069736253,0.0,0.04906624573965317,158.84599320698905,9.159740830706139e-16,0.0,0.00015748394175039233,52.956763695151814,7.685404044337107e-14,3.9821396903406225e-16,3.5209707681044836e-12,0.0,0.0,1.228208786690605,1.2304323232750945e-10,0.0002042728348539136,500000.0,705029.6509795953
0.00010814498065945235,0.00011104209818785218,-13.604854816778104,398.71764257865794,0.0,0.049871466621353486,161.4528596319122,1.0304706894423917e-15,0.0,0.00016006845515367712,53.825852086710235,7.684668238017353e-14,4.0365828207098736e-16,3.5766644535654227e-12,4.2240491692382655e-13,3.178196369236037e-12,1.2483652676454438,1.3531008163139853e-10,0.00020434201947741826,500000.0,720789.1601390785
0.00010818938272386928,0.00011043818884703533,-13.595811249923278,401.0204025327753,0.0,0.05069406369410446,164.1159883521105,1.159148377847311e-15,0.0,0.00016270874842226537,54.71369744495123,7.682345457315083e-14,4.0925568984358876e-16,3.6334511585418344e-12,2.664233555936013e-13,1.872962961419e-12,1.2689567727574889,1.487986506578823e-10,0.00020441190129579767,500000.0,736977.4055669201
0.00010825745825069618,0.00010951350663916063,-13.567562256233108,404.58937028510826,0.0,0.05198901072234793,168.308350487093,1.3878258016998713e-15,0.0,0.00016686516243130556,56.111365244861275,7.67595564845427e-14,4.181422702379466e-16,3.722615919326104e-12,0.0,5.627018386390999e-13,1.3013724219206164,1.7211401818451372e-10,0.00020452033167838886,500000.0,762640.3217883166
0.00010830743747590311,0.0001088361800382647,-13.535043418005593,407.237276617855,0.0,0.052965669408192084,171.47027668918608,1.583348963776625e-15,0.0,0.00016999997614920744,57.165501861098285,7.669366688130396e-14,4.2490727766844244e-16,3.789672323770022e-12,0.0,0.0,1.3258206654335958,1.9148998407630655e-10,0.000204600874736292,500000.0,782138.3174368613
0.00010835741670111004,0.00010816074133095456,-13.491919364198678,409.9066405509365,0.0,0.05396411561048632,174.70275516147757,1.805638613127343e-15,0.0,0.0001732047371677263,58.2431594971591,7.661501281553846e-14,4.3188091256406917e-16,3.858047435549424e-12,0.0,0.0,1.35081442422491,2.1299425744769977e-10,0.0002046821530201311,500000.0,802196.3344970483
0.00010840739592631698,0.00010748773505499331,-13.437607066893579,412.59547144202185,0.0,0.05498407837509775,178.00491124767197,2.0580432995482107e-15,0.0,0.00017647857833425317,59.34404655621518,7.652742341126266e-14,4.3906717478678033e-16,3.9277047232820156e-12,1.6379230426416603e-13,6.819439438547293e-12,1.3763469353711812,2.368347477666401e-10,0.00020476410829739885,500000.0,822815.3640853142
0.00010845737515152391,0.00010681773530111023,-13.371507215717823,415.30154762765176,0.0,0.05602517215290126,181.37549967625458,2.3442419965472837e-15,0.0,0.00017982026505714338,60.46774788411721,7.643565193803079e-14,4.464697389341616e-16,3.998598621832301e-12,7.632914269635188e-13,1.5290683081382872e-11,1.4024085703351648,2.632328275763937e-10,0.00020484667563718824,500000.0,843993.8947491663
0.00010850735437673084,0.00010615134648320142,-13.293006064827665,418.0224018213109,0.0,0.057086884324945554,184.8128642915961,2.668254005341613e-15,0.0,0.00018322815538664237,61.6137113443748,7.634548980599149e-14,4.540918180256782e-16,4.070673674712419e-12,1.0083053129274053e-12,0.0,1.4289865236269341,2.924225252204649e-10,0.00020492978298972646,500000.0,865727.5708316597
0.00010855733360193777,0.00010548920400385266,-13.201477737957813,420.755306300154,0.0,0.05816856220465588,188.31489582440486,3.0344423946146087e-15,0.0,0.0001867001581375638,62.781233739485565,7.62638840927689e-14,4.619360474123323e-16,4.1438636513356145e-12,0.0,0.0,1.4560644862249623,3.246492232590272e-10,0.0002050133507634423,500000.0,888008.8265648811
0.0001086073128271447,0.00010483197479330699,-13.096286980146653,423.49725809450337,0.0,0.05926939948799259,191.8789879951744,3.447509202052909e-15,0.0,0.00019023368936116217,63.96944617651106,7.619905497698423e-14,4.700046656112783e-16,4.2180906482276216e-12,0.0,1.1473334050246105e-11,1.4836223061518437,3.6016774335721743e-10,0.00020509729140817342,500000.0,910826.4974094543
0.00010865729205235164,0.000104180357696856,-12.976792498228285,426.2449653498176,0.0,0.06038842221797728,195.50199235046932,3.91248031675085e-15,0.0,0.00019382562761649738,65.17729901020057,7.616061040168663e-14,4.782991257351193e-16,4.293264185827721e-12,2.3852558895631875e-12,0.0,1.5116356393334869,3.9923972456152016e-10,0.00020518150901388226,500000.0,934165.4130907533
0.00010870727127755856,0.00010353508368234495,-12.842350852693903,428.99483457920775,0.0,0.061524474613877694,199.18017235425074,4.4346775222813425e-15,0.0,0.0001974722684278872,66.40354653775728,7.615965276459831e-14,4.868197201872804e-16,4.369280315693455e-12,2.0217778853625167e-12,0.0,1.540075594601687,4.421301853776327e-10,0.0002052658989325778,500000.0,958005.9748192988
0.00010875725050276549,0.00010289691583914154,-12.692320891854466,431.7429586920351,0.0,0.06267620498212163,202.90915737712248,5.01967493290372e-15,0.0,0.00020116927848849522,67.64673165957286,7.620887014013254e-14,4.955656041914955e-16,4.4460207558012835e-12,0.0,1.282518785312813e-10,1.5689083778040482,4.89103153642105e-10,0.00020535034743099926,500000.0,982323.7204574059
0.00010880722972797242,0.00010226664913720013,-12.526068917115078,434.4851071363841,0.0,0.06384205117164768,206.68389737305168,5.673236942315332e-15,0.0,0.00020491165111943067,68.9051707691555,7.632261207981689e-14,5.045376495739715e-16,4.523352074729034e-12,1.1781590494329252e-12,1.943984627952186e-11,1.5980949419328347,5.404162657738248e-10,0.00020543473138390328,500000.0,1007088.8859154051
0.00010885720895317935,0.00010164510991276888,-12.342974485719939,437.21671777037034,0.0,0.06502022813704715,210.49861918929682,6.401234872992927e-15,0.0,0.0002086936628009907,70.17693918754418,7.651693025950288e-14,5.137282880565244e-16,4.6011249485875985e-12,4.893128892525159e-13,0.0,1.6275906482145344,5.963142560065282e-10,0.00020551891802023293,500000.0,1032265.9687441868
0.00010890718817838628,0.00010103315504722699,-12.142436870677919,439.9328913102539,0.0,0.06620871425029955,214.34678560927594,7.209539722104175e-15,0.0,0.00021250883235444297,71.45985750884316,7.680958158270474e-14,5.231168057317683e-16,4.67917351767485e-12,0.0,3.4698515973008964e-11,1.6573449504615108,6.570212568919728e-10,0.00020560276473525826,500000.0,1057813.304088617
0.00010895716740359322,0.0001004316708046589,-11.92388225429853,442.6283889979019,0.0,0.06740524018971053,218.221058392368,8.103888647210688e-15,0.0,0.00021634988441412937,72.7514792782719,7.72199857551207e-14,5.329915427533352e-16,4.757314872964422e-12,1.9555064213728215e-12,0.0,1.6873011089945824,7.227319004545425e-10,0.00020568611898229755,500000.0,1083682.6644657005
0.00010900714662880015,9.984157129331724e-05,-11.68677159808994,445.2976338788709,0.0,0.06860727954111313,222.11326673782273,9.08972344680023e-15,0.0,0.00022020871821060894,74.04908047852862,7.77691239355482e-14,5.447138317876011e-16,4.8353487053411986e-12,7.899093619887259e-13,1.7137324908379113e-13,1.717395946472698,7.936012471456896e-10,0.0002057688182585919,500000.0,1109818.8959408354
0.00010904405897739211,9.941361012383105e-05,-11.499446984566516,447.24870915005175,0.0,0.06949696433200132,224.99412917409975,9.87948084868582e-15,0.0,0.0002230648780341085,75.00951481588707,7.827682682758906e-14,5.397109575634533e-16,4.8927848475445665e-12,0.0,6.467844374085398e-11,1.7396709838248405,8.493174222553472e-10,0.00020582937497873926,500000.0,1129256.9601737093
0.00010908097132598409,9.899275820033709e-05,-11.30154745688916,449.17975328659645,0.0,0.07038692027773888,227.87592608550534,1.0723619736604246e-14,0.0,0.0002259219644470267,75.97026068972353,7.888180481360807e-14,4.53304310873206e-16,4.949949965319687e-12,2.1025886234625988e-11,0.0,1.7619532468005499,9.079262613658103e-10,0.00020588940778579982,500000.0,1148778.9653174246
0.00010911788367457605,9.857940893559919e-05,-11.09290892282891,451.08817938054284,0.0,0.07127584790225266,230.75445386947737,1.162365447043967e-14,0.0,0.00022877581008664657,76.92991668465143,7.959374368372954e-14,6.009251663932917e-32,5.0067450284407836e-12,4.649522472573854e-11,0.0,1.7842102326502036,9.694269064305222e-10,0.00020594884106042946,500000.0,1168354.8975974575
0.00010915479602316803,9.817396145341876e-05,-10.873387128385978,452.9713119044857,0.0,0.0721623669546529,233.62524772828107,1.2581988892219471e-14,0.0,0.00023162198800824973,77.88699430690563,8.042257560406856e-14,3.8937677953831605e-30,5.063065985499242e-12,0.0,8.634474630966024e-11,1.8064074190488912,1.0337941605702744e-09,0.00020600759648330716,500000.0,1187952.4533989811
0.00010919170837175999,9.777681981280222e-05,-10.642859905964611,454.82639204016067,0.0,0.07304501730044796,236.48358420672474,1.3598175099227985e-14,0.0,0.0002344558150071508,78.83991883037851,8.137839665394988e-14,5.564644326990078e-16,5.118803933731279e-12,0.0,3.8436937508335504e-11,1.8285082838938114,1.1009756114651006e-09,0.00020606559316171242,500000.0,1207537.0355842388
0.00010922862072035197,9.738839213841081e-05,-10.401229449404221,456.6505840697213,0.0,0.07392226032362091,239.32448617526225,1.467135069294855e-14,0.0,0.0002372723568095207,79.78703095790995,8.24710758461957e-14,6.54332849012541e-16,5.1738453472313295e-12,1.4095831569949912e-12,4.209348502790713e-11,1.8504743436185396,1.1708888102481157e-09,0.0002061227477870772,500000.0,1227071.7708177029
0.00010926553306894393,9.70090896745145e-05,-10.148424601028314,458.4409828695957,0.0,0.07479248121239333,242.14273034196307,1.580172033625e-14,0.0,0.0002400664350991272,80.72658932566327,8.371007471436674e-14,5.384833540192824e-16,5.228072364016399e-12,0.0,5.5197106925122885e-11,1.87226521151738,1.2434185537180038e-09,0.00020617897482010997,500000.0,1246517.5494806496
0.00010930244541753591,9.663932576337439e-05,-9.884403126641859,460.194622540609,0.0,0.07565399246811952,244.9328574762568,1.6989618524245963e-14,0.0,0.00024283263754167774,81.65677391156395,8.510456630653208e-14,6.128405373877519e-16,5.281363134642689e-12,4.3203230156336385e-12,4.3997249383646366e-11,1.8938386764486068,1.3184143713333306e-09,0.0002062341867043883,500000.0,1265833.0902412715
0.00010933935776612787,9.627951473995258e-05,-9.609153963953869,461.9084863123462,0.0,0.07650503794141128,247.68918558336915,1.823407257678045e-14,0.0,0.0002455653307710848,82.57569042745314,8.666344435845268e-14,6.396592291936701e-16,5.3335922361965085e-12,1.57060576165728e-13,6.318429063077114e-11,1.9151508047132,1.395688303487036e-09,0.00020628829411160784,500000.0,1284975.0319062825
0.00010937627011471985,9.593007074033075e-05,-9.322699408854485,463.57951772826414,0.0,0.07734379769923934,250.40582621530896,1.9532633410043653e-14,0.0,0.0002482586767094548,83.48137575691815,8.839498426588643e-14,5.896569839335839e-16,5.384631153987607e-12,0.0,7.38041487159725e-11,1.9361560664043138,1.475013057108409e-09,0.00020634120622027138,500000.0,1303898.0545264063
0.00010941318246331181,9.559140642936221e-05,-9.025097201209618,465.20463308561614,0.0,0.0781683941214106,253.07670401916153,2.088216262047475e-14,0.0,0.0002509066523260747,84.37180447239037,9.030641358899694e-14,5.02530122041807e-16,5.434348831064801e-12,2.246763132878764e-11,1.2666286660079135e-11,1.9568074865089222,1.556120642457235e-09,0.00020639283102738638,500000.0,1322555.031115493
0.00010945009481190379,9.526393165496037e-05,-8.716442485990608,466.7807351563535,0.0,0.07897689910808522,255.69557957519757,2.227914583483636e-14,0.0,0.00025350307178801426,85.24489644901668,9.240378968119079e-14,6.507913915611597e-16,5.4826122843686895e-12,1.854754746378271e-11,3.555090974112716e-11,1.9770568212872592,1.6387016403686434e-09,0.00020644307569192246,500000.0,1340897.2111193324
0.00010948700716049575,9.494805203441001e-05,-8.396869613583217,468.3047282076249,0.0,0.07976734206794207,258.25607555385665,2.3719433841220346e-14,0.0,0.00025604161160429687,86.09852558499207,9.469186795419319e-14,5.097982727875424e-16,5.52928728575532e-12,0.0,2.49835625989509e-10,1.996854760700947,1.7224050919132614e-09,0.00020649184690933568,500000.0,1358874.4364866205
0.00010952391950908773,9.464416747830863e-05,-8.06655370319112,469.773534217858,0.0,0.08053771886850913,260.75170617583467,2.5197765137519024e-14,0.0,0.0002585158422670554,86.93052962309376,9.717406198303207e-14,1.1165432954607664e-15,5.574239105015332e-12,5.544338486206248e-11,1.8236781823752223e-10,2.0161511565572963,1.8068392046063386e-09,0.000206539051316428,500000.0,1376435.390429013
0.00010956083185767969,9.43526706586914e-05,-7.725712060878525,471.18411047697265,0.0,0.08128600210719418,263.17590990380774,2.6708059112837755e-14,0.0,0.0002609192600159585,87.73872104959322,9.985150578803292e-14,0.0,5.617333310630981e-12,1.2419983636661384e-10,0.0,2.03489527481376,1.8915729523484394e-09,0.0002065845959241515,500000.0,1393527.8793129637
0.00010959774420627167,9.407394543176206e-05,-7.374605201590453,472.53346807297453,0.0,0.08201015311555009,265.52208520902565,2.8242936906699306e-14,0.0,0.0002632453177951332,88.52089901828461,1.0272395401166946e-13,3.48793745255428e-15,5.658436622060081e-12,0.0,6.069234642076689e-10,2.0530360710431594,1.976138617375705e-09,0.00020662838857699484,500000.0,1410099.1454115736
0.00010963465655486363,9.380836522719437e-05,-7.013537622947001,473.818691819256,0.0,0.08270813223379563,267.78362918410687,2.979546922514163e-14,0.0,0.0002654874660794372,89.2748622233876,1.0578850463170958e-13,0.0,5.697417805853287e-12,0.0,1.2409746890006435e-09,2.070522491354617,2.0600352707734156e-09,0.00020667033843428794,500000.0,1426096.210687688
0.00010967156890345561,9.355629141658899e-05,-6.6428581925649866,475.0369611345055,0.0,0.08337791127737228,269.95397870638504,3.135578135427534e-14,0.0,0.0002676392069255155,89.998422622758,1.090389727144946e-13,1.667258774973725e-14,5.734148606869535e-12,6.599640741082971e-10,0.0,2.087303791238946,2.142733190527012e-09,0.00020671035647040525,500000.0,1441466.2480904947
0.00010970848125204757,9.33180716723697e-05,-6.262960284341771,476.1855719775379,0.0,0.08401748953803277,272.02665380517254,3.291828989349978e-14,0.0,0.0002696941236222435,90.68941989586321,1.1246495426015581e-13,0.0,5.768504704038792e-12,9.927395259533524e-10,0.0,2.103329866061532,2.2236796533951266e-09,0.00020674835598862728,500000.0,1456156.9779884648
0.00010974539360063955,9.3094038329733e-05,-5.8742814704215744,477.2619599296162,0.0,0.08462490753369857,273.99530281449876,3.446658078704461e-14,0.0,0.00027164589150227266,91.34573649701792,1.160423501107358e-13,8.274587117354248e-14,5.800366679623873e-12,0.0,5.623941307339297e-09,2.11855160022974,2.302305436475681e-09,0.00020678425314509785,500000.0,1470117.0866441738
0.00010978230594923151,9.288450677360865e-05,-5.477302378337665,478.26372423706437,0.0,0.08519825510106918,275.8537487515077,3.600856639000919e-14,0.0,0.0002734883783178658,91.96531311718985,1.1977035706907466e-13,0.0,5.8296209879362745e-12,0.0,6.8086338914910585e-09,2.132921238720776,2.3780319013378187e-09,0.00020681796747841532,500000.0,1483296.6617474186
0.00010981921829782349,9.268977386115599e-05,-5.072545985721435,479.18865431571714,0.0,0.08573568718925827,277.59603640392464,3.75013908984678e-14,0.0,0.00027521574911352223,92.54616438218564,1.2350392195710477e-13,4.462982609792316e-13,5.8561609124537495e-12,4.53806221279261e-09,0.0,2.1463927478318072,2.450279306588078e-09,0.0002068494224311692,500000.0,1495647.6453348834
0.00010985613064641545,9.251011639430955e-05,-4.660575731188427,480.03475544030414,0.0,0.08623544774754137,279.2164795288349,3.9027460634299194e-14,0.0,0.0002768223467980423,93.0863945880795,1.2736966803256915e-13,1.3126473649458996e-13,5.879887493278093e-12,1.7391686796353092e-11,1.8264074606043832e-10,2.15892214961698,2.518476846041178e-09,0.00020687854586877755,500000.0,1507124.2884700554
0.00010989304299500743,9.234578966767975e-05,-4.241993033273568,480.8002765166688,0.0,0.08669591087075396,280.7097074285225,4.0441711264312886e-14,0.0,0.00027830279537222134,93.58421322883693,1.3148899356466967e-13,0.0,5.900710410450663e-12,0.0,1.8450332275134123e-10,2.170467899149665,2.5820715560262304e-09,0.00020690527058246644,500000.0,1517683.6109200886
0.00010991739447621016,9.224588835259309e-05,-3.9625370679737677,481.26045778221254,0.0,0.08697740779363755,281.6227126048751,4.13062002513325e-14,0.0,0.0002792079692052989,93.88859475292811,1.3430498687760108e-13,9.540212648279951e-14,5.9128182080236976e-12,2.6126467869527837e-11,1.9278834183276365e-10,2.1775273189912534,2.6212490499646996e-09,0.00020692155771907914,500000.0,1524128.078185935
0.00010993543591891282,9.217627832981635e-05,-3.753929248147135,481.57815438613886,0.0,0.0871742462393045,282.26122538258795,4.19474312351259e-14,0.0,0.0002798410055144024,94.101464836699,1.3640363493679067e-13,0.0,5.9209384665271506e-12,0.0,1.9239675280589117e-10,2.182464344770288,2.6487504746973616e-09,0.00020693292412299756,500000.0,1528627.7314682938
0.0001099534773616155,9.211044323317073e-05,-3.544077741373596,481.87593471375766,0.0,0.08736093375961206,282.8668891381701,4.255904378779983e-14,0.0,0.0002804414763918438,94.30338357087052,1.3851039620298632e-13,2.1847283956918087e-14,5.928326425270861e-12,2.1287138770905186e-11,1.9960369804356547e-10,2.187147379878418,2.6748929776983696e-09,0.00020694368740600445,500000.0,1532888.8899629412
0.00010997151880431816,9.20484047704437e-05,-3.333063791008229,482.153700912616,0.0,0.08753731899747709,283.4392117998098,4.314938990135151e-14,0.0,0.00028100889194985893,94.49418690647292,1.4062907055588598e-13,2.0874354217851757e-14,5.934974962807726e-12,0.0,2.0388192734810346e-10,2.1915726191636913,2.699624487889018e-09,0.00020695384168051547,500000.0,1536907.7768244506
0.00010998956024702083,9.199018316900638e-05,-3.120970140391388,482.41137780989544,0.0,0.08770325888474143,283.97772808562644,4.371860541352162e-14,0.0,0.00028154278995654177,94.67371972588116,1.4275773843542941e-13,0.0,5.940877601513979e-12,1.2155659351994432e-14,2.0409702288205102e-10,2.1957364647868958,2.72289608143025e-09,0.00020696338143057737,500000.0,1540680.8721098937
0.0001100076016897235,9.19357971509286e-05,-2.9078809203344513,482.6489149196341,0.0,0.08785861842852141,284.48200049065656,4.426446690090943e-14,0.0,0.0002820427373639995,94.84183617185991,1.4489013696226114e-13,0.0,5.9460285220150956e-12,9.609284338130153e-15,2.0706681211686652e-10,2.199635534133924,2.744662312628717e-09,0.00020697230152123965,500000.0,1544204.9272728963
0.00011002564313242617,9.188526390934458e-05,-2.6938815289968403,482.8662887471121,0.0,0.08800327155500257,284.95162022535976,4.478839152396997e-14,0.0,0.00028250832964844515,94.99839996044749,1.4702123026332766e-13,4.469759021700037e-15,5.950422576283033e-12,0.0,2.0955070677568505e-10,2.203266666595515,2.7648815060850517e-09,0.0002069805972074532,500000.0,1547476.980211875
0.00011004368457512885,9.183859908635328e-05,-2.4790584975824017,483.0635056149769,0.0,0.08813710153113417,285.38620809993097,4.5289579307167955e-14,0.0,0.00028293919081554756,95.143284675772,1.491487214870402e-13,6.29905569634445e-16,5.954055299207661e-12,2.310622006908008e-14,2.1194444970285226e-10,2.2066269302293557,2.783516087339792e-09,0.00020698826414245828,500000.0,1550494.3715458338
0.00011006172601783151,9.179581675352354e-05,-2.263499345951181,483.24060526474807,0.0,0.08826000110490201,285.78541534146433,4.5765155808251105e-14,0.0,0.00028333497466232464,95.27637404248046,1.5127071011069994e-13,0.0,5.956922918332654e-12,0.0,2.1410629527272123e-10,2.2097136282027616,2.8005329497091453e-09,0.0002069952983853366,500000.0,1553254.7628550513
0.00011007976746053418,9.175692939549461e-05,-2.0472924312706926,483.3976655750123,0.0,0.08837187259869328,286.14892433645906,4.621451962954537e-14,0.0,0.0002836953661433325,95.39756217327823,1.5338400905069165e-13,1.050140686149761e-15,5.959022361612958e-12,0.0,2.1596001770059416e-10,2.2125243046761622,2.8159038378187296e-09,0.0002070016964075514,500000.0,1555756.1579394725
0.00011009780890323685,9.172194789652552e-05,-1.8305267867043502,483.5348089072639,0.0,0.08847262810924443,286.47644929730967,4.663749670232818e-14,0.0,0.0002840200820657698,95.50675379112599,1.554846375473768e-13,1.3595260267841203e-15,5.960351263165468e-12,1.2046923175282547e-14,2.1773318002615223e-10,2.215056749956354,2.8296057964385664e-09,0.00020700745509848897,500000.0,1557996.9287334504
0.00011011585034593952,9.169088152992528e-05,-1.6132919436628095,483.652210946704,0.0,0.08856218975333309,286.7677368509624,4.703330744812922e-14,0.0,0.00028430887136760854,95.60386442548851,1.5756893809946762e-13,7.489242270305034e-16,5.960907966905549e-12,0.0,2.1919140245935132e-10,2.217309004976695,2.841621735220733e-09,0.00020701257177002192,500000.0,1559975.8486713173
0.00011012136963010837,9.168216091573181e-05,-1.5467549708727468,483.6842183150197,0.0,0.08858734197992572,286.84957492639677,4.714872378976321e-14,0.0,0.0002843900075424384,95.6311479356048,1.5820287428161435e-13,7.589607838056348e-16,5.9609238603412365e-12,7.937816632571836e-17,2.1959032297332495e-10,2.217941782459315,2.8449590768798595e-09,0.00020701400846960067,500000.0,1560528.8054764175
0.00011012537778765655,9.167605815081433e-05,-1.4984143897882363,483.7063228601975,0.0,0.08860494611527489,286.9068644776581,4.723087097346787e-14,0.0,0.0002844468057328627,95.65024735843332,1.586620571302299e-13,7.563820835336527e-16,5.960890037846653e-12,1.2172173990635412e-16,2.1986882607207346e-10,2.218384749095321,2.847283034479961e-09,0.0002070150139862329,500000.0,1560914.9518811374
0.00011012575401196608,9.167549526460528e-05,-1.493876061774277,483.708348617839,0.0,0.08860656991371066,286.9121493262012,4.723850933455046e-14,0.0,0.000284452045254104,95.65200924263854,1.5870510520077823e-13,7.560710446248116e-16,5.960884903429483e-12,4.433919158256037e-17,2.1989220235397224e-10,2.2184256118965946,2.847496865534723e-09,0.00020701510673381513,500000.0,1560950.5313090745
0.00011012613023627563,9.167493408585257e-05,-1.4893375902520276,483.710365965044,0.0,0.08860818880031175,286.91741827293,4.7246135227866394e-14,0.0,0.00028445726900987764,95.65376582542821,1.5874814406442503e-13,7.558199141714961e-16,5.960879432682203e-12,1.9720946318556795e-16,2.199201363753855e-10,2.2184663517438756,2.847709957397609e-09,0.0002070151992007476,500000.0,1560985.996414988
0.00011012639236159215,9.167454410720442e-05,-1.4861754340486566,483.7117665339797,0.0,0.08860931381739516,286.921079885839,4.7251441015608604e-14,0.0,0.00028446089921766533,95.65498654875982,1.58778124908284e-13,7.556744951551077e-16,5.960875422271649e-12,0.0,2.1993492326435135e-10,2.2184946635788783,2.847857987140485e-09,0.00020701526345898364,500000.0,1561010.6383075886
0.00011012665448690866,9.16741549574465e-05,-1.48301320885404,483.71316302272675,0.0,0.08861043644971932,286.92473377819147,4.725674074770328e-14,0.0,0.0002844645217710949,95.65620469817895,1.5880810125775293e-13,7.555491263095797e-16,5.960871248595867e-12,2.3110234112247814e-16,2.1995439807581567e-10,2.21852291571797,2.8480056580408687e-09,0.00020701532758097112,500000.0,1561035.224703353
0.00011012688514569906,9.16738132083369e-05,-1.4802305332036692,483.714388266999,0.0,0.08861142234428997,286.9279426568975,4.7261399269351646e-14,0.0,0.00028446770312768135,95.65727448714598,1.5883447540556662e-13,7.554534787084888e-16,5.960867440900622e-12,1.0282364460832388e-16,2.1996964718204542e-10,2.218547726981862,2.8481353047436775e-09,0.00020701538389280894,500000.0,1561056.8130010224
0.00011012711580448946,9.16734721010818e-05,-1.4774478067253476,483.7156097033521,0.0,0.08861240639203147,286.931145556583,4.726605309913236e-14,0.0,0.0002844708785565132,95.65834228280131,1.5886084605896328e-13,7.55370275678083e-16,5.960863506785e-12,8.143026407833165e-17,2.1998392317150765e-10,2.218572492015532,2.8482646716088516e-09,0.0002070154400991385,500000.0,1561078.356213744
0.00011012734646327986,9.16731316356928e-05,-1.4746650305352593,483.716827058679,0.0,0.0886133885928304,286.93434247687037,4.727070223553409e-14,0.0,0.0002844740480572161,95.65940808501908,1.5888721321134935e-13,7.552982496203385e-16,5.960859446249234e-12,1.0832007296569854e-16,2.1999956494237058e-10,2.218597210816058,2.8483937556729596e-09,0.00020701549619995616,500000.0,1561099.8534516064
0.00011012757712207026,9.167279181218129e-05,-1.471882204856512,483.71804032572504,0.0,0.08861436894657038,286.9375334173852,4.72753466769327e-14,0.0,0.0002844772116294188,95.66047189367444,1.5891357685546183e-13,7.552361178376759e-16,5.960855259293733e-12,9.060752680648532e-17,2.2001503753019838e-10,2.2186218833805467,2.848522553419787e-09,0.00020701555219525817,500000.0,1561121.304688269
0.00011012780778086067,9.167245263055867e-05,-1.4690993295831913,483.71924959485693,0.0,0.08861534745313619,286.9407183777532,4.727998642158973e-14,0.0,0.00028448036927275017,95.6615337086426,1.5893993698448202e-13,7.551827152553401e-16,5.960850945918875e-12,0.0,2.200298744696918e-10,2.218646509706104,2.8486510618376064e-09,0.00020701560808504083,500000.0,1561142.710214508
0.00011012803843965107,9.167211409083639e-05,-1.4663164048254345,483.72045489194073,0.0,0.08861632411241481,286.9438973576001,4.728462146766757e-14,0.0,0.00028448352098683926,95.6625935297988,1.5896629359113779e-13,7.551371812853982e-16,5.960846506124976e-12,8.782279341125367e-17,2.2004508079260744e-10,2.2186710897898356,2.848779278610384e-09,0.00020701566386930047,500000.0,1561164.0701115872
0.0001101285534909458,9.167136046301256e-05,-1.4601020730918068,483.72313228420836,0.0,0.08861849828273333,286.95097429598815,4.729495435962237e-14,0.0,0.00028449053722705525,95.66495286812966,1.5902513403020488e-13,7.550593274153699e-16,5.9608361359420615e-12,1.1163333229753514e-16,2.2007849782288624e-10,2.218725809148272,2.84906451834191e-09,0.00020701578805227877,500000.0,1561211.6022861756
0.00011012889774172674,9.167085853668418e-05,-1.4559483930560748,483.72491059665623,0.0,0.08861994632157473,286.95568776184183,4.730184759555146e-14,0.0,0.0002844952102659543,95.66652426242719,1.5906445204598778e-13,7.550231883384905e-16,5.960828853256056e-12,1.2157397767486447e-16,2.2010090031728808e-10,2.2187622539797256,2.8492543415663597e-09,0.0002070158707605015,500000.0,1561243.2445059489
0.00011012924199250767,9.167035804028201e-05,-1.4517946063231304,483.72667963019563,0.0,0.08862139024445928,286.96038790241454,4.7308730344501165e-14,0.0,0.00028449987009382746,95.66809121428503,1.5910376214283009e-13,7.549979180322957e-16,5.9608212889806226e-12,1.1012847836129026e-16,2.2012328104747457e-10,2.218798595779136,2.8494434952744064e-09,0.00020701595323363779,500000.0,1561274.7836585422
0.00011012958624328862,9.166985897384261e-05,-1.447640712966816,483.728439559634,0.0,0.08862283005101296,286.96507471648647,4.731560259906991e-14,0.0,0.00028450451670946524,95.66965372329643,1.5914306429856845e-13,7.549816130285614e-16,5.960813443117743e-12,8.56254683685884e-17,2.2014531779222242e-10,2.218834834537069,2.8496319716865486e-09,0.00020701603547167554,500000.0,1561306.2203027806
0.00011012993049406955,9.166936133740248e-05,-1.4434867128984183,483.7301906074198,0.0,0.08862426574086307,286.96974820284004,4.732246435159401e-14,0.0,0.00028450915011166047,95.67121178905552,1.5918235849190244e-13,7.549725693451034e-16,5.9608053156693e-12,8.790382063484225e-17,2.2016726681940776e-10,2.218870970244111,2.8498197649663214e-09,0.00020701611747460274,500000.0,1561337.5551523222
0.00011013027474485049,9.166886513099834e-05,-1.4393326067020877,483.7319327949272,0.0,0.08862569731363704,286.9744083602584,4.7329315594249667e-14,0.0,0.00028451377029920687,95.67276541115659,1.5922164470054618e-13,7.549696504540015e-16,5.9607969066369394e-12,1.4873589576227802e-16,2.2018915419142904e-10,2.2189070028908544,2.8500068716869543e-09,0.0002070161992424075,500000.0,1561368.7882676322
0.00011013061899563142,9.166837035466664e-05,-1.4351783953587562,483.7336660254589,0.0,0.08862712476896357,286.97905518752924,4.733615631908504e-14,0.0,0.0002845183772709026,95.67431458919552,1.592609229014865e-13,7.549721074002234e-16,5.96078821602236e-12,2.6034761699499473e-16,2.2021080289968668e-10,2.218942932467925,2.8501932890158185e-09,0.00020701628077507813,500000.0,1561399.9193256143
0.00011013096324641237,9.166787700844352e-05,-1.431024079693066,483.7353902493753,0.0,0.0886285481064732,286.9836886834465,4.7342986518010665e-14,0.0,0.00028452297102555174,95.6758593227702,1.5930019307170362e-13,7.549791064401562e-16,5.960779243827522e-12,1.4691331957030083e-16,2.2023251505367938e-10,2.218978758965996,2.8503790134640944e-09,0.00020701636207260283,500000.0,1561430.948156082
0.0001101313074971933,9.166738509236467e-05,-1.4268696602704707,483.737105494463,0.0,0.08862996732579868,286.9883088468097,4.7349806182774804e-14,0.0,0.0002845275515619643,95.6773996114804,1.5933945518833468e-13,7.549897694530923e-16,5.9607699900546006e-12,0.0,2.2025416563295275e-10,2.219014482375788,2.850564041323756e-09,0.00020701644313496988,500000.0,1561461.874840433
0.00011013165174797424,9.166689460646569e-05,-1.4227151376276865,483.7388117968875,0.0,0.08863138242657395,286.9929156764224,4.7356615304972253e-14,0.0,0.00028453211887895393,95.67893545492724,1.593787092290255e-13,7.550034809904275e-16,5.960760454705812e-12,7.210722218387248e-17,2.2027552459745122e-10,2.219050102688047,2.8507483695714694e-09,0.00020701652396216765,500000.0,1561492.699487323
0.00011013217790742739,9.166614770200564e-05,-1.4163650881057361,483.7414024627082,0.0,0.0886335373346977,286.9999310758429,4.7367002106963115e-14,0.0,0.0002845390741074603,95.68127427708893,1.5943869019620493e-13,7.550293629551713e-16,5.960745336629476e-12,9.978308925453695e-17,2.203080539446703e-10,2.2191043462217155,2.851028743267505e-09,0.00020701664704556667,500000.0,1561539.6152841386
0.00011013307372645915,9.16648837379037e-05,-1.4055531910718657,483.74576522541383,0.0,0.08863718405858652,287.01180354761954,4.738462948684412e-14,0.0,0.00028455084474913724,95.6852323696076,1.595407677465889e-13,7.550831268568121e-16,5.960718083892168e-12,1.0908460984374916e-16,2.2036286262877805e-10,2.2191961449605495,2.851502302919878e-09,0.0002070168553385886,500000.0,1561618.9439819166
0.00011013396954549091,9.166362945960825e-05,-1.394740618088276,483.75006738343745,0.0,0.08864080288075846,287.02358568760377,4.740218517650501e-14,0.0,0.00028456252583355425,95.68916034692309,1.5964278981888448e-13,7.551458713962825e-16,5.960688924523701e-12,1.1180976682930778e-16,2.2041690344707013e-10,2.2192872452473744,2.851971060559545e-09,0.0002070170620387435,500000.0,1561697.5812621757
0.00011013486536452267,9.166238486772005e-05,-1.3839273813723807,483.7543087506676,0.0,0.08864439379492704,287.0352774752557,4.7419669020143195e-14,0.0,0.00028457411734034805,95.69305820218777,1.5974475601471124e-13,7.55215647293841e-16,5.960657858573664e-12,1.0458302208160445e-16,2.2047019283339959e-10,2.2193776469233764,2.852434996120634e-09,0.00020701726714583444,500000.0,1561775.5263683433
0.00011013576118355445,9.166114996282857e-05,-1.3731134926226916,483.75848929897495,0.0,0.08864795679487336,287.04687889025473,4.743708086079733e-14,0.0,0.00028458561924937233,95.69692592862704,1.5984666593336998e-13,7.552901000392396e-16,5.960624886097007e-12,9.87159461860213e-17,2.20522739114257e-10,2.2194673498314335,2.852894089445284e-09,0.00020701747065966702,500000.0,1561852.7790587172
0.00011013665700258621,9.165992474551249e-05,-1.3622989632301454,483.76260909362645,0.0,0.08865149187444435,287.0583899124931,4.74544205406043e-14,0.0,0.0002845970315406917,95.70076351953733,1.5994851917257953e-13,7.553668693027965e-16,5.960590007153531e-12,6.442414358927803e-17,2.2057455459922566e-10,2.2195563538160723,2.853348322757724e-09,0.0002070176725800494,500000.0,1561929.33939665
0.00011013804460786755,9.16580460351872e-05,-1.3455462415478006,483.7688706784076,0.0,0.08865691250665075,287.0760417534825,4.748113652144938e-14,0.0,0.00028461453197999655,95.70664836125862,1.601061749150561e-13,7.554877746223426e-16,5.9605322168698105e-12,9.019034575609332e-17,2.206532780650135e-10,2.219692839015879,2.854042298716422e-09,0.00020701798220441113,500000.0,1562046.5627766447
0.00011014036766624989,9.165495283261951e-05,-1.3174964260146818,483.7790267514493,0.0,0.0886658374049603,287.10510778024985,4.752547303390616e-14,0.0,0.0002846433487030617,95.71633850998231,1.6036980349788492e-13,7.556943479804494e-16,5.960425229071605e-12,6.207351488196697e-17,2.2078107300391484e-10,2.2199175794502626,2.8551778693137307e-09,0.00020701849200077674,500000.0,1562239.08995703
0.00011014186872085419,9.165298880285634e-05,-1.2993698208071385,483.7853720381547,0.0,0.08867150430812396,287.1235652984166,4.755386044746108e-14,0.0,0.0002846616479073904,95.72249195141019,1.6053993861612734e-13,7.55825960058625e-16,5.96034928123371e-12,5.559576616608653e-17,2.2086092755676103e-10,2.220060294194784,2.8558940991673706e-09,0.00020701881570586288,500000.0,1562361.014158352
0.0001101433697754585,9.165105198330612e-05,-1.2812416379289948,483.79154713036723,0.0,0.08867709270602735,287.1417686506856,4.758204222794603e-14,0.0,0.00028467969512512085,95.7285606579134,1.6070990688397232e-13,7.5595506110156405e-16,5.960267982065502e-12,8.975791179212515e-17,2.2093866937323252e-10,2.2202010437100492,2.8565965544415107e-09,0.00020701913493354298,500000.0,1562480.992951418
0.0001101448708300628,9.16491423762969e-05,-1.2631119329445168,483.79755175844446,0.0,0.08868260257220235,287.1597177504845,4.7610017646233114e-14,0.0,0.0002846974902704242,95.73454460063014,1.6087970640565914e-13,7.560838873248686e-16,5.960181332016453e-12,1.046229499679265e-16,2.2101429085257982e-10,2.2203398273266766,2.857285229603328e-09,0.00020701944968302402,500000.0,1562599.0248189357
0.0001101463718846671,9.164725998407332e-05,-1.2449807614369337,483.80338565650555,0.0,0.08868803388069849,287.17741251291545,4.76377859800307e-14,0.0,0.0002847150332591313,95.74044375125685,1.610493352829544e-13,7.562134280143786e-16,5.960089331572745e-12,1.0264770868519836e-16,2.2108779289281814e-10,2.22047664438823,2.857960111136369e-09,0.0002070197599535352,500000.0,1562715.1082678358
0.0001101478729392714,9.164540480879526e-05,-1.2268481782276264,483.80904879804746,0.0,0.088693386606087,287.19485285476884,4.766534651109532e-14,0.0,0.0002847323240087466,95.74625808205278,1.6121879161255874e-13,7.5634243393042485e-16,5.9599919812583426e-12,2.640586069420259e-18,2.2115923297503096e-10,2.220611494251328,2.8586211784559058e-09,0.00020702006574432736,500000.0,1562829.2425954284
0.00011014937399387571,9.164357685253991e-05,-1.208714237787392,483.8145412671959,0.0,0.08869866072345528,287.21203869450494,4.7692698525307914e-14,0.0,0.0002847493624384299,95.75198756583393,1.6138807348803083e-13,7.564697738470677e-16,5.959889281633182e-12,0.0,2.2122853116867746e-10,2.220744376285502,2.8592684148242066e-09,0.00020702036705467326,500000.0,1562941.4274709194
0.00011015087504848001,9.164177611730325e-05,-1.1905789948190522,483.8198630801971,0.0,0.08870385620840252,287.22896995224124,4.7719841314680895e-14,0.0,0.0002847661484689842,95.75763217596875,1.6155717900267612e-13,7.565961721385988e-16,5.95978123329172e-12,9.332601499304063e-17,2.212955400987256e-10,2.2208752898730935,2.8599018109515944e-09,0.0002070206638838684,500000.0,1563051.6623549866
0.00011015323814612142,9.163899639866986e-05,-1.1620263272933777,483.827895322636,0.0,0.08871187602293733,287.25510863026255,4.776214632890907e-14,0.0,0.00028479206294193424,95.76634639237491,1.6182303841640964e-13,7.567935411036151e-16,5.9596002968961356e-12,1.0492986846360625e-16,2.2139685694046258e-10,2.221077395830024,2.8608708943543738e-09,0.00020702112209758722,500000.0,1563221.251344644
0.00011015560124376282,9.163628415621963e-05,-1.1334707818051,483.8355044015038,0.0,0.08871970080569914,287.2806158636333,4.780392836770458e-14,0.0,0.0002848173513844541,95.77485009503734,1.6208844855423426e-13,7.569889618433479e-16,5.959406108480318e-12,1.1154594923904325e-16,2.2149289113949912e-10,2.221274619410891,2.8618056171878767e-09,0.00020702156920101455,500000.0,1563386.0031676935
0.00011015796434140421,9.163363939650138e-05,-1.1049125730805665,483.84269005651396,0.0,0.08872733046925199,287.3054913658184,4.7845184773102824e-14,0.0,0.00028484201351246827,95.7831431884299,1.6235340195558525e-13,7.571830442233455e-16,5.95919867089731e-12,1.125419545914259e-16,2.2158361379839908e-10,2.221466958400189,2.86270593904077e-09,0.0002070220051917379,500000.0,1563545.9148508115
0.0001101603274390456,9.163106212555586e-05,-1.0763519155848402,483.849452135875,0.0,0.08873476492934063,287.32973486057756,4.788591292399238e-14,0.0,0.00028486604905210726,95.79122558045854,1.62617891150147e-13,7.573757286957177e-16,5.958977987220075e-12,1.0099873411642517e-16,2.2166903248487994e-10,2.221654410662009,2.86357181576042e-09,0.00020702243006748177,500000.0,1563700.983848537
0.00011016269053668702,9.162855234891584e-05,-1.0477890233944964,483.8557906307367,0.0,0.08874200410489204,287.3533460819717,4.792611023490054e-14,0.0,0.00028488945773971454,95.79909718246358,1.6288190865760936e-13,7.575658979549817e-16,5.9587440607409395e-12,3.455113087479558e-17,2.2174916720799395e-10,2.2218369741400976,2.864403205902056e-09,0.00020702284382610733,500000.0,1563851.2081555554
0.00011016505363432841,9.162611007160829e-05,-1.0192241105973934,483.8617055480304,0.0,0.08874904791801234,287.3763247743522,4.796577415852312e-14,0.0,0.0002849122393218355,95.80675790921588,1.6314544699008202e-13,7.5775310123384e-16,5.95849689496954e-12,8.564540564852773e-18,2.2182394893378503e-10,2.222014646857763,2.8652000758689987e-09,0.0002070232464656129,500000.0,1563996.5858931467
0.0001101674167319698,9.162373529815479e-05,-0.9906573915588215,483.8671968273632,0.0,0.08875589629398754,287.39867069236305,4.800490218839143e-14,0.0,0.00028493439355522035,95.81420767891787,1.6340849865469327e-13,7.579381979256702e-16,5.9582364936320505e-12,1.2640747859232377e-16,2.2189331756664753e-10,2.222187426917901,2.8659623967147255e-09,0.00020702363798413465,500000.0,1564137.1150388422
0.0001101712132479387,9.162006137680225e-05,-0.9447593022273143,483.87513183854594,0.0,0.08876648939374722,287.4332457754447,4.806663639959896e-14,0.0,0.0002849686720462615,95.82573445506054,1.6383007548657018e-13,7.582311111597063e-16,5.957790433620028e-12,9.700750435210604e-17,2.2199371875223088e-10,2.222454763648413,2.8671147144616548e-09,0.00020702424370175587,500000.0,1564352.729867043
0.00011017500976390759,9.161656171467044e-05,-0.8988579938527957,483.8819729433084,0.0,0.08877657758510953,287.46618607391787,4.8126971042129623e-14,0.0,0.0002850013297699367,95.83671621965603,1.6425034569682887e-13,7.585181300727351e-16,5.957310238888988e-12,9.553201974964344e-17,2.220803020191829e-10,2.2227094601052535,2.868177657565541e-09,0.0002070248207040284,500000.0,1564555.8171239963
0.00011017880627987648,9.161323632229214e-05,-0.8529543563806322,483.8877198376265,0.0,0.08878616060996818,287.4974907377506,4.818589636180042e-14,0.0,0.00028503236588351235,95.84715268931774,1.6466927814330163e-13,7.587997193213559e-16,5.956795928414359e-12,9.667277867345104e-17,2.22153075957522e-10,2.2229515097159314,2.8691511086770346e-09,0.00020702536898545393,500000.0,1564746.3694718997
0.00011018260279584537,9.161008520682095e-05,-0.8070492797395576,483.89237230020444,0.0,0.08879523823151006,287.527158985841,4.8243402858090673e-14,0.0,0.00028506177961259386,95.85704360363931,1.6508684166650854e-13,7.590761068831823e-16,5.95624752261767e-12,9.622573586309017e-17,2.2221201754375198e-10,2.223180906440927,2.870034963102287e-09,0.00020702588854145147,500000.0,1564924.3803459986
0.00011018639931181426,9.160710837203118e-05,-0.7611436536731634,483.89593022384645,0.0,0.08880381023423366,287.5551901060798,4.829948128397978e-14,0.0,0.0002850895702511872,95.86638872521539,1.6550300509578832e-13,7.593467098316337e-16,5.955665043364101e-12,9.629561190553029e-17,2.2225711846531801e-10,2.223397644774175,2.870829129963115e-09,0.00020702637936835725,500000.0,1565089.8440573753
0.00011019319398943695,9.160221576182656e-05,-0.678987148451236,483.899565184684,0.0,0.08881788884380597,287.601268890496,4.8396252409071516e-14,0.0,0.00028513525370209986,95.88175064370945,1.6624422511352168e-13,7.59816454375788e-16,5.9545375856934565e-12,9.63693434158072e-17,2.2230325543625497e-10,2.2237539287008325,2.872026314682666e-09,0.00020702718608087516,500000.0,1565354.638176865
0.00011019998866705964,9.159788136044612e-05,-0.5968368338785697,483.8996936905675,0.0,0.08883034636597527,287.6420986768016,4.848837118393278e-14,0.0,0.0002851757331619146,95.89536262857668,1.6698068206543896e-13,7.6026726843374125e-16,5.953301208727439e-12,9.63661779762857e-17,2.2230500116478648e-10,2.2240696269920788,2.8729355854931033e-09,0.0002070279007552812,500000.0,1565579.2020807036
0.00011020678334468233,9.159410510850235e-05,-0.5146978088275623,483.89631583570224,0.0,0.08884118207743875,287.6776770406434,4.857579073252095e-14,0.0,0.0002852110062271199,95.90722387157999,1.677121975179806e-13,7.606992377062634e-16,5.951956072256984e-12,9.633209839650058e-17,2.222623556363314e-10,2.2243447209027347,2.8735566657903674e-09,0.0002070285233926087,500000.0,1565763.5175921184
0.00011021357802230501,9.15908869119706e-05,-0.43257516982641364,483.8894319837762,0.0,0.08885039547419218,287.7080022677182,4.865846677592734e-14,0.0,0.0002852410711981668,95.91733380120179,1.6843859337218852e-13,7.611127083481981e-16,5.950502350723072e-12,9.627271779611489e-17,2.221753470392649e-10,2.2245791971777833,2.8738893798320253e-09,0.00020702905400331965,500000.0,1565907.572607615
0.00011022037269992771,9.158822664220898e-05,-0.3504740097726211,483.8790428183199,0.0,0.08885798627159823,287.73307335403416,4.8736357611614773e-14,0.0,0.0002852659270797271,95.9256920827312,1.6915969200189025e-13,7.615076262333281e-16,5.9489402331585874e-12,9.617644781887332e-17,2.2204403269050863e-10,2.224773048054383,2.873933654964244e-09,0.0002070294926073026,500000.0,1566011.3612634346
0.00011023143487611066,9.158508870359702e-05,-0.2168671033428393,483.85463248082647,0.0,0.0888668732268873,287.76264989659194,4.8852831552182694e-14,0.0,0.0002852952496387047,95.93555239681085,1.703218972324685e-13,7.621102672881994e-16,5.946165641991349e-12,9.595922765809635e-17,2.2173569582655863e-10,2.22500173507847,2.8733888040886266e-09,0.00020703000992993746,500000.0,1566094.1970375578
0.00011024249705229362,9.15834282576426e-05,-0.08335253280699963,483.8209406187959,0.0,0.08887146019596791,287.7783020762137,4.895636449367239e-14,0.0,0.0002853107672286304,95.94077054678809,1.7146883324434685e-13,7.626624200301471e-16,5.943105241914603e-12,9.566127660870801e-17,2.213107018546504e-10,2.225122757916387,2.872080297653335e-09,0.00020703028364091206,500000.0,1566070.3456036083
0.00011025355922847657,9.158324416188294e-05,0.050047833308618,483.777976432342,0.0,0.08887174967838742,287.780037632776,4.904681968973025e-14,0.0,0.00028531248752325123,95.94134911303456,1.7259974693209944e-13,7.631637930835347e-16,5.939760093979356e-12,9.528332662889538e-17,2.207697928304314e-10,2.225136176413844,2.8700096270427027e-09,0.00020703031398606548,500000.0,1565939.8903628418
0.00011026462140465951,9.158453503229585e-05,0.18331219238068877,483.725751644183,0.0,0.08886774570833135,287.76786927674243,4.9124077952242684e-14,0.0,0.0002853004231242798,95.93729233303755,1.7371389316748923e-13,7.63614114947459e-16,5.936131359009487e-12,9.482641518576566e-17,2.2011391132327776e-10,2.2250420888494897,2.8671790222866872e-09,0.0002070301012770621,500000.0,1565702.9592952132
0.00011029682935324968,9.159667614197728e-05,0.5703400089142797,483.52110789095184,0.0,0.08883169842110217,287.6534541878103,4.9272996228306883e-14,0.0,0.0002851869879812918,95.89914801866786,1.768554926953782e-13,7.646312491400475e-16,5.923963501449944e-12,9.305873759113575e-17,2.1756108275443844e-10,2.2241574203061014,2.8546411507553345e-09,0.00020702810174892124,500000.0,1564408.6221567215
0.00011032903730183985,9.162125399249443e-05,0.9555002262923133,483.2385644056851,0.0,0.08875952086301495,287.4220232879992,4.9307574178864676e-14,0.0,0.0002849575403863043,95.82199247006001,1.7983120885070612e-13,7.652053483404866e-16,5.909438581573374e-12,9.067271389743233e-17,2.140815782191452e-10,2.2223679770297715,2.8357980236373815e-09,0.00020702405781766883,500000.0,1562219.744899594
0.00011035003076282507,9.164393721177308e-05,1.2052967234649128,483.01276400012085,0.0,0.08869317167923733,287.2086528323987,4.9268280161461534e-14,0.0,0.00028474599876533014,95.7508580320001,1.816735486241575e-13,7.653384873700569e-16,5.8987221652264234e-12,8.88091194125201e-17,2.1133811664511481e-10,2.2207181793905653,2.820194868222959e-09,0.00020702032931080078,500000.0,1560315.8393583396
0.00011037102422381029,9.167185260867038e-05,1.4539351564378977,482.7543561239774,0.0,0.08861171745081058,286.9463554587537,4.918030190339833e-14,0.0,0.0002844859497568274,95.6634121279047,1.834340160526475e-13,7.652800467925788e-16,5.887035507410812e-12,8.672201997080348e-17,2.0823861831128503e-10,2.218690075281043,2.8020339543119884e-09,0.000207015745147384,500000.0,1558039.1699291724
0.0001103717915577085,9.167297174017006e-05,1.4629994185054815,482.7442964322964,0.0,0.0886084556911054,286.93584658597536,4.9176167510674194e-14,0.0,0.00028447553096680217,95.65990863187332,1.8349675911908113e-13,7.652742718933522e-16,5.886590148877555e-12,8.6641739806908e-17,2.0811881621715455e-10,2.218608819849208,2.801322487851265e-09,0.00020701556146398903,500000.0,1557948.9416388806
0.00011037255889160671,9.16740978263181e-05,1.4720619396206704,482.7341935185202,0.0,0.08860517393069751,286.92527292552245,4.917196850720491e-14,0.0,0.00028446504794463515,95.65638353664893,1.8355938716726198e-13,7.652682403682757e-16,5.886143513914916e-12,8.656118560020864e-17,2.0799856391134808e-10,2.21852706347439,2.800607690853008e-09,0.0002070153766464631,500000.0,1557858.2206321827
0.00011037292333030579,9.16746350868594e-05,1.4763654951002403,482.7293800906345,0.0,0.08860360828317516,286.92022836971665,4.9169951602105813e-14,0.0,0.0002844600466312348,95.65470175959615,1.835890914842408e-13,7.652652858336808e-16,5.8859309415785124e-12,8.652283076520225e-17,2.0794129361054772e-10,2.218488058572016,2.800267038530335e-09,0.00020701528847181646,500000.0,1557814.9609446083
0.00011037328776900487,9.167517391571093e-05,1.4806686556237343,482.7245569174711,0.0,0.08860203812639592,286.91516920717356,4.916792012986259e-14,0.0,0.00028445503083634495,95.65301511288658,1.8361876979299312e-13,7.652622733797895e-16,5.885718081562045e-12,8.6484416185874e-17,2.0788392219247447e-10,2.218448940729292,2.79992563605026e-09,0.00020701520004145832,500000.0,1557771.5901826688
0.00011037354307232086,9.167555232011222e-05,1.4836829484061391,482.72117202382054,0.0,0.08860093548569811,286.9116163701946,4.916648832981072e-14,0.0,0.0002844515084546664,95.65183065187409,1.8363954508633744e-13,7.652601285249668e-16,5.885568793625855e-12,8.645746602308604e-17,2.0784366822177604e-10,2.218421469914369,2.799686023296497e-09,0.00020701513794029974,500000.0,1557741.140265841
0.00011037379837563685,9.167593149404733e-05,1.4866970442614114,482.71778160868047,0.0,0.08859983063268437,286.90805636689856,4.916504938260778e-14,0.0,0.0002844479789681197,95.65064380172409,1.8366030759914188e-13,7.652579551877268e-16,5.885419364575561e-12,8.643048009192188e-17,2.078033562993478e-10,2.218393943688965,2.799446040151822e-09,0.00020701507571368053,500000.0,1557710.6334531296
0.00011037405367895285,9.167631143746589e-05,1.4897109419445276,482.7143853789024,0.0,0.08859872356761242,286.90448919811604,4.916360328871903e-14,0.0,0.000284444442377528,95.64945456271343,1.8368105732461022e-13,7.652557532948318e-16,5.8852697944388905e-12,8.640345617522437e-17,2.077629826192647e-10,2.2183663620595007,2.7992056832317823e-09,0.0002070150133616136,500000.0,1557680.068798474
0.00011037430898226885,9.167669215031718e-05,1.4927246410102744,482.7109832795666,0.0,0.08859761429074114,286.90091486468094,4.9162150048437385e-14,0.0,0.00028444089868371843,95.64826293512013,1.8370179425600703e-13,7.652535227619516e-16,5.885120083243773e-12,8.637639481662008e-17,2.077225465035246e-10,2.218338725032425,2.7989649484978375e-09,0.00020701495088411198,500000.0,1557649.446129642
0.00011037471305160833,9.16772962781748e-05,1.4974940252053923,482.7055867808614,0.0,0.08859585411494227,286.8952431149504,4.915983539497505e-14,0.0,0.00028443527555296086,95.64637206131401,1.83734588495495e-13,7.652499337780689e-16,5.8848828466464106e-12,8.633348395486655e-17,2.0765842056974415e-10,2.218294870617781,2.798583155924287e-09,0.00020701485174444396,500000.0,1557600.8610168179
0.00011037511712094783,9.167790233309362e-05,1.502262910695179,482.7001757290981,0.0,0.08859408840037812,286.88955342354,4.9157502840630966e-14,0.0,0.00028442963463436746,95.64447520603366,1.837673506429486e-13,7.652462726197887e-16,5.884645256885751e-12,8.62904785311303e-17,2.0759414023533952e-10,2.2182508774767724,2.7982003950164463e-09,0.00020701475229065262,500000.0,1557552.1311081573
0.00011037552119028733,9.167851031487192e-05,1.5070312968382733,482.6947502395736,0.0,0.08859231714808051,286.88384579377384,4.915515238494397e-14,0.0,0.00028442397593123384,95.64257237038728,1.8380008067168146e-13,7.652425390988905e-16,5.884407314072709e-12,8.62473788440357e-17,2.0752970698624843e-10,2.2182067456350993,2.7978166554119147e-09,0.0002070146525227897,500000.0,1557503.2568026248
0.00011037647591056102,9.16799544856863e-05,1.5182958746450366,482.68187341420594,0.0,0.08858811010404692,286.8702887701088,4.914952769061227e-14,0.0,0.00028441053512052756,95.63805266801774,1.8387728623545205e-13,7.652334294610634e-16,5.883843709554409e-12,8.6145169469732e-17,2.0737685594196352e-10,2.2181019216636955,2.796906037442033e-09,0.00020701441554751339,500000.0,1557387.2038354317
0.00011037743063083472,9.16814094096807e-05,1.5295576445833097,482.668915719673,0.0,0.08858387216425487,286.85663166560715,4.914380303313105e-14,0.0,0.00028439699508714524,95.63349960026945,1.8395431199123622e-13,7.652239137142575e-16,5.883278136154861e-12,8.604243516637411e-17,2.0722315064938856e-10,2.2179963238600293,2.7959898246724513e-09,0.00020701417681986097,500000.0,1557270.3443422832
0.00011037838535110842,9.168287508416895e-05,1.5408165934405706,482.6558772536268,0.0,0.08857960334247425,286.842874524634,4.9137978385313704e-14,0.0,0.00028438335587507185,95.62891318193304,1.8403115758832773e-13,7.652139908952341e-16,5.882710595345559e-12,8.59391792495213e-17,2.070685942168925e-10,2.217889952567136,2.7950679518457155e-09,0.0002070139363405218,500000.0,1557152.678967332
0.00011037934007138213,9.168435150645183e-05,1.5520727078140288,482.6427580535553,0.0,0.08857530365255362,286.82901739181,4.913205371350601e-14,0.0,0.00028436961752854525,95.62429342788435,1.8410782267674783e-13,7.65203660427263e-16,5.882141088602583e-12,8.583540325614038e-17,2.0691318897298465e-10,2.217782808130024,2.7941403752537e-09,0.00020701369411018885,500000.0,1557034.2081612465
0.00011038111197801273,9.168712013387583e-05,1.5729558430051862,482.61819587898947,0.0,0.08856724192188482,286.8030345234723,4.9120792564874756e-14,0.0,0.0002843438573915487,95.61563114097719,1.8424962878758077e-13,7.651834060768797e-16,5.881078912281279e-12,8.564143669216415e-17,2.0662252630555923e-10,2.2175819065571285,2.7924036267406874e-09,0.00020701323990715643,500000.0,1556812.200704128
0.00011038288388464333,9.168992575388967e-05,1.5938290765195415,482.59335633873275,0.0,0.08855907400771243,286.7767076901107,4.9109186455452384e-14,0.0,0.0002843177562389188,95.60685418153457,1.8439080953498374e-13,7.651617455602995e-16,5.880009979334766e-12,8.544570692646591e-17,2.0632896764885325e-10,2.217378345421811,2.7906470606729063e-09,0.00020701277968009026,500000.0,1556587.424630137
0.00011038465579127392,9.169276834992386e-05,1.6146923291413893,482.56823992453604,0.0,0.08855079999767089,286.75003717414603,4.909723515160398e-14,0.0,0.0002842913143506557,95.59796264371131,1.8453136281144034e-13,7.651386786095716e-16,5.878934299016503e-12,8.524823220062994e-17,2.0603253143277726e-10,2.217172126907772,2.788870657535476e-09,0.00020701231343324986,500000.0,1556359.8836368949
0.00011038642769790453,9.16956479045677e-05,1.6355455183686838,482.54284714735314,0.0,0.08854241998232525,286.7230232674538,4.9084938412634155e-14,0.0,0.00028426453201613313,95.58895662481419,1.846712864422516e-13,7.651142052101755e-16,5.877851880835388e-12,8.504903002548493e-17,2.0573323631648218e-10,2.2169632532718166,2.787074427994649e-09,0.00020701184117111383,500000.0,1556129.58154185
0.00011038819960453513,9.169856440003137e-05,1.6563885606998388,482.5171785215517,0.0,0.0885339340538215,286.6956662670209,4.90722960059174e-14,0.0,0.00028423740952979225,95.57983622385402,1.848105782354505e-13,7.650883255228055e-16,5.876762734419774e-12,8.484811799768536e-17,2.054311010759187e-10,2.216751726810269,2.7852584057599455e-09,0.0002070113628982609,500000.0,1555896.522207182
0.00011039076819518064,9.170285776219074e-05,1.6865848626920654,482.47948001838876,0.0,0.08852144482283734,286.65540045993674,4.9053355173148435e-14,0.0,0.0002841974888971738,95.56641222649911,1.8501137216375646e-13,7.650483135004591e-16,5.875171959843107e-12,8.455387160606394e-17,2.0498811526441778e-10,2.2164403884521504,2.782590821874452e-09,0.00020701065892165073,500000.0,1555553.787078312
0.00011039333678582614,9.170722866224691e-05,1.7167594292741444,482.4412043622422,0.0,0.08850873349864714,286.6144151994056,4.903368698202868e-14,0.0,0.0002841568549802033,95.55274837466818,1.8521082748195447e-13,7.650053478581093e-16,5.873567095614184e-12,8.425612297740019e-17,2.0453925706522586e-10,2.2161234872280087,2.779881917528052e-09,0.00020700994233718216,500000.0,1555205.2773607483
0.00011039590537647165,9.171167704288418e-05,1.746912000322164,482.40235312133456,0.0,0.08849580037633963,286.57271143669294,4.901329089975715e-14,0.0,0.0002841155087219923,95.53884498549843,1.854089374420534e-13,7.649594296400864e-16,5.871948172070468e-12,8.395492582050223e-17,2.0408458453733453e-10,2.2158010304931013,2.777131889057349e-09,0.0002070092131596378,500000.0,1554851.0051416196
0.00011039847396711715,9.171620284560571e-05,1.7770423141339315,482.3629278607319,0.0,0.088482645756507,286.5302901408846,4.899216648317368e-14,0.0,0.00028407345108332,95.52470238206807,1.8560569528505473e-13,7.649105599071915e-16,5.870315219919991e-12,8.365033450864439e-17,2.0362415599523294e-10,2.2154730257404758,2.774340942221043e-09,0.00020700847140411424,500000.0,1554490.9826196095
0.00011040600344318325,9.172991518690192e-05,1.8652346095715768,482.24406454279483,0.0,0.08844281134392279,286.40181259741206,4.892604441474178e-14,0.0,0.000283946074924404,95.4818699586015,1.8617461140132024e-13,7.647503085278335e-16,5.8654478974359936e-12,8.273842424174897e-17,2.0224185340005517e-10,2.214479627422204,2.7659258203814996e-09,0.00020700622471520408,500000.0,1553402.605235942
0.00011041353291924935,9.174429081630182e-05,1.9532271033400672,482.12031882230826,0.0,0.08840108400760192,286.26720284405235,4.885365891848709e-14,0.0,0.0002838126191375849,95.43699315271245,1.8673168938077947e-13,7.645647347184379e-16,5.860461072769226e-12,8.179918969712179e-17,2.0081205532492712e-10,2.2134388144143813,2.7571660309163265e-09,0.0002070038704600118,500000.0,1552265.2253400576
0.00011042106239531547,9.175932820689019e-05,2.0410134883159774,481.99172712592883,0.0,0.08835747177635973,286.1264867775359,4.8775012772651243e-14,0.0,0.0002836731093976054,95.39008059796986,1.872767693558785e-13,7.643538718749492e-16,5.855355540184239e-12,8.08340089643089e-17,1.9933623924484904e-10,2.2123507869525327,2.748066807863728e-09,0.0002070014090338903,500000.0,1551079.1521364313
0.00011042859187138157,9.177502578584501e-05,2.1285875303068984,481.858324971424,0.0,0.0883119829592375,285.9796912042297,4.8690115461519e-14,0.0,0.00028352757228104373,95.34114123120096,1.878096954653279e-13,7.64117757258098e-16,5.850132109087213e-12,7.984426426292387e-17,1.9781589068332554e-10,2.211215752305554,2.7386334438147693e-09,0.00020699884084468615,500000.0,1549844.6985486418
0.00011043612134744767,9.179138193244047e-05,2.2159430519938432,481.7201472245709,0.0,0.08826462614893764,285.82684385106495,4.859898265899597e-14,0.0,0.00028337603527714666,95.29018429613456,1.8833031574049736e-13,7.638564321805608e-16,5.844791604558815e-12,7.883134001855873e-17,1.9625250430018267e-10,2.210033924860207,2.7288712931683e-09,0.0002069961663131966,500000.0,1548562.1820702262
0.00011044365082351377,9.180839497866493e-05,2.3030739300907244,481.57722825250477,0.0,0.08821541021757184,285.66797335173237,4.850163580654506e-14,0.0,0.0002832185267741435,95.23721933879875,1.8883848226100786e-13,7.635699421282635e-16,5.839334867108916e-12,7.779661258320431e-17,1.9464758385161103e-10,2.2088055260143844,2.718785774005471e-09,0.0002069933858729462,500000.0,1547231.9251430323
0.00011045118029957989,9.182606321020654e-05,2.389974097124051,481.4296020202996,0.0,0.08816434431126367,285.50310922923205,4.839810180384668e-14,0.0,0.00028305507604194655,95.18225620170342,1.8933405138994896e-13,7.632583370688052e-16,5.8337627522544734e-12,7.674148815672047e-17,1.93002641451834e-10,2.2075307840421794,2.7083823717610817e-09,0.00020699049996987932,500000.0,1545854.2553307207
0.00011045870977564599,9.184438486720733e-05,2.47663754387823,481.2773021647089,0.0,0.08811143784535502,285.3322818803906,4.82884127561154e-14,0.0,0.0002828857132167994,95.12530501867828,1.8981688400487152e-13,7.629216714836382e-16,5.828076130123033e-12,7.566732707895846e-17,1.913191964125635e-10,2.2062099339741725,2.6976666381952658e-09,0.0002069875090621099,500000.0,1544429.5054282537
0.00011046623925171209,9.186335814481092e-05,2.563058321295195,481.1203620574756,0.0,0.0880567005001481,285.1555225621061,4.8172605746144147e-14,0.0,0.00028271046928764074,95.06637621028725,1.9028684570135432e-13,7.625600045484761e-16,5.822275885100991e-12,7.45755263002473e-17,1.8959877436822312e-10,2.2048432174910784,2.6866441912596964e-09,0.00020698441361972805,500000.0,1542958.0135463306
0.00011047376872777821,9.188298119362701e-05,2.6492305419089446,480.95881486166155,0.0,0.08800014221682866,284.9728633781751,4.805072261647283e-14,0.0,0.0002825293760830444,95.00548047943693,1.9074380697251337e-13,7.621734002983769e-16,5.816362915503121e-12,7.346743110495726e-17,1.8784290583906082e-10,2.203430882821889,2.6753207143905617e-09,0.00020698121412462888,500000.0,1541440.123175677
0.00011048129820384431,9.19032521201852e-05,2.735148381060716,480.7926935814543,0.0,0.08794177319336194,284.7843372660279,4.792280975856506e-14,0.0,0.00028234246625806773,94.94262880695416,1.9118764337063007e-13,7.617619277291546e-16,5.810338133245205e-12,7.234443159213858e-17,1.8605312517640046e-10,2.2019731846413104,2.66370195511681e-09,0.00020697791107034374,500000.0,1539876.1832290324
0.00011048882767991041,9.192416898740206e-05,2.820806078037635,480.62203110569305,0.0,0.08788160388029485,284.58997798315784,4.778891790917674e-14,0.0,0.0002821497732807978,94.87783244706176,1.9161823565449496e-13,7.613256608755138e-16,5.804202463512657e-12,7.120784498487418e-17,1.8423096900092994e-10,2.2004703839648334,2.6517937232565766e-09,0.0002069745049618669,500000.0,1538266.548060505
0.0001105002122471213,9.195701755536538e-05,2.9498138472567472,480.3554383233461,0.0,0.08778723287880849,284.2851062827703,4.757524259225866e-14,0.0,0.0002818475153616843,94.77619296893894,1.9224388854012547e-13,7.606191172850557e-16,5.7947168383226905e-12,6.946655370978313e-17,1.8141780415700553e-10,2.1981130929574886,2.63325181783032e-09,0.00020696916037153066,500000.0,1535746.8030530708
0.0001105115968143322,9.199133127142714e-05,3.0781944874034046,480.07865197880835,0.0,0.08768880870608446,283.9671012068271,4.7348231394602946e-14,0.0,0.0002815322366837562,94.67017502991908,1.9283863447096349e-13,7.598563686684166e-16,5.784983152919656e-12,6.770185147133609e-17,1.7853945176759645e-10,2.195654253745693,2.6140821059099817e-09,0.0002069635831996208,500000.0,1533124.6831755093
0.00011052298138154307,9.202710289676422e-05,3.205928937615235,479.7917853091464,0.0,0.08758637061064443,283.63608958971855,4.710810960211727e-14,0.0,0.0002812040629940013,94.55982091461111,1.9340213211783621e-13,7.590377377085245e-16,5.775004765993096e-12,6.591821805386107e-17,1.7560121044566458e-10,2.193094847022478,2.5943054073010453e-09,0.0002069577753328451,500000.0,1530401.4831392935
0.00011053436594875396,9.206432496577852e-05,3.3329985166409455,479.49495168599685,0.0,0.08747995907854111,283.2922022853442,4.6855121437676265e-14,0.0,0.0002808631240244413,94.44517424766465,1.93934071185393e-13,7.58163575608745e-16,5.7647850984142836e-12,6.412002039939059e-17,1.7260835371499513e-10,2.1904358845599985,2.573942804081174e-09,0.00020695173871613436,500000.0,1527578.5257381573
0.00011054575051596485,9.21029897980817e-05,3.4593849191707426,479.1882647769083,0.0,0.08736961577405014,282.9355739749156,4.658952804918736e-14,0.0,0.000280509553301582,94.32627992969435,1.9443417246236523e-13,7.572342617286999e-16,5.754327629231147e-12,6.231150772601799e-17,1.695661185735901e-10,2.187678407723449,2.5530156065329552e-09,0.00020694547534907926,500000.0,1524657.160922584
0.00011055713508317574,9.214308950988971e-05,3.585070211928554,478.8718386644382,0.0,0.0872553834817921,282.5663429793788,4.631160568519962e-14,0.0,0.0002801434879604454,94.20318407474477,1.9490218771555609e-13,7.562502029640096e-16,5.743635891774088e-12,6.049680019779639e-17,1.6647969489053044e-10,2.184823486020702,2.5315453282879505e-09,0.00020693898728253116,500000.0,1521638.7647605913
0.00011056851965038662,9.218461601883693e-05,3.710036839101981,478.545787929212,0.0,0.0871373060672581,282.18465113163063,4.60216445092487e-14,0.0,0.00027976506861788103,94.075933967689,1.9533789995649318e-13,7.552118335285199e-16,5.732713470774862e-12,5.867987790253331e-17,1.6335421321152327e-10,2.181872216114275,2.5095536622301774e-09,0.00020693227661691655,500000.0,1518524.7386053985
0.00011057990421759751,9.222756104603253e-05,3.8342676317498627,478.21022771197255,0.0,0.08701542844478166,281.79064367292165,4.571994768514788e-14,0.0,0.00027937443926985816,93.94457802969133,1.9574112383610783e-13,7.541196149235954e-16,5.721563999900845e-12,5.686456965317845e-17,1.6019473491964798e-10,2.1788257210203104,2.4870624509189524e-09,0.00020692534550126416,500000.0,1515316.5083245912
0.0001105976293307842,9.22972274846282e-05,4.026183662177739,477.6691245851336,0.0,0.08681821640243355,281.1530341138407,4.522761033538337e-14,0.0,0.0002787422964278259,93.73200895609126,1.963039004002788e-13,7.523130686969413e-16,5.703761672887281e-12,5.4050058337468524e-17,1.5521966585942066e-10,2.173895676366515,2.4511024446350963e-09,0.00020691412054556617,500000.0,1510137.3937240602
0.00011061535444397087,9.237027903849424e-05,4.2162140674016095,477.1056906200713,0.0,0.08661208198372114,280.48650730872606,4.4708832779490596e-14,0.0,0.00027808148430397036,93.50979932769224,1.9678713517878211e-13,7.503791531015785e-16,5.6854319884756735e-12,5.1261336960156166e-17,1.501925869388401e-10,2.168742041493886,2.4140680467206945e-09,0.00020690237504812195,500000.0,1504739.020582513
0.00011063307955715756,9.244668175576964e-05,4.404299863394952,476.5203697557493,0.0,0.08639720853512733,279.7916563883188,4.416491191726612e-14,0.0,0.00027739259094343503,93.2781468850062,1.9719058958007245e-13,7.48319993212416e-16,5.666589271360143e-12,4.85103939962005e-17,1.4513123611323884e-10,2.163369402533107,2.3760427903778547e-09,0.0002068901177716612,500000.0,1499127.0909345613
0.00011065080467034422,9.252640066096805e-05,4.590384495783556,475.9136099835064,0.0,0.08617378438283073,279.0690906786861,4.3597190773169685e-14,0.0,0.00027667622044777056,93.03725476780902,1.9751421011779207e-13,7.461378618882516e-16,5.647248049584376e-12,4.5808133501061915e-17,1.4005266057442568e-10,2.1577824708382196,2.3371101850274573e-09,0.00020687735771702072,500000.0,1493307.420198188
0.0001106685297835309,9.260939979984578e-05,4.774413871934859,475.28586329769735,0.0,0.08594200245476047,278.31943447655544,4.3007049977739935e-14,0.0,0.0002759329917607717,92.78733110685626,1.9775812546071664e-13,7.438351739087894e-16,5.627423028611623e-12,4.316434233858932e-17,1.349731404126748e-10,2.1519860735174157,2.2973534554249735e-09,0.0002068641041073497,500000.0,1487285.9266692929
0.00011068625489671759,9.269564228221696e-05,4.956336384339903,474.63758553328796,0.0,0.08570205990828388,277.54332584262846,4.2395900145458164e-14,0.0,0.0002751635374721406,92.52858862159304,1.9792264237349708e-13,7.414144793448356e-16,5.60712906615713e-12,4.058770788416143e-17,1.299081643831088e-10,2.145985144102857,2.2568552809318058e-09,0.00020685036637314259,500000.0,1481068.6208023299
0.00011070398000990427,9.278509032516819e-05,5.1361029289969515,473.96923614010615,0.0,0.08545415775750306,276.74141539339246,4.176517459152191e-14,0.0,0.0002743685026196603,92.26124421736291,1.98008240829993e-13,7.388784564289708e-16,5.586381147344433e-12,3.808574292423455e-17,1.248722984607982e-10,2.1397847132088725,2.21569753831467e-09,0.00020683615413719794,500000.0,1474661.594344961
0.00011072170512309095,9.287770529735531e-05,5.313666919394319,473.2812779129787,0.0,0.08519850049917906,275.9143650882612,4.111632223761194e-14,0.0,0.0002735485434867371,91.98551858105975,1.9801556843156645e-13,7.362299040111767e-16,5.5651943601111696e-12,3.5664977017806196e-17,1.1987929770987346e-10,2.1333898991540465,2.1739610581955e-09,0.00020682147719928474,500000.0,1468071.009384935
0.00011073943023627763,9.297344776391685e-05,5.488984295386083,472.574176681515,0.0,0.08493529573948148,275.06284701917684,4.045080081183683e-14,0.0,0.00027270432640238474,91.70163577760017,1.9794543415693347e-13,7.334717336232072e-16,5.5435838710087464e-12,3.333054578764236e-17,1.1494175249318766e-10,2.1268058986023344,2.1317253955463556e-09,0.00020680634552070295,500000.0,1461303.0873732325
0.00011075715534946431,9.307227753146887e-05,5.662013526508657,471.8484009632213,0.0,0.08466475382388616,274.1875422102065,3.9770070444130284e-14,0.0,0.0002718365265511156,91.40982284972786,1.977988014839348e-13,7.306069612163294e-16,5.52156490154203e-12,3.1087402938050075e-17,1.1007179917715745e-10,2.120037977281458,2.0890686123272147e-09,0.00020679076920893804,500000.0,1454364.0981885402
0.00011077488046265098,9.317415369296483e-05,5.832715609840001,471.1044215871352,0.0,0.08438708747158695,273.28913943158864,3.907558767207727e-14,0.0,0.0002709458267971597,91.11030942263545,1.9757678096461987e-13,7.276386986343911e-16,5.499152705125501e-12,2.893705956309203e-17,1.0527935701181052e-10,2.1130914608130302,2.0460670736307527e-09,0.00020677475850248666,500000.0,1447260.3493015019
0.00011080277146643436,9.334052668047529e-05,6.096521468774547,469.8980298952252,0.0,0.0839362641722233,271.83038627450765,3.7958437035416144e-14,0.0,0.00026949958122654636,90.62398395318533,1.970778403496015e-13,7.227662453198859e-16,5.4631270472147095e-12,2.5749960212686166e-17,9.79203467203262e-11,2.1018122740484584,1.977883712154131e-09,0.00020674871062613281,500000.0,1435764.0674644844
0.00011083066247021773,9.351417437426084e-05,6.354346151301586,468.6495854897263,0.0,0.08346917733442233,270.3189004328268,3.6816372539734086e-14,0.0,0.0002680010551596713,90.1200782376423,1.9640088465932984e-13,7.176583360585932e-16,5.426224917817483e-12,2.2810411081823903e-17,9.081322355932991e-11,2.090125354414144,1.9093101495668998e-09,0.00020672165367860253,500000.0,1423900.274791284
0.0001108585534740011,9.369492829006503e-05,6.6060752709368264,467.36094251983207,0.0,0.08298667832919457,268.757439401923,3.5654822400037986e-14,0.0,0.00026645298244677625,89.59951158166581,1.955521499207472e-13,7.123282118315519e-16,5.388505422375528e-12,2.011046873924199e-17,8.398221467825248e-11,2.078052023064077,1.8406119833406668e-09,0.0002066936289798013,500000.0,1411693.7231025754
0.00011088644447778447,9.388261697262726e-05,6.851609400246248,466.0339559928581,0.0,0.08248962214435422,267.14877267506455,3.4479038499581444e-14,0.0,0.00026485810883299647,89.0632072908093,1.9453850565008026e-13,7.067894218651197e-16,5.350027201793347e-12,1.7643550478353803e-17,7.745120684274023e-11,2.065613693920474,1.7720395065582929e-09,0.00020666467819074877,500000.0,1399169.072178406
0.00011091433548156783,9.407706643342906e-05,7.090863760930155,464.670477386676,0.0,0.08197886425466576,265.4956715808997,3.329405965026819e-14,0.0,0.00026321918188301454,88.51208928249977,1.9336736513577086e-13,7.010557363271784e-16,5.310848252519113e-12,1.5434307946410254e-17,7.123465213319211e-11,2.052831795096545,1.703826761837094e-09,0.00020663484317418805,500000.0,1386350.798911002
0.00011094222648535121,9.427810052986915e-05,7.323767870089157,463.27235077913116,0.0,0.08145525777647156,263.8009000431075,3.2104684633686215e-14,0.0,0.0002615389418199634,87.94707900545187,1.9204660025098197e-13,6.951410662791365e-16,5.27102576755251e-12,1.3481167386040838e-17,6.534865426726753e-11,2.039727697449462,1.6361908210794788e-09,0.00020660416587690386,500000.0,1373263.1155059412
0.00011097011748913458,9.448554133293167e-05,7.550265141669205,461.8414091145817,0.0,0.08091965078640596,262.06720587154246,3.091544988152823e-14,0.0,0.00025982011289126753,87.36909253627324,1.9058445827554152e-13,6.890593876156635e-16,5.230615990500357e-12,1.1597661204133393e-17,5.979344916930101e-11,2.0263226472429,1.5693312980737797e-09,0.00020657268821805465,500000.0,1359929.8935144052
0.00011099800849291795,9.469920951064247e-05,7.770312439996021,460.37947036783885,0.0,0.08037288374052792,260.2973123778078,2.973060935032374e-14,0.0,0.00025806539505611703,86.77903778422994,1.8898947869881499e-13,6.828246663540652e-16,5.18967407847667e-12,1.0651906715360043e-17,5.46190165367695e-11,2.0126377013180172,1.5034300642573988e-09,0.00020654045197437065,500000.0,1346374.5919280867
0.00011102589949670131,9.491892471097748e-05,7.983879590871461,458.88833376893825,0.0,0.07981578704276182,258.49391047605144,2.855411836077592e-14,0.0,0.00025627745615408945,86.17781185777682,1.8727041190389859e-13,6.76450785184204e-16,5.148253976562442e-12,4.332039724783489e-18,4.953370517511173e-11,1.998693666016646,1.4386512023118974e-09,0.00020650749866776453,500000.0,1332620.1907006013
0.00011106814356607622,9.526281973382323e-05,8.294974606842237,456.5781943340173,0.0,0.0789541514455993,255.70454595673664,2.6796137342544952e-14,0.0,0.00025351200867403497,85.24788145570403,1.8445023066032988e-13,6.665623991789358e-16,5.084724928952221e-12,0.0,4.108937065221009e-11,1.9771260958514352,1.3429952983215457e-09,0.0002064563133621073,500000.0,1311458.3476197766
0.00011111038763545113,9.561954156949645e-05,8.59115575439756,454.2112041182559,0.0,0.07807347071885938,252.85338645669825,2.5076895088120256e-14,0.0,0.0002506852961225847,84.29734958303585,1.8139685699777111e-13,6.56432974577778e-16,5.020395812111202e-12,0.0,3.0393107649641695e-11,1.9550807225521818,1.250678927349326e-09,0.00020640371838184256,500000.0,1289966.4408881473
0.00011114127228628804,9.588809532046952e-05,8.798281747440644,452.4481285589985,0.0,0.0774191058649461,250.7348319545274,2.38500795682091e-14,0.0,0.0002485849069625708,83.59105673398486,1.7903478180594204e-13,6.489009409789491e-16,4.972955858256932e-12,0.0,2.1566967909692147e-11,1.9386999046514486,1.1855020089851482e-09,0.00020636445371406006,500000.0,1274086.3889765402
0.00011117215693712494,9.616292383614339e-05,8.997497500436332,450.66007238242963,0.0,0.07675701780936724,248.59120970993683,2.2652362453965354e-14,0.0,0.00024645966502609813,82.87640669596526,1.7657645997398453e-13,6.412813410531864e-16,4.9252414187481275e-12,1.044981534115142e-16,1.6248832006184645e-11,1.9221252612102901,1.122403535838022e-09,0.00020632456205986363,500000.0,1258095.2534339463
0.00011120304158796185,9.644378354768526e-05,9.188854105104474,448.8492293549274,0.0,0.0760881927407572,246.42571632993594,2.1486505409256853e-14,0.0,0.0002443127395043944,82.1544651674321,1.7403350483547745e-13,6.335906448712404e-16,4.87731290265127e-12,1.3370009434760143e-15,2.3652359410198383e-11,1.9053815086134902,1.061468188504883e-09,0.0002062840949847956,500000.0,1242018.7588723127
0.00011123392623879875,9.673043268140441e-05,9.372415879763292,447.01773552261744,0.0,0.0754135840507747,244.24144214827635,2.0354831310804858e-14,0.0,0.00024214719421422536,81.42626241700397,1.7141719464912075e-13,6.258447066838991e-16,4.82922812250287e-12,1.7314625661251876e-14,7.443261172748814e-11,1.8884925415118128,1.002759824014105e-09,0.00020624310280960398,500000.0,1225881.4786551425
0.00011126481088963565,9.702263165350925e-05,9.548259360847815,445.1676664069176,0.0,0.07473411066457418,242.04136644527173,1.9259244748383122e-14,0.0,0.0002399659829034037,80.69279168982698,1.6873841165945582e-13,6.180583654624516e-16,4.7810422537634045e-12,5.693943229635251e-18,2.048909372929529e-11,1.8714813960616434,9.463229943544886e-10,0.0002062016345261122,500000.0,1209706.809194214
0.00011129569554047255,9.732014342010867e-05,9.716472294812624,443.30103475002505,0.0,0.07405065638069565,239.8283537287768,1.820125750887922e-14,0.0,0.0002377719455344237,79.95500796771263,1.6600759258470208e-13,6.102461456265177e-16,4.73280781367985e-12,0.0,1.6358862919533125e-11,1.8543702206876922,8.921844885566975e-10,0.00020615973773115075,500000.0,1193516.9541770143
0.00011132658019130945,9.762273380201462e-05,9.877152653497811,441.4197886757072,0.0,0.07336406849961481,237.60515087363285,1.7182014796380494e-14,0.0,0.00023556780542331336,79.21382701547495,1.632346887502384e-13,6.024217503948958e-16,4.684574654979353e-12,5.117396896232906e-15,2.5709437776988236e-11,1.8371802544586424,8.40354930872609e-10,0.00020611745856960085,500000.0,1177332.9169413361
0.00011135746484214635,9.793017178885424e-05,10.030407677620323,439.5258101047876,0.0,0.07267515737983475,235.3743850369709,1.6202321242204745e-14,0.0,0.00023335616718983952,78.4701246859259,1.6042913471468546e-13,5.945978864985287e-16,4.636389972466991e-12,1.6449050263527928e-15,1.649622208588293e-11,1.8199318107729399,7.908303854187565e-10,0.00020607484168421163,500000.0,1161174.4998062176
0.00011138834949298326,9.824222981531555e-05,10.176352950925553,437.6209135345446,0.0,0.07198469609571952,233.13856235144578,1.5262667861825868e-14,0.0,0.00023113951547356162,77.72473648422078,1.5759982517943315e-13,5.867865914932153e-16,4.588298322482275e-12,2.4336490922380317e-15,1.8472591954102587e-11,1.8026442671972744,7.435939241564866e-10,0.0002060319301751307,500000.0,1145060.3103296377
0.00011141923414382016,9.855868400510391e-05,10.315111501449067,435.70684523540353,0.0,0.07129342017055179,230.900067372798,1.4363260302739103e-14,0.0,0.00022892021438429634,76.97845738368457,1.547550998724455e-13,5.789991829532852e-16,4.54034165467696e-12,9.373943720748487e-15,2.3764238561392377e-11,1.785336061294559,6.986171544591529e-10,0.00020598876557089728,500000.0,1129007.7741698145
0.00011145011879465707,9.887931438526902e-05,10.446812931187687,433.7852828172698,0.0,0.07060202762618127,228.66116320535184,1.350404738528186e-14,0.0,0.00022670050763007028,76.23204186765145,1.5190273568124575e-13,5.712460895682951e-16,4.4925593544862985e-12,0.0,0.0,1.768024691585831,6.558616955917992e-10,0.00020594538780948867,500000.0,1113033.1537024963
0.00011148100344549397,9.920390507538029e-05,10.571592589145814,431.8578350655345,0.0,0.06991117931885735,226.4239922187319,1.2684748888415069e-14,0.0,0.00022448251921321932,75.48620416840714,1.4904994514607587e-13,5.6353700249394e-16,4.444988294479043e-12,0.0,0.0,1.750726722979425,6.152805837740158e-10,0.0002059018352272749,500000.0,1097151.571388055
0.00011151188809633087,9.95322444533654e-05,10.689590785142636,429.92604205811796,0.0,0.06922149919504693,224.19057729101945,1.1904882269472389e-14,0.0,0.0002222682546546154,74.74161868163792,1.462033804396258e-13,5.558809091558604e-16,4.397662893288659e-12,1.1181284178415212e-14,1.1003125033933828e-11,1.73345779651253,5.768195925722214e-10,0.0002058581445549364,500000.0,1081377.0373104622
0.00011154277274716776,9.986412529775086e-05,10.800952036679051,427.9913755593231,0.0,0.06853357485582279,221.9628235298309,1.116378839535061e-14,0.0,0.00022005960271903745,73.99892054021134,1.4336914206424424e-13,5.482859753756843e-16,4.35061518120665e-12,8.281276349224046e-15,1.0411102610256753e-11,1.7162326426263952,5.404184685892662e-10,0.00020581435092031927,500000.0,1065722.4803691832
0.00011157365739800467,0.00010019934490659498,10.9058243594106,426.0552396480874,0.0,0.06784795825602186,219.74252042044554,1.0460656204660706e-14,0.0,0.00021785833755031122,73.25870633032831,1.4055279168428885e-13,5.407596500210905e-16,4.3038748714857295e-12,0.0,1.1146914705063382e-11,1.6990650977402855,5.060120779110474e-10,0.00020577048785802094,500000.0,1050199.782514556
0.00011160454204884157,0.00010053770519476185,11.004358601969242,424.1189715598154,0.0,0.06716516643014478,217.53134434326032,9.794546012271096e-15,0.0,0.00021566612116228357,72.521534930803,1.3775936848406484e-13,5.333087423215848e-16,4.257469436276826e-12,0.0,0.0,1.6819681237681408,4.735314558132401e-10,0.00020572658732491054,500000.0,1034819.8154650442
0.00011163542669967848,0.00010087901277154473,11.096707826281675,422.1838426917518,0.0,0.0664856824476094,215.3308614036956,9.164411215383933e-15,0.0,0.0002134845062313281,71.78792845650902,1.3499340837766478e-13,5.259393673390872e-16,4.211424186157321e-12,8.677631299599383e-15,9.14833699182166e-12,1.6649538299181477,4.4290476253779286e-10,0.00020568267972069078,500000.0,1019592.4793037403
0.00011166631135051538,0.00010122307900002312,11.183026724004387,420.25105981031203,0.0,0.0658099562525475,213.14253052516395,8.569118345333013e-15,0.0,0.00021131493916808652,71.05837328952649,1.32258965348511e-13,5.18656969446972e-16,4.1657623523823205e-12,8.158451509153745e-19,3.5386307960696157e-12,1.648033496722197,4.1405814534167483e-10,0.00020563879391285238,500000.0,1004526.7426282903
0.00011169719600135229,0.0001015697200390938,11.263471074891045,418.32176638438415,0.0,0.06513840580165797,210.9677067616705,8.007465495983246e-15,0.0,0.00020915876340622927,70.33332118351093,1.2955963450912763e-13,5.114664111699594e-16,4.120505171118247e-12,0.0,2.2948753194642898e-12,1.63121760153332,3.8691651039532823e-10,0.0002055949572656087,500000.0,989630.683698792
0.00011172808065218919,0.00010191875686926378,11.338197247740334,416.39704405070404,0.0,0.0644714180661352,208.8076447886416,7.478199139001932e-15,0.0,0.00020701722286248632,69.61319042748053,1.2689857642820516e-13,5.043719819052905e-16,4.0756719689675476e-12,3.571630128832543e-15,5.336306309074988e-12,1.6145158455920459,3.614042058153044e-10,0.00020555119567235402,500000.0,974911.5322613977
0.0001117589653030261,0.00010227001530353564,11.407361739389911,414.47791418869446,0.0,0.06380935015966656,206.6635025321536,6.980029315363077e-15,0.0,0.00020489146553555695,68.8983670557439,1.2427854225056216e-13,4.973774045219486e-16,4.0312802491289945e-12,0.0,0.0,1.5979371820795045,3.374456210521909e-10,0.00020550753359110238,500000.0,960375.7116848171
0.00011178984995386298,0.00010262332598473561,11.47112075396549,412.5653395697534,0.0,0.06315253053064127,204.53634489980163,6.511643222368607e-15,0.0,0.00020278254720217006,68.18920609171298,1.2170189923915314e-13,4.904858895895295e-16,3.987345777600597e-12,0.0,0.0,1.5814898449234085,3.1496570791678845e-10,0.00020546399408239208,500000.0,946028.881052864
0.00011182073460469989,0.00010297852437046255,11.529629817958348,410.66022608996326,0.0,0.06250126008724509,202.4271475805993,6.0717172608576075e-15,0.0,0.00020069143518425264,67.4860328147296,1.1917065639263467e-13,4.837001711052384e-16,3.943882668918018e-12,0.0,0.0,1.5651813782259891,2.9389042742207235e-10,0.0002054205988492104,500000.0,931875.9769982767
0.00011185161925553679,0.0001033354507066998,11.583043430246475,408.7634245562907,0.0,0.06185581340721448,200.3368008850283,5.658927627398458e-15,0.0,0.00019861901215707488,66.78914404027776,1.1668648988053894e-13,4.770225251823933e-16,3.900903470994435e-12,0.0,0.0,1.5490186659301703,2.741471283589228e-10,0.00020537736827856392,500000.0,917921.2550062351
0.0001118825039063737,0.00010369394999111472,11.63151474619481,406.8757325167395,0.0,0.06121643992301381,198.2661135992012,5.2719595354269574e-15,0.0,0.00019656607997071108,66.09880940490052,1.1425076806239883e-13,4.704548032938313e-16,3.8584192486814915e-12,3.4161231853364237e-15,2.8452895637053048e-12,1.5330079616237908,2.556648633163093e-10,0.00020533432148433885,500000.0,904168.3299927645
0.00011192948197822062,0.00010424193570617305,11.696107760629154,404.02353004691724,0.0,0.06025604606477021,195.15574765464913,4.7299450719103225e-15,0.0,0.0001934823838476153,65.06186222643105,1.1064108864747897e-13,4.606787121158481e-16,3.794767700261358e-12,1.0246319771772863e-14,2.190184543170747e-12,1.5089583865296294,2.2981510311918193e-10,0.00020526923607082842,500000.0,883642.5495081269
0.00011197646005006755,0.0001047927057858297,11.750140660608706,401.19652640753696,0.0,0.05931091333179752,192.09479003133768,4.240220250860577e-15,0.0,0.0001904476723985281,64.04138700750526,1.0714863168500693e-13,4.511638092443416e-16,3.732311635532801e-12,9.7459684665301e-15,0.0,1.4852908401811313,2.0649095549169323e-10,0.00020520467467542133,500000.0,863598.6521316828
0.00011202343812191447,0.0001053457762395097,11.794126284049591,398.3968802480656,0.0,0.05838162287445239,189.08512538416977,3.7984991522622754e-15,0.0,0.00018746381411809178,63.03801206235187,1.0377487960370752e-13,4.4191194424526015e-16,3.671072848002547e-12,6.329162978785029e-20,6.378730194464065e-13,1.4620198948599983,1.8547224178132425e-10,0.0002051406890556894,500000.0,844042.0845563756
0.00011207041619376141,0.00010590068686538229,11.828564200723005,395.62651573295955,0.0,0.057468652396418185,186.12830305550412,3.4006973992887384e-15,0.0,0.00018453234506199157,62.052253917276836,1.0052027565219138e-13,4.329234617411418e-16,3.6110672859185724e-12,3.946499004731844e-17,4.498957142940116e-13,1.4391575301938533,1.6655231109219533e-10,0.00020507732535583214,500000.0,824975.8702576372
0.00011211739426560833,0.00010645700058697598,11.853939594932738,392.88713763101214,0.0,0.05657238499290683,183.22556569828694,3.0429533510062273e-15,0.0,0.0001816544972272705,61.084526853164775,9.738438012390467e-14,4.241974017895294e-16,3.552305620738075e-12,3.8761873548942895e-15,0.0,1.4167133544623498,1.4953840062537374e-10,0.00020501462446836428,500000.0,806400.878570948
0.00011216437233745525,0.00010701430275762068,11.870722361047875,390.18024599416043,0.0,0.055693117563969295,180.37787655836306,2.721641920072736e-15,0.0,0.00017883122559981862,60.135152000971566,9.436601178141769e-14,4.1573168154356645e-16,3.494793781040991e-12,0.0,1.7841800033433665e-12,1.3946948155476124,1.3425167129311863e-10,0.00020495262238701868,500000.0,788316.0752884811
0.00011221135040930219,0.00010757220043393284,11.879366406419342,387.50715041159253,0.0,0.05483106879109412,177.58594536206843,2.433381750012578e-15,0.0,0.00017606323382036117,59.20436597223989,9.146337506265792e-14,4.0752325996553005e-16,3.438533452021629e-12,0.0,1.7803916613825907e-12,1.3731074011074038,1.2052698901506933e-10,0.00020489135054969245,500000.0,770718.755018237
0.00011225832848114911,0.00010813032161565544,11.880309177231887,384.8689837927749,0.0,0.05398638669903214,174.85025279867511,2.175036261668551e-15,0.0,0.00017335099845745312,58.29232902116083,8.867417377580227e-14,3.9956828960903695e-16,3.3835225412514943e-12,1.205736443114095e-14,0.0,1.351954827865078,1.0821252045388679e-10,0.0002048308361707234,500000.0,753604.7557520793
0.00011230530655299603,0.00010868831446171688,11.873971386042063,382.26671558539624,0.0,0.05315915575973451,172.17107354522548,1.9437098798269644e-15,0.0,0.00017069479183271766,57.399132720690986,8.59957117179422e-14,3.9186225351444353e-16,3.329755610928816e-12,1.1982052926445585e-14,5.856158291941375e-13,1.3312392196376754,9.716918889963338e-11,0.0002047711025607226,500000.0,736968.6558748424
0.00011235228462484297,0.00010924584649770535,11.860756889371219,379.70116441385824,0.0,0.05234940351435887,169.54849778066404,1.7367409685471887e-15,0.0,0.0001680947033551525,56.52480713502517,8.342498077707412e-14,3.844000859202015e-16,3.277224276905908e-12,6.32274112131465e-13,0.0,1.3109612737000393,8.72700304902247e-11,0.00020471216943205962,500000.0,720803.9540613822
0.00011239926269668989,0.00010980260382412525,11.841052686524527,377.17301008133614,0.0,0.051557106759222,166.98245118705805,1.5516924923113596e-15,0.0,0.00016555065934016437,55.66932748768849,8.09587372679121e-14,3.7717628096484037e-16,3.225917575476648e-12,7.133909872713268e-18,1.0109837723944096e-13,1.2911204154167275,7.839948705378696e-11,0.0002046540531890572,500000.0,705103.2326763348
0.00011244624076853682,0.00011035829032840005,11.815229027469071,374.68280493289,0.0,0.05078219726121168,164.4727134803548,1.3863409414949192e-15,0.0,0.00016306244138811337,54.83262033939903,7.859356787530956e-14,3.7018498805448034e-16,3.17582229945754e-12,0.0,2.6513580886086527e-13,1.2717149415305773,7.04526636521472e-11,0.00020459676720280007,500000.0,689858.3055988824
0.00011249321884038374,0.00011091262690297839,11.783639621501667,372.2309845620015,0.0,0.050024567024842745,162.01893552418173,1.2386639832487025e-15,0.0,0.00016062970335771349,54.014569293539466,7.632594599490956e-14,3.6342009601248e-16,3.1269233051892837e-12,4.977666718874325e-14,4.779235441972585e-14,1.2527421524946654,6.333457237289383e-11,0.000204540322070619,500000.0,675060.3514004948
0.00011254019691223067,0.00011146535067399328,11.746621925264225,369.8178779119523,0.0,0.04928407315878061,159.62065507703116,1.1068273792786103e-15,0.0,0.00015825198697371024,53.21502024602052,7.415227955000871e-14,3.568753066636124e-16,3.0792037920055743e-12,0.0,5.2534414739447515e-14,1.2341984742250567,5.695938028063757e-11,0.0002044847258602064,500000.0,660700.0328959064
0.0001125871749840776,0.00011201621424530872,11.704497496634431,367.44371672873433,0.0,0.04856054232990989,157.2773112269808,9.891716629970237e-16,0.0,0.0001559287361345646,52.433786197589626,7.206895106710184e-14,3.505441984788273e-16,3.032645555732994e-12,3.1406137257953215e-14,4.4583865557181484e-14,1.2160795697103748,5.124967446524738e-11,0.00020442998433839622,500000.0,646767.6038978498
0.00011263415305592452,0.00011256498496111525,11.65757239890193,365.1086443948965,0.0,0.04785377483165562,154.98825757900545,8.841989031043219e-16,0.0,0.0001536593099881336,51.67065165027309,7.007235093120926e-14,3.444202814224421e-16,2.987229217886428e-12,3.2139943115929533e-13,0.0,1.1983804409771577,4.6135753984120084e-11,0.00020437610118491189,500000.0,633253.0041561007
0.00011268113112777144,0.0001131114441886105,11.60613764232891,362.8127242022197,0.0,0.04716354828970561,152.75277426798743,7.905597492266324e-16,0.0,0.00015144299483957864,50.92537661232478,6.815890476559411e-14,3.384970441135076e-16,2.9429344322777527e-12,1.6102321484348144e-18,2.59124801930647e-14,1.181095521975164,4.155495554264492e-11,0.0002043230781915983,500000.0,620145.943500885
0.00011272810919961838,0.00011365538662200749,11.550469661869236,360.5559470054347,0.0,0.04648962103224397,150.57007887107466,7.070409118437881e-16,0.0,0.00014927901497365515,50.19770023623451,6.632509556961913e-14,3.327679937971297e-16,2.8997400707045435e-12,6.2373075184547485e-15,2.046863778760321e-14,1.1642187629521852,3.745101718193487e-11,0.00020427091544769586,500000.0,607435.9759666501
0.0001127750872714653,0.00011419661960931214,11.49083081761633,358.3382383364509,0.0,0.045831735132913706,148.43933629069582,6.325532135941789e-16,0.0,0.00014716654245408697,49.48734411356989,6.456748137304234e-14,3.2722669002741553e-16,2.8576243893009594e-12,2.1985116441146235e-14,1.558364959922077e-14,1.147743706873676,3.3773482990567295e-11,0.00020421961151171933,500000.0,595112.5648638597
0.00011282206534331222,0.00011473496250304018,11.42746990833577,356.1594650220175,0.0,0.045189619168289785,146.35966767855788,5.661203131147584e-16,0.0,0.00014510470596918915,48.794015250096656,6.288270904086668e-14,3.218667728481038e-16,2.8165651770731642e-12,0.0,1.3723445595935203e-14,1.1316635584214003,3.04771497769604e-11,0.00020416916357053527,500000.0,583165.1396477938
0.00011286904341515916,0.00011527024603547354,11.360622695312097,354.0194412870011,0.0,0.044562990697817294,144.3301584704598,5.068681525795046e-16,0.0,0.0001430925987968888,48.11740874445917,6.126752477109074e-14,3.166819860782858e-16,2.77653988808823e-12,1.4567181882468463e-14,1.046074478508098e-14,1.1159712461184754,2.752155571657975e-11,0.00020411956758627957,500000.0,571583.1452868307
0.00011291602148700608,0.00011580231171864052,11.290512430368501,351.9179343874267,0.0,0.043951558489234224,142.34986560003603,4.540151442579269e-16,0.0,0.00014112928595697165,47.457210193129065,5.971878177557065e-14,3.116661962593117e-16,2.7375257587146647e-12,6.752987590497017e-14,1.0700739146423561e-14,1.1006594781069299,2.4870510326420285e-11,0.00020407081843179246,500000.0,560356.0848914607
0.00011296299955885301,0.00011633101126899178,11.217350381077008,349.8546698384067,0.0,0.04335502451053218,140.4178239566577,4.068630954633871e-16,0.0,0.00013921381061343817,46.81309784336782,5.823344559153062e-14,3.068134078257025e-16,2.6994999112297574e-12,0.0,2.5446373831625255e-14,1.085720792081324,2.2491664284613128e-11,0.00020402291001524775,500000.0,549473.5563434024
0.00011300997763069993,0.00011685620605676806,11.14133635785533,347.8293361422268,0.0,0.04277308570976407,138.53305214880484,3.647888623260569e-16,0.0,0.00013734519978979344,46.18474451464456,5.6808597418531384e-14,3.0211777503026354e-16,2.6624394450139186e-12,0.0,5.574829643318558e-15,1.0711475998510056,2.0356117020935872e-11,0.00020397583539461016,500000.0,538925.2833553527
0.00011305695570254686,0.0001173777665798774,11.062659229555113,345.84158918559785,0.0,0.042205435596077714,136.6945576310371,3.27236712024829e-16,0.0,0.00013552246945160287,45.57181930788728,5.5441435815634184e-14,2.975736110547594e-16,2.626321516472185e-12,0.0,4.6756140759740085e-15,1.0569322269826023,1.8438060400297218e-11,0.00020392958688257655,500000.0,528701.1417693906
0.00011310393377439379,0.00011789557196181901,10.981497428296015,343.8910562852432,0.0,0.04165176564296224,134.90134124980693,2.9371136131464113e-16,0.0,0.0001337446290126757,44.97398912098564,5.412927704738559e-14,2.9317539465620333e-16,2.5911234087516334e-12,0.0,4.070596581492974e-15,1.0430669479483914,1.671445576113686e-11,0.0002038841561426258,500000.0,518791.18154538865
0.00011315091184624071,0.00011840950947307535,10.898019444058418,341.9773398720296,0.0,0.041111766527750074,133.15240125987887,2.637716524476858e-16,0.0,0.00013201068531708697,44.390919987801865,5.2869554329482504e-14,2.8891777471756923e-16,2.556822592243497e-12,7.393608347991722e-15,9.978943138963691e-16,1.0295440171814996,1.5164742094560053e-11,0.000203839534276784,500000.0,509185.64487096627
0.00011319788991808763,0.0001189194740753919,10.812384306061405,340.10002085938766,0.0,0.040585129222500904,131.44673685934114,2.3702482552984787e-16,0.0,0.00013031964614411892,43.822278256688065,5.1659816191208776e-14,2.8479557303040727e-16,2.5233967767767033e-12,0.0,1.7331147557759864e-14,1.016355696408918,1.3770573015012069e-11,0.00020379571190568888,500000.0,499874.9808687995
0.00011324486798993457,0.00011942536798834264,10.724742049960545,338.25866170966094,0.0,0.040071545950138183,129.7833512876576,2.1312134587694324e-16,0.0,0.00012867052327994805,43.26773162332809,5.0497724139875804e-14,2.808037855663588e-16,2.4908239563344925e-12,0.0,2.693864238816891e-15,1.0034942786058916,1.2515580070065925e-11,0.00020375267924150391,500000.0,490849.8572869707
0.00011329184606178149,0.00011992710027749328,10.635234169060704,336.4528092331513,0.0,0.03957071101843443,128.1612545280461,1.917502445571359e-16,0.0,0.00012706233519679285,42.72695003166783,4.938104978311862e-14,2.7693758247209677e-16,2.4590824470592536e-12,6.848002904220352e-21,1.5924987128751601e-15,0.9909521088907955,1.1385160189126829e-11,0.00020371042615420983,500000.0,482101.1695538124
0.00011333882413362842,0.00012042458646337554,10.543994048449546,334.68199714988765,0.0,0.039082321543584646,126.57946565249829,1.7263493027491682e-16,0.0,0.00012549410937765304,42.199606455708114,4.8307671540444417e-14,2.7319230699478156e-16,2.4281509192491217e-12,0.0,3.625735990999907e-15,0.9787216026571244,1.036628511837915e-11,0.00020366894223177587,500000.0,473620.047536977
0.00011338580220547535,0.0001209177481504695,10.451147383043192,332.94574841034864,0.0,0.03860607807453809,125.03701484468247,1.5552943190862536e-16,0.0,0.00012396488432185918,41.685377573908596,4.727557105457429e-14,2.69563473527048e-16,2.398008423987811e-12,2.142487481328775e-15,0.0,0.9667952612146731,9.447330765440739e-12,0.00020362821683467985,500000.0,465397.86026645696
0.00011343278027732227,0.00012140651267541933,10.35681257903984,331.24357729872474,0.0,0.038141685127851106,123.53294513295378,1.4021503310975454e-16,0.0,0.00012247371126327745,41.18394434694612,4.6282829395055585e-14,2.6604676493236025e-16,2.3686344149893604e-12,7.442907639134695e-16,3.658253613441303e-15,0.9551656851892706,8.617924584329335e-12,0.000203588239145219,500000.0,457426.21889344486
0.0001134797583491692,0.00012189081277372467,10.261101138969925,329.57499132851075,0.0,0.037688851642114246,122.06631386292689,1.2649726265105943e-16,0.0,0.00012101965563034098,40.694992508647346,4.53276231310171e-14,2.626380292907955e-16,2.3400087661853763e-12,1.3469378458133266e-14,0.0,0.943825585908867,7.868809206545857e-12,0.00020354899821202572,500000.0,449696.9781109186
0.00011352673642101612,0.00012237058626405475,10.164118026030106,327.93949303411836,0.0,0.0372472913602714,120.636193936823,1.1420320689805616e-16,0.0,0.00011960179827447745,40.21821297916748,4.440822033402693e-14,2.59333276147236e-16,2.312111785538153e-12,0.0,5.103145146257974e-14,0.9327677949862379,7.191720851978338e-12,0.00020351048299018326,500000.0,442202.23636723624
0.00011357371449286305,0.000122845775749522,10.065962022583973,326.3365813766719,0.0,0.03681672314793797,119.24167484387868,1.0317911249608199e-16,0.0,0.00011821923649221967,39.75330220851244,4.352297656340778e-14,2.561286724166578e-16,2.28492422550831e-12,0.0,4.943052475933761e-16,0.9219852722861758,6.579280640504681e-12,0.00020347268237725865,500000.0,434934.3346533748
0.00011362069256470998,0.00012331632833513832,9.966726061469217,324.76575321551815,0.0,0.03639687125382996,117.88186350430094,9.328824978581892e-17,0.0,0.0001168710848616649,39.299962457900136,4.267033087756751e-14,2.530205380706395e-16,2.2584272905707696e-12,6.150371132707898e-21,4.0242468769430653e-16,0.9114711124507626,6.02489786874162e-12,0.00020343558524566746,500000.0,427885.85463388846
0.0001136676706365569,0.0001237821953605418,9.866497541419415,323.22650463882076,0.0,0.03598746551854917,116.55588494763029,8.44090108126178e-17,0.0,0.00011555647591478011,38.857902025916104,4.1848801900591334e-14,2.5000534152817394e-16,2.2326026421416553e-12,0.0,6.952770511998379e-15,0.901218550145037,5.522683971056778e-12,0.0002033991804716377,500000.0,421049.615960008
0.00011371464870840384,0.00012424333214723404,9.765358631828422,321.71833206632346,0.0,0.03558824153881587,115.26288284405948,7.64332175471201e-17,0.0,0.00011427456066426742,38.426835425646765,4.1056983969700115e-14,2.470796948959246e-16,2.2074324012363497e-12,3.3553708641642135e-15,0.0,0.8912209641649309,5.067375722068804e-12,0.00020336345696104723,500000.0,414418.6727687033
0.00011376162678025076,0.00012469969775974233,9.663386563136637,320.2407332212055,0.0,0.03519894079125399,114.00201990508741,6.926461788816507e-17,0.0,0.00011302450900089943,38.00648351825118,4.029354338517581e-14,2.442403491922759e-16,2.1828991491390995e-12,7.987755418487117e-16,1.3037792522181198e-14,0.8814718805350258,4.6542669214208395e-12,0.00020332840367241794,500000.0,407986.30960211076
0.00011380860485209768,0.00012515125478008177,9.560653900849235,318.79320802899474,0.0,0.034819310720190004,112.77247816850155,6.281754928935533e-17,0.0,0.00011180550997609944,37.59657360796964,3.9557214777599576e-14,2.414841895443567e-16,2.158985926339063e-12,9.139107228777352e-16,0.0,0.8719649747121978,4.279147666306647e-12,0.00020329400963732278,500000.0,401746.03690994886
0.00011385558292394462,0.00012559796909478117,9.457228804613312,317.3752594341661,0.0,0.034449104794172784,111.57345918159363,5.70157519833799e-17,0.0,0.00011061677198352822,37.19683950320493,3.8846797602743484e-14,2.388082303390122e-16,2.1356762299678435e-12,9.903828339872397e-16,0.0,0.8626940730021768,3.938250300292832e-12,0.00020326026397843089,500000.0,395691.58619796095
0.00011390256099579154,0.00012603980969374808,9.353175274040487,315.98639412238225,0.0,0.03408808253481785,110.40418409518136,5.17913155571288e-17,0.0,0.00010945752285225335,36.8070215478677,3.816115277093032e-14,2.3620961038857623e-16,2.1129540099495216e-12,1.003774765034535e-15,0.0,0.8536531532866518,3.6282013362063968e-12,0.00020322715592539821,500000.0,389816.90487427154
0.00011394953906763846,0.00012647674848035456,9.2485533821545,314.62612314999717,0.0,0.03373600952176814,109.26389367954779,4.708374418818877e-17,0.0,0.00010832700986255887,36.42686662669034,3.74991994153836e-14,2.336855881762335e-16,2.090803664048066e-12,2.05603069367531e-22,1.1295078694049037e-16,0.8448363451464264,3.345978706604946e-12,0.00020319467482879722,500000.0,384116.1508546615
0.00011399651713948539,0.0001269087600922037,9.143419496840623,313.29396248935535,0.0,0.03339265737652073,108.15184827215784,4.283912734204169e-17,0.0,0.00010722449969413954,36.056128147796535,3.685991180200712e-14,2.3123353719086017e-16,2.0692100319746515e-12,0.0,5.150091150753224e-16,0.8362379294571577,3.088873738477562e-12,0.00020316281017226402,500000.0,378583.6869882171
0.00011404349521133231,0.00012733582173203207,9.037826490141905,311.98943351111956,0.0,0.03305780372791556,107.06732766608187,3.9009404156420615e-17,0.0,0.00010614927831548867,35.69456600550338,3.6242316381025136e-14,2.2885094134397364e-16,2.0481583887010266e-12,3.6055589451052723e-16,0.0,0.8278523375266539,2.854457336397124e-12,0.0002031315515830292,500000.0,373214.0753730211
0.00011409047328317924,0.0001277579130081772,8.931823935722662,310.7120634164804,0.0,0.03273123216184914,106.0096309472655,3.555171102936556e-17,0.0,0.00010510065082254773,35.34194652606971,3.564548897926891e-14,2.2653539048361056e-16,2.0276344371112647e-12,0.0,0.0,0.8196741498366373,2.6405499080348545e-12,0.00020310088884098427,500000.0,368002.07161427167
0.00011413745135502617,0.00012817501578407103,8.825458296132394,309.4613855980001,0.0,0.0324127321574542,104.97807628791573,3.242780305405826e-17,0.0,0.00010407794123385935,34.99804239881428,3.506855213075077e-14,2.2428457603163367e-16,2.0076243001090585e-12,0.0,9.523893947363952e-16,0.8116980944451884,2.445194607477367e-12,0.00020307081188641822,500000.0,362942.6190307823
0.00011418442942687309,0.0001285871140362614,8.718773099199376,308.23693996666657,0.0,0.032102099011713583,103.97200070246535,2.9603540918918357e-17,0.0,0.00010308049224862124,34.66263259475812,3.451067254242894e-14,2.2209628675357264e-16,1.9881145122836606e-12,0.0,5.434731300600926e-16,0.8039190450998511,2.2666335334287907e-12,0.00020304131082655695,500000.0,358030.84288184263
0.00011425797084065507,0.0001292221475743689,8.551218391855492,306.37173750250133,0.0,0.031631144955577936,102.44667927255811,2.571238513234966e-17,0.0,0.00010156824969506282,34.15411437870767,3.367373665515133e-14,2.1879117600942512e-16,1.958546757355792e-12,0.0,2.728982564239167e-17,0.7921251492511873,2.017113065225532e-12,0.00020299626192046586,500000.0,350627.12784369
0.00011433151225443704,0.00012984483821401648,8.3831234146485,304.5680064623797,0.0,0.03117824784295787,100.97984044141407,2.238034340088305e-17,0.0,0.00010011398828094786,33.66509334286737,3.287872946407128e-14,2.1562643468245086e-16,1.9301250820224164e-12,1.0807723112571044e-22,2.954582807672441e-17,0.7807834450949351,1.7996202032667984e-12,0.00020295256412067655,500000.0,343556.6513624833
0.00011440505366821903,0.00013045515105895034,8.214617609572704,302.8240861946349,0.0,0.03074270488779594,99.56920804321818,1.9522202062539362e-17,0.0,9.871545135744876e-05,33.19481064929145,3.212302322581476e-14,2.1259487225201078e-16,1.902803581616112e-12,5.607459776862234e-17,6.118533137875898e-17,0.7698763331520304,1.6096556790174235e-12,0.00020291018210607644,500000.0,336803.1904793286
0.000114478595082001,0.00013105306024098685,8.045817380641601,301.138360928328,0.0,0.03032384518221143,98.21260915701336,1.7066332167299195e-17,0.0,9.737048463531607e-05,32.74254188024881,3.140418933028606e-14,2.0968976517543624e-16,1.8765385434094437e-12,0.0,0.0,0.7593870122401396,1.4433964736735045e-12,0.00020286908166946234,500000.0,330351.44197887904
0.00011455213649578298,0.00013163854801759214,7.876827230401401,299.50926042650684,0.0,0.02992102861069803,96.90797059027649,1.4952484645871275e-17,0.0,9.607703269862428e-05,32.307595865902556,3.071998161492797e-14,2.0690482529284392e-16,1.851288357685381e-12,0.0,1.2671514406691545e-16,0.7492994522844048,1.2975887049608497e-12,0.00020282922972722514,500000.0,324186.97247249295
0.00011462567790956494,0.00013221160393430217,7.707740812856824,297.935260436972,0.0,0.029533644745651455,95.6533153020605,1.3129909752203015e-17,0.0,9.483313545858135e-05,31.88931349184161,3.0068321121244214e-14,2.0423417029793803e-16,1.827013429845818e-12,4.127119817284854e-16,2.758542272560611e-16,0.7395983666609189,1.1694583161222423e-12,0.0002027905943234129,500000.0,318296.1706405152
0.00011469921932334693,0.00013277222405376482,7.538641902074652,296.4148829339369,0.0,0.029161111732599828,94.44675879277364,1.1555773971696768e-17,0.0,9.363692457424981e-05,31.48706649548989,2.9447282174009066e-14,2.0167229602278105e-16,1.8036760938842565e-12,1.3853074680164912e-16,6.065700313327439e-18,0.7302691842822476,1.0566364726544846e-12,0.00020275314462824296,500000.0,312666.2015976818
0.0001147727607371289,0.00013332041025862281,7.369605271462923,294.94669603034714,0.0,0.028802875168442824,93.28650547119952,1.0193864730954227e-17,0.0,9.248661985071563e-05,31.100256254927757,2.885507968127226e-14,1.9921405048014105e-16,1.781240527288982e-12,0.0,7.543444835247498e-18,0.7212980215069584,9.570969447037529e-13,0.00020271685093037212,500000.0,307284.9631725061
0.00011484630215091088,0.00013385616962267071,7.200697489493779,293.52931361777513,0.0,0.028458406983190014,92.1708450328366,9.013532641917982e-18,0.0,9.138052564848855e-05,30.728312581487263,2.8290057558564567e-14,1.9685460969238708e-16,1.7596726678306516e-12,7.64099990727128e-17,3.480817604271006e-17,0.7126716541366832,8.691035967098362e-13,0.00020268168462387532,500000.0,302141.04416570347
0.00011491984356469285,0.0001343795138377057,7.031977644571854,292.1613948676111,0.0,0.02812720433831447,91.09814889200257,7.988807956848021e-18,0.0,9.031702734620192e-05,30.370692530271796,2.7750678180209287e-14,1.9458945522897254e-16,1.7389401328245112e-12,0.0,0.0,0.7043774898288868,7.911663243916221e-13,0.00020264761819171323,500000.0,297223.6847508097
0.00011499338497847483,0.00013489045868790087,6.863498009859664,290.8416436125885,0.0,0.027808788550012706,90.06686669459454,7.097652472420278e-18,0.0,8.92945878832732e-05,30.026879237565034,2.7235512763507354e-14,1.9241435329569879e-16,1.7190121412041372e-12,0.0,8.856404501788506e-17,0.6964035411332746,7.220039938638869e-13,0.00020261462518680767,500000.0,292522.7389999312
0.0001150669263922568,0.0001353890235695304,6.695304651084246,289.56880763199433,0.0,0.027502704040595922,89.07552292196638,6.321331701730426e-18,0.0,8.831174439289901e-05,29.696380788616995,2.6743232600007374e-14,1.9032533526455454e-16,1.6998594384799142e-12,0.0,0.0,0.6887383992327294,6.60513243008635e-13,0.00020258268021102553,500000.0,288028.63946987165
0.00011514046780603878,0.00013587523105458574,6.527437979925111,288.3416778363264,0.0,0.027208517320063425,88.12271359252495,5.643894653739172e-18,0.0,8.736710493193298e-05,29.378729118008007,2.6272601058014248e-14,1.8831867958952738e-16,1.6814542245991887e-12,0.0,0.0,0.6813712084398126,6.057421828656057e-13,0.00020255175889224855,500000.0,283732.3637474414
0.00011521400921982075,0.00013634910649445853,6.359933257724464,287.1590873673169,0.0,0.026925816000691574,87.2071030702475,5.051742077102971e-18,0.0,8.645934531676948e-05,29.0734789456585,2.582246628780843e-14,1.8639089503412336e-16,1.663770084773298e-12,0.0,0.0,0.6742916415199907,5.568681940261394e-13,0.0002025218378599833,500000.0,279625.40288701537
0.00011528755063360273,0.00013681067765889928,6.192821055083141,286.01991064264433,0.0,0.02665420784739484,86.32742098904522,4.5332638968550625e-18,0.0,8.558720607407998e-05,28.780206751460096,2.53917545657289e-14,1.8453870511136754e-16,1.646781923336315e-12,0.0,0.0,0.6674898759105908,5.131791555535671e-13,0.00020249289472006559,500000.0,275699.73168957443
0.0001153610920473847,0.00013725997440662273,6.026127672030751,284.9230623572707,0.0,0.026393319865346838,85.4824592977898,4.078532965420873e-18,0.0,8.47494895111767e-05,28.498509790133863,2.4979464217702818e-14,1.8275903364484256e-16,1.6304659006371951e-12,0.0,4.055760069682821e-16,0.6609565708727287,4.740575531139706e-13,0.00020246490802884273,500000.0,271947.78074592154
0.00011543463346116668,0.0001376970283852157,5.859875521301953,283.86749647187656,0.0,0.02614279742518733,84.67106942708016,3.679047462803862e-18,0.0,8.394505690707216e-05,28.22800514667484,2.4584660068241657e-14,1.8104899137940256e-16,1.6147993729106274e-12,1.1055554711938953e-23,2.4871999231966773e-15,0.6546828455845461,4.389670058754804e-13,0.0002024378572670415,500000.0,268362.41017755284
0.00011550817487494865,0.00013812187275822265,5.694083477599378,282.8522051920262,0.0,0.025902303425748882,83.89215957754764,3.3275152321225665e-18,0.0,8.317282582403734e-05,27.968328832315557,2.420646836662128e-14,1.7940586357160613e-16,1.5997608350561414e-12,1.5866459595689148e-28,1.196943289080656e-18,0.6486602581741988,4.0744082556982824e-13,0.0002024117228134858,500000.0,264936.88498340046
0.00011558171628873063,0.0001385345419570147,5.528767196999119,281.8762179051728,0.0,0.025671517494224336,83.14469212931928,3.017672788567497e-18,0.0,8.243176753927652e-05,27.719134920881736,2.3844072146803434e-14,1.7782709849159306e-16,1.58532986625665e-12,0.0,0.0,0.642880785689617,3.79072285535688e-13,0.000202386485918852,500000.0,261664.8518720621
0.0001156552577025126,0.00013893507145506268,5.363939408553331,280.93860011593614,0.0,0.02545013522340058,82.4276811716668,2.7441324833587383e-18,0.0,8.172090459575777e-05,27.480094725216084,2.349670698144665e-14,1.7631029677139527e-16,1.5714870783618926e-12,0.0,0.0,0.6373368049975947,3.5350633565381666e-13,0.00020236212867965548,500000.0,258540.31753298797
0.00011572879911629458,0.00013932349756258367,5.199610180360207,280.0384523964891,0.0,0.025237867445413443,81.7401901508266,2.5022530725712894e-18,0.0,8.103930847020205e-05,27.2508960129984,2.31636570937892e-14,1.7485320153748822e-16,1.5582140669490764e-12,2.9401765421318466e-24,3.106116454498708e-16,0.6320210745965513,3.304325342910527e-13,0.00020233863401260846,500000.0,255557.6282780122
0.00011583919223009831,0.0001398839251020703,4.953887393399994,278.755691617073,0.0,0.024935743957518648,80.7616752393294,2.1899871515952377e-18,0.0,8.006918383983288e-05,26.924674504931673,2.268913043242319e-14,1.7277341756562055e-16,1.539321498124181e-12,0.0,0.0,0.6244551263801523,2.998884005490273e-13,0.00020230494988873916,500000.0,251334.9813975194
0.00011594958534390204,0.0001404172903094778,4.709321510818655,277.55263145441415,0.0,0.024652671883949172,79.8448638780219,1.9288542381456082e-18,0.0,7.916023368224641e-05,26.61902399170585,2.224326425826577e-14,1.7081675230376848e-16,1.5216183148629181e-12,0.0,0.0,0.6173662744859681,2.7357210383952443e-13,0.00020227312102193698,500000.0,247403.23226329597
0.00011605997845770576,0.0001409237213627271,4.465919698897117,276.4266429755926,0.0,0.02438784634565084,78.98714923282684,1.709722097170055e-18,0.0,7.830987351567762e-05,26.333075395768784,2.1824153884964256e-14,1.6897711900272676e-16,1.5050533987902375e-12,0.0,0.0,0.6107343626839749,2.5083838428743936e-13,0.00020224309928138512,500000.0,243747.0168367535
0.00011617037157150949,0.00014140334675446942,4.223680802006334,275.37524935043587,0.0,0.024140524034919803,78.18612388619596,1.5252093070190173e-18,0.0,7.751571656499207e-05,26.066026121908113,2.1430065078295765e-14,1.6724895462369567e-16,1.4895795720269151e-12,0.0,0.0,0.6045407766472032,2.3115376327040846e-13,0.00020221484009203295,500000.0,240352.26960591078
0.00011628076468531323,0.0001418562944603232,3.982596474448412,274.39611842028853,0.0,0.02391001922871186,77.43956692509636,1.369342358927681e-18,0.0,7.677556096038678e-05,25.81713575258866,2.1059416721721814e-14,1.6562717333742425e-16,1.4751533338677445e-12,0.0,0.0,0.5987683441151146,2.1407573932288907e-13,0.00020218830226948603,500000.0,237206.12044393542
0.00011639115779911696,0.00014228269119808355,3.742652201108222,273.48705542550925,0.0,0.02369570014102511,76.74543212717587,1.2372701208886242e-18,0.0,7.608737802485348e-05,25.58572210940541,2.0710765427541733e-14,1.641071250501608e-16,1.4617346204586667e-12,0.0,0.0,0.5934012435481755,1.9923618434397632e-13,0.0002021634478630949,500000.0,234296.8013839618
0.00011642270481650161,0.00014239968216320077,3.674290178240652,273.2398532249784,0.0,0.02363734524790544,76.55643280652345,1.2033244587610037e-18,0.0,7.589999927984595e-05,25.52271270333275,2.0614985069318652e-14,1.6369082672880877e-16,1.4580798223779197e-12,-4.830653271515734e-46,2.714057221133177e-20,0.5919398871026211,1.9536239322044647e-13,0.00020215664954122012,500000.0,233507.38669046114
0.00011642539628129151,0.00014240956354256076,3.668462025052505,273.2190185054476,0.0,0.023632425212125212,76.5404978373978,1.200500502109214e-18,0.0,7.588420094519486e-05,25.517400234817377,2.0606890680782466e-14,1.6365567525832115e-16,1.4577716524733578e-12,1.2976881145334012e-28,4.488069343781906e-19,0.5918166767664089,1.9503898441424848e-13,0.00020215607574289375,500000.0,233440.88384967408
0.0001164280877460814,0.00014241942923654216,3.6626345338702864,273.1982239305028,0.0,0.023627514348357616,76.52459257450658,1.1976876630176725e-18,0.0,7.586843206206195e-05,25.512097669894157,2.0598808348752552e-14,1.636205809759915e-16,1.4574640529897244e-12,9.829533937363008e-28,1.870348640871135e-18,0.5916936961209545,1.9471666766178365e-13,0.00020215550291828666,500000.0,233374.5135638191
0.00011643077921087129,0.00014242927924692763,3.6568077051756385,273.1774703841469,0.0,0.023622612648753805,76.50871699242906,1.1948858932106726e-18,0.0,7.585269260524442e-05,25.506805000088203,2.0590738055454404e-14,1.6358554381740363e-16,1.45715702342943e-12,5.806340710532372e-27,3.814278846117454e-18,0.5915709449697024,1.943954452400597e-13,0.00020215493106692776,500000.0,233308.276470152
0.0001164334706756612,0.0001424391135755009,3.6509815395295067,273.1567588237156,0.0,0.02361772010548035,76.49287106579436,1.1920951446838224e-18,0.0,7.583698254958898e-05,25.50152221694128,2.0582679783109115e-14,1.6355056370496564e-16,1.456850563295788e-12,3.685038538832876e-26,4.573956955814372e-18,0.5914484231164839,1.9407532246145663e-13,0.00020215436018834477,500000.0,233242.17326836733
0.00011643616214045108,0.00014244893222404662,3.6451560368772014,273.13608950570193,0.0,0.02361283671071934,76.47705476928196,1.1893153697468983e-18,0.0,7.58213018699922e-05,25.496249312011912,2.0574633513940567e-14,1.6351564055060538e-16,1.456544672093033e-12,2.50230103191223e-25,5.696540592446837e-19,0.5913261303655184,1.9375630387746416e-13,0.00020215379028206486,500000.0,233176.20405757322
0.00011643885360524099,0.0001424587351943488,3.6393311967153585,273.11546218433125,0.0,0.023607962456669098,76.46126807762387,1.1865465210216332e-18,0.0,7.580565054140275e-05,25.490986276876153,2.0566599230204968e-14,1.6348077426567103e-16,1.4562393493264184e-12,1.7527163228247515e-24,0.0,0.5912040665214321,1.934383890639452e-13,0.00020215322134761607,500000.0,233110.36850693685
0.00011644154507003088,0.00014246852248819003,3.633507018577998,273.0948766628798,0.0,0.023603097335544547,76.4455109656059,1.1837885514113614e-18,0.0,7.579002853882266e-05,25.48573310312799,2.0558576914209484e-14,1.6344596476714898e-16,1.4559345945022758e-12,0.0,0.0,0.5910822313892673,1.9312157407230264e-13,0.00020215265338452797,500000.0,233044.66632805945
0.00011644423653482078,0.0001424782941073515,3.6276835022012586,273.07433297657866,0.0,0.023598241339577282,76.4297834080676,1.1810414139600424e-18,0.0,7.57744358373072e-05,25.480489782379323,2.0550566548312972e-14,1.6341121197740939e-16,1.455630407128012e-12,2.833420785927148e-23,3.543685793741602e-17,0.5909606247744812,1.928058516847919e-13,0.0002021520863923322,500000.0,232979.09743146392
0.00011644692799961067,0.00014248805005361386,3.6218606473718182,273.05383121803334,0.0,0.02359339446101464,76.41408537990071,1.1783050619277102e-18,0.0,7.575887241196338e-05,25.475256306259443,2.0542568114905667e-14,1.6337651581761258e-16,1.4553267867120448e-12,0.0,0.0,0.5908392464829352,1.924912187700815e-13,0.00020215152037056098,500000.0,232913.66177700623
0.00011644961946440056,0.0001424977903287573,3.616038453796175,273.03337138248645,0.0,0.023588556692121114,76.39841685604891,1.175579448834539e-18,0.0,7.574333823794977e-05,25.47003266641498,2.0534581596401766e-14,1.6334187620550338e-16,1.4550237327637853e-12,5.882288733761392e-22,5.182286987017579e-16,0.5907180963208915,1.921776761543132e-13,0.00020215095531874645,500000.0,232848.3592414523
0.00011645430635141877,0.0001425147145358787,3.605901327828156,272.99784289594845,0.0,0.02358015397588959,76.37120221171054,1.1708585917737205e-18,0.0,7.57163569457188e-05,25.460959731283143,2.0520702349032275e-14,1.632816899053499e-16,1.4544973486219296e-12,1.960639165318596e-20,1.0228721982239544e-14,0.5905076707183985,1.9163426696680315e-13,0.00020214997365757955,500000.0,232734.9594990568
0.00011645899323843699,0.0001425315912361293,3.5957662044665732,272.962441363783,0.0,0.02357177882006674,76.34407682985048,1.1661699173567146e-18,0.0,7.568946415058456e-05,25.451916554860095,2.050685908728457e-14,1.632216744264882e-16,1.4539726781950807e-12,3.1098515976599795e-27,2.8349379856879317e-19,0.5902979352998783,1.9109412700465326e-13,0.00020214899493387547,500000.0,232621.96229574343
0.0001164636801254552,0.00014254842043889102,3.585633081695743,272.92716640426215,0.0,0.023563431184182228,76.31704057929348,1.1615131851238396e-18,0.0,7.566265972249665e-05,25.44290309341406,2.049305171912283e-14,1.631618293611035e-16,1.4534497189149202e-12,0.0,0.0,0.5900888890510432,1.9055723673401929e-13,0.00020214801914518845,500000.0,232509.36668200337
0.0001164683670124734,0.00014256520215353638,3.5755019576508986,272.8920177052425,0.0,0.02355511102787436,76.29009332934663,1.1568881565264147e-18,0.0,7.563594353188281e-05,25.433919303374072,2.047928015286945e-14,1.6310215431459658e-16,1.4529284682226e-12,1.6107095310951692e-23,5.7469164035654924e-18,0.5898805309613753,1.900235778652035e-13,0.00020214704628908204,500000.0,232397.17177067947
0.00011647305389949161,0.0001425819363894291,3.5653728307422035,272.8569952146809,0.0,0.023546818310939903,76.26323494979684,1.1522945949283543e-18,0.0,7.560931544964633e-05,25.424965141329128,2.04655442972117e-14,1.6304264890725811e-16,1.452408923568709e-12,2.813184313102537e-21,1.1749074772218838e-15,0.5896728600240566,1.8949312849334917e-13,0.00020214607636313066,500000.0,232285.37689953673
0.00011648101614654352,0.0001426102562770944,3.5481696903438795,272.79778687292645,0.0,0.02353279314421916,76.21781036169354,1.1445623661967621e-18,0.0,7.556428035490677e-05,25.409821296856013,2.0442290954106878e-14,1.6294194687656767e-16,1.451530206810718e-12,1.0088151671909613e-22,3.39822604588402e-17,0.5893216338165634,1.8859928471381274e-13,0.00020214443532948532,500000.0,232096.37100045235
0.00011648897839359543,0.00014263843921200395,3.5309723003158275,272.73894208459154,0.0,0.023518846857657226,76.17264124995324,1.1369191386020158e-18,0.0,7.551949854594683e-05,25.39476262419116,2.0419139966921933e-14,1.628417315428327e-16,1.4506563940287836e-12,4.620382783269869e-22,1.5756223877742744e-16,0.5889723829708231,1.8771455537211264e-13,0.0002021428027336309,500000.0,231908.51426998398
0.00011649694064064734,0.00014266648523991038,3.5137806521675254,272.6804605378826,0.0,0.023504979257045203,76.12772698558373,1.1293637907582444e-18,0.0,7.547496939916762e-05,25.379788913638425,2.0396090894553462e-14,1.6274200113514056e-16,1.4497874729077662e-12,8.434949231108484e-22,2.8037945189475967e-16,0.5886251026234249,1.868388504186901e-13,0.00020214117856385947,500000.0,231721.80346248392
0.00011650490288769925,0.00014269439440649787,3.4965947372816406,272.6223418135845,0.0,0.0234911901493895,76.0830669435235,1.1218952171965231e-18,0.0,7.543069229486725e-05,25.36489995681212,2.037314329862722e-14,1.6264275391423301e-16,1.4489234312093549e-12,3.4054464666041197e-22,1.1839118867064221e-16,0.5882797879413496,1.859720834296508e-13,0.00020213956280853743,500000.0,231536.23526133326
0.00011651286513475115,0.00014272216675738033,3.4794145466891853,272.56458521045363,0.0,0.02347747934290691,76.0386605026266,1.1145123281140169e-18,0.0,7.538666661722576e-05,25.35009554663194,2.0350296743490072e-14,1.6254398817433082e-16,1.4480642567717773e-12,0.0,0.0,0.5879364341218514,1.8511416860936076e-13,0.00020213795545610575,500000.0,231351.806130452
0.00011652588671767819,0.00014276729137394518,3.451330107447073,272.47090777501853,0.0,0.023455224718122156,75.96658241725206,1.102620086600736e-18,0.0,7.531520656576416e-05,25.326065844648742,2.0313149744623582e-14,1.6238349840592128e-16,1.4466696069230032e-12,1.5173987581693152e-23,1.947613030005153e-18,0.587379121141671,1.8372996493266462e-13,0.00020213534484516286,500000.0,231052.63344391092
0.00011653890830060522,0.0001428120503859622,3.423260913997753,272.37819422279273,0.0,0.02343317818044176,75.89517828257388,1.0909495337494465e-18,0.0,7.524441468620516e-05,25.302260827246183,2.027626995306197e-14,1.6222428490189277e-16,1.4452878902520555e-12,7.247673257029102e-24,0.0,0.5868270191971199,1.8236881194818862e-13,0.00020213275662800075,500000.0,230756.48290669167
0.00011655192988353225,0.00014285644399168927,3.3952069253906028,272.2864417384718,0.0,0.023411338911677126,75.8244454486521,1.0794961610127149e-18,0.0,7.517428835133078e-05,25.27867961097587,2.0239655510088212e-14,1.6206634083634028e-16,1.4439190548728556e-12,1.7161310642460958e-23,0.0,0.5862801077986701,1.8103033650472053e-13,0.00020213019075539164,500000.0,230463.33962738476
0.00011656495146645928,0.00014290047238884744,3.367168100116619,272.19564765026763,0.0,0.023389706102095287,75.7543812929368,1.0682555624625096e-18,0.0,7.510482496107823e-05,25.255321321520846,2.0203304575946015e-14,1.6190965957484836e-16,1.4425630494347618e-12,2.5583700790836243e-23,2.8524643272960186e-18,0.5857383666685775,1.797141765365697e-13,0.00020212764717865138,500000.0,230173.18898335253
0.00011657797304938631,0.00014294413577461496,3.3391443962639857,272.1058094887586,0.0,0.023368278950361344,75.68498322007362,1.0572234325081096e-18,0.0,7.503602194234699e-05,25.232185093630708,2.0167215329581903e-14,1.6175423464025013e-16,1.4412198231185796e-12,5.705567743340555e-23,1.7631807652436074e-17,0.5852017757393746,1.7841997643549703e-13,0.00020212512584963482,500000.0,229886.0166688091
0.00011660216201937866,0.00014302427701465512,3.2871273857155776,271.94145424232835,0.0,0.023329018892722656,75.55782808652114,1.037269099321995e-18,0.0,7.490995710113989e-05,25.189793568536476,2.010086415139568e-14,1.6146882932224764e-16,1.438758384401876e-12,8.372478973480811e-24,1.3696370956033844e-18,0.5842186030308169,1.7607296531638865e-13,0.00020212050110060494,500000.0,229360.42030255366
0.00011662635098937101,0.00014310316064327866,3.235162128032014,271.78037301669906,0.0,0.02329046076052256,75.4329463429987,1.017993571154617e-18,0.0,7.478614615676854e-05,25.14815995598432,2.0035398383878596e-14,1.6118769797487909e-16,1.4363405518404292e-12,1.9528341501592484e-23,6.8368487318561485e-19,0.5832530083387473,1.737983692657118e-13,0.0002021159526575809,500000.0,228844.962800269
0.00011665053995936336,0.00014318078790889386,3.1832483372371376,271.6225501785155,0.0,0.023252599643606934,75.31032208652717,9.993718299954437e-19,0.0,7.466457334261377e-05,25.10727895417066,1.9970806851797963e-14,1.6091080237075556e-16,1.433966014003311e-12,6.707297458283467e-23,1.0591797793477451e-17,0.5823048687001723,1.7159410422665794e-13,0.0002021114802265491,500000.0,228339.55651668503
0.0001166747289293557,0.00014325716005290513,3.131385720409178,271.46797032686464,0.0,0.023215430727953252,75.18993972547939,9.813798968230084e-19,0.0,7.454522320073877e-05,25.067145365091825,1.990707858830855e-14,1.6063810540149429e-16,1.4316344655363595e-12,7.864396762996602e-24,0.0,0.5813740635594963,1.6945816925165376e-13,0.00020210708351973297,500000.0,227844.11564617362
0.00011669891789934806,0.0001433322783095416,3.0795739774839155,271.3166180567693,0.0,0.02317894929446879,75.07178397570614,9.639947856452469e-19,0.0,7.442808057804833e-05,25.02775409325243,1.9844202830646342e-14,1.6036957100381669e-16,1.4293456070843436e-12,3.011853185470546e-23,2.199643785310003e-18,0.5804604747385705,1.6738863717770562e-13,0.0002021027622555431,500000.0,227358.555998162
0.0001167231068693404,0.00014340614390569243,3.0278128017191936,271.1684780595485,0.0,0.02314315071782251,74.95583985674205,9.471944599746814e-19,0.0,7.43131306225273e-05,24.989100144400524,1.978216901583796e-14,1.6010516405393466e-16,1.4270991452145978e-12,0.0,0.0,0.5795639864073552,1.6538365053050263e-13,0.0002020985161585217,500000.0,226882.79505770438
0.00011674729583933275,0.00014347875806075387,2.9761018803636183,271.0235353305404,0.0,0.02310803046530087,74.84209268808273,9.309577911145646e-19,0.0,7.420035877954943e-05,24.95117862428644,1.9720966776468522e-14,1.598448502584068e-16,1.4248947923420256e-12,2.212887820228668e-22,2.8163133443347895e-17,0.5786844850551282,1.6344142177531824e-13,0.0002020943449592875,500000.0,226416.7521357264
0.0001167714848093251,0.00014355012198648747,2.924440894984433,270.8817752077879,0.0,0.023073584095680263,74.73052808553214,9.152645185114283e-19,0.0,7.408975078825602e-05,24.913984737445066,1.9660585936538684e-14,1.5958859608249308e-16,1.4227322666555242e-12,0.0,0.0,0.5778218594622422,1.615602344750038e-13,0.00020209024839448023,500000.0,225960.34837677036
0.00011679567377931745,0.00014362023688688482,2.8728295215650994,270.7431832749666,0.0,0.023039807258120812,74.6211319576266,9.000952121586399e-19,0.0,7.398129267801063e-05,24.877513786003643,1.9601016507438617e-14,1.5933636871638028e-16,1.4206112920459915e-12,8.177921932856418e-22,8.00880105571224e-17,0.5769760006724775,1.5973843845301058e-13,0.00020208622620670555,500000.0,225513.50665362575
0.0001168198627493098,0.00014368910395803436,2.8212674306035908,270.60774529574337,0.0,0.02300669569108526,74.5138905021407,8.85431236697975e-19,0.0,7.387497076493516e-05,24.841761168516932,1.9542248684052773e-14,1.590881360556825e-16,1.4185315980360502e-12,0.0,0.0,0.5761468019660272,1.5797444460608952e-13,0.00020208227814448346,500000.0,225076.15148949667
0.00011685885087660375,0.00014379748136385322,2.738261799729826,270.39604768283886,0.0,0.02295471576704192,74.34553837606214,8.628142777008431e-19,0.0,7.370806217502558e-05,24.785635212938566,1.9449188826830187e-14,1.586963601046343e-16,1.41526573902937e-12,0.0,0.0,0.5748450911253813,1.5524902934066261e-13,0.0002020760700066178,500000.0,224390.99783163954
0.0001168978390038977,0.00014390262499134427,2.6553819031512074,270.19244999973716,0.0,0.022904436367611445,74.18269389441159,8.413930297558711e-19,0.0,7.354661400421857e-05,24.731345419538286,1.9358147202816863e-14,1.5831475274162493e-16,1.4121053590686723e-12,0.0,0.0,0.5735859657906339,1.5266374457838121e-13,0.00020207005281002352,500000.0,223729.99833644094
0.00011693682713119166,0.0001440045397143084,2.5726262822536268,269.99689614386716,0.0,0.02285584107056704,74.02530386904063,8.211011430577313e-19,0.0,7.33905735204278e-05,24.678874056222515,1.9269085611534566e-14,1.5794319017526377e-16,1.409049415177142e-12,0.0,0.0,0.5723690147071686,1.5021287613943874e-13,0.00020206422559662863,500000.0,223092.86359796618
0.00011697581525848561,0.00014410323034911597,2.4899934502424217,269.8093314913953,0.0,0.0228089140209175,73.87331694895374,8.018765336333353e-19,0.0,7.323988981296719e-05,24.628204003375597,1.91819669635261e-14,1.575815526944412e-16,1.4060969000755532e-12,0.0,0.0,0.5711938408253667,1.4789105942719772e-13,0.00020205858744654214,500000.0,222479.31482261993
0.00011701480338577956,0.00014419870165366467,2.407481894446174,269.6297029095266,0.0,0.022763639920733027,73.72668358735481,7.83661097970264e-19,0.0,7.309451375987975e-05,24.579318742873614,1.9096755244107232e-14,1.5722972454034366e-16,1.4032468415197667e-12,1.0890757129500945e-21,8.800218315064793e-17,0.5700600610458085,1.4569326007006304e-13,0.0002020531374775465,500000.0,221889.0836264897
0.00011709346576550762,0.00014438154336070605,2.2413696181979335,269.2912336562797,0.0,0.022677267223720914,73.44694044857488,7.497633626079211e-19,0.0,7.28171692800788e-05,24.48605677258402,1.8930495650276737e-14,1.5654928531505626e-16,1.3978046730578957e-12,3.081575841163873e-21,1.5290411027961806e-16,0.5678970668215744,1.4161755914898636e-13,0.0002020427110732462,500000.0,220768.17380271488
0.00011717212814523568,0.00014455133702736967,2.0757318747361455,268.9844528920171,0.0,0.022597449168251123,73.18842642647427,7.193501699407349e-19,0.0,7.256087188778721e-05,24.39987225648203,1.8771582263032745e-14,1.5590745172530466e-16,1.3927685046046387e-12,4.760515832382422e-21,1.8726857229678666e-16,0.5658982176661467,1.3799252768755812e-13,0.00020203304080632415,500000.0,219739.14270008082
0.00011725079052496374,0.00014470811946670667,1.9105554922499133,268.7089756548739,0.0,0.022524079829404752,72.95079845239928,6.920668114680496e-19,0.0,7.232528145599504e-05,24.320650820864937,1.8619755734466917e-14,1.5530340920567345e-16,1.38813158898269e-12,5.8634257017695885e-21,2.9796800553948575e-16,0.5640608609478268,1.3478729219675002e-13,0.00020202412078156992,500000.0,218800.14923338708
0.0001173294529046918,0.00014485192644668539,1.7458270670130196,268.4644390122739,0.0,0.022457061622475256,72.73374046990911,6.676024283295297e-19,0.0,7.211008463828909e-05,24.248287097477693,1.8474771362097034e-14,1.5473639934941745e-16,1.3838877015621017e-12,2.159881388510862e-21,1.2128398667659004e-16,0.5623825528953074,1.3197490131636035e-13,0.00020201594568227549,500000.0,217949.5042751431
0.00011740811528441987,0.00014498279267252055,1.5815330264613545,268.250501603066,0.0,0.02239630504922239,72.53696261293976,6.456841700058354e-19,0.0,7.19149940540635e-05,24.182684449525674,1.8336398160316922e-14,1.5420571743053893e-16,1.380031123684998e-12,0.0,0.0,0.5608610522431733,1.2953194852781598e-13,0.00020200851075552486,500000.0,217185.66514250787
0.00011748677766414794,0.00014510075177592195,1.417659683875403,268.0668432729557,0.0,0.022341728463492888,72.36020044669321,6.26072584261524e-19,0.0,7.173974753591777e-05,24.123754718599052,1.8204418015694442e-14,1.5371071018517963e-16,1.376556627366222e-12,4.69494148060289e-21,1.6884540015530486e-16,0.5594943143624015,1.2743824575067887e-13,0.0002020018117994639,500000.0,216507.23060637483
0.000117565440043876,0.00014520583630898596,1.254193288224938,267.9131647058821,0.0,0.0222932578563036,72.20321427156917,6.085577387368732e-19,0.0,7.158410743955702e-05,24.071417992614546,1.8078624905699036e-14,1.5325077377102722e-16,1.3734594612480042e-12,6.412683270556213e-21,1.405024448300073e-16,0.5582804858783103,1.2567654296301355e-13,0.00020199584515162407,500000.0,215912.93632871102
0.00011770419059460832,0.0001453599052463314,0.9668090226448262,267.7143311427856,0.0,0.022222446175011124,71.97387002684839,5.8222430898203e-19,0.0,7.135672970823749e-05,23.99495822230277,1.787123375682756e-14,1.5252331647587847e-16,1.3689033675892946e-12,5.584284302702524e-21,8.167667924507233e-17,0.5565071795557298,1.233353538579172e-13,0.00020198709649156942,500000.0,215066.38753801797
0.0001178004580186462,0.00014544340834058783,0.7680961685870897,267.6299464199653,0.0,0.022184192572173234,71.84997460146339,5.670071280851166e-19,0.0,7.12338966248116e-05,23.953653432731112,1.773777513145569e-14,1.5208026111311535e-16,1.3664136116895323e-12,0.0,0.0,0.5555492111469628,1.222589000106956e-13,0.00020198235253202022,500000.0,214628.01881978978
0.00011789672544268406,0.00014550780746441184,0.5699111065667453,267.58897510220396,0.0,0.022154750633562415,71.75461831920349,5.540252111180076e-19,0.0,7.113935797548154e-05,23.921863145391054,1.761251242223839e-14,1.5168681217310779e-16,1.3644673755291503e-12,0.0,0.0,0.5548119094612938,1.216142868064585e-13,0.0002019786912287156,500000.0,214310.0472754163
0.00011799299286672193,0.00014555315224483903,0.37222937821090957,267.591052734164,0.0,0.022134051192231604,71.68757716284193,5.430858322354648e-19,0.0,7.107289166385717e-05,23.899512676456443,1.7495161833418648e-14,1.513422780757441e-16,1.3630600826779325e-12,1.769116287795364e-20,2.930727802327716e-16,0.5542935423812887,1.2139195500848315e-13,0.0002019761106125308,500000.0,214111.3313503779
0.0001180892602907598,0.00014557948997687525,0.17502700251765033,267.63585700646945,0.0,0.02212204011444152,71.6486758045787,5.340286441715219e-19,0.0,7.103432386548745e-05,23.88654357439152,1.7385458095786037e-14,1.5104605818989917e-16,1.36218808699596e-12,1.928440757395062e-20,1.9558899924088923e-16,0.5539927542596909,1.215868231323119e-13,0.0002019746097928485,500000.0,214030.99271846967
0.00011818552771479766,0.0001455868656751127,-0.021719430003269282,267.723107237979,0.0,0.022118678049368297,71.63778679538812,5.267229184972209e-19,0.0,7.102352822415887e-05,23.882913349692174,1.7283153214945185e-14,1.507976404310549e-16,1.3618486556448087e-12,6.983505727549304e-20,1.236281903755698e-15,0.5539085596513948,1.221981602969915e-13,0.00020197418894253046,500000.0,214068.41141374598
0.00011828179513883554,0.0001455753221333354,-0.21803263856697214,267.8525638043129,0.0,0.022123940229357795,71.65482991812199,5.210639078374246e-19,0.0,7.104042521054701e-05,23.888595259220647,1.7188015213813076e-14,1.5059659909545232e-16,1.362039955097187e-12,0.0,0.0,0.5540403383116044,1.2322953883382372e-13,0.0002019748492787395,500000.0,214223.2219658833
0.0001183780625628734,0.00014554489999598464,-0.4139345207502108,268.02402732472757,0.0,0.02213781631755751,71.69977169394393,5.169697421458636e-19,0.0,7.108498163287939e-05,23.903578141658542,1.709982694545388e-14,1.5044259318695656e-16,1.3627610400625283e-12,0.0,0.0,0.5543878313795236,1.2468884304370083e-13,0.0002019765930446828,500000.0,214495.31033992357
0.00011847432998691127,0.00014549563784283878,-0.6094460398561425,268.2373382882016,0.0,0.02216031030103514,71.77262503622462,5.143797030142794e-19,0.0,7.115721029379975e-05,23.927866302120886,1.701838502720214e-14,1.5033536520466803e-16,1.3640118452931612e-12,0.0,0.0,0.5549511387022675,1.2658836174107492e-13,0.00020197942349594903,500000.0,214884.81219503435
0.00011857059741094915,0.00014542757228514273,-0.8045871166133993,268.4923768049851,0.0,0.022191440429289767,71.87344905139078,5.132533529652234e-19,0.0,7.125716979292625e-05,23.961479445762322,1.6943498869027414e-14,1.5027474027462463e-16,1.3657931802192695e-12,0.0,1.0911189464111993e-19,0.5557307172950112,1.2894495831122404e-13,0.00020198334489023403,500000.0,215392.11220029436
0.00011866686483498701,0.00014534073807189124,-0.999376510779794,268.7890623014119,0.0,0.02223123919799757,72.0023489862799,5.13569837168985e-19,0.0,7.138496447465748e-05,24.004452660226008,1.687498975001127e-14,1.5026062558793772e-16,1.3681067263324466e-12,3.3897717718678925e-22,4.325317063517035e-18,0.5567273809339331,1.3178031441742596e-13,0.00020198836247804487,500000.0,216017.8442554357
0.00011876313225902489,0.0001452351682072534,-1.1938316913695677,269.1273531967504,0.0,0.022279753377040877,72.15947631891014,5.153273129215005e-19,0.0,7.154074451816292e-05,24.056836445904874,1.6812689928497958e-14,1.5029301019770037e-16,1.370955037234617e-12,0.0,0.0,0.5579423008580494,1.3512125733947656e-13,0.0002019944824938459,500000.0,216762.89263698214
0.0001189191895124849,0.00014502430713262361,-1.5083896918570436,269.76414853966145,0.0,0.02237707705196856,72.47468744762773,5.2128944086412355e-19,0.0,7.185325286743193e-05,24.161922887162326,1.6724488081702756e-14,1.5044451073903254e-16,1.3767176232156566e-12,0.0,0.0,0.5603795361510654,1.4169677610434117e-13,0.0002020067645105686,500000.0,218227.1794427249
0.00011907524676594493,0.00014476441838094276,-1.8221703352218068,270.5104887799748,0.0,0.022497811071117056,72.86571980332148,5.312732149947366e-19,0.0,7.224093231417676e-05,24.292286935042394,1.6651572178388636e-14,1.5071918802266288e-16,1.3839143726293684e-12,0.0,0.0,0.5634030266664163,1.4986124071673106e-13,0.00020202199902967367,500000.0,220014.37399216433
0.00011923130401940494,0.0001444556194270517,-2.1352204182752192,271.3668432390806,0.0,0.022642398625076256,73.33400878858585,5.456073802955987e-19,0.0,7.270520595312377e-05,24.44840713023312,1.659337757258523e-14,1.5111838769281358e-16,1.3925709951855687e-12,0.0,0.0,0.5670238710409923,1.5983735250264574e-13,0.0002020402288409604,500000.0,222132.57123785056
0.00011938736127286496,0.0001440980215330777,-2.447572282966581,272.33394700257503,0.0,0.022811387415671305,73.88132829624823,5.647883119882516e-19,0.0,7.324783246684661e-05,24.63087486075165,1.6549387515440898e-14,1.516440524943505e-16,1.4027195202516026e-12,0.0,0.0,0.5712557851426999,1.7190744551853834e-13,0.00020206150336680322,500000.0,224591.75155369393
0.00011954341852632498,0.00014369173219937827,-2.759241629698459,273.4128015475018,0.0,0.02300543308453799,74.5098018138497,5.895127046809142e-19,0.0,7.38709171350318e-05,24.840398064003754,1.6519125295318585e-14,1.522987444965775e-16,1.4143984824217448e-12,0.0,0.0,0.5761151879311132,1.864264997402901e-13,0.00020208587865282838,500000.0,227403.86736217793
0.00011969947577978502,0.00014323685794939418,-3.07022504208167,274.60467569435974,0.0,0.02322530342618048,75.22191606889626,6.207230610557417e-19,0.0,7.457692536272794e-05,25.077805775896348,1.6502146426946467e-14,1.5308567343495166e-16,1.4276531523288596e-12,0.0,1.9320037486887508e-19,0.5816213069635418,2.038390480041863e-13,0.0002021134173652371,500000.0,230582.94910486185
0.00011985553303324504,0.00014273350751086138,-3.3804971650834705,275.91110686213216,0.0,0.023471883383077614,76.02053720701782,6.5967110755546725e-19,0.0,7.536869871978437e-05,25.3440535243817,1.649803074227713e-14,1.5400873136772466e-16,1.4425358118553224e-12,-8.585616228406495e-51,7.269571294287418e-19,0.5877963034857266,2.2470106816780505e-13,0.0002021441887914801,500000.0,234145.2314802723
0.00011991061342029394,0.000142544296951399,-3.4898292377883138,276.39989366104675,0.0,0.023565475879133366,76.32366381457504,6.755588700641078e-19,0.0,7.566922616668257e-05,25.44511117602103,1.6499573376703638e-14,1.543678684883005e-16,1.4481882811355847e-12,-6.772411952663295e-44,5.360472007774106e-19,0.5901401003852799,2.3301325592223745e-13,0.00020215583542532777,500000.0,235497.43838279892
0.00011996569380734284,0.00014234906701228784,-3.5990636292095313,276.90326148715224,0.0,0.02366256816410237,76.63812551004969,6.926977655954977e-19,0.0,7.598099150872838e-05,25.549947768002436,1.6502650574023102e-14,1.547447571513307e-16,1.4540537572692677e-12,9.501371095051041e-28,6.385708423795414e-20,0.5925715410061514,2.4187571172036655e-13,0.00020216789770094573,500000.0,236900.56493872186
0.00011997151101872112,0.00014232809695946677,-3.6105943710800665,276.95727874756506,0.0,0.023673028748938535,76.67200516636234,6.945847290599191e-19,0.0,7.601458066375333e-05,25.561242713480485,1.6503064447068957e-14,1.547856075660229e-16,1.4546857850613546e-12,6.962168183560869e-28,2.7040277238460084e-19,0.5928335009642806,2.4284535756674654e-13,0.0002021691960502627,500000.0,237051.76413910586
0.0001199773282300994,0.00014230705983317278,-3.6221239802089547,277.0114597772004,0.0,0.023683528988655597,76.70601325658228,6.964868193453732e-19,0.0,7.604829715142837e-05,25.572580476806703,1.650349522246764e-14,1.5482665891146795e-16,1.4553202253189704e-12,0.0,7.788917059566315e-19,0.5930964539826893,2.438216257634545e-13,0.00020217049908053091,500000.0,237203.5427680764
0.00011999176233647563,0.00014225457127089463,-3.650727199854981,277.14660589964416,0.0,0.02370975464199197,76.79095268739356,7.012725344900842e-19,0.0,7.61325082686523e-05,25.600897949424958,1.650463696447314e-14,1.5492938831806517e-16,1.4569048892869363e-12,6.642599445111702e-27,0.0,0.5937532118179369,2.462728835229706e-13,0.00020217375250335687,500000.0,237582.65726397047
0.00011999335472766979,0.00014224875537294853,-3.6538823157618485,277.16157750353,0.0,0.02371266290941262,76.80037196005135,7.01806330363585e-19,0.0,7.614184677570813e-05,25.60403818703926,1.6504769275377384e-14,1.5494079763938917e-16,1.457080625089382e-12,-1.1641628706854691e-42,1.9600591059318377e-19,0.5938260423168142,2.4654584366946537e-13,0.00020217411319520528,500000.0,237624.70156729367
0.00011999494711886394,0.00014224293445089256,-3.6570373450029003,277.176561954133,0.0,0.023715574165441417,76.80980091218905,7.023412939974745e-19,0.0,7.615119487924711e-05,25.607181651640186,1.6504902847052533e-14,1.5495222209542297e-16,1.4572565426799403e-12,0.0,1.075017852726248e-18,0.5938989476581316,2.4681931848264463e-13,0.00020217447423904187,500000.0,237666.79007546013
0.00011999653951005811,0.0001422371085048648,-3.6601922874556596,277.19155927584654,0.0,0.02371848841134069,76.81923954789504,7.028774278049727e-19,0.0,7.61605525833226e-05,25.610328344590744,1.6505037679067126e-14,1.549636616880034e-16,1.4574326421332887e-12,4.672641138120701e-26,0.0,0.5939719278735011,2.4709330988169806e-13,0.0002021748356349577,500000.0,237708.9228311182
0.00012000068172985822,0.00014222193018731657,-3.668398698273381,277.23063166866507,0.0,0.02372608312916105,76.84383725765565,7.042775491528276e-19,0.0,7.618493937989406e-05,25.61852883482202,1.6505394312079164e-14,1.549934899271048e-16,1.4578915745505548e-12,4.1303383779438956e-26,0.0,0.5941621191481556,2.4780846481683107e-13,0.00020217577736861265,500000.0,237818.72857027463
0.00012000353716003474,0.00014221144725471053,-3.674055426399722,277.25761682159265,0.0,0.023731330327960785,76.86083184207553,7.052473646566894e-19,0.0,7.620178824416223e-05,25.624194562439595,1.6505645116305908e-14,1.550141116195672e-16,1.4582086561294737e-12,0.0,0.0,0.5942935225066185,2.483035080085813e-13,0.00020217642793903586,500000.0,237894.59751266803
0.00012000639259021125,0.0001422009481701134,-3.679711873900683,277.2846431288141,0.0,0.023736587162556656,76.87785763483409,7.062209889040206e-19,0.0,7.621866804917301e-05,25.629870694427293,1.650589996561322e-14,1.5503478201764292e-16,1.4585263237816352e-12,5.175074716016891e-25,0.0,0.5944251671702181,2.488002307495704e-13,0.00020217707964314115,500000.0,237970.60890870346
0.00012000924802038775,0.0001421904329343272,-3.6853680401194517,277.31171066601684,0.0,0.023741853640284978,76.89491465969212,7.071984370152414e-19,0.0,7.623557881848346e-05,25.635557238706586,1.650615885752334e-14,1.5505550113977645e-16,1.4588445779410678e-12,8.12836201908084e-25,7.344283288864197e-18,0.5945570533226745,2.492986396216398e-13,0.00020217773248145578,500000.0,238046.76294940314
0.00012001210345056427,0.0001421799015481556,-3.6910239243245027,277.3388195871954,0.0,0.0237471297684973,76.9120029404597,7.0817972407525e-19,0.0,7.625252057569952e-05,25.64125420321538,1.650642178955643e-14,1.5507626900446716e-16,1.4591634190426965e-12,0.0,9.577865188771924e-18,0.5946891811480888,2.4979874258648044e-13,0.00020217838645450784,500000.0,238123.05989355763
0.00012001495888074078,0.00014216935401240475,-3.69667952587193,277.36596994058135,0.0,0.02375241555456005,76.92912250099536,7.09164865526814e-19,0.0,7.626949334447512e-05,25.646961595907737,1.6506688759224348e-14,1.55097085628156e-16,1.4594828475223101e-12,0.0,0.0,0.594821550830937,2.50300546515765e-13,0.00020217904156282664,500000.0,238199.49990923522
0.00012002048057377405,0.00014214891189047202,-3.707615250911316,277.41858971319317,0.0,0.023762664375158227,76.96231629707098,7.110808754603373e-19,0.0,7.630240252017518e-05,25.658027886351288,1.6507216456071056e-14,1.5513747818285553e-16,1.4601022106621936e-12,1.2006231524645189e-23,2.1943325718429103e-17,0.5950782076680037,2.5127576059097134e-13,0.00020218031160190914,500000.0,238347.7224024931
0.00012002433403534802,0.0001421346100342146,-3.7152464101514187,277.4554034755198,0.0,0.023769838230572046,76.9855509211359,7.124266489269052e-19,0.0,7.632543791883627e-05,25.665773945213104,1.6507593653413044e-14,1.5516577533625143e-16,1.460535753785257e-12,2.4013547335213464e-23,9.993700162550853e-17,0.5952578594652655,2.519601424139363e-13,0.0002021812004510614,500000.0,238451.48105282435
0.000120028187496922,0.00014212027877257943,-3.722877050091364,277.4922924203107,0.0,0.02377702973269672,77.00884269922622,7.137795652564436e-19,0.0,7.63485299814553e-05,25.673539058329638,1.6507978184694753e-14,1.5519416143346208e-16,1.460970370062515e-12,0.0,0.0,0.5954379531815946,2.526476647052822e-13,0.00020218209137191331,500000.0,238555.50102221445
0.00012003204095849597,0.00014210591810757,-3.7305071690763447,277.5292567042353,0.0,0.023784238899843275,77.03219169064742,7.151396631654355e-19,0.0,7.637167876682918e-05,25.681323245472385,1.6508370043819592e-14,1.552226365339579e-16,1.461406060577263e-12,0.0,0.0,0.5956184892755447,2.5333834421899274e-13,0.0002021829843657746,500000.0,238659.78276025757
0.00012003589442006996,0.00014209152804119636,-3.738136765422685,277.56629649178944,0.0,0.023791465750373927,77.0555979548692,7.165069816469382e-19,0.0,7.639488433391771e-05,25.689126526467618,1.6508769224682724e-14,1.5525120069657615e-16,1.4618428264157747e-12,1.0015382466300116e-22,4.0569999153911364e-16,0.5957994682069395,2.540321981541713e-13,0.00020218387943395788,500000.0,238764.326724366
0.00012003974788164394,0.0001420771085754755,-3.7457658375570375,277.6034118046303,0.0,0.023798710302700442,77.07906155152482,7.178815603144382e-19,0.0,7.641814674184285e-05,25.696948921196135,1.6509175721164747e-14,1.5527985397752576e-16,1.4622806686672786e-12,1.780967606660331e-22,5.401093133541552e-16,0.5959808904368684,2.5472924171530466e-13,0.00020218477657777892,500000.0,238869.13324973916
0.00012004360134321791,0.00014206265971243085,-3.753394383970242,277.6406025954173,0.0,0.02380597257528432,77.10258254041247,7.192634391961338e-19,0.0,7.644146604989003e-05,25.70479044959371,1.6509589527143178e-14,1.5530859643464323e-16,1.4627195884240064e-12,0.0,0.0,0.5961627564276966,2.5542948922992533e-13,0.0002021856757985562,500000.0,238974.2026129328
0.00012004745480479189,0.00014204818145409148,-3.7610224030947674,277.6778688560109,0.0,0.02381325258664203,77.1261609814969,7.206526584885445e-19,0.0,7.646484231750985e-05,25.712651131651647,1.651001063650163e-14,1.5533742813043138e-16,1.463159586781244e-12,0.0,0.0,0.596345066643074,2.561329565038362e-13,0.00020218657709761064,500000.0,239079.5351252198
0.00012005358663347168,0.0001420250822973363,-3.773159413202186,277.7373244910092,0.0,0.02382487353703046,77.16379882031377,7.22878489843401e-19,0.0,7.650215743048376e-05,25.725198996170246,1.6510695769686128e-14,1.5538349076836853e-16,1.4638619615024627e-12,1.9187902389339826e-21,3.297476637232755e-15,0.5966360851407101,2.572590256132035e-13,0.00020218801557957264,500000.0,239247.68904038184
0.00012005971846215146,0.00014200190872263766,-3.7852950774901384,277.79697137418776,0.0,0.02383653952556707,77.20158252832611,7.251231740639632e-19,0.0,7.653961716189684e-05,25.737795491188358,1.6511399355511136e-14,1.5542977980742533e-16,1.4645670745530909e-12,5.5099087487558304e-21,7.019903046493332e-15,0.596928231509539,2.583933480357035e-13,0.00020218945933259743,500000.0,239416.51150211663
0.00012006585029083126,0.00014197866073826745,-3.797429389302504,277.85680970032564,0.0,0.02384825062764847,77.23951234974882,7.273868767038587e-19,0.0,7.657722175387009e-05,25.750440698123388,1.6512121369328732e-14,1.5547629553385283e-16,1.4652749303938296e-12,3.629627890418176e-21,2.2393955455080454e-15,0.5972215076378545,2.595359893818733e-13,0.00020219090836204404,500000.0,239586.00397585458
0.00012007198211951105,0.00014195533835253884,-3.8095623420230273,277.91683960417885,0.0,0.023860006919015957,77.27758852986597,7.296697652747802e-19,0.0,7.661497144958455e-05,25.7631346987492,1.6512861786469618e-14,1.5552303823996882e-16,1.465985533504853e-12,0.0,0.0,0.5975159154222028,2.6068701503620666e-13,0.00020219236267328874,500000.0,239756.1678812944
0.00012007811394819083,0.0001419319415738074,-3.8216939286078184,277.9770611049717,0.0,0.023871808475765404,77.31581131503248,7.319720092788291e-19,0.0,7.665286649328223e-05,25.77587757519666,1.65136205822459e-14,1.5557000822551642e-16,1.4666988883858474e-12,1.5798690140578772e-20,2.9319448418339646e-14,0.5978114567673858,2.618464881871501e-13,0.00020219382227171958,500000.0,239927.00454423364
0.00012008424577687063,0.00014190847041047248,-3.833824141739583,278.03747420153337,0.0,0.023883655374273716,77.35418095267492,7.342937799606925e-19,0.0,7.66909071302674e-05,25.788669409953908,1.651439773196458e-14,1.5561720580237277e-16,1.4674149995560562e-12,5.641246010589314e-20,6.96131229163022e-14,0.5981081335865415,2.6301447223672917e-13,0.00020219528716273753,500000.0,240098.51527874096
0.00012009037760555042,0.00014188492487097492,-3.845952975351529,278.09807901836047,0.0,0.02389554769113762,77.39269769129868,7.366352502499308e-19,0.0,7.672909360691594e-05,25.80151028586872,1.651519321093048e-14,1.556646312943835e-16,1.4681338715544104e-12,4.5932330982794295e-20,0.0,0.5984059478012623,2.641910340054276e-13,0.00020219675735177225,500000.0,240270.7015137277
0.00012009650943423022,0.0001418613049637884,-3.8580804251579175,278.15887581663475,0.0,0.02390748550337282,77.43136178050509,7.389965949112979e-19,0.0,7.676742617069344e-05,25.814400286154264,1.6516006994435102e-14,1.5571228503183367e-16,1.4688555089398186e-12,0.0,0.0,0.5987049013415345,2.6537624270651704e-13,0.00020219823284428837,500000.0,240443.56480283733
0.00012010923667480077,0.00014181204208451914,-3.883247732568138,278.2856782139074,0.0,0.023932409211735586,77.5120844823642,7.439620125052028e-19,0.0,7.68474567153297e-05,25.841311967545735,1.651775440413377e-14,1.5581192527503264e-16,1.470362188110495e-12,3.72246157127245e-21,3.5802037700233505e-15,0.5993290551227459,2.6786414675915796e-13,0.00020220131233216772,500000.0,240804.52684467708
0.00012012196391537133,0.00014176245893348686,-3.90840896360963,278.4133077309496,0.0,0.02395752995202155,77.59344532675564,7.490154189990758e-19,0.0,7.692811993073028e-05,25.86843639563816,1.6519580344348746e-14,1.5591255344467936e-16,1.4718808418774356e-12,7.959081944619203e-21,4.1972677538378226e-15,0.5999581430673797,2.7039018321655075e-13,0.00020220441474041168,500000.0,241168.42351256358
0.00012013469115594188,0.00014171255558836516,-3.9335640593291235,278.54176559408415,0.0,0.023982848426129046,77.67544659031843,7.541584548206256e-19,0.0,7.700941807402492e-05,25.895774329427226,1.6521484593524714e-14,1.5601417279120762e-16,1.473411511820953e-12,3.735579303109019e-21,3.32564990146579e-15,0.6005921827796035,2.7295497661868634e-13,0.00020220754011835595,500000.0,241535.26799106464
0.00012014741839651245,0.00014166233212765117,-3.9587129558185175,278.6710528278734,0.0,0.02400836534282026,77.75809057006198,7.593927968968663e-19,0.0,7.709135342253375e-05,25.923326534699825,1.6523466929767252e-14,1.561167866656662e-16,1.4749542398923201e-12,4.4907388517239955e-21,3.588681215029149e-15,0.6012311920205159,2.755591628377675e-13,0.00020221068851559643,500000.0,241905.07340618403
0.000120160145637083,0.00014161178863070358,-3.9838555824479753,278.801170161368,0.0,0.02403408141784784,77.84137958343317,7.647201594968129e-19,0.0,7.717392827383065e-05,25.951093784056358,1.6525527130813353e-14,1.5622039851391523e-16,1.4765090684148656e-12,1.7343675376328385e-20,2.5629871624654274e-15,0.6018751887085593,2.7820338429792135e-13,0.0002022138599819702,500000.0,242277.8527433585
0.00012017287287765357,0.000141560925177785,-4.0089918659910015,278.9321182806691,0.0,0.024059997373389944,77.925315968377,7.701422949728291e-19,0.0,7.725714494581029e-05,25.979076856930977,1.6527664974003055e-14,1.5632501187358738e-16,1.4780760400849475e-12,1.6399064227429455e-20,0.0,0.6025241909205724,2.808882935468173e-13,0.00020221705456759275,500000.0,242653.61906708957
0.00012018560011822412,0.0001415097418500909,-4.0341217327369305,279.063897955455,0.0,0.024086113937788475,78.0099020834202,7.756609946407894e-19,0.0,7.734100577677443e-05,26.007276539619454,1.6529880236245094e-14,1.5643063036780491e-16,1.479655197973338e-12,0.0,0.0,0.6031782168927242,2.836145568781732e-13,0.00020222027232287708,500000.0,243032.38563195805
0.00012019832735879468,0.0001414582387297628,-4.0592451082923215,279.1965100254778,0.0,0.0241124318456226,78.09514030778193,7.812780897674762e-19,0.0,7.742551312554153e-05,26.035693625316124,1.6532172693975665e-14,1.565372576949448e-16,1.4812465855270927e-12,0.0,6.107976324750403e-15,0.6038372850213313,2.863828547409318e-13,0.00020222351329853274,500000.0,243414.1658719874
0.00012022369925281647,0.00014135461282734047,-4.109309162027521,279.4633607590443,0.0,0.02416550060218266,78.26701896148096,7.927769022126429e-19,0.0,7.759591800483533e-05,26.092995269832596,1.6536972178847226e-14,1.5675284560237208e-16,1.484455699416826e-12,2.233705268804572e-20,1.5042656538395009e-15,0.6051662632288708,2.9202967575049887e-13,0.0002022300437068959,500000.0,244184.29519789643
0.00012024907114683828,0.00014124971704276566,-4.159346494837735,279.73352988811024,0.0,0.024219378413404515,78.44151797464274,8.046895677743311e-19,0.0,7.776892077530559e-05,26.15117050105229,1.6542075772093525e-14,1.5697248825086565e-16,1.4877139413032207e-12,3.48568095490382e-20,0.0,0.6065155022455926,2.9785196498152024e-13,0.00020223666700541388,500000.0,244966.5642568491
0.00012027444304086007,0.00014114355206213915,-4.209356458092188,280.0070245353621,0.0,0.024274071329455284,78.61865694324429,8.170321176150556e-19,0.0,7.794454086490547e-05,26.21022585196627,1.654748168175433e-14,1.5719621708107937e-16,1.491021668957795e-12,1.4163584927709535e-20,2.2863264424629496e-15,0.6078851535892373,3.038555907720394e-13,0.00020224338360605679,500000.0,245761.08418595453
0.00012029981493488186,0.00014103611858837258,-4.2593383740737,280.2838519282175,0.0,0.02432958550461661,78.79845579987057,8.298213133518103e-19,0.0,7.812279803530828e-05,26.270167967785397,1.6553188104670845e-14,1.5742406433649854e-16,1.4943792462590197e-12,1.4330307306809594e-21,0.0,0.6092753713800381,3.100466462580305e-13,0.00020225019392529792,500000.0,246567.96816248298
0.00012032518682890366,0.00014092741734197475,-4.309291535377667,280.5640194049554,0.0,0.024385927198205613,78.98093481683567,8.430746839605316e-19,0.0,7.8303712385002e-05,26.331003606980907,1.6559193225222844e-14,1.5765606302178795e-16,1.4977870432439744e-12,1.3666900845679198e-20,0.0,0.6106863123648961,3.16431458869359e-13,0.00020225709838409483,500000.0,247387.33143508862
0.00012038396567830643,0.00014067072359399803,-4.424902997098867,281.22595517536035,0.0,0.024519668119264714,79.414093821368,8.756649426414749e-19,0.0,7.87331572654208e-05,26.47541201816302,1.6574242653796807e-14,1.582096695096867e-16,1.5058768863132625e-12,1.1414089187522092e-27,9.122189661115424e-19,0.6140355291826792,3.3200429212830025e-13,0.0002022734579169255,500000.0,249334.1403033388
0.00012044274452770922,0.00014040723923498165,-4.540346329603285,281.9059551785121,0.0,0.024657966109829423,79.8620122275002,9.11092642249888e-19,0.0,7.91772349928766e-05,26.624740982104527,1.6590862286296304e-14,1.5878617409663178e-16,1.5142431009923195e-12,0.0,3.736690053486505e-17,0.61749886676359,3.4873992438660584e-13,0.00020229033037565534,500000.0,251350.06590183737
0.00012050152337711198,0.00014013697445399483,-4.655610833573147,282.60412093499644,0.0,0.024800905683480465,80.32496375592727,9.49630839632559e-19,0.0,7.963621694103987e-05,26.7790817529875,1.6609028530484573e-14,1.5938603223307132e-16,1.5228906799081272e-12,8.452140136336335e-23,2.301048812355525e-16,0.6210784415354419,3.6673353273766905e-13,0.00020230772126882083,500000.0,253436.67772240087
0.00012056030222651477,0.00013985994009664549,-4.770684847399537,283.32055864277277,0.0,0.02494857457450214,80.80323255964556,9.915830956228926e-19,0.0,8.011038482643442e-05,26.938529062959496,1.6628717180545095e-14,1.6000971995538788e-16,1.5318248037677653e-12,0.0,9.315395867372066e-16,0.624776450589696,3.86089163193222e-13,0.00020232563623052462,500000.0,255595.611703925
0.00012061908107591755,0.00013957614772665416,-4.885555691007212,284.05537907409956,0.0,0.025101063808498178,81.297113452429,1.0372872795443176e-18,0.0,8.060003093495395e-05,27.103181198303915,1.664990331868492e-14,1.6065773424472861e-16,1.5410508450621327e-12,5.946912884667908e-22,8.695399747686033e-17,0.6285951734479808,4.0692060153459416e-13,0.00020234408101861814,500000.0,257828.57217410326
0.00012067785992532032,0.0001392856096859056,-5.000209609591801,284.80869738404533,0.0,0.02525846777698634,81.80691214952321,1.0871196685870545e-18,0.0,8.110545836048888e-05,27.273140079683674,1.6672561215425733e-14,1.613305937239765e-16,1.550574371977327e-12,2.6027289401815364e-22,0.0,0.6325369739228783,4.2935234286702173e-13,0.00020236306151272658,500000.0,260137.3338095624
0.0001207366387747231,0.0001389883391575891,-5.114631715873249,285.5806329874047,0.0,0.025420884313103097,82.33294551255055,1.1414995693570193e-18,0.0,8.162698124773021e-05,27.448511343788677,1.6696664225794832e-14,1.6202883932407183e-16,1.5604011523458208e-12,0.0,4.969238093900192e-16,0.636604302011458,4.5352066910886886e-13,0.0002023825837120137,500000.0,262523.7437322465
0.00012079541762412587,0.00013868435023411846,-5.228805929225103,286.37130949551494,0.0,0.0255884147674431,82.87554179529123,1.2008945955783908e-18,0.0,8.216492503584413e-05,27.629404425275393,1.672218468021437e-14,1.6275303486307372e-16,1.5705371575662694e-12,4.281421188654009e-22,0.0,0.6407996957957195,4.795748394780683e-13,0.00020240265373263009,500000.0,264989.72372810583
0.00012085419647352865,0.00013837365798949553,-5.342714910645498,287.1808546400644,0.0,0.025761164084177578,83.43504089040174,1.2658266560557905e-18,0.0,8.271962670307577e-05,27.815932639018897,1.6749093770088102e-14,1.6350376763385757e-16,1.5809885664913921e-12,6.867075830692199e-22,0.0,0.6451257833502941,5.076784092443747e-13,0.00020242327780482442,500000.0,267537.2725245934
0.00012091297532293142,0.00013805627855560272,-5.456339993417854,288.00940015354035,0.0,0.025939240877607562,84.01179457741712,1.3368787512916374e-18,0.0,8.329143501262397e-05,28.008213262792953,1.677736142836076e-14,1.6428164906294374e-16,1.5917617692896706e-12,0.0,1.9007985111828026e-15,0.6495852846600348,5.380106860132568e-13,0.00020244446226966818,500000.0,270168.4681010297
0.0001209717541723342,0.00013773222920241196,-5.569661110864849,288.8570816604708,0.0,0.026122757508947533,84.60616677144304,1.4147026278289609e-18,0.0,8.388071075920213e-05,28.206367620179996,1.6806956204890984e-14,1.6508731539682307e-16,1.6028633712668269e-12,0.0,2.823900718000027e-15,0.6541810135429206,5.707683499816656e-13,0.0002024662135754057,500000.0,272885.47008133994
0.00012103053302173699,0.00013740152842243598,-5.682656720169952,289.7240385510068,0.0,0.0263118301629303,85.21853377122882,1.5000274387570592e-18,0.0,8.448782701498508e-05,28.41052116327485,1.6837845136401173e-14,1.6592142840360731e-16,1.6143001966182857e-12,2.4213099090639375e-21,0.0,0.6589158795681631,6.061672459745064e-13,0.00020248853827337294,500000.0,275690.522180238
0.00012112465257826512,0.0001368581918893995,-5.862854480496778,291.1527541667879,0.0,0.026626455285336043,86.2375391116772,1.654355635263216e-18,0.0,8.549809488887776e-05,28.75024154461084,1.6889914022692705e-14,1.6731802442644464e-16,1.6333292425037488e-12,2.7502455264635982e-21,0.0,0.6667949027155734,6.689515886353236e-13,0.00020252549648472288,500000.0,280371.3422032745
0.00012121877213479325,0.0001362979414008849,-6.042054052502113,292.6318644018495,0.0,0.0269561495757997,87.30535036782355,1.83394340904133e-18,0.0,8.655675019188647e-05,29.106233051949296,1.6945059855364716e-14,1.6879230010467046e-16,1.6532660844926422e-12,0.0,1.154359343716909e-14,0.6750512967404648,7.402250722806556e-13,0.00020256396974129663,500000.0,285293.9735232276
0.0001213128916913214,0.00013572087617010084,-6.2201399879364425,294.1619949742337,0.0,0.02730145431628641,88.42372064286643,2.0434702073756823e-18,0.0,8.766553099521943e-05,29.479080142371355,1.7003117403032615e-14,1.703474101443127e-16,1.674142388998632e-12,1.761279546557292e-20,0.0,0.6836986167638606,8.212698196701082e-13,0.0002026039863895221,500000.0,290469.0767846586
0.00012140701124784953,0.00013512710688551248,-6.396984021928724,295.7437898200729,0.0,0.027662938388346502,89.59449242977186,2.288574536298691e-18,0.0,8.882626399338075e-05,29.869397074103137,1.7063906398135984e-14,1.7198670172166197e-16,1.6959913728167084e-12,5.893479289498719e-21,0.0,0.6927511090748792,9.135799830032683e-13,0.00020264557525444818,500000.0,295907.95334601204
0.00012150113080437768,0.00013451675703625085,-6.572443880154699,297.37790814557275,0.0,0.028041198883639408,90.81959958909955,2.576067155335537e-18,0.0,9.004086646503007e-05,30.27782856589189,1.7127229736707088e-14,1.737137220025055e-16,1.7188478253109719e-12,0.0,3.209254421742149e-15,0.7022237264235303,1.018898708840821e-12,0.00020268876555037575,500000.0,301622.5724840274
0.00012159525036090581,0.00013388996423588893,-6.7463620981414705,299.06502133850756,0.0,0.02843686169417982,92.10106926074641,2.9141820484589483e-18,0.0,9.131134816834052e-05,30.70505043435128,1.7192871614460175e-14,1.7553222600938106e-16,1.7427481281018354e-12,1.792956755342471e-20,0.0,0.7121321428024213,1.1392620287973221e-12,0.00020273358678283163,500000.0,307625.5994682697
0.00012168936991743394,0.00013324688165186556,-6.918564745842822,300.805809305543,0.0,0.02885058199951913,93.44102344190168,3.3128847669293603e-18,0.0,9.263981290542026e-05,31.15177012002685,1.7260595571065466e-14,1.7744618432489276e-16,1.7677302666938812e-12,0.0,1.2591028701656967e-14,0.7224927656475839,1.2770507432005068e-12,0.00020278006863508701,500000.0,313930.4231535606
0.00012178348947396209,0.00013258767962175157,-7.08885998611026,302.60095606381583,0.0,0.029283044572233595,94.84167997679153,3.78425799216161e-18,0.0,9.402845950355978e-05,31.618727017361312,1.7330142431626282e-14,1.79459790156225e-16,1.793833828805939e-12,0.0,7.25416028860359e-14,0.7333227434912757,1.4350516635940808e-12,0.00020282824083307685,500000.0,320551.18195800815
0.00012187760903049022,0.0001319125474426406,-7.257036497140591,304.4511449258609,0.0,0.029734963874080513,96.30535286910197,4.3429782953216176e-18,0.0,9.54795821250244e-05,32.106692578851415,1.7401228173619018e-14,1.8157746573340613e-16,1.8210999876023906e-12,4.526764096054847e-20,8.502528404301637e-15,0.7446399683778717,1.6165300294531696e-12,0.00020287813298723958,500000.0,327502.7881238272
0.00012197172858701837,0.0001312216952983593,-7.422861775349657,306.3570524136533,0.0,0.030207083926318594,97.83445186057037,5.0068998393355636e-18,0.0,9.699556984923136e-05,32.61647017455698,1.747354176268753e-14,1.8380386813997178e-16,1.849571468709886e-12,0.0,0.0,0.7564630726049549,1.8253150246828224e-12,0.00020292977441062587,500000.0,334800.948952029
0.0001220658481435465,0.00013051535632856382,-7.586080331177618,308.31934126962057,0.0,0.030700177904338686,99.43148112026196,5.797769591023469e-18,0.0,9.85789053732251e-05,33.14889465512619,1.754674299757199e-14,1.861438940416973e-16,1.8792924978822573e-12,0.0,1.3142815904003546e-14,0.7688114185892431,2.0659007524258977e-12,0.00020298319391068892,500000.0,342462.1845730738
0.00012215996770007463,0.00012979378887142102,-7.74641176419195,310.3386528399662,0.0,0.031215047382686188,101.09903679935744,6.742107218779042e-18,0.0,0.00010023216258746167,33.7048315366002,1.762046040910469e-14,1.8860268298777775e-16,1.9103087243672798e-12,7.190015013660835e-20,0.0,0.7817050799598594,2.343565385052542e-12,0.00020303841955043089,500000.0,350503.8413771092
0.00012225408725660277,0.00012905727890480422,-7.903548684995186,312.4155980696991,0.0,0.03175252114661533,102.83980318199882,7.872288535050746e-18,0.0,0.00010195800275963917,34.28517571716553,1.7694289279401137e-14,1.911856190593695e-16,1.942667114591136e-12,0.0,8.5686139947017e-14,0.7951648117961789,2.664511550943944e-12,0.00020309547837428355,500000.0,358944.0988971654
0.00012234820681313093,0.00012830614269450675,-8.057154501756578,314.5507474705914,0.0,0.03231345348501156,104.65654715906399,9.227877161122725e-18,0.0,0.00010375916905592426,34.890849634797185,1.7767789875908623e-14,1.9389832976461984e-16,1.976415810770016e-12,0.0,2.601593200029395e-14,0.8092120078992119,3.0360315817194717e-12,0.00020315439609473266,500000.0,367801.9690158227
0.00012244232636965906,0.00012754072965495325,-8.206861059481932,316.74461923075506,0.0,0.0328987218716354,106.55211071667452,1.085725889672417e-17,0.0,0.00010563847909384413,35.52280076304509,1.78404860242544e-14,1.967466829601554e-16,2.011603948417098e-12,2.3475634955530576e-26,1.4803329824887156e-16,0.823868642711418,3.4667015512946942e-12,0.00020321519673523644,500000.0,377097.2847467599
0.0001225364459261872,0.00012676142543466363,-8.352266144596602,318.9976656044285,0.0,0.033509223917002284,108.52940106714858,1.2819645076676556e-17,0.0,0.00010759881515781025,36.18199832084867,1.7911864175780842e-14,1.9973677976546402e-16,2.0482814254918888e-12,0.0,2.171013966458579e-15,0.8391571950091175,3.966608664430012e-12,0.00020327790222439792,500000.0,386850.67650434223
0.00012263056548271532,0.0001259686552423546,-8.492930866831552,321.31025768566803,0.0,0.03414587345784175,110.59137798466386,1.518752496073403e-17,0.0,0.0001096431116433886,36.8694290504456,1.798137316646132e-14,2.0287494301846456e-16,2.08649861471237e-12,2.9644873567322455e-20,0.0,0.8551005499807844,4.547617010635598e-12,0.00020334253193575824,500000.0,397083.53333158797
0.00012272468503924346,0.00012516288742703768,-8.628376921300063,323.68266816183524,0.0,0.03480959563041462,112.74103785005748,1.8049661807389466e-17,0.0,0.00011177433923889758,37.58609189815854,1.8048424916311042e-14,2.061677009533898e-16,2.126306009510952e-12,1.2569467118039871e-20,1.0223802039847152e-14,0.8717218758601062,5.223677065997785e-12,0.00020340910216718204,500000.0,407817.94550858386
0.00012281880459577162,0.00012434463732148479,-8.75808374852013,326.1150517553349,0.0,0.03550132075585901,114.98139384944885,2.1514743314814438e-17,0.0,0.00011399548529384907,38.33299141292677,1.8112396382199166e-14,2.096217648122482e-16,2.1677537930712376e-12,0.0,2.605937817394924e-14,0.8890444708204334,6.011184680981855e-12,0.00020347762555356064,500000.0,419076.62456506566
0.00012291292415229975,0.00012351447135628893,-8.881485616671652,328.60742307705635,0.0,0.03622197684487794,117.31545170152877,2.5715814754258535e-17,0.0,0.00011630952975439416,39.111129654165325,1.8172633152072897e-14,2.1324399882915288e-16,2.210891318669602e-12,1.1616493910784437e-19,0.0,0.9070915752964922,6.929395314093507e-12,0.000203548110406214,500000.0,430882.79613506596
0.00012300704370882788,0.0001226730114503176,-8.99796865976021,331.159631672123,0.0,0.036972480504982204,119.74618021088887,3.0815641604051076e-17,0.0,0.00011871941596911075,39.92149637470716,1.822845515636882e-14,2.170413814856281e-16,2.2557664882193577e-12,1.6995581955204612e-19,0.0,0.9258861443004265,8.000899154372878e-12,0.0002036205599720668,500000.0,443260.0604887327
0.00012310116326535601,0.00012182093968031317,-9.106867917101537,333.7713340494839,0.0,0.03775372600889364,122.2764758668338,3.701316616340793e-17,0.0,0.00012122801559125496,40.765057218602855,1.8279165074487842e-14,2.2102095680996115e-16,2.3024250146301406e-12,0.0,1.2373860724149015e-13,0.9454505736971873,9.252162082421037e-12,0.00020369497160553987,500000.0,456232.2148714269
0.00012319528282188415,0.00012095900322686848,-9.207464439660832,336.4419625954915,0.0,0.03856657226008415,124.90912063391423,4.455123736505999e-17,0.0,0.00012383808673133297,41.64273964914661,1.8324060130936016e-14,2.2518977376692605e-16,2.350909552463409e-12,0.0,1.526437077224046e-13,0.9658063738382945,1.0714136136917096e-11,0.00020377133584624786,500000.0,469823.0311831521
0.00012328940237841228,0.000120088019587118,-9.298982533170992,339.1706910231456,0.0,0.039411827371794106,127.64673201266056,5.372580186626462e-17,0.0,0.00012655222444630726,42.55541629990878,1.8362448105531043e-14,2.2955481153688596e-16,2.401258680412092e-12,9.264039478262116e-19,0.0,0.9869737834277872,1.2422940767975921e-11,0.00020384963539589996,500000.0,484055.9814272232
0.0001233578412992989,0.00011944951052040545,-9.359354746698656,341.1907379063515,0.0,0.0400472299091169,129.70467373622517,6.162725097512198e-17,0.0,0.00012859252033727752,43.24150175901276,1.8385896567030507e-14,2.3285596109791914e-16,2.4390601157951697e-12,1.5694328404054578e-18,2.4967428268494996e-14,1.0028859379833748,1.384423493164913e-11,0.00020390777148885728,500000.0,494821.75254991866
0.00012342628022018554,0.00011880705864238808,-9.414145182361064,343.2403751529209,0.0,0.040700416591950464,131.82021538747324,7.074583360666015e-17,0.0,0.00013068992226475767,43.946790129602824,1.840531811288927e-14,2.36267009960417e-16,2.477875879370395e-12,0.0,3.621712658233486e-13,1.0192434593530448,1.5436484211522015e-11,0.00020396690376678442,500000.0,505947.6010014615
0.00012349471914107214,0.00011816105815749784,-9.462994918862927,345.31895576266186,0.0,0.04137161282995557,133.99408714414082,8.126902401843365e-17,0.0,0.0001328451541454888,44.67152484146559,1.842050033371693e-14,2.3979039733403143e-16,2.5177144900160358e-12,0.0,4.556340900054512e-13,1.0360519933244263,1.7220099325289385e-11,0.0002040270156714003,500000.0,517441.5971682287
0.00012356315806195877,0.00011751192843354366,-9.505527197776651,347.42571904566,0.0,0.04206100868662057,136.22690472646988,9.341175738143805e-17,0.0,0.00013505882642077125,45.41591116605525,1.8431262120306596e-14,2.4342843345504222e-16,2.558581963694282e-12,1.3149001048606333e-17,0.0,1.053316300692375,1.9217722971626687e-11,0.00020408808723374708,500000.0,529311.3187104374
0.0001236315969828454,0.00011686011523219403,-9.541347230546277,349.55977966803135,0.0,0.042768752928904336,138.51915011475478,1.0741994082159232e-16,0.0,0.0001373314169380668,46.1801097880262,1.8437463189648804e-14,2.471832636762701e-16,2.600481436821425e-12,4.377739032382658e-17,8.951392687514892e-15,1.0710401081615717,2.1454408675015113e-11,0.00020415009476613713,500000.0,541563.7275856243
0.000123700035903732,0.00011620609195348483,-9.570042168969277,351.72011652172927,0.0,0.04349494647177129,140.87115033391711,1.2357426173764711e-16,0.0,0.0001396632499177348,46.96422973234323,1.84390152320388e-14,2.510568373203033e-16,2.6434127549116405e-12,1.0617131246419541e-17,2.227006786135836e-13,1.0892259443114225,2.3957796425876874e-11,0.00020421301053456423,500000.0,554205.0327206332
0.00012376847482461863,0.00011555036087120914,-9.591181237813236,353.90556127628497,0.0,0.0442396352169878,143.28305426575005,1.4219422967318528e-16,0.0,0.00014205447296495853,47.768320633847644,1.843589472574879e-14,2.5505086997915535e-16,2.6873720262708895e-12,0.0,0.0,1.107874960307411,2.675827888206721e-11,0.0002042768024171309,500000.0,567240.537302888
0.00012383691374550526,0.00011489345434767449,-9.604316030503146,356.1147861876589,0.0,0.04500280226622298,145.75480742496762,1.6364240327621763e-16,0.0,0.00014450503206192615,48.592364327987994,1.8428157545183823e-14,2.591667970465294e-16,2.732351140192644e-12,4.3158407667224195e-16,0.0,1.1269867348653413,2.9889150225644066e-11,0.00020434143354952438,500000.0,580674.469065867
0.00012390535266639186,0.00011423593602186521,-9.608981000341927,358.34629111232795,0.0,0.045784359484403306,148.2861246304662,1.8832874668594793e-16,0.0,0.00014701464447180828,49.43626573984747,1.8415955527467292e-14,2.6340571501133066e-16,2.7783372491614857e-12,1.8182754725591623e-15,2.8887061400072724e-12,1.1465590629409643,3.338672785036816e-11,0.0002044068619564049,500000.0,594509.7924468304
0.0001239737915872785,0.00011357840195742721,-9.604694252808494,360.59839094862366,0.0,0.04658413839038328,150.8764605514173,2.1671501523693428e-16,0.0,0.00014958276954003165,50.29984306467348,1.8399555108509225e-14,2.677683224066872e-16,2.8253122155806168e-12,5.2537166138099005e-16,4.3273346224580877e-13,1.1665877280040327,3.729043629144856e-11,0.00020447304016984569,500000.0,608748.0038376071
0.00012404223050816512,0.00011292148172970684,-9.59095858140913,362.86920208471753,0.0,0.0474018804424173,153.52497816587183,2.4931901408217533e-16,0.0,0.00015220857742260333,51.18281725247126,1.8379358049475032e-14,2.7225490652898494e-16,2.8732520247346714e-12,0.0,2.5934016049369152e-14,1.187066258132318,4.1642837699793965e-11,0.0002045399148380908,500000.0,623388.9071393652
0.00012411066942905172,0.00011226583942955759,-9.567262818075818,365.1566285777217,0.0,0.04823722665514117,156.23051521683945,2.8671852637523923e-16,0.0,0.0001548909158283966,52.084800824987134,1.8355924193365095e-14,2.7686524046568e-16,2.922126166711183e-12,2.3258997773864717e-17,6.136640861368155e-14,1.2079856666720292,4.648959289365355e-11,0.0002046074263287995,500000.0,638430.3705168426
0.00012417910834993835,0.00011161217456107939,-9.533083562652637,367.4583486044931,0.0,0.049089706675645536,158.9915488033973,3.2955466262901026e-16,0.0,0.0001576282749140599,53.00528607093986,1.8329996114218703e-14,2.815985038804599e-16,2.9718969911237286e-12,0.0,0.0,1.2293341784431453,5.1879333794452626e-11,0.0002046755083308767,500000.0,653868.0653911267
0.00012424754727082498,0.00011096122280780564,-9.487887320828943,369.7718011705213,0.0,0.04995872733822922,161.80615831560203,3.7853432559734837e-16,0.0,0.00016041875053720756,53.943632689101854,1.8302525409647953e-14,2.864532362760666e-16,3.022519039938901e-12,1.890720352525214e-16,6.167401810231089e-13,1.2510969431488057,5.7863425253112854e-11,0.00020474408745953162,500000.0,669695.1882539752
0.00012431598619171158,0.00011031375663814888,-9.431133084897954,372.0941731259716,0.0,0.050843560794730396,164.67198700997912,4.3443141477671813e-16,0.0,0.00016326000616223777,54.89905497817045,1.827470022632465e-14,2.9142725927960003e-16,3.0739383654667588e-12,3.5459538718653707e-16,4.0000160592908616e-13,1.2732557382782101,6.449559181081864e-11,0.0002048130828704626,500000.0,685902.166534279
0.0001243844251125982,0.00010967058571795905,-9.362275393416143,374.4223867025027,0.0,0.05174333235439286,167.5862026206963,4.980863195239887e-16,0.0,0.00016614923380940487,55.87060870515111,1.824797340961909e-14,2.9651757653072944e-16,3.1260918425070865e-12,0.0,0.0,1.2957886645461067,7.183138248926687e-11,0.00020488240589037075,500000.0,702476.3506949262
0.00012445286403348484,0.0001090325570959452,-9.280767907041644,376.7530879121599,0.0,0.0526570081796829,170.5454575093944,5.704031796149751e-16,0.0,0.00016908311454401768,56.85717781993659,1.82240904391591e-14,3.017202938480958e-16,3.1789064857259353e-12,0.0,1.166665259815117e-12,1.3186698377668649,7.992744600398236e-11,0.0002049519596720682,500000.0,719401.6957567557
0.00012452130295437144,0.00010840055512484757,-9.18606756223011,379.0826364221663,0.0,0.05358338302517293,173.54584898087887,6.5234433118168255e-16,0.0,0.00017205777913371936,57.85746122518116,1.8205116050841174e-14,3.07030541305478e-16,3.232298785677065e-12,1.1476752164863396e-15,1.1506865307521738e-12,1.3418690820193093,8.88405894235796e-11,0.00020502163888353898,500000.0,736658.4369139828
0.00012458974187525807,0.00010777550107835149,-9.07763932130172,381.4070971667086,0.0,0.05452106827395549,176.58288052910535,7.449213054185204e-16,0.0,0.0001750687696294634,58.869959856320584,1.819345815357967e-14,3.1244236661885205e-16,3.286174079407308e-12,7.834987765239421e-16,0.0,1.3653516299946535,9.862659305674713e-11,0.00020509132944156096,500000.0,754222.7643327356
0.0001246581807961447,0.00010715835242278906,-8.954961507427416,383.7222338112771,0.0,0.055468480547907484,179.6514249169487,8.491817138502708e-16,0.0,0.00017811100275614558,59.89296437294656,1.81918873310865e-14,3.179486311713435e-16,3.3404259740739566e-12,0.0,2.424551875515892e-12,1.38907783751618,1.0933875807058366e-10,0.00020516090830160994,500000.0,772066.5030321846
0.0001247266197170313,0.00010655010170140255,-8.817531788245912,386.0235050113053,0.0,0.056423831183561236,182.74569014144976,9.661913563081079e-16,0.0,0.00018117873617106914,60.9245438121544,1.820354989028073e-14,3.235409393485588e-16,3.3949358445647837e-12,4.6258830624068055e-15,6.13879007982492e-12,1.4130029203955272,1.2102617176195193e-10,0.00020523024331685273,500000.0,790156.8066008829
0.00012479505863791793,0.00010595177498735836,-8.664873805984659,388.30606397631425,0.0,0.057385116978353905,185.8591894906187,1.0970109390943779e-15,0.0,0.0001842655387866226,61.96253560595146,1.8231972102247566e-14,3.292095526334133e-16,3.44957242867503e-12,1.155325852186057e-14,0.0,1.4370767229188246,1.337316815659269e-10,0.000205299193180222,500000.0,808455.8740572118
0.00012486349755880456,0.000105364429863262,-8.496544375502125,390.5647613694741,0.0,0.05835011265826086,188.98471703579816,1.2426668925435835e-15,0.0,0.00018736426646904445,63.004537410796054,1.828105301268212e-14,3.349432489330007e-16,3.5041915455290786e-12,0.0,0.0,1.4612435283188427,1.4748958179261716e-10,0.00020536760746427604,500000.0,826920.6994380655
0.0001249137816740306,0.0001049405184511832,-8.362645087101237,392.2059347245493,0.0,0.05906007187942665,191.28421491478412,1.3596994217810173e-15,0.0,0.00018964404728311697,63.77115389524531,1.8332736921152862e-14,3.391900624535966e-16,3.5442198656170766e-12,0.0,1.5376656736955077e-12,1.4790234124894583,1.5828255003772366e-10,0.00020541743989669958,500000.0,840565.075713543
0.00012496406578925667,0.0001045235612793099,-8.219924693837974,393.8290352871071,0.0,0.0597696623851627,193.58252668665128,1.4856031036821053e-15,0.0,0.0001919226521546753,64.5373749497864,1.839965722207281e-14,3.4345954554481786e-16,3.5840873018293345e-12,7.169396573446744e-15,0.0,1.4967941255781343,1.696609447389637e-10,0.00020546683110998876,500000.0,854251.7992667311
0.00012501434990448275,0.00010411400514547146,-8.068256416535338,395.4317263078003,0.0,0.06047776491824345,195.87602787065362,1.620678608327108e-15,0.0,0.00019419648768171464,65.30199222941614,1.8483689033259034e-14,3.4774560308752653e-16,3.623723267383158e-12,0.0,2.3118567845608734e-12,1.5145276428319694,1.8162460898682204e-10,0.00020551571243334544,500000.0,867958.1211804777
0.0001250646340197088,0.00010371230279292093,-7.907531564283131,397.01159627367616,0.0,0.06118319345736378,198.16087781645072,1.7651734034120256e-15,0.0,0.00019646174614849267,66.06372532158213,1.8586772112877274e-14,3.520416210428411e-16,3.663053512582018e-12,0.0,2.5274637478096875e-12,1.5321942680762113,1.9416805007443836e-10,0.00020556401285413774,500000.0,881659.6473996077
0.00012511491813493487,0.00010331891194833343,-7.737661483016611,398.5661642878327,0.0,0.06188469636767914,200.43302334378203,1.9192699917644863e-15,0.0,0.0001987144091316591,66.82122295959321,1.871089183617334e-14,3.563404813018461e-16,3.702000248496513e-12,1.7378136639212854e-14,0.0,1.5497626618314007,2.0727979223020435e-10,0.00020561165915436991,500000.0,895330.3481148646
0.00012516520225016093,0.00010293429424904187,-7.558579537739974,400.0928865652936,0.0,0.06258095822488415,202.6882046170919,2.0830734738663027e-15,0.0,0.00020095025331963245,67.57306498112767,1.8858056035166338e-14,3.6063456085861595e-16,3.740482314363806e-12,0.0,2.965343676073326e-12,1.5671998867281292,2.2094174314849636e-10,0.000205658576076921,500000.0,908942.5841731976
0.000125215486365387,0.00010255891408055656,-7.37024310157526,401.5891640722964,0.0,0.06327060230530597,204.9219633077883,2.256598845206368e-15,0.0,0.00020316485860909746,68.3177650494024,1.9030267989808975e-14,3.6491570168954413e-16,3.778415388863793e-12,0.0,3.0497080202341335e-12,1.5844714706507341,2.3512859027240957e-10,0.00020570468651791396,500000.0,922467.1515857285
0.00012526577048061307,0.00010219323732536596,-7.172635508335518,403.05235116969743,0.0,0.06395219387958596,207.12965319407317,2.439758289900858e-15,0.0,0.00020535361861964886,69.05377418699047,1.9229495618444126e-14,3.691752208921243e-16,3.815712247343643e-12,5.044158257031226e-14,0.0,1.6015414886776496,2.498072485607428e-10,0.00020574991174594174,500000.0,935873.3452296042
0.00012531605459583913,0.00010183773001449716,-6.965767937066152,404.47976522956424,0.0,0.06462424431047041,209.30645339233504,2.632348688399132e-15,0.0,0.00020751175380426652,69.77948518696004,1.94576368045285e-14,3.7340392128317293e-16,3.852283067879076e-12,6.579732733843073e-15,3.4718413925515042e-12,1.6183726653777177,2.649363808107897e-10,0.0002057941716510247,500000.0,949129.0432331824
0.0001253663387110652,0.00010149285688024472,-6.749681242094722,405.86869754514987,0.0,0.0652852159682344,211.4473843582886,2.834039684121092e-15,0.0,0.00020963432731312958,70.49323794740373,1.9716481021284915e-14,3.7759209581096494e-16,3.888035787840333e-12,0.0,4.533664741846686e-12,1.6349264985606793,2.8046601526502985e-10,0.00020583738502450683,500000.0,962200.8140656652
0.00012541662282629127,0.00010115907981744153,-6.524447686322799,407.2164254551704,0.0,0.06593352806780274,213.54732671726325,3.044362785370627e-15,0.0,0.0002117162636709902,71.1933257491616,2.0007667734365364e-14,3.8172953602319857e-16,3.922876510967467e-12,1.4699792007457798e-13,0.0,1.6511634048547237,2.9633728494776896e-10,0.0002058794698690636,500000.0,975054.0470217643
0.00012546690694151732,0.0001008368562631592,-6.2901725142479155,408.5202254560353,0.0,0.06656756338676557,215.6010429341832,3.2627020052446056e-15,0.0,0.0002137523702498776,71.87800248025307,2.0332642249846727e-14,3.858055524263536e-16,3.956709963953485e-12,1.6814107524728845e-13,1.1352595235377922e-11,1.6670428872361915,3.1248231194472245e-10,0.00020592034373735732,500000.0,987653.1060925674
0.0001255171910567434,0.0001005266375023426,-6.046995384258151,409.7773876452303,0.0,0.06718567575264318,217.60320181053612,3.4882865366447576e-15,0.0,0.0002157373615609545,72.5454908027821,2.069260980744219e-14,3.8980904747583817e-16,3.989440001064652e-12,0.0,6.427008287805502e-12,1.6825237245223168,3.2882426223997357e-10,0.00020595992409803003,500000.0,999961.5083390599
0.00012556747517196947,0.00010022886690672278,-5.7950915841953705,410.9852311461264,0.0,0.06778619856378132,219.5484057555324,3.7201859122656505e-15,0.0,0.0002176658863002645,73.19399124471421,2.1088488885003027e-14,3.937284695985143e-16,4.0209701545403205e-12,4.042978894737598e-14,0.0,1.6975641821375722,3.452775917502353e-10,0.00020599812872781716,500000.0,1011942.1259054708
0.00012561775928719552,9.994397811779809e-05,-5.5346729901030205,412.14112044979976,0.0,0.0683674539920063,221.43122071114144,3.957308146136203e-15,0.0,0.00021953255700469295,73.82169217641437,2.1520864822089306e-14,3.975519618205655e-16,4.051204227220362e-12,1.41713240716471e-13,6.390199539032252e-12,1.7121222435358479,3.617485003728185e-10,0.0002060348761275664,500000.0,1023557.4109809233
0.0001256680434024216,9.967239318693243e-05,-5.265988799279319,413.2424830414938,0.0,0.06892776293787015,223.2462085459499,4.198401324309486e-15,0.0,0.00022133198216617745,74.42678061025134,2.198994507405465e-14,4.01267474836495e-16,4.080046922627401e-12,0.0,0.0,1.726155860721482,3.781356129206762e-10,0.0002060700859589618,500000.0,1034769.643615792
0.00012571832751764766,9.941452068735744e-05,-4.989325930407507,414.2868277472696,0.0,0.06946545582427106,224.98796166833387,4.44205907034833e-15,0.0,0.000223058800563382,75.00745374008639,2.249551755855947e-14,4.048615502566026e-16,4.107404506569312e-12,0.0,0.0,1.7396232217815173,3.9433089124403115e-10,0.00020610367949848693,500000.0,1045541.1994956705
0.00012576861163287372,9.917075381381496e-05,-4.705009111577814,415.27176410422743,0.0,0.06997888380564679,226.65113954883475,4.6867301401880584e-15,0.0,0.00022470771746189536,75.56193111726047,2.303691362335717e-14,4.083202119226503e-16,4.133185493287715e-12,2.3473057962523803e-13,7.29848486064013e-12,1.7524830333472832,4.1022078359256784e-10,0.00020613558010436543,500000.0,1055834.8364096233
0.0001258188957480998,9.894146848605193e-05,-4.413400640400891,416.195022783326,0.0,0.07046643050315654,228.2305067846877,4.930732381735695e-15,0.0,0.00022627354235058855,76.08846734071075,2.361297716107816e-14,4.116308922532364e-16,4.157301348239742e-12,0.0,0.0,1.764694814930096,4.2568760507195596e-10,0.0002061657136919138,500000.0,1065613.997012786
0.00012586917986332586,9.872702147435936e-05,-4.114899736286643,417.0544767189596,0.0,0.07092652418003764,229.72097227424692,5.172271144192091e-15,0.0,0.00022775122777744293,76.58536511710936,2.4222041415078153e-14,4.147829009909027e-16,4.1796671985473486e-12,0.0,0.0,1.776219201745287,4.4061113532520237e-10,0.0002061940092122853,500000.0,1074843.1239916307
0.00012591946397855192,9.85277485672867e-05,-3.8099414949921098,417.8481632480805,0.0,0.07135764996882053,231.11762900718745,5.4094620528360415e-15,0.0,0.00022913590880850514,77.05098852629202,2.48619149177053e-14,4.177954312399175e-16,4.200202541203722e-12,5.506526284309917e-13,7.44844001923887e-12,1.7870182524327587,4.5487041333173184e-10,0.00020622039912873157,500000.0,1083487.9848827126
0.000125969748093778,9.8343962801262e-05,-3.4989954847571396,418.57430782522215,0.0,0.07175836217014347,232.4157939360939,5.640357920401263e-15,0.0,0.00023042294255391646,77.48377631381993,2.5529877805368968e-14,4.2087984073152973e-16,4.218831938605824e-12,0.0,0.0,1.7970557573568593,4.683457051868667e-10,0.00020624481988421058,500000.0,1091516.0041431836
0.00012602003220900406,9.817595277198352e-05,-3.182563907586481,419.2313493732591,0.0,0.07212729649320342,233.61104735891485,5.862979425877488e-15,0.0,0.00023160794720096701,77.88225502047143,2.622268959868132e-14,4.272348865951206e-16,4.235485690567484e-12,0.0,1.0829813436861023e-13,1.8062975430365291,4.809206088006288e-10,0.00020626721235429503,500000.0,1098896.5984451505
0.00012607031632423012,9.802398104847643e-05,-2.8611793371145353,419.81796827763,0.0,0.07246318179994585,234.69927120842397,6.075349032036194e-15,0.0,0.00023268684000060652,78.24505174734716,2.6936609184821374e-14,5.281883346790743e-16,4.250100471631317e-12,1.0438257767276844e-12,6.4743917248358184e-12,1.814711768277008,4.924842599100111e-10,0.00020628752227878723,500000.0,1105601.5133503005
0.00012610697845310165,9.79234240529227e-05,-2.6240562267263408,420.2006698509483,0.0,0.0726865700647888,235.4230479368598,6.222636939494661e-15,0.0,0.00023340441065718818,78.48634753092941,2.7468037270990443e-14,1.6287650112473053e-16,4.259438249531558e-12,0.0,0.0,1.8203080620927021,5.002184133532003e-10,0.0002063009892123869,500000.0,1110049.3683079537
0.00012614364058197316,9.783159986873127e-05,-2.384823134994134,420.54507093731957,0.0,0.07289135327644489,236.08657057365073,6.36272985135338e-15,0.0,0.00023406224384105975,78.70755554619838,2.800668335640015e-14,0.0,4.267642671772826e-12,-1.0073061700176656e-27,0.0,1.8254384669003199,5.07323360455797e-10,0.00020631330581926023,500000.0,1114115.4527421596
0.00012618030271084466,9.774858162639662e-05,-2.1437118519660374,420.8509676213393,0.0,0.07307715197750582,236.6886093062215,6.49476594840562e-15,0.0,0.00023465912035143232,78.90826579297914,2.855066216968233e-14,3.666941566586617e-15,4.274696604678686e-12,1.2748877573964608e-11,5.1815704163802205e-11,1.8300934736324619,5.137658061422145e-10,0.00020632445664615782,500000.0,1117791.7645558408
0.0001262074372183547,9.769284676312365e-05,-1.964189666215619,421.05251492702666,0.0,0.07320223742697904,237.0939410022887,6.587526825112497e-15,0.0,0.00023506097653149688,79.04339700583915,2.8955569994518123e-14,2.0473559031297774e-15,4.279167715086868e-12,1.1951091511315616e-15,3.78037120746557e-12,1.8332275274996166,5.18089913505398e-10,0.0002063319507872093,500000.0,1120257.5353401983
0.00012623457172586478,9.764199423453115e-05,-1.783866551265256,421.2329245273085,0.0,0.07331660904373348,237.46457377711056,6.675181547465688e-15,0.0,0.00023542843129462174,79.16696014309403,2.9361528486192694e-14,0.0,4.282995262677404e-12,0.0,3.758358027147451e-12,1.8360932867283686,5.220244874701622e-10,0.00020633879383733582,500000.0,1122503.4778223485
0.00012624293333398634,9.762731112280203e-05,-1.7281531678491022,421.2842646686775,0.0,0.07334967566694639,237.57173365564978,6.700957763705856e-15,0.0,0.00023553467231754034,79.20268556081386,2.9486702777375743e-14,8.420227298812338e-16,4.2840443136417605e-12,2.1570301740646167e-15,3.861212017649546e-12,1.836921854599589,5.231569976502875e-10,0.00020634077062289152,500000.0,1123150.928782982
0.00012624730578412183,9.761981860152886e-05,-1.6989939770963731,421.3103147906239,0.0,0.07336655636653411,237.62644021246714,6.714322777764718e-15,0.0,0.0002355889097862076,79.22092386619828,2.9552154974985197e-14,5.077383538419959e-16,4.284568340111943e-12,0.0,3.751473901065836e-12,1.8373448496221019,5.237340585418824e-10,0.0002063417794972229,500000.0,1123481.0822884117
0.00012624977022843568,9.76156517852097e-05,-1.6825514647951112,421.3247545697856,0.0,0.07337594639487931,237.6568714414798,6.721777456407185e-15,0.0,0.0002356190800788365,79.23106915918548,2.9589043324002805e-14,4.687929051815755e-16,4.284856261993452e-12,3.5396287937859716e-15,3.914898736914575e-12,1.8375801460677346,5.240546994806763e-10,0.00020634234060809488,500000.0,1123664.6121816416
0.00012625136969489874,9.76129691368703e-05,-1.6718771599579911,421.33402539614303,0.0,0.07338199262948245,237.67646619606802,6.726590426528708e-15,0.0,0.00023563850681572574,79.23760174208152,2.961298305103936e-14,4.595848069457792e-16,4.285040258167274e-12,0.0,3.70569423885318e-12,1.8377316541159947,5.242609959886786e-10,0.00020634270187540454,500000.0,1123782.720611683
0.00012625243984880306,9.761118379300512e-05,-1.6647340909838348,421.3401790688949,0.0,0.07338601684701906,237.689508001466,6.72980042322397e-15,0.0,0.00023565143679250678,79.24194967481262,2.962899963548825e-14,4.526330764482052e-16,4.285162102487754e-12,5.549474627465693e-15,3.977481124822501e-12,1.8378324942905182,5.243982017280225e-10,0.00020634294231178227,500000.0,1123861.2881372217
0.0001262535100027074,9.760940609384309e-05,-1.657590052377576,421.34629315917846,0.0,0.07339002411410481,237.70249491094853,6.733001982248972e-15,0.0,0.00023566431234407735,79.24627930610733,2.9645015559986337e-14,4.469706692408145e-16,4.2852829348868575e-12,0.0,3.704366961582341e-12,1.8379329100064012,5.245347272195664e-10,0.0002063431817244943,500000.0,1123939.4901018813
0.00012625458015661173,9.76076360404177e-05,-1.6504450488853915,421.3523682576316,0.0,0.0733940144257062,237.7154269048453,6.7361949788481726e-15,0.0,0.00023567713345093604,79.2505906294079,2.966103077158383e-14,4.4352245862632373e-16,4.285402755156018e-12,3.1101520546875948e-15,3.8745517346207e-12,1.8380329011105405,5.246705606054418e-10,0.00020634342011330992,500000.0,1124017.3279677948
0.00012625565031051608,9.760587363375853e-05,-1.643299086490743,421.35840450113125,0.0,0.07339798777509786,237.72830396356287,6.739379505662889e-15,0.0,0.00023568990009365716,79.25488363818219,2.967704521633966e-14,4.413542179032843e-16,4.285521563087088e-12,0.0,3.832284973070906e-12,1.838132467452107,5.248056974150747e-10,0.000206343657478,500000.0,1124094.8019798826
0.0001262567204644204,9.760411887488914e-05,-1.6361521722729786,421.3644016314041,0.0,0.07340194415653567,237.74112606759974,6.742555668840446e-15,0.0,0.00023570261225290624,79.2591583259287,2.9693058840235285e-14,4.393913290151855e-16,4.285639358473384e-12,4.8075200712650494e-17,3.83170482392718e-12,1.8382316088800503,5.249401349175738e-10,0.000206343893818337,500000.0,1124171.9113229406
0.0001262583827248021,9.760140839177018e-05,-1.625049062728319,421.3736392993855,0.0,0.07340805590642084,237.760933505094,6.747472563758125e-15,0.0,0.00023572224984895392,79.26576181394094,2.971793090513923e-14,4.3655185574701363e-16,4.285820320624726e-12,0.0,3.832471265069437e-12,1.8383847614071456,5.251475593484472e-10,0.0002063442588918202,500000.0,1124290.9609866496
0.0001262600449851838,9.759871636678966e-05,-1.6139436965671248,421.3827824036192,0.0,0.07341412668068897,237.78060823377166,6.752369115148217e-15,0.0,0.00023574175587409658,79.27232105891723,2.974280066328505e-14,4.344986261828866e-16,4.285998838549198e-12,5.7533471500172695e-18,3.837720123918103e-12,1.838536887820045,5.253532733986035e-10,0.0002063446214924471,500000.0,1124409.129541561
0.0001262617072455655,9.75960428036779e-05,-1.6028360979755019,421.39183085880836,0.0,0.07342015645723897,237.80015018201382,6.757245208537495e-15,0.0,0.00023576113025732974,79.27883603698093,2.9767667915692326e-14,4.335236597143747e-16,4.286174911502587e-12,6.276948239230115e-18,3.842219416508168e-12,1.8386879875649926,5.255572681937315e-10,0.00020634498161938497,500000.0,1124526.4163104154
0.00012626336950594718,9.75933877061258e-05,-1.5917262908799221,421.40078467670827,0.0,0.07342614521415719,237.81955927877195,6.762100809394905e-15,0.0,0.000235780372928214,79.28530672444559,2.979253246179755e-14,4.3325180188987093e-16,4.286348538751298e-12,8.799400731357028e-17,3.847491591912924e-12,1.8388380600926337,5.25759539265459e-10,0.00020634533927180935,500000.0,1124642.8208800617
0.00012626503176632888,9.759075107778476e-05,-1.580614299167381,421.40964388716486,0.0,0.07343209292969927,237.8388354535689,6.7669358979355126e-15,0.0,0.00023579948381687645,79.29173309781525,2.981739410196527e-14,4.3318494289273107e-16,4.286519719572375e-12,3.997299269905488e-18,3.847470860797933e-12,1.83898710485804,5.259600839291043e-10,0.00020634569444890415,500000.0,1124758.342889508
0.0001262685741247115,9.758519392712628e-05,-1.5569269222303284,421.4282075317889,0.0,0.07344463078190017,237.87947015191205,6.777170944776418e-15,0.0,0.00023583977008751397,79.30528006684658,2.987036485971435e-14,4.334427333290385e-16,4.28687634925355e-12,0.0,3.852661425396385e-12,1.8393012952582963,5.263816807411542e-10,0.00020634644308680677,500000.0,1125001.5791796092
0.00012627211648309408,9.757972070258715e-05,-1.533229966414911,421.44634119443714,0.0,0.07345698194660599,237.9195002186924,6.787311845267608e-15,0.0,0.00023587945691100202,79.31862546120756,2.9923319567013575e-14,4.3352678319759286e-16,4.2872218588686576e-12,0.0,3.857830782355778e-12,1.8396108106034739,5.267953982489721e-10,0.00020634718047199437,500000.0,1125240.800379261
0.0001262756588414767,9.757433143774083e-05,-1.5095236651049264,421.46404461313307,0.0,0.07346914622139608,237.95892499766234,6.797357848423222e-15,0.0,0.00023591854363671987,79.3317690621155,2.997625627373225e-14,4.333845894036758e-16,4.2875562419089226e-12,6.325941699054016e-20,3.862884168674426e-12,1.8399156458194186,5.272012124048783e-10,0.00020634790659693794,500000.0,1125476.001676305
0.0001262792011998593,9.75690261653093e-05,-1.4858082521001112,421.48131749171483,0.0,0.07348112340759294,237.99774384469958,6.807308178039244e-15,0.0,0.0002359570296260687,79.34471065483024,3.00291730206958e-14,4.3324666667813665e-16,4.287879492094384e-12,0.0,3.867825351070879e-12,1.840215795925732,5.275991000522222e-10,0.0002063486214542863,500000.0,1125707.178241517
0.0001262856342179071,9.755960651786247e-05,-1.4427178879038305,421.51158370963,0.0,0.07350239528668806,238.0666885121158,6.8251311980120756e-15,0.0,0.0002360253831174751,79.36769572191584,3.0125213806191274e-14,4.331726428706443e-16,4.288438037122697e-12,1.4073286749321998e-19,3.876499078837048e-12,1.8407488810321353,5.283013354399923e-10,0.0002063498908203084,500000.0,1126116.6946698988
0.00012629572864643375,9.754538459229198e-05,-1.3750466075197907,421.5562085137449,0.0,0.07353452655030482,238.17083267354485,6.852447066770524e-15,0.0,0.0002361286342791693,79.4024157461944,3.027574280379729e-14,4.332928153367216e-16,4.289240354556733e-12,1.5278625421028283e-19,3.889319450745516e-12,1.8415541311437795,5.293501104482638e-10,0.00020635180760884085,500000.0,1126732.4397159088
0.00012631113030148013,9.752500240316648e-05,-1.2716767008513485,421.61753427241626,0.0,0.07358060601698525,238.32019308459488,6.892558901941586e-15,0.0,0.00023627671397555595,79.45221015606049,3.050490927835225e-14,4.3320851070380786e-16,4.290289784873334e-12,2.277414118169418e-19,3.9070030282827005e-12,1.8427089965258485,5.308242620278904e-10,0.00020635455522491407,500000.0,1127608.5174445708
0.00012632131499691685,9.751239915606624e-05,-1.2032496308026859,421.6535924603302,0.0,0.0736091167894981,238.41261200503914,6.918020788313167e-15,0.0,0.00023636834043423339,79.4830211690502,3.065604605946068e-14,4.33892376022733e-16,4.290867644535258e-12,1.9131662545446902e-19,3.9174356660018984e-12,1.8434235862234478,5.317147768143644e-10,0.00020635625451459287,500000.0,1128145.6280789825
0.0001263314996923536,9.750049309511317e-05,-1.1347723308583235,421.68606667124897,0.0,0.07363606261645801,238.49996239735222,6.942618545954216e-15,0.0,0.00023645494182489198,79.51214241434057,3.080680386901609e-14,4.343974554153075e-16,4.291352974866917e-12,1.5077713777384162e-19,3.926853729918075e-12,1.8440989856941745,5.325377034552115e-10,0.00020635786000688843,500000.0,1128649.0275637498
0.00012634168438779037,9.748928469081067e-05,-1.0662504426186665,421.71495279875376,0.0,0.07366144013023891,238.58223333854613,6.966337657293303e-15,0.0,0.00023653650731820638,79.53957025037973,3.095713374712814e-14,4.3453749887519835e-16,4.291745708606074e-12,1.3304671867679456e-19,3.935249156205168e-12,1.844735110480712,5.332926684118176e-10,0.00020635937159157273,500000.0,1129118.6360923923
0.00012635186908322712,9.747877436174758e-05,-0.9976896172740778,421.7402471325387,0.0,0.07368524621201042,238.65941471137072,6.98916409347716e-15,0.0,0.0002366130268836803,79.56530130423613,3.1106986473455685e-14,4.346282816050179e-16,4.29204579341132e-12,1.356931672814777e-19,3.942614581116773e-12,1.845331882355767,5.339793255424822e-10,0.00020636078916936717,500000.0,1129554.3800010053
0.00012636205377866388,9.746896247560923e-05,-0.9290955138409678,421.76194634948365,0.0,0.07370747799036804,238.73149719988768,7.011084386564144e-15,0.0,0.0002366844912852586,79.58933247012305,3.125631261477721e-14,4.348147799809947e-16,4.292253191732933e-12,1.2109656813434014e-19,3.948943455282247e-12,1.8458892292878488,5.345973614894954e-10,0.00020636211265174462,500000.0,1129956.1917329028
0.00012638478820407994,9.744958135506875e-05,-0.7758875570382263,421.797400509843,0.0,0.0737514119459465,238.8739648734199,7.056681941539053e-15,0.0,0.00023682573733493128,79.63682894663405,3.1587488041821264e-14,4.352821018106073e-16,4.292381696984704e-12,1.6881025073803932e-19,3.959305084686405e-12,1.8469907994568813,5.357280256087669e-10,0.0002063647271308723,500000.0,1130730.4117414511
0.00012640752262949603,9.743368428500201e-05,-0.6226051683885442,421.8149040498107,0.0,0.07378746468832369,238.99090646233736,7.0975695586806396e-15,0.0,0.00023694167617360193,79.67581542733838,3.191523712009323e-14,4.3558753220157746e-16,4.292048322019372e-12,2.0255499769179636e-19,3.964430359602987e-12,1.8478950000901546,5.365128890380796e-10,0.00020636687176287598,500000.0,1131334.7025647282
0.00012643025705491213,9.742127225702388e-05,-0.46931158408515616,421.814444908325,0.0,0.0738156185476602,239.08226455744048,7.133630378424113e-15,0.0,0.00023703225088436648,79.70627277291953,3.2239002785692985e-14,4.35755346050231e-16,4.291253494087152e-12,1.916187885637045e-19,3.964296563910817e-12,1.8486013872957934,5.369502270946785e-10,0.0002063685462185969,500000.0,1131768.6685320304
0.00012645299148032822,9.741234481116457e-05,-0.3160700518214368,421.7960227849303,0.0,0.07383586252782855,239.14800336431807,7.164762883200865e-15,0.0,0.00023709742597977318,79.72818905009211,3.255822817794846e-14,4.359119552398489e-16,4.28999803142201e-12,1.5959311655974514e-19,3.95890416424667e-12,1.8491096843090302,5.370391400198255e-10,0.0002063697504766254,500000.0,1132032.0806382324
0.00012647572590574428,9.740690003959737e-05,-0.16294374103400638,421.75964911011727,0.0,0.07384819231547368,239.1881087332555,7.190880896594333e-15,0.0,0.00023713718743147418,79.74155954157266,3.287235910521356e-14,4.360460300551101e-16,4.28828314097863e-12,7.188148941105051e-20,3.9482765078466436e-12,1.849419781723461,5.36779558072315e-10,0.00020637048482277016,500000.0,1132124.8767478103
0.0001265155211677231,9.74057420819195e-05,0.10462802780512509,421.65284103689936,0.0,0.07385073427446458,239.1966392721284,7.22432263740983e-15,0.0,0.00023714564476705444,79.74440347398041,3.340831603645115e-14,4.361444346902469e-16,4.284180374986745e-12,1.0816905142036893e-19,3.917223939373373e-12,1.8494857401130944,5.354890031268801e-10,0.00020637064100441254,500000.0,1131877.0023554044
0.00012655531642970192,9.741521578925164e-05,0.3713180534735769,421.4913132357055,0.0,0.07382909891676714,239.1268599132266,7.241921157741399e-15,0.0,0.00023707646367439087,79.72114011623326,3.392409955606129e-14,4.3603522870593265e-16,4.278686308345562e-12,8.390631037505567e-20,3.870697040351799e-12,1.8489462007028639,5.331434932569613e-10,0.00020636936471268838,500000.0,1131108.534308741
0.00012659511169168074,9.743527943642989e-05,0.6367939155066116,421.27538113580647,0.0,0.07378340952611127,238.97916902665392,7.243548812818956e-15,0.0,0.00023693003910796458,79.67190227871649,3.441692113393794e-14,4.3574107237209953e-16,4.271815776257551e-12,9.677871002913178e-20,3.809309286624921e-12,1.8478042437203825,5.297606881590762e-10,0.00020636666415702225,500000.0,1129822.7881712257
0.00012663490695365953,9.74658781706546e-05,0.9007281216427481,421.0054656799735,0.0,0.0737138502636708,238.75416218418567,7.229216412059484e-15,0.0,0.00023670696153301312,79.59688851575466,3.488412608875639e-14,4.352777596838949e-16,4.263587017890522e-12,1.5004725961915267e-19,3.733859781785303e-12,1.846064474170842,5.25365550848837e-10,0.00020636255031820336,500000.0,1128024.5919327089
0.00012667470221563835,9.750694423025624e-05,1.1627994275821376,420.682091104766,0.0,0.0736206648482873,238.4526278927364,7.199069281422045e-15,0.0,0.0002364080126955802,79.49636170321656,3.532322429357414e-14,4.346373783944714e-16,4.254021557955312e-12,2.459041159721467e-19,3.645314721165379e-12,1.843732988847867,5.199899922483208e-10,0.0002063570368891897,500000.0,1125720.248819776
0.00012671449747761717,9.755839721164852e-05,1.4226940042047498,420.3058821901049,0.0,0.07350415486720867,238.0755421301514,7.153382044044633e-15,0.0,0.00023603416020515747,79.37064721683339,3.573191587290796e-14,4.3381699498569437e-16,4.2431440698861356e-12,3.944851862944205e-19,3.5447851437994835e-12,1.840817334083849,5.136724243562109e-10,0.00020635014020196958,500000.0,1122917.4899460755
0.00012674182095563655,9.759969141949395e-05,1.599718823338078,420.01735582421827,0.0,0.07341083696823736,237.77348233254088,7.113216855604537e-15,0.0,0.00023573469038642278,79.26994521375323,3.599382545256266e-14,4.3315149464330247e-16,4.234930127582951e-12,2.775934843126477e-19,3.4694557933203772e-12,1.8384817856242055,5.088121382225807e-10,0.00020634461370416213,500000.0,1120709.191285035
0.00012674793605990594,9.760959451620571e-05,1.63916759731767,419.94944384055174,0.0,0.0733884821686723,237.70111891276227,7.103265630052314e-15,0.0,0.00023566294743958063,79.24582038374801,3.605028001046395e-14,4.3299141244867864e-16,4.2330098655456e-12,1.1789920309714236e-19,3.4519446894624567e-12,1.8379222663710184,5.076680086778285e-10,0.000206343289441308,500000.0,1120183.701930545
0.0001267540511641753,9.76197386494823e-05,1.6785518603240426,419.8803172135414,0.0,0.0733655930255752,237.62702464373248,7.0929666187940245e-15,0.0,0.0002355894884847092,79.22111851578956,3.6105929653772386e-14,4.3282711867898344e-16,4.231059871884189e-12,1.473759882849484e-19,3.4342061541935815e-12,1.8373493640662368,5.065036539026513e-10,0.00020634193337705544,500000.0,1119646.8606883397
0.00012675482785378964,9.762104430413613e-05,1.6835494505424777,419.8714505473379,0.0,0.07336264767263397,237.6174901835281,7.091633734331247e-15,0.0,0.00023558003577682943,79.21793987620245,3.6112939874939253e-14,4.3280595387443977e-16,4.2308100777890546e-12,1.094252700482059e-19,3.4319370150567986e-12,1.8372756429230186,5.063543292270418e-10,0.0002063417588690783,500000.0,1119577.8651149909
0.00012675560454340396,9.762235383995386e-05,1.6885459778644059,419.8625632773307,0.0,0.07335969372822114,237.60792789371405,7.090295276047564e-15,0.0,0.00023557055547796598,79.21475195866061,3.611993699558953e-14,4.327847231901232e-16,4.230559806151301e-12,3.0816298833143313e-19,3.4296645978151547e-12,1.8372017065992459,5.062046802207135e-10,0.0002063415838495555,500000.0,1119508.684276036
0.0001267563812330183,9.762366725610751e-05,1.6935414359590526,419.8536539263708,0.0,0.07335673119560279,237.59833778486336,7.08895124764464e-15,0.0,0.00023556104759860108,79.21155476668893,3.612692100304979e-14,4.3276342627591164e-16,4.23030905721003e-12,2.1235621043557597e-20,3.427386703739108e-12,1.8371275551766701,5.060547026459233e-10,0.00020634140831865625,500000.0,1119439.3142740098
0.00012675715792263262,9.762498455176523e-05,1.6985358205776293,419.8447217724396,0.0,0.0733537600780575,237.5887198675891,7.087601652287202e-15,0.0,0.00023555151214925684,79.20834830382566,3.6133891884814045e-14,4.3274206278953175e-16,4.23005783120587e-12,0.0,3.4251049413615687e-12,1.837053188737352,5.059043900316168e-10,0.00020634123227655083,500000.0,1119369.7532381718
0.00012675793461224696,9.76263057260921e-05,1.7035291293140125,419.8357667586197,0.0,0.0733507803788742,237.57907415253814,7.0862464926156294e-15,0.0,0.0002355419491404888,79.20513257362023,3.614084962846919e-14,4.3272063372242073e-16,4.229806128380441e-12,0.0,3.4228183267156913e-12,1.8369786073636138,5.057537359109737e-10,0.00020634105572341023,500000.0,1119300.001082547
0.00012675871130186128,9.762763077825155e-05,1.708521360345491,419.82678903676333,0.0,0.07334779210134927,237.56940065038103,7.084885770893911e-15,0.0,0.000235532358582876,79.2019075796301,3.614779422162901e-14,4.326991374091714e-16,4.229553948975728e-12,1.9335248550114739e-19,3.4205292814898702e-12,1.8369038111379612,5.056027355462541e-10,0.00020634087865940593,500000.0,1119230.0582813737
0.00012675948799147562,9.762895970740569e-05,1.7135125116792382,419.81778869553915,0.0,0.07334479524878548,237.55969937180947,7.0835194891675716e-15,0.0,0.00023552274048701865,79.19867332541969,3.615472565190734e-14,4.326775767965939e-16,4.229301293233897e-12,0.0,3.4182315398432703e-12,1.8368288001430637,5.054513860454229e-10,0.00020634070108470947,500000.0,1119159.9251394768
0.00012676069808711677,9.763103792541888e-05,1.7212866535043294,419.80372089904637,0.0,0.0733401090216751,237.544529289448,7.0813797239480555e-15,0.0,0.00023550770047912957,79.19361585774978,3.6165498679176955e-14,4.3264384584638604e-16,4.228906702655153e-12,1.2236982099924765e-19,3.4146506467870336e-12,1.8367115039576367,5.052148812504428e-10,0.00020634042340305145,500000.0,1119050.277272951
0.00012676190818275792,9.763312554929277e-05,1.729058160498987,419.7895981686823,0.0,0.07333540199996204,237.5292918488068,7.079226473762655e-15,0.0,0.0002354925936905266,79.18853593388745,3.6176239678012057e-14,4.3260994938870188e-16,4.228510957315168e-12,1.1587108133343073e-19,3.411056621869446e-12,1.8365936869531199,5.049775197247911e-10,0.00020634014448280049,500000.0,1118940.1677145131
0.0001267643765036822,9.763741297590193e-05,1.7449020705630278,419.7606208557271,0.0,0.07332573632692635,237.4980022671394,7.074792551533066e-15,0.0,0.0002354615723985353,79.17810447783168,3.619804939291413e-14,4.3254029972227606e-16,4.227700150320792e-12,1.1299292621465864e-19,3.4036931774588156e-12,1.8363517536213319,5.044906902365527e-10,0.00020633957171150666,500000.0,1118714.1393240336
0.00012676814659254304,9.764403699719723e-05,1.769080515026539,419.7159212097553,0.0,0.07331080642335165,237.4496710523839,7.067912102043319e-15,0.0,0.0002354136555954577,79.16199160845376,3.623110286067046e-14,4.3243260421361995e-16,4.2264524834086385e-12,1.1244955472048055e-19,3.392363819774643e-12,1.8359780531376764,5.037401988902426e-10,0.00020633868693744278,500000.0,1118365.20822852
0.00012677191668140388,9.765075212423425e-05,1.7932328888640081,419.6706909612794,0.0,0.07329567543627148,237.40068848251292,7.060901144288442e-15,0.0,0.00023536509302233064,79.14566158751163,3.6263842691831434e-14,4.3232332927913657e-16,4.225193663181323e-12,1.1152976602248785e-19,3.3809359984556353e-12,1.835599316329164,5.02981363970642e-10,0.00020633779018037362,500000.0,1118011.8181222111
0.0001267756867702647,9.765755825831663e-05,1.817358942760826,419.6249315259899,0.0,0.07328034375595721,237.35105582093266,7.053759884624718e-15,0.0,0.00023531588593172733,79.12911483620508,3.6296267513234335e-14,4.322124729602487e-16,4.223923717970789e-12,1.1093230692493398e-19,3.36941130237038e-12,1.8352155529645429,5.022142346184442e-10,0.0002063368814605171,500000.0,1117653.980711228
0.00012677945685912555,9.766445529976709e-05,1.8414584284438331,419.57864433730896,0.0,0.07326481177681435,237.3007743444455,7.046488547153001e-15,0.0,0.0002352660355895023,79.11235178020003,3.6328375966423016e-14,4.3210003330700796e-16,4.222642676319006e-12,1.103315733180695e-19,3.3577912407809157e-12,1.834826772916142,5.014388726695816e-10,0.00020633596079829215,500000.0,1117291.707830671
0.0001267874917291343,9.767945723816847e-05,1.892729832556101,419.47824198191756,0.0,0.07323104330394072,237.19145479966397,7.030558928832227e-15,0.0,0.0002351576533961561,79.07590635782434,3.639574424108344e-14,4.3185513060436125e-16,4.2198756088018636e-12,1.0900816533671413e-19,3.3327152111200863e-12,1.8339815062135225,4.997592126893033e-10,0.00020633395891705845,500000.0,1116504.8815846788
0.00012679552659914303,9.769487063644146e-05,1.9438770621148591,419.37546268224474,0.0,0.0731963707952414,237.07920685990914,7.014042320856973e-15,0.0,0.0002350463679174599,79.03848465456375,3.6461656709026536e-14,4.316030782380274e-16,4.217058552780466e-12,1.0766221283428313e-19,3.307227796006825e-12,1.8331135969492147,4.980429964076015e-10,0.00020633190308935362,500000.0,1115698.0792866335
0.00012680356146915178,9.771069448880612e-05,1.99489775603761,419.2703200763259,0.0,0.07316079824619999,236.96404346024462,6.9969417391428586e-15,0.0,0.00023493219197756658,79.00009098276573,3.6526100905820154e-14,4.313439101661816e-16,4.214191793507266e-12,1.0630238050757856e-19,3.2813438549795498e-12,1.8322231451380748,4.962907932610242e-10,0.00020632979352116734,500000.0,1114871.4183801597
0.00012681159633916054,9.772692776969548e-05,2.045789574461012,419.1628277562963,0.0,0.07312432973459683,236.8459778024125,6.9792605832176465e-15,0.0,0.00023481513866502112,78.96072974368403,3.65890647109139e-14,4.3107766014950612e-16,4.211275620368485e-12,1.0492894464432533e-19,3.2550782620494133e-12,1.831310252856936,4.945031807528171e-10,0.00020632763042250117,500000.0,1114025.0177927117
0.0001268196312091693,9.774356943436568e-05,2.096550198611578,419.05299929153546,0.0,0.07308696941843869,236.72502334812737,6.961002612228573e-15,0.0,0.00023469522132611148,78.92040542524323,3.665053635652518e-14,4.3080436029275454e-16,4.2083103267628144e-12,1.0354356522818776e-19,3.2284459005478364e-12,1.8303750241927574,4.926807435206094e-10,0.00020632541400723045,500000.0,1113158.997956158
0.0001268331817493384,9.777255719009696e-05,2.181852722435593,418.86252288043937,0.0,0.07302195411525522,236.51453200155353,6.928916148613668e-15,0.0,0.00023448653482333504,78.85023091107325,3.6750794535730994e-14,4.303275694789889e-16,4.20319901473183e-12,1.0118211205138716e-19,3.182741890803159e-12,1.8287474897499132,4.895300177617514e-10,0.00020632155592667558,500000.0,1111654.380911382
0.00012684673228950753,9.780269820538292e-05,2.2667646999935753,418.66550567881274,0.0,0.07295443526933366,236.29593094854425,6.8952226424456475e-15,0.0,0.00023426980815110317,78.77735274817084,3.684672422695032e-14,4.298309813494299e-16,4.197950293682137e-12,9.879415508672037e-20,3.1361083694318886e-12,1.827057250470628,4.862847753950809e-10,0.00020631754789312472,500000.0,1110094.9053413817
0.00012686028282967666,9.783398712471303e-05,2.3512754109526623,418.4620127856404,0.0,0.07288443428090445,236.0692894775998,6.859946077085049e-15,0.0,0.00023404511000380598,78.70179403623528,3.693827614557924e-14,4.293147642307418e-16,4.192565642898736e-12,9.638468816639722e-20,3.088616442850254e-12,1.8253048420986333,4.829479026092703e-10,0.00020631339100128489,500000.0,1108481.1772555644
0.00012687383336984576,9.786641843928427e-05,2.4353743237637793,418.2521094310602,0.0,0.07281197316344186,235.83467886454255,6.823112851188073e-15,0.0,0.00023381251104611525,78.62357853750775,3.7025404371195276e-14,4.2877909241354913e-16,4.187046571659116e-12,9.395859605237406e-20,3.040336873830417e-12,1.8234908157437801,4.795223180619074e-10,0.00020630908637618578,500000.0,1106813.8146968386
0.0001268873839100149,9.789998649393201e-05,2.519051094250819,418.0358610443097,0.0,0.07273707451773331,235.5921722885184,6.784751530552003e-15,0.0,0.00023357208382970577,78.54273064876753,3.710806640846597e-14,4.282241457862449e-16,4.181394617707884e-12,9.152061224375529e-20,2.9913399715774255e-12,1.8216157372325514,4.760109683531128e-10,0.00020630463517158117,500000.0,1105093.4473863735
0.000126900934450184,9.793468549600898e-05,2.6022955615325003,417.8133333061235,0.0,0.07265976150151508,235.34184473362637,6.744892587299133e-15,0.0,0.0002333239026957287,78.45927536853692,3.718622319797049e-14,4.276501100815564e-16,4.175611345513172e-12,8.90754638907515e-20,2.941695428215174e-12,1.8196801863474585,4.724168249684617e-10,0.0002063000385679653,500000.0,1103320.7162580674
0.00012692183798020357,9.79904175960015e-05,2.7298404776166096,417.45789233521475,0.0,0.0725358158079783,234.94052071091525,6.680542752409213e-15,0.0,0.0002329260198068807,78.3254802347902,3.7297873742952413e-14,4.2672759121079457e-16,4.166436022115389e-12,8.529969550732602e-20,2.8640014213570985e-12,1.8165771197849947,4.667169416055462e-10,0.00020629266533668967,500000.0,1100484.8582996558
0.00012694274151022313,9.804880452421569e-05,2.8562972114950576,417.0879090765493,0.0,0.07240627053428832,234.5210575332512,6.612831770452603e-15,0.0,0.00023251015329803522,78.18563779174981,3.7398605571838135e-14,4.257608325078527e-16,4.156957939570271e-12,8.153316825378532e-20,2.785179265974258e-12,1.8133337999656542,4.6083823597647614e-10,0.00020628495351943707,500000.0,1097528.3851766048
0.00012696364504024272,9.810982316959564e-05,2.981631127601046,416.7036292212997,0.0,0.07227121794488449,234.08375397188826,6.541893683022692e-15,0.0,0.00023207659937864048,78.03984764506366,3.748832542996528e-14,4.24750594595858e-16,4.147183181114623e-12,7.779069014023274e-20,2.7054722650213154e-12,1.809952537010492,4.547918593391294e-10,0.00020627690780149983,500000.0,1094453.796340496
0.00012699597154506852,9.820931235051864e-05,3.1731667414451046,416.08178281432384,0.0,0.0720517422125556,233.37307139731723,6.426166606284233e-15,0.0,0.00023137201052641774,77.80291722506573,3.760522968159443e-14,4.2310454085389503e-16,4.131497217844565e-12,7.208219119018851e-20,2.5810143898056834e-12,1.8044574876515327,4.4513729831992756e-10,0.00020626381920800838,500000.0,1089472.45311975
0.0001270282980498943,9.83149469218094e-05,3.3618187193020326,415.4272658475741,0.0,0.07181968622174825,232.62163575028848,6.303609929693478e-15,0.0,0.00023062701804085466,77.55240037098892,3.769546304737605e-14,4.2135946801711573e-16,4.115140086582697e-12,6.650980336585437e-20,2.4558417171845334e-12,1.7986473325924404,4.351500003016203e-10,0.00020624996202910022,500000.0,1084224.4315146732
0.0001270606245547201,9.842663182114455e-05,3.547475148985692,414.74101771472544,0.0,0.0715754261387469,231.83066524350374,6.174800148731638e-15,0.0,0.0002298428296890974,77.28870321582681,3.775897662022498e-14,4.1951859605679925e-16,4.0981358311054336e-12,6.111309443103609e-20,2.3307412335609095e-12,1.7925314911422516,4.248712798400865e-10,0.00020623535532902316,500000.0,1078719.6698272808
0.00012709295105954593,9.854426848382969e-05,3.730030883970597,414.023989805419,0.0,0.07131934992828007,231.0014163368822,6.0403323378828705e-15,0.0,0.00022902069115755081,77.01224464359301,3.7795839380116633e-14,4.175852896670863e-16,4.080508981429644e-12,5.59252293301383e-20,2.2064437731416154e-12,1.7861196783402191,4.1434204289006585e-10,0.0002062200187710034,500000.0,1072968.3317420783
0.00012712527756437173,9.866775507447049e-05,3.909387631833667,413.2771446142908,0.0,0.07105185595970946,230.13517922222013,5.900812863499244e-15,0.0,0.00022816188157525534,76.7234547839776,3.78062349128187e-14,4.155630447797498e-16,4.062284472441036e-12,5.097328389491312e-20,2.083619884368861e-12,1.7794218700428739,4.0360255349250365e-10,0.0002062039725544548,500000.0,1066980.7720088353
0.00012715760406919752,9.879698669622732e-05,4.085453992101614,412.50145447543855,0.0,0.07077335167031713,229.23327349258727,5.756853657375449e-15,0.0,0.00022726770922041652,76.42277356859198,3.779045658275852e-14,4.134554740498375e-16,4.043487566954657e-12,4.627723054890273e-20,1.9628751529029526e-12,1.7724482694394865,3.926922111163624e-10,0.00020618723735913884,500000.0,1060767.502320078
0.00012718993057402332,9.893185560123227e-05,4.258145467353358,411.6979001344033,0.0,0.07048425223906393,228.29704384546093,5.609066910023535e-15,0.0,0.00022633950726038297,76.11064929846125,3.7748901886473455e-14,4.1126629174875125e-16,4.024143780334213e-12,4.1854688896227816e-20,1.844752357821839e-12,1.765209273828389,3.8164933722354064e-10,0.00020616983428961916,500000.0,1054339.157304207
0.00012722225707884914,9.907225141511163e-05,4.427384460768233,410.8674692490063,0.0,0.07018497924850567,227.32785574734234,5.4580596764562856e-15,0.0,0.00022537862945343716,75.78753719867557,3.768206630959762e-14,4.089992986244323e-16,4.004278805266303e-12,3.770334265227628e-20,1.7297161185246113e-12,1.7577154410954785,3.7051098945574795e-10,0.00020615178481638756,500000.0,1047706.4606022438
0.00012725458358367494,9.921806136701054e-05,4.593100253444487,410.01115480223655,0.0,0.06987595935905498,226.32709113822406,5.304428838497475e-15,0.0,0.00022438644589009536,75.45389798632696,3.759053655616572e-14,4.0665836669701694e-16,3.9839184380795945e-12,3.388166102075319e-20,1.6182091139759995e-12,1.749977456500848,3.593127977462224e-10,0.00020613311071614204,500000.0,1040880.191411729
0.00012728691008850074,9.93691705138287e-05,4.755228952996574,409.12995341996395,0.0,0.06955762302433335,225.29614426903632,5.148756871477793e-15,0.0,0.0002233643388662462,75.11019648277956,3.74749830900055e-14,4.04247423605331e-16,3.963088508261966e-12,3.012689534865804e-20,1.5104266893062227e-12,1.7420061004936207,3.4808881730398703e-10,0.0002061138340144331,500000.0,1033871.1519658703
0.00012731923659332656,9.952546195733357e-05,4.9137134146186465,408.2248636373664,0.0,0.06923040325407,224.23641769300718,4.991608322946483e-15,0.0,0.00022231369890888354,74.75690027725196,3.7336152210962826e-14,4.0177043696728957e-16,3.941814811481891e-12,2.781128111435451e-20,1.4072987116589748e-12,1.7338122177168618,3.368714039528292e-10,0.00020609397693104847,500000.0,1026690.1362020848
0.0001273682407591314,9.977200297298985e-05,5.146901683110028,406.8095039448224,0.0,0.06871839715870409,222.57822773511134,4.751777067325905e-15,0.0,0.00022066972709358155,74.20408577546557,3.70831443289432e-14,3.978985261426614e-16,3.908776885909704e-12,2.934030857400125e-20,1.2602317659636932e-12,1.720990972670752,3.199470539348567e-10,0.00020606281856411186,500000.0,1015500.4101778714
0.00012744705934229132,0.0001001918877670073,5.50379662572063,404.4314403434983,0.0,0.06785796965351244,219.79159201101467,4.365976532437082e-15,0.0,0.00021790698537360836,73.27506517174109,3.657583791244464e-14,3.9140696712425267e-16,3.853846600595334e-12,0.0,1.035332493992933e-12,1.6994445031502545,2.9314744679088905e-10,0.00020601021083132247,500000.0,996819.102242117
0.00012750191335014034,0.0001005002880667671,5.738761176576976,402.7090045744023,0.0,0.0672351327037515,217.7744037657364,4.100455527158331e-15,0.0,0.00021590709351146262,72.6025662795609,3.615618170723351e-14,3.867232857833287e-16,3.8144784551328355e-12,3.07857635148531e-20,9.03725318780554e-13,1.683847457374476,2.7496286572586365e-10,0.00020597193269531058,500000.0,983389.1201153954
0.00012755676735798935,0.00010082127251216218,5.962608925388491,400.9366867126174,0.0,0.06659495576112434,215.7010352487951,3.839626906910512e-15,0.0,0.0002138515030993362,71.91133776789214,3.568764174987182e-14,3.8192531474202334e-16,3.774311329783358e-12,4.953078130760537e-19,8.348282871941296e-13,1.6678160216897275,2.5727620710160244e-10,0.00020593241231452896,500000.0,969664.0561112287
0.00012761162136583836,0.00010115422998859993,6.175299631541631,399.11914947919445,0.0,0.06593946360342545,213.57804547601947,3.585169422561723e-15,0.0,0.00021174671691242644,71.20356630956955,3.517540631146068e-14,3.7703157572550803e-16,3.733460031170973e-12,3.306497030042523e-18,8.491701087454125e-13,1.6514009108803525,2.401696088014542e-10,0.0002058917571529887,500000.0,955691.6453824599
0.0001276664753736874,0.0001014985483658709,6.376836186683113,397.2609522951339,0.0,0.06527062672692285,211.41181770446184,3.3385022062088293e-15,0.0,0.00020959906347418919,70.48137998220905,3.4624697670011117e-14,3.7205995777580326e-16,3.692035260812664e-12,2.51339731521384e-17,9.2768450883276e-13,1.6346514807510797,2.2370948298338017e-10,0.00020585007278582954,500000.0,941517.7456747533
0.00012772132938153642,0.00010185361679573698,6.567261613522081,395.36653504371765,0.0,0.06459035219386085,209.20852976728835,3.1007890217684773e-15,0.0,0.00020741466764557758,69.74683837832684,3.404068959248623e-14,3.670276066630578e-16,3.65014319779329e-12,2.735693181687204e-16,1.1613743647322604e-12,1.6176154987541187,2.0794737731793762e-10,0.0002058074624324071,500000.0,927186.1424865752
0.00012777618338938543,0.00010221882782256294,6.74665580297673,393.4402039977328,0.0,0.06390047595249333,206.97412917677076,2.872950227202635e-15,0.0,0.00020519942594094992,69.0019243050688,3.3428434312951175e-14,3.6195082827786704e-16,3.6078851669724088e-12,4.21290920782218e-15,2.914412001755511e-12,1.6003389514825452,1.929210068353662e-10,0.00020576402655836173,500000.0,912738.3955367315
0.00012783103739723444,0.00010259357930693166,6.91513215994473,391.4861198508621,0.0,0.06320275658354176,204.71431281440894,2.655679174244015e-15,0.0,0.00020295898638664808,68.24853701321713,3.279280101361088e-14,3.568450151909099e-16,3.5653573866426872e-12,8.823024862811298e-14,2.0714284935946132e-11,1.5828658876209116,1.7865546106842626e-10,0.00020571986253912136,500000.0,898213.7241461902
0.00012788589140508345,0.00010297727617026823,7.072834285850697,389.5082879520708,0.0,0.062498870282556435,202.4345109339428,2.4494604223876497e-15,0.0,0.00020069873268196292,67.48848686404634,3.213842680871402e-14,3.5172459117836836e-16,3.522650788310565e-12,1.1115633350673698e-18,3.039294374933195e-13,1.5652382943377625,1.6516450242976164e-10,0.00020567506437554003,500000.0,883648.9289708507
0.0001279407454129325,0.00010336933196501204,7.219932786046477,387.5105502733847,0.0,0.06179040735180167,200.13987519344582,2.2545892819592717e-15,0.0,0.00019842377231905415,66.72349133941184,3.1469679265669046e-14,3.4660298709947827e-16,3.4798509025073525e-12,8.518826825351381e-16,3.46543690901143e-13,1.5474960045663682,1.5245189397701466e-10,0.00020562972245939578,500000.0,869078.3461022204
0.0001279955994207815,0.00010376917027137491,7.356622138684642,385.4965793176802,0.0,0.06107886946975194,197.83527042986387,2.071192851807421e-15,0.0,0.0001961389284191848,65.9551722995107,3.0790628917428567e-14,3.414926124808414e-16,3.43703780517196e-12,2.042150539298444e-15,3.958927176634017e-13,1.529676633597754,1.4051273563962632e-10,0.00020558392338938464,500000.0,854533.8311078536
0.00012805045342863052,0.00010417622592256931,7.48311762572715,383.4698738667596,0.0,0.060365668314317014,195.52526986777355,1.899251892604943e-15,0.0,0.00019384873498824756,65.18505438555741,3.010503079585728e-14,3.364048507678471e-16,3.394286118625319e-12,2.870402866554334e-15,3.775859868138719e-13,1.5118155419345705,1.293347667216568e-10,0.00020553774983578948,500000.0,840044.7697778351
0.00012810530743647953,0.00010458994606399202,7.599652384549839,381.4337563965536,0.0,0.05965212502039013,193.214153425583,1.7386223840029934e-15,0.0,0.00019155743524461798,64.41456445509792,2.941631434263753e-14,3.3135007325898126e-16,3.351665060517116e-12,0.0,0.0,1.4939458222154967,1.188996057940912e-10,0.00020549128044907027,500000.0,825638.112113707
0.00012816016144432855,0.00010500979105516196,7.706474629251187,379.3913719262528,0.0,0.05893947050749032,190.90590876494832,1.589056000336177e-15,0.0,0.00018926898265897403,63.64503193186894,2.87275807759691e-14,3.2633765780659017e-16,3.3092385340647033e-12,5.056729298846138e-15,4.2634443205124813e-13,1.4760983073268992,1.0918391085913902e-10,0.00020544458980728962,500000.0,811338.425997464
0.0001282150154521776,0.00010543523522432736,7.803845044975256,377.34568820725895,0.0,0.05822884653776238,188.6042347317785,1.450219288902165e-15,0.0,0.00018698704436270202,62.87768995297494,2.804160660767799e-14,3.2137601597086003e-16,3.2670652533238704e-12,0.0,0.0,1.4583015970139208,1.0016044519275572e-10,0.00020539774839842148,500000.0,797167.9674240657
0.0001282698694600266,0.00010586576748519614,7.8920343528156875,375.29949709925216,0.0,0.057521307419456776,186.31254685355566,1.3217114739644543e-15,0.0,0.000184715006596405,62.11367720160852,2.7360852090164373e-14,3.1647263082742887e-16,3.2251988977286656e-12,0.0,0.0,1.4405821003802979,9.179903935417894e-11,0.00020535082263422764,500000.0,783146.7642533111
0.00012832472346787561,0.0001063008918248025,7.971321046007298,373.2554170070402,0.0,0.056817822237069035,184.03398457711032,1.2030806953485393e-15,0.0,0.00018245598188686737,61.35404032001099,2.6687473586290874e-14,3.1163409972917306e-16,3.183688290528451e-12,2.197160494036024e-20,7.045332955749853e-14,1.4229640918558293,8.406744657019838e-11,0.00020530387489213242,500000.0,769292.7107198149
0.00012837957747572463,0.00010674012767186696,8.041989305041827,371.21589623476984,0.0,0.05611927753264845,181.771419948664,1.0938384779867257e-15,0.0,0.00018021281765367005,60.59973680326222,2.6023338983308294e-14,3.068661802831249e-16,3.1425775960985485e-12,0.0,1.8999189733257728e-14,1.4054697783093995,7.693209114108063e-11,0.00020525696358122508,500000.0,755621.6701240572
0.00012843443148357364,0.00010718301015569094,8.104327097702958,369.1832170979732,0.0,0.055426480344287224,179.52746745598282,9.934723728617747e-16,0.0,0.00017798810596678427,59.851638280500026,2.5370045348439494e-14,3.021738401572941e-16,3.1019065315036446e-12,1.2626088810063633e-15,8.84752126452229e-14,1.3881193751489533,7.035871249060586e-11,0.00020521014322866682,500000.0,742147.5833194203
0.00012848928549142268,0.00010762909026582334,8.1586244593663,367.1595006712687,0.0,0.05474016152257892,177.3044947745114,9.014568458107637e-16,0.0,0.0001757841942000547,59.110534097512414,2.4728938046675888e-14,2.9756130908355895e-16,3.061710588168614e-12,3.0900667156084706e-16,1.2034563510231326e-13,1.370931189412133,6.431291035129998e-11,0.00020516346458318614,500000.0,728882.5809264671
0.0001285441394992717,0.00010807793492227737,8.205171945093749,365.14671206289364,0.0,0.05406097925544831,175.1046341851357,8.172625259139379e-16,0.0,0.0001736031963510248,58.37713512324021,2.410113065015199e-14,2.930321312505631e-16,3.0220212600091924e-12,0.0,0.0,1.3539217080488908,5.876059782902844e-11,0.00020511697473268726,500000.0,715837.0974758052
0.0001285989935071207,0.00010852912696548593,8.244259247881793,363.14666609229107,0.0,0.053389522736917716,172.92979445719777,7.403639113343595e-16,0.0,0.00017144700482211406,57.65207771138751,2.3487525112387032e-14,2.8858921764207825e-16,2.9828662748388864e-12,7.606551962289018e-15,3.6683773522805653e-14,1.3371056898010796,5.366837009055511e-11,0.00020507071723319676,500000.0,703019.9858854181
0.00012865384751496972,0.0001089822650747152,8.276173972597999,361.16103331122326,0.0,0.052726315920426085,170.7816730148586,6.702456370685481e-16,0.0,0.00016931730248288378,56.93592775649586,2.288883178290647e-14,2.842348978547011e-16,2.9442698262953574e-12,0.0,0.0,1.320496259275705,4.900379764853678e-11,0.00020502473224653228,500000.0,690438.6310227106
0.00012870870152281873,0.00010943696362352363,8.301200568041097,359.1913461662616,0.0,0.05207182131701453,168.6617682266892,6.064074430350869e-16,0.0,0.000167215574854022,56.22918479110078,2.2305588950003117e-14,2.7997097079467423e-16,2.906252803916999e-12,1.0548266138375704e-13,1.33564106918126e-12,1.3041050019644789,4.473565042654482e-11,0.00020497905668444324,500000.0,678099.061018186
0.00012876355553066777,0.00010989285247965131,8.319619363942893,357.2390057064234,0.0,0.0514264437657044,166.5713916838796,5.483679963923167e-16,0.0,0.00016514312227865254,55.5322860790937,2.1738181587392097e-14,2.7579875311988083e-16,2.8688330194311824e-12,8.883838091233843e-29,0.0,1.2879420591978483,4.08340674014802e-11,0.00020493372435708318,500000.0,666006.0563526332
0.00012881840953851679,0.00011034957675807562,8.331705829835292,355.305287352279,0.0,0.050790534225181615,164.51168034453153,4.956677084295885e-16,0.0,0.00016310107196731895,54.845610664438325,2.118685916652362e-14,2.7171912578908067e-16,2.832025427530829e-12,0.0,1.2141041614303665e-14,1.272016222006157,3.727066895112068e-11,0.00020488876612402714,500000.0,654163.2532871459
0.0001288732635463658,0.00011080679653413375,8.33772986337398,353.3913476875786,0.0,0.05016439341897899,162.48360844720347,4.478706943257898e-16,0.0,0.0001610903898065426,54.169483342959296,2.065175231334242e-14,2.677325786472731e-16,2.795842339825749e-12,0.0,0.0,1.2563350232656492,3.401863371228726e-11,0.00020484421004609066,500000.0,642573.2449397261
0.0001289281175542148,0.00011126418652160065,8.337955193965387,351.4982311702546,0.0,0.0495482754157338,160.48799912074804,4.045660024538944e-16,0.0,0.00015911189186703018,53.50417853287958,2.0132888295745707e-14,2.6383925190051876e-16,2.760293631052456e-12,0.0,0.0,1.2409048274694487,3.105273353600723e-11,0.00020480008153687967,500000.0,631237.6775606526
0.00012898297156206383,0.00011172143572130335,8.332638923551007,349.6268763761908,0.0,0.04894239110393236,158.52553562721891,3.653682285086113e-16,0.0,0.0001571662555511158,52.84992402302893,1.963020530726321e-14,2.600389749930381e-16,2.725386936770408e-12,0.0,0.0,1.2257309176546667,2.834934123514884e-11,0.00020475640351290075,500000.0,620157.3411212974
0.00012903782556991287,0.00011217824704684869,8.322031168000725,347.7781220284728,0.0,0.048346911540329954,156.59677218227884,3.299176252465011e-16,0.0,0.00015525403032185236,52.20690458019789,1.9143565511511594e-14,2.563313031494241e-16,2.6911278418842544e-12,0.0,0.0,1.2108175790589817,2.5886414853968845e-11,0.00020471319654107904,500000.0,609332.2545877818
0.00012909267957776188,0.00011263433693299043,8.306374766735244,345.95271303204373,0.0,0.047761971147689875,154.70214431299954,2.9787980899807694e-16,0.0,0.00015337564797214296,51.57526540226562,1.867276685233136e-14,2.527155511372183e-16,2.6575200595736783e-12,0.0,2.02415526728702e-14,1.1961681792074734,2.3643461899326536e-11,0.00020467047898280774,500000.0,598761.7462340406
0.00012917629549373592,0.00011332757543708104,8.27332542033854,343.2165534216763,0.0,0.046890821451062964,151.88048012305785,2.5491664636209706e-16,0.0,0.00015057817819097056,50.63456687349863,1.7984998117804403e-14,2.4737870528173026e-16,2.607547708480376e-12,-1.309931587444896e-36,1.0092046640382811e-13,1.1743508674111753,2.0605170008243925e-11,0.00020460634095833494,500000.0,583135.4716174254
0.00012925991140970994,0.00011401761079791412,8.229889192594953,340.53811127242733,0.0,0.046044610101310335,149.13959002429,2.1817883845445983e-16,0.0,0.0001478607899022825,49.72079715830867,1.7332339239190735e-14,2.42249369635055e-16,2.5590934215141318e-12,1.3770679858465108e-35,2.524815785658517e-13,1.1531581067369854,1.7973327640984145e-11,0.00020454342674202215,500000.0,568090.6825670563
0.00012934352732568399,0.00011470360647189858,8.176823278997158,337.9189544170941,0.0,0.045223416426737086,146.4797312666831,1.867957585440133e-16,0.0,0.00014522373815005927,48.83404201978586,1.6713526034392816e-14,2.373228246706717e-16,2.512150464472745e-12,3.5595394164855804e-35,7.759891918015726e-13,1.1325918862597526,1.5694208991665408e-11,0.0002044817762168106,500000.0,553618.0300367428
0.000129427143241658,0.0001153847874729031,8.114842855978646,335.3602937683774,0.0,0.04442719620822297,143.90076088236538,1.6000693705341812e-16,0.0,0.00014266688119269353,47.97425379467396,1.6127178370231813e-14,2.325937602240005e-16,2.4667060644009203e-12,3.6165862631549616e-25,1.4108562119016872e-15,1.112651100542833,1.3720659080486426e-11,0.0002044214209017852,500000.0,539706.2005710272
0.00012951075915763205,0.00011606043685880003,8.044621626252392,332.8630218840501,0.0,0.0436557999710934,141.4021949240378,1.3715127676532978e-16,0.0,0.00014018973923269663,47.141271142532766,1.557184473112774e-14,2.2805642909727773e-16,2.422742388486695e-12,1.1641545777222247e-24,1.6671318039184633e-14,1.0933320076684616,1.2011461508021737e-11,0.00020436238487258812,500000.0,526342.3219828522
0.0001295943750736061,0.00011672989230181378,7.966792632057565,330.42774887356154,0.0,0.04290898937224012,138.98326157172343,1.176567106494745e-16,0.0,0.00013779154706784828,46.33483675069401,1.504603830183937e-14,2.237047774309933e-16,2.3802374141641744e-12,0.0,0.0,1.0746286398696006,1.0530716201426492e-11,0.00020430468561685505,500000.0,513512.3166426912
0.0001296779909895801,0.00011739254274729604,7.881949317821744,328.0548356331217,0.0,0.042186451836074335,136.64294853169633,1.010303007120558e-16,0.0,0.00013547130108405826,45.554613136319475,1.454826566417336e-14,2.1953255472237031e-16,2.3391656989923385e-12,0.0,0.0,1.0565331700178144,9.247244649944454e-12,0.00020424833482363345,500000.0,501201.2071769683
0.00012976160690555415,0.00011804782516087643,7.790646869285636,325.74442421748626,0.0,0.041487813561882934,134.38004517540932,8.68487047955642e-17,0.0,0.00013322780103325186,44.800196694857625,1.4077048863666996e-14,2.1553340537001984e-16,2.299499058836623e-12,1.10544080868837e-23,9.527462718926481e-15,1.0390362374453657,8.13403510036439e-12,0.0002041933391035726,500000.0,489393.37898268417
0.0001298452228215282,0.0001186952213860132,7.69340376818737,323.4964653758338,0.0,0.040812651021971215,132.19317978683833,7.474925167573909e-17,0.0,0.00013105968696128164,44.071130117722895,1.3630941875742737e-14,2.1170094370288814e-16,2.261207161795085e-12,0.0,1.0368086065262046e-14,1.0221272359444828,7.1677327680083134e-12,0.00020413970064157833,500000.0,478072.8038039494
0.00012992883873750221,0.00011933425513883713,7.590703457840419,321.31074348178555,0.0,0.040160501058468065,130.08085226998801,6.442190242124281e-17,0.0,0.00012896547163480284,43.3669132964644,1.3208542639329852e-14,2.0802881496151729e-16,2.224258045021474e-12,0.0,1.3708567553613803e-14,1.0057945666642223,6.328177453287579e-12,0.0002040874177874047,500000.0,467223.2286107579
0.00013001245465347626,0.00011996448915140244,7.482996051606161,319.18689911413725,0.0,0.03953086970114884,128.0414627130386,5.560214389831086e-17,0.0,0.00012694356886044637,42.68701284560358,1.2808501619499668e-14,2.0451074436746774e-16,2.1886185619571825e-12,1.7609595100380622e-26,2.021055051381556e-16,0.9900258589705436,5.597988924211661e-12,0.000204036485589383,500000.0,456828.3339386744
0.0001300960705694503,0.00012058552246069149,7.370700065476141,317.12444943447605,0.0,0.03892323983587903,126.07333622858388,4.8064696831641595e-17,0.0,0.0001249923181121146,42.030870383979455,1.2429527569711908e-14,2.0114057626980117e-16,2.15425476749323e-12,0.0,0.0,0.9748081625126913,4.96219826645198e-12,0.00020398689627482744,500000.0,446871.8654874574
0.00013017968648542432,0.00012119698784005984,7.25420416487694,315.122806480794,0.0,0.038337077844113075,124.17474446135598,4.1617939273692356e-17,0.0,0.0001231100058543315,41.39790970508614,1.2070391008581819e-14,1.9791230444252464e-16,2.1211322479668183e-12,5.736296245392172e-24,9.738990717513463e-15,0.9601281135225485,4.407922464112472e-12,0.00020393863968022507,500000.0,437337.742381434
0.00013026330240139837,0.00012179854937423079,7.133868901698259,313.18129354655514,0.0,0.03777183932085757,122.34392411061387,3.609901693969986e-17,0.0,0.0001212948839058229,40.7875429521462,1.17299258867932e-14,1.9482009500594842e-16,2.0892164021314096e-12,5.570036384354515e-24,0.0,0.9459720780311133,3.924078883153118e-12,0.00020389170363498154,500000.0,428210.1451724181
0.00013034691831737238,0.00012238990017900765,7.010028416624507,311.2991597689027,0.0,0.03722697396950078,120.57909278572917,3.1369615471423394e-17,0.0,0.0001195451851591134,40.199175904113886,1.140702988172963e-14,1.9185830333579316e-16,2.0584726787023002e-12,0.0,0.0,0.9323262744649576,3.5011360010281426e-12,0.000203846074302938,500000.0,419473.5862812116
0.00013043053423334643,0.00012297076026277078,6.882992088955102,309.475593103517,0.0,0.03670192976666482,118.87846249752114,2.731232791721241e-17,0.0,0.00011785913695614929,39.632212473474326,1.1100663675748311e-14,1.8902148592107408e-16,2.0288667757053675e-12,1.1782552315031223e-23,4.476769110148752e-15,0.9191768779622477,3.130896719553646e-12,0.00020380173648563418,500000.0,411112.96539410786
0.00013051415014932047,0.00012354087452361365,6.753046123955352,307.70973190371706,0.0,0.03619615648461561,117.24025106842285,2.382753116413566e-17,0.0,0.00011623497240066223,39.08605851021365,1.0809849482932305e-14,1.8630440800921382e-16,2.0003648064387845e-12,3.089053349587599e-21,0.0,0.9065101085969924,2.8063106658915653e-12,0.0002037586738908023,500000.0,403113.6121290229
0.0001305977660652945,0.00012410001087588036,6.620455077419893,306.00067515664693,0.0,0.03570910864997151,115.66269171653377,2.0830700914104414e-17,0.0,0.00011467093986005847,38.56012499699156,1.0533669025896189e-14,1.8370204781428224e-16,1.972933436343165e-12,3.6968584013289034e-20,0.0,0.8943123054836157,2.521312037440725e-12,0.00020371686936926101,500000.0,395461.317801254
0.00013068138198126853,0.00012464795850092476,6.485463313275482,304.3474914840491,0.0,0.03524024800838471,114.14404103941715,1.8250115195965946e-17,0.0,0.00011316531088073827,38.053830710814005,1.0271261128786204e-14,1.8120959793064278e-16,1.946539994567131e-12,4.162330511219783e-27,2.8662064896064967e-17,0.8825699885082521,2.2706798873924307e-12,0.00020367630512326635,500000.0,388142.35795719636
0.00013076499789724258,0.0001251845262168771,6.348296386880985,302.7492270937294,0.0,0.0347890455576225,112.6825855997883,1.6024901579189032e-17,0.0,0.00011171638671731278,37.56660441859817,1.0021819065388813e-14,1.788224646170674e-16,1.9211525635975035e-12,0.0,0.0,0.8712699092497521,2.049917974422144e-12,0.00020363696288925033,500000.0,381143.5072391112
0.0001308486138132166,0.0001257095409613196,6.209162353426521,301.2049127647822,0.0,0.03435498320539721,111.27664729575763,1.4103380077751708e-17,0.0,0.00011032250365680384,37.09788666752715,9.784587771150006e-15,1.7653626522671735e-16,1.896740049972548e-12,4.289064835675205e-20,1.0247550656260643e-15,0.8603990925028072,1.8551515836493474e-12,0.0002035988240976319,500000.0,374452.047830227
0.00013093222972919064,0.0001262228463802877,6.068253002379269,299.7135699617859,0.0,0.0339375551025325,109.92458767936876,1.24416560661255e-17,0.0,0.00010898203730015612,36.647131224782726,9.558860998906051e-15,1.7434682422380186e-16,1.873272238761072e-12,0.0,2.5737288135682996e-16,0.8499448696692022,1.6830390535228824e-12,0.00020356187001211476,500000.0,368055.77258886624
0.00013101584564516468,0.00012672430151727002,5.925745019678606,298.2742161645192,0.0,0.033536268696127164,108.62481136807875,1.10024258113639e-17,0.0,0.0001076934059444646,36.21380621487929,9.343978476399755e-15,1.7225016819422443e-16,1.8507198341618738e-12,0.0,0.0,0.8398949051356153,1.5306959739101904e-12,0.00020352608185065553,500000.0,361942.9838239513
0.00013109946156113873,0.0001272137795963449,5.781801079658065,296.885869485184,0.0,0.033150645541884564,107.37576867613865,9.753964772361958e-18,0.0,0.0001064550731917861,35.79739499692476,9.139323109432495e-15,1.7024252008143588e-16,1.829054488278997e-12,4.154381642002548e-19,5.02754054157447e-15,0.8302372166196333,1.39563028473501e-12,0.00020349144089010045,500000.0,356102.4885177202
0.00013118307747711277,0.0001276911668937473,5.636570867004398,295.54755269289006,0.0,0.03278022191013054,106.17595757777293,8.669272554606894e-18,0.0,0.0001052655498954885,35.39739681911379,8.944318263884367e-15,1.6832029281624316e-16,1.8082488198740393e-12,1.5193382722912153e-18,9.578633435438377e-15,0.820960190349219,1.275686744860087e-12,0.00020345792855632288,500000.0,350523.59074948693
0.00013126669339308682,0.00012815636169213982,5.490192031287055,294.2582967172481,0.0,0.0324245492160752,105.02392510102368,7.725350533350698e-18,0.0,0.00010412339554215435,35.01332728341347,8.75842515019262e-15,1.6648008254141774e-16,1.7882764246767536e-12,3.842090052703246e-18,0.0,0.812052591840026,1.1689994229468743e-12,0.00020342552650151486,500000.0,345196.08191901376
0.00013135030930906086,0.0001286092733121659,5.342791082207106,293.0171435507696,0.0,0.03208319430106921,103.91826823871901,6.90259112590516e-18,0.0,0.000103027219154736,34.64471864926597,8.581140325405046e-15,1.6471866161887842e-16,1.7691118786276902e-12,1.9171931395927203e-15,0.0,0.8035035729390239,1.073951041149983e-12,0.00020339421667009498,500000.0,340110.2291070103
0.0001314339252250349,0.000129049821216147,5.194484221873521,291.82314879741705,0.0,0.03175573958801181,102.85763445205373,6.184261396945368e-18,0.0,0.00010197567979178081,34.29112000147434,8.411993321485775e-15,1.6303297154121255e-16,1.7507307352445165e-12,6.047435973470934e-23,4.759578627501372e-18,0.795302675718237,9.891382216121707e-13,0.0002033639813545759,500000.0,335256.76223009394
0.00013151754114100898,0.00012947793417900192,5.045378119905791,290.6753838396285,0.0,0.03144178313139184,101.84072183269711,5.55606671872172e-18,0.0,0.0001009674867081792,33.952097304246735,8.250544404278981e-15,1.6142011579109303e-16,1.7331095181465701e-12,2.2877471629001496e-17,5.0558882568752864e-17,0.7874398337281692,9.133417285336613e-13,0.00020333480324257535,500000.0,330626.86025298876
0.00013160115705698302,0.00012989354952173837,4.895570635470095,289.5729376459431,0.0,0.031140938579506203,100.86627898074863,5.0057822388543466e-18,0.0,0.00010000139923418465,33.62723336050874,8.09638246449041e-15,1.598773527463096e-16,1.7162257096316337e-12,3.3801932705977024e-23,3.3900892352656295e-18,0.7799053710542055,8.455010022028035e-13,0.00020330666545603955,500000.0,326212.13673202426
0.00013168477297295707,0.00013029661240319005,4.745151489429769,288.514918258528,0.0,0.030852835064389756,99.933104648146,4.5229414864986885e-18,0.0,9.907622642186838e-05,33.31612769302123,7.949123039557197e-15,1.5840208872093922e-16,1.7000577360731068e-12,1.847725787627729e-17,6.230646366104921e-18,0.7726899995593839,7.846923542468275e-13,0.00020327955158363177,500000.0,322004.62493952474
0.0001317683888889311,0.0001306870751659422,4.5942028888369935,287.5004540213246,0.0,0.03057711703256181,99.04004719044428,4.098573039871954e-18,0.0,9.819082650158517e-05,33.01839636161212,7.808406463256385e-15,1.5699187117891567e-16,1.6845849507973291e-12,1.1657152713363754e-17,2.843613682701261e-18,0.7657848146454886,7.301102827763034e-13,0.00020325344570713708,500000.0,317996.76280374965
0.00013185200480490516,0.00013106489673260965,4.442800106879642,286.5286945771994,0.0,0.030313444028057784,98.18600386410378,3.7249777190599866e-18,0.0,9.734410618528652e-05,32.73367172890318,7.673896138499485e-15,1.5564438213678892e-16,1.6697876150077708e-12,4.806487007150552e-17,9.464248607592073e-18,0.7591812898196313,6.810514534830806e-13,0.00020322833242263896,500000.0,314181.3778289318
0.0001319356207208792,0.0001314300420488545,4.2910120213364245,285.5988116597756,0.0,0.030061490437646186,97.36992000132872,3.39554002605445e-18,0.0,9.653501984844172e-05,32.46160218521423,7.545276927926553e-15,1.5435743178709385e-16,1.6556468772412537e-12,8.409172856769912e-17,3.3794099930211304e-17,0.752871270314058,6.369009575778182e-13,0.00020320419685714117,500000.0,310551.67212988884
0.00013201923663685327,0.00013178248156977995,4.138901614297018,284.70999970770555,0.0,0.02982094520674476,96.59078808996468,3.1045685032053214e-18,0.0,9.576256861782746e-05,32.201851841815355,7.422253656435762e-15,1.531289523723511e-16,1.6421447517691332e-12,0.0,1.1246320709527407e-18,0.7468469659718538,5.971205126231956e-13,0.0002031810246812336,500000.0,307101.2076948082
0.00013210285255282732,0.00013212219078661682,3.98652643685187,283.86147628901705,0.0,0.029591511533278426,95.84764678190872,2.8471604631074443e-18,0.0,9.50257993884388e-05,31.954100200346428,7.304549719501341e-15,1.519569923235264e-16,1.6292640962920278e-12,0.0,0.0,0.7411009435798941,5.612383214282e-13,0.00020315880211832786,500000.0,303823.8919266199
0.00013218646846880136,0.00013244914979086114,3.8339390406656784,283.0524823731035,0.0,0.02937290654563313,95.13957985000819,2.619087257537552e-18,0.0,9.432380378933031e-05,31.71804180506357,7.191905790980002e-15,1.5083971066566808e-16,1.616988589221775e-12,2.402654246673537e-17,2.157088779991152e-18,0.7356261188035054,5.288403514933497e-13,0.00020313751595093157,500000.0,300713.9635524272
0.0001322700843847754,0.000132763342873151,3.681187377234403,282.28228251917386,0.0,0.029164860970001694,94.46571511060839,2.4166968880281833e-18,0.0,9.365571711540159e-05,31.493385883633437,7.08407862410122e-15,1.4977537168980342e-16,1.6053027068002266e-12,2.8532199540641096e-17,1.3504757749533762e-18,0.7304157478555274,4.995628296707745e-13,0.000203117153524381,500000.0,297765.9790090966
0.00013235370030074945,0.00013306475815433566,3.5283151687695957,281.55016494088545,0.0,0.028967118791637467,93.82522332637147,2.236831277699753e-18,0.0,9.302071723962457e-05,31.279855981350295,6.980839939481291e-15,1.4876233989263305e-16,1.5941917002650186e-12,0.0,9.563890373010906e-19,0.7254634190128318,4.730857724604816e-13,0.00020309770274839491,500000.0,294974.7992842585
0.0001324373162167235,0.00013335338724644754,3.375362253570952,280.85544143400716,0.0,0.028779436913789515,93.21731710157574,2.0767559380722595e-18,0.0,9.241802351781612e-05,31.07718959284611,6.8819753942197305e-15,1.4779907518911592e-16,1.5836415732349145e-12,0.0,1.6333482530147738e-18,0.7207630440746959,4.491274068010843e-13,0.00020307915209676945,500000.0,292335.5772140101
0.00013252093213269757,0.00013362922494150424,3.222364906883215,280.1974472075218,0.0,0.028601584817458846,92.64124978006805,1.9341001126391044e-18,0.0,9.184689569604015e-05,30.885137794685228,6.787283626384444e-15,1.4688412839653727e-16,1.573639059455808e-12,1.6028612523784183e-25,7.818846745715632e-19,0.7163088498416911,4.2743935385235825e-13,0.00020306149060549865,500000.0,289843.74528762605
0.00013252198939166113,0.00013363263079296063,3.220430233732823,280.1893597393088,0.0,0.028599397995007696,92.63416660826954,1.9323987068204966e-18,0.0,9.183987325902714e-05,30.88277637644504,6.786112210921407e-15,1.4687286299044043e-16,1.5735160365377622e-12,5.611043417055173e-22,7.808768249116562e-19,0.7162540822445745,4.271786892527936e-13,0.0002030612729366973,500000.0,289813.16284567554
0.00013252304665062472,0.00013363603459896586,3.218495558903451,280.1812780796109,0.0,0.02859721270862306,92.6270884118282,1.930699749603766e-18,0.0,9.183285575470998e-05,30.88041661691079,6.784941431807661e-15,1.4686160508756787e-16,1.5733930991286963e-12,4.241724685576329e-24,7.798510825999877e-19,0.7161993531172798,4.269183521907862e-13,0.00020306105540836045,500000.0,289782.60331078153
0.00013252480479331496,0.00013364169034523843,3.215278335876689,280.1678519784225,0.0,0.028593582140465198,92.615328912114,1.9278799216612924e-18,0.0,9.182119708704009e-05,30.876496184382738,6.782995921538618e-15,1.4684290064066146e-16,1.5731888526603056e-12,0.0,7.781411678727278e-19,0.7161084278141868,4.264861568019618e-13,0.0002030606939859335,500000.0,289731.83602996677
0.00013252838721905527,0.0001336531970988412,3.20872284838204,280.14054556452686,0.0,0.028586197557954055,92.59141006741612,1.922155033804038e-18,0.0,9.179748333491139e-05,30.86852201719316,6.779037147565678e-15,1.4680485221968087e-16,1.5727734071862864e-12,1.462812705549534e-21,7.747080338748743e-19,0.7159234855754318,4.256083157612654e-13,0.00020305995874609156,500000.0,289628.5886782505
0.00013253196964479558,0.00013366468036787215,3.2021673481109763,280.1133076068347,0.0,0.028578830581779614,92.56754825007536,1.9164579932677773e-18,0.0,9.177382612115766e-05,30.860566862028854,6.775085653955504e-15,1.4676688971747093e-16,1.57235894175728e-12,1.0502981882081806e-20,7.716202210893244e-19,0.71573898427633,4.247342464718104e-13,0.00020305922511753874,500000.0,289525.6056689821
0.0001325355520705359,0.0001336761401522916,3.195611837745087,280.0861382090646,0.0,0.02857148119534673,92.54374340633964,1.9107886535532513e-18,0.0,9.175022539248779e-05,30.85263070096973,6.771141426318918e-15,1.4672901300074612e-16,1.5719454554183087e-12,1.3722548298791367e-20,7.684061001888893e-19,0.715554923501267,4.2386394530427346e-13,0.00020305849309947615,500000.0,289422.886833394
0.00013253913449627622,0.0001336875764520684,3.1890563197618538,280.0590372946657,0.0,0.028564149382100418,92.51999548258699,1.9051468690703984e-18,0.0,9.172668109573954e-05,30.844713516139063,6.7672044503036775e-15,1.4669122193829004e-16,1.5715329472167044e-12,3.0983844590067664e-21,7.646988276936151e-19,0.7153713028356337,4.2299739830691207e-13,0.00020305776269110675,500000.0,289320.4318164345
0.00013254271692201652,0.00013369898926717926,3.182500796573352,280.0320047382353,0.0,0.028556835125526165,92.49630442532654,1.899532494943745e-18,0.0,9.170319317788071e-05,30.836815289703836,6.763274711597586e-15,1.466535164025814e-16,1.5711214162021493e-12,3.37832327726148e-22,7.612715928630668e-19,0.7151881218658346,4.2213458723971943e-13,0.00020305703389163584,500000.0,289218.24021323543
0.00013254835554864315,0.00013371690511069498,3.172182602510483,279.9895946735464,0.0,0.028545358237642638,92.45913050268967,1.8907508221896134e-18,0.0,9.166633800372002e-05,30.824422087693318,6.7571040511717544e-15,1.4659434201270345e-16,1.5704756563672063e-12,3.6264623674916264e-23,7.560597495609057e-19,0.7149006904048832,4.2078407794871837e-13,0.00020305589004114148,500000.0,289057.92660137115
0.00013255399417526974,0.000133734762773776,3.161864411287439,279.94735361009344,0.0,0.0285339247394261,92.42209712025058,1.8820361414064714e-18,0.0,9.162962216469262e-05,30.812075739577626,6.7509512294871335e-15,1.4653537871929086e-16,1.5698323113608088e-12,3.1664323641080703e-23,7.509129673554113e-19,0.7146143456109152,4.194427209489606e-13,0.00020305475017145342,500000.0,288898.26346173644
0.00013255963280189633,0.00013375256225646196,3.1515462325140087,279.9052813881156,0.0,0.02852253456708046,92.38520407137226,1.8733879000403032e-18,0.0,9.159304545593332e-05,30.799776176467233,6.744816191299784e-15,1.4647662605265785e-16,1.5691913775119341e-12,2.9309227114958825e-24,7.458194883808496e-19,0.714329085886198,4.181104560963815e-13,0.00020305361427950082,500000.0,288739.2495689431
0.00013256527142852296,0.00013377030355884816,3.141228075755304,279.8633778626466,0.0,0.028511187657051146,92.34845115020002,1.8648055508057634e-18,0.0,9.155660767335254e-05,30.78752332973342,6.738698881593571e-15,1.4641808355170494e-16,1.5685528511634873e-12,1.0828606121184953e-23,7.407802019653789e-19,0.7140449096390488,4.1678722385606626e-13,0.00020305248236222458,500000.0,288580.88371763227
0.0001325772341228467,0.00013380775017545767,3.1193375853984917,279.7750348560072,0.0,0.028487257453661097,92.27094063177304,1.8468133038718733e-18,0.0,9.147976177027644e-05,30.761682540151195,6.725779086931551e-15,1.4629457590230566e-16,1.567206133494002e-12,5.783621703466623e-25,7.302621045886225e-19,0.7134455926993707,4.1400954419596946e-13,0.00020305009407737133,500000.0,288247.0411532508
0.00013259724369198007,0.0001338698004524376,3.0827227092834386,279.6289583084974,0.0,0.028447663238129032,92.14269399203246,1.81736196481637e-18,0.0,9.135261478368228e-05,30.71892712450672,6.7043450039777975e-15,1.460900875640281e-16,1.5649776175591432e-12,1.713418309522033e-24,7.131837302547187e-19,0.7124539803967677,4.0945216350692904e-13,0.0002030461391582238,500000.0,287695.11095021036
0.00013261725326111344,0.00013393111809217246,3.046108892634139,279.4849931643324,0.0,0.028408608566078096,92.01619494690149,1.788696150471407e-18,0.0,9.122720040691596e-05,30.676754329460042,6.683129629825035e-15,1.4588820932873438e-16,1.562779116678572e-12,3.4664845674204075e-24,6.967268641037134e-19,0.7114758806221994,4.0500364350432314e-13,0.00020304223403918325,500000.0,287151.24099547596
0.0001326372628302468,0.00013399170311932153,3.0094965401088736,279.3431325173308,0.0,0.02837009069374923,91.89143460928257,1.7607933118303004e-18,0.0,9.110350982908246e-05,30.63516119219241,6.662130593659073e-15,1.45688922810919e-16,1.560610472969044e-12,6.627138702180125e-25,6.808666113581714e-19,0.7105112246599841,4.0066149004572804e-13,0.00020303837858799532,500000.0,286615.37884453265
0.00013267198273581973,0.00013409508977639482,2.9459726940870032,279.1019546259571,0.0,0.028304521662067286,91.67905489991199,1.7141243271055102e-18,0.0,9.0892951173395e-05,30.56435713239825,6.626200289595108e-15,1.453492259826407e-16,1.5569179094803331e-12,0.0,6.546930621813145e-19,0.7088690893723766,3.933724363902143e-13,0.0002030318062222823,500000.0,285704.4196812338
0.00013270670264139262,0.00013419627102328135,2.882456441252212,278.8670570097219,0.0,0.028240546820518554,91.47183881166389,1.6695787656861144e-18,0.0,9.068751186326672e-05,30.495274542794412,6.590902357817254e-15,1.4501718962696503e-16,1.5533139736796582e-12,0.0,6.301291324735725e-19,0.7072668795770968,3.863842252167738e-13,0.0002030253823382684,500000.0,284817.15086782735
0.00013274142254696554,0.00013429524715256454,2.818949717586588,278.63840486352314,0.0,0.028178152635131442,91.26974250769695,1.627053467435032e-18,0.0,9.04871484377361e-05,30.42789880886643,6.556225121540163e-15,1.4469272742101939e-16,1.5497978867012995e-12,0.0,6.070677100172166e-19,0.7057042563245142,3.7968531714069285e-13,0.0002030191062831756,500000.0,283953.3150551003
0.00013277614245253846,0.0001343920185259639,2.7554543842198793,278.415963980553,0.0,0.028117325901342947,91.07272321813107,1.586451166741767e-18,0.0,9.029181849365421e-05,30.362215671807967,6.5221571940299085e-15,1.4437575600207543e-16,1.5463688885887528e-12,8.835247352444444e-41,5.85409898414925e-19,0.70418088891482,3.7326475490665564e-13,0.0002030129774211307,500000.0,283112.6617777541
0.00013282219922866056,0.00013451698663488753,2.6712469532917393,278.13041800324305,0.0,0.02803903453618621,90.81913555733651,1.5354022360765334e-18,0.0,9.004040522487216e-05,30.27767352815793,6.4778865377249905e-15,1.4396670682020138e-16,1.5419533621093527e-12,3.1507774234998883e-40,5.586908441345113e-19,0.7022201307636444,3.651595005152438e-13,0.00020300507341596536,500000.0,282032.8721173502
0.00013286825600478266,0.00013463807702385962,2.587066719496455,277.8556656557695,0.0,0.02796344955866856,90.57431395297402,1.4873748978307636e-18,0.0,8.979768284781176e-05,30.196053850056096,6.434643345717906e-15,1.435705140522439e-16,1.5376881008418267e-12,4.693918064726747e-41,5.340872025591665e-19,0.7003271523954004,3.575028759144941e-13,0.0002029974259291378,500000.0,280992.8970448902
0.00013291431278090475,0.00013475529103227217,2.5029174940920287,277.59163172276936,0.0,0.02789054277624931,90.33816708875867,1.4421826891340487e-18,0.0,8.956356082918119e-05,30.117326194087138,6.392403229045495e-15,1.4318700159737146e-16,1.5335714813351858e-12,-1.4028108852372156e-40,5.114238140476202e-19,0.6985012477459623,3.5027350629643196e-13,0.00020299003360724265,500000.0,279992.20593315124
0.00013296036955702688,0.0001348686301773331,2.418802898398668,277.3382427978799,0.0,0.027820286965964773,90.11060678888622,1.3996528663203137e-18,0.0,8.933795174924126e-05,30.041461163822685,6.3511425830478844e-15,1.4281599978926456e-16,1.5296019355044994e-12,4.408080826470098e-25,4.905417295397541e-19,0.6967417350336284,3.4345142706807904e-13,0.00020298289514771592,500000.0,279030.28795646277
0.00013303948822633788,0.00013505428924046042,2.274397326120244,276.9276019780832,0.0,0.027705710998990933,89.73949241075574,1.3323486878092709e-18,0.0,8.897001949809968e-05,29.917737458307123,6.282483690854078e-15,1.4220740956933282e-16,1.5231218315433189e-12,2.670106846579575e-24,4.584251150368761e-19,0.6938722517959253,3.326296130035912e-13,0.00020297122135926415,500000.0,277466.9577623688
0.0001331186068956489,0.00013522852810251426,2.1301204695849907,276.5478125123618,0.0,0.02759875439081136,89.39305732465277,1.2716939906182704e-18,0.0,8.862655492594679e-05,29.802241441178356,6.2165371172215226e-15,1.4163447202485264e-16,1.517064000906944e-12,5.2291447941221245e-24,4.3052365905823894e-19,0.6911935906307796,3.2286917882565146e-13,0.00020296028701560732,500000.0,276014.2450404772
0.00013319772556495994,0.00013539135756739763,1.9859874387134304,276.198537926331,0.0,0.027499298516359835,89.07091730124908,1.2170389806545745e-18,0.0,8.83071770980357e-05,29.69484501641246,6.1531977652892945e-15,1.4109645119562743e-16,1.51142159636486e-12,4.280520913845351e-24,4.0630516572130443e-19,0.6887027806492099,3.140937318394396e-13,0.00020295008650550456,500000.0,274669.9482825155
0.00013327684423427094,0.00013554278958036566,1.842012199765332,275.8794566071053,0.0,0.027407232592230442,88.77271351053167,1.1678101214620156e-18,0.0,8.80115302611479e-05,29.595428555718343,6.092366051841772e-15,1.4059266013502086e-16,1.506188214967959e-12,7.356506112954742e-25,3.8532450850128103e-19,0.6863970473515789,3.062356153641835e-13,0.00020294061462697868,500000.0,273432.02076360316
0.00013335596290358197,0.00013568283714203864,1.6982076996090103,275.5902617146362,0.0,0.02732245349187273,88.49811192321768,1.1235009720369183e-18,0.0,8.773928325014062e-05,29.503880698978833,6.033947566839332e-15,1.4012245916549802e-16,1.5013578866471111e-12,0.0,3.6720397454949347e-19,0.6842738079992898,2.992350670249501e-13,0.0002029318665824873,500000.0,272298.56571904337
0.000133435081572893,0.00013581151423918482,1.5545859750546074,275.33066107830734,0.0,0.027244865565864015,88.24680272861384,1.0836648146894434e-18,0.0,8.749012891079806e-05,29.420098160174195,5.977852760864477e-15,1.3968525423367103e-16,1.4969250631943314e-12,0.0,3.516502350309993e-19,0.6823306671136343,2.9303947028265756e-13,0.00020292383797402755,500000.0,271267.83178571454
0.00013351420024220403,0.00013592883578062245,1.4111582597907992,275.10037706212665,0.0,0.02717438047411681,88.01849979113405,1.0479080520068036e-18,0.0,8.726378356100881e-05,29.343985546193625,5.923996649630806e-15,1.39280495384389e-16,1.4928846079513157e-12,1.3653376295772543e-24,3.383350348227331e-19,0.6805654122735462,2.8760270292762816e-13,0.00020291652479743392,500000.0,270338.2087500417
0.00013359331891151503,0.00013603481753746404,1.2679350907724374,274.899146414707,0.0,0.027110917030147914,87.81294014588475,1.0158841501241184e-18,0.0,8.70599864906766e-05,29.275455188671323,5.8722985341067356e-15,1.3890767533885557e-16,1.489231786204313e-12,0.0,3.2728042547215477e-19,0.6789760102154315,2.828845748259862e-13,0.00020290992343628892,500000.0,269508.2236102387
0.00013367243758082606,0.0001361294760906187,1.1249264112392983,274.7267201179871,0.0,0.027054401055339166,87.62988352661344,9.87288287071144e-19,0.0,8.687849949371629e-05,29.214426986611965,5.82268173758803e-15,1.3856632817860714e-16,1.4859622561780766e-12,4.005642695603329e-24,3.173888317202219e-19,0.6775606031832323,2.788503407744416e-13,0.00020290403065587642,500000.0,268776.53693674464
0.00013380275142114563,0.00013626074741998598,0.8898738585885101,274.5048976073406,0.0,0.0269762850641692,87.37686393733478,9.469653898886187e-19,0.0,8.662764942550588e-05,29.130074229082474,5.745304963009241e-15,1.3807160387905925e-16,1.4814023491277585e-12,3.8931971642964825e-23,3.0423527193396905e-19,0.6756042374021055,2.7361978241251205e-13,0.00020289586209513034,500000.0,267782.5349539548
0.0001339330652614652,0.00013636142988875935,0.6554687341813102,274.3596167824167,0.0,0.026916575328398983,87.18346266954701,9.142213400410197e-19,0.0,8.643590648040271e-05,29.06559728366378,5.673072842444306e-15,1.3765944689835026e-16,1.4778561896766405e-12,8.404902145772992e-23,2.9800324014093006e-19,0.6741088447986735,2.700599536117176e-13,0.0002028895975808224,500000.0,267047.31247350125
0.0001340633791017848,0.00013643161039974614,0.4217490670155038,274.29001082343154,0.0,0.02687505895956717,87.04899017275251,8.882599443806585e-19,0.0,8.630258702047238e-05,29.020766265048977,5.605703813030655e-15,1.3732845942582509e-16,1.475310991613413e-12,4.707669905791756e-23,2.957921280362848e-19,0.6730690937185695,2.6809611899541533e-13,0.00020288522917366052,500000.0,266567.1156046748
0.00013419369294210437,0.00013647138073111218,0.18875205802392628,274.29531170317415,0.0,0.02685157009109021,86.9729092014717,8.684591561113908e-19,0.0,8.62271584068564e-05,28.995402064032305,5.542937515636347e-15,1.3707750885770863e-16,1.4737565766981443e-12,0.0,2.912293999264911e-19,0.6724808301408524,2.676820338928959e-13,0.0002028827515167726,500000.0,266339.06529370695
0.00013432400678242394,0.00013648083746826753,-0.04348484098973019,274.37484813720914,0.0,0.026845988834314997,86.9548314338839,8.543457294265291e-19,0.0,8.62092356474065e-05,28.989375220217106,5.484532619713453e-15,1.3690571913691187e-16,1.473185307715283e-12,0.0,3.1033028417602487e-19,0.6723410515330922,2.68798312019977e-13,0.00020288216176110073,500000.0,266361.13392603263
0.00013445432062274352,0.00013646008213118941,-0.27492302435643684,274.5280437442336,0.0,0.02685824036011005,86.99451449708857,8.455809809441574e-19,0.0,8.624857844745293e-05,29.00260493028465,5.430264930745779e-15,1.3681246378234744e-16,1.4735920292584429e-12,0.0,3.3666501578495856e-19,0.6726478838504754,2.7145153615888673e-13,0.00020288345950019446,500000.0,266632.1263414387
0.0001345846344630631,0.00013640922141712632,-0.5055218523665076,274.75441523879357,0.0,0.026888294144272164,87.09185952296863,8.419507912689852e-19,0.0,8.6345088786625e-05,29.035058233157347,5.3799256661919016e-15,1.3679735998112764e-16,1.4749740177548981e-12,1.3729363059377209e-22,3.5506694681848825e-19,0.6734005626375626,2.756740865811619e-13,0.0002028866467067558,500000.0,267151.665335328
0.00013471494830338268,0.00013632836752233091,-0.7352376929281819,275.05357049349885,0.0,0.026936163389170834,87.24690927489364,8.433568214078815e-19,0.0,8.649880906161688e-05,29.086749385471006,5.333319818427872e-15,1.3686026399029388e-16,1.4773309409837558e-12,0.0,3.1200833041124535e-19,0.6745994185438227,2.815247009605736e-13,0.00020289172766465514,500000.0,267920.1815036352
0.00013484526214370225,0.0001362176385750347,-0.9640229124674666,275.42520648616454,0.0,0.02700190459404552,87.45984675591392,8.498109510001561e-19,0.0,8.670992070631581e-05,29.157739397568598,5.290264610155977e-15,1.37001268135888e-16,1.4806648255951862e-12,9.850744485179135e-22,4.582275243419039e-19,0.6762458665620876,2.8908973329712185e-13,0.00020289870889745828,500000.0,268938.9070878545
0.00013497557598402183,0.00013607715921495114,-1.1918248725861282,275.86910719744213,0.0,0.02708561724450556,87.73099420305581,8.614352890420869e-19,0.0,8.69787431947208e-05,29.248135698214128,5.250588066572147e-15,1.372206989229584e-16,1.4849800311231595e-12,0.0,0.0,0.6783423982523725,2.984851541450889e-13,0.00020290759909633358,500000.0,270209.8735260347
0.0001351058898243414,0.00013590706131922297,-1.418584929295606,276.3851414550259,0.0,0.027187443612148497,88.06081243829459,8.78467327088924e-19,0.0,8.730573339748058e-05,29.35809191821713,5.214127693682254e-15,1.3751911578595122e-16,1.4902832299074576e-12,5.818213864595492e-21,1.6575433001836246e-18,0.6808925767235487,3.098593643876134e-13,0.00020291840904721275,500000.0,271735.9125676937
0.000135236203664661,0.0001357074848597068,-1.64423739231293,276.97326065838695,0.0,0.027307568663565224,88.44990057383558,9.012688524608536e-19,0.0,8.769148528970183e-05,29.487807792178092,5.1807292292930846e-15,1.3789731094921052e-16,1.4965833926705877e-12,0.0,0.0,0.6839010343545586,3.2339689967074233e-13,0.00020293115155468162,500000.0,273520.6608488102
0.00013536651750498056,0.00013547857889096047,-1.8687084168402348,277.63349631529854,0.0,0.027446220068769404,88.89899603943583,9.303386769704236e-19,0.0,8.813672997803659e-05,29.637529167597013,5.1502454424726155e-15,1.3835631068021639e-16,1.5038917790297422e-12,2.0724036049327203e-20,5.259435407164249e-18,0.6873734730056671,3.3932314488167134e-13,0.00020294584136031134,500000.0,275568.5677411667
0.00013549683134530014,0.00013522050268408562,-2.091914826536187,278.3659573441446,0.0,0.027603668288503542,89.40897486521258,9.66330541842602e-19,0.0,8.864233598106573e-05,29.807548099157344,5.122534974206221e-15,1.3889737718448872e-16,1.5122219317218372e-12,0.0,0.0,0.6913166662051575,3.5791021638771824e-13,0.0002029624950542196,500000.0,277884.90621566563
0.00013562714518561972,0.0001349334270219992,-2.3137628689768484,279.1708270969502,0.0,0.027780226717775275,89.98085214658637,1.0100775399171288e-18,0.0,8.920930969025546e-05,29.99820300373069,5.0974612159414996e-15,1.3952201083822437e-16,1.521589673211641e-12,1.9651770023107187e-20,4.032517384416123e-18,0.6957384627443054,3.7948420806592995e-13,0.0002029811309787921,500000.0,280475.7864437077
0.0001357574590259393,0.00013461753566503467,-2.5341468924156993,280.04836004224677,0.0,0.027976251864643756,90.61578262340551,1.0626240081077928e-18,0.0,8.9838795944116e-05,30.20987885344783,5.07489121714653e-15,1.4023195337851505e-16,1.5320131034004274e-12,1.6441814392810885e-20,5.104462074887032e-18,0.7006477911552111,4.0443404636635323e-13,0.0002030017691227816,500000.0,283348.1718620509
0.00013588777286625887,0.00013427302699443508,-2.7529479257944978,280.9988780246053,0.0,0.028192143541248462,91.31506129873011,1.1252661164537576e-18,0.0,9.053207864167993e-05,30.443007381991592,5.0546946098528964e-15,1.4102919193650716e-16,1.5435125970100077e-12,0.0,0.0,0.7060546644952825,4.332222570760222e-13,0.00020302443100334727,500000.0,286509.89737910527
0.00013601808670657845,0.00013390011584600467,-2.9700321477087206,282.0227660065701,0.0,0.028428345037619544,92.08012400185277,1.199603188811658e-18,0.0,9.12905813006951e-05,30.698067272299088,5.036742540937834e-15,1.4191596321529253e-16,1.5561107988616518e-12,5.040092415160882e-20,6.722480241630376e-18,0.711970184700551,4.663980152946245e-13,0.00020304913953335225,500000.0,289969.6893126297
0.00013614840054689803,0.00013349903555058163,-3.185249234480705,283.12046719080524,0.0,0.02868534324150487,92.91254777647605,1.2876025526670745e-18,0.0,9.211586744247383e-05,30.975584285974005,5.020906607207124e-15,1.4289475785100728e-16,1.569832614872519e-12,7.982752772273714e-20,1.782471722746868e-17,0.7184065455870886,5.046129323648735e-13,0.00020307591887111016,500000.0,293737.1865466444
0.00013615614070268945,0.00013347433199008968,-3.1979700406697593,283.187999330042,0.0,0.028701273521485472,92.96414636207957,1.2933087491082513e-18,0.0,9.216702359506357e-05,30.992786444085134,5.020029809610439e-15,1.429558479017825e-16,1.5706835659356946e-12,3.907782632804143e-23,1.2667381264157806e-18,0.7188055095863201,5.07057301866775e-13,0.00020307757515606743,500000.0,293970.86644031014
0.00013616388085848087,0.000133449529996502,-3.2106836325170183,283.255794401618,0.0,0.028717279145353134,93.01598898848229,1.2990720782049539e-18,0.0,9.221842169592021e-05,31.010069961566177,5.0191599957016706e-15,1.4301727282266472e-16,1.571538582089263e-12,0.0,1.262016648367599e-18,0.7192063605266775,5.095223320392831e-13,0.00020307923884080862,500000.0,294205.6719437546
0.0001361716210142723,0.00013342462962579208,-3.2233899681780347,283.32385625555486,0.0,0.0287333602296578,93.06807603319305,1.3048931080234897e-18,0.0,9.227006211931566e-05,31.02743496427267,5.018297138205767e-15,1.4307903316756585e-16,1.572397669297704e-12,9.961928884864237e-23,1.3027005057062428e-18,0.7196091013270868,5.12008257059547e-13,0.00020308090993076405,500000.0,294441.6092916553
0.0001361771308753175,0.00013340684428701473,-3.2324305794641504,283.37247137710267,0.0,0.0287448536563535,93.10530353719717,1.3090723093589057e-18,0.0,9.230697041540738e-05,31.03984602946895,5.017687133017701e-15,1.4312320215300744e-16,1.573011697755148e-12,0.0,1.2930786763906766e-18,0.7198969470830346,5.13790772676246e-13,0.00020308210401783408,500000.0,294610.25567578897
0.0001361826407363627,0.00013338900914594605,-3.241467478005121,283.4212239387396,0.0,0.028756385423270015,93.14265522616897,1.3132812612637278e-18,0.0,9.234400183164052e-05,31.0522984959832,5.0170806290280734e-15,1.4316754150240013e-16,1.573627794365445e-12,1.194300921477075e-23,1.3100618127948413e-18,0.7201857530461426,5.155841253939907e-13,0.0002030833018621286,500000.0,294779.4799023503
0.0001361881505974079,0.0001333711242230835,-3.2505006503037146,283.4701134685891,0.0,0.02876795557292892,93.18013123783716,1.3175201816570764e-18,0.0,9.238115650456283e-05,31.064792409732007,5.016477616278692e-15,1.4321205137912592e-16,1.574245961303615e-12,0.0,1.3183882210667597e-18,0.7204755202813392,5.173883722638642e-13,0.00020308450346562444,500000.0,294949.28229443
0.0001361936604584531,0.00013335318953899584,-3.2595300824730553,283.5191398271457,0.0,0.028779564147994083,93.21773171039122,1.3217892892318965e-18,0.0,9.241843457117888e-05,31.077327816785573,5.0158780848260216e-15,1.4325673196642033e-16,1.5748662007521145e-12,7.691786345658448e-22,1.4631889461216944e-18,0.7207662498571153,5.192035642478611e-13,0.00020308570883029913,500000.0,295119.66352447757
0.0001362005062239077,0.0001333308371749245,-3.270743532033855,283.580243736519,0.0,0.028794040897462424,93.26462227345763,1.327135856465532e-18,0.0,9.246492307025665e-05,31.09296039411988,5.0151380275165144e-15,1.433124837764116e-16,1.5756397120663291e-12,0.0,1.3413868191196845e-18,0.7211288110852647,5.214742130366889e-13,0.00020308721168667976,500000.0,295332.1626407754
0.0001362073519893623,0.00013330840806612227,-3.2819511584735817,283.641559345974,0.0,0.028808577112683083,93.31170544763634,1.3325297898126845e-18,0.0,9.25116025288992e-05,31.108657184974167,5.014403309833814e-15,1.4336849977881376e-16,1.5764164303085782e-12,0.0,1.3536817423406697e-18,0.7214928615964779,5.237620109571541e-13,0.0002030887203560475,500000.0,295545.5586567382
0.00013621419775481692,0.00013328590225254717,-3.293152934259931,283.703086795683,0.0,0.028823172876374047,93.35898150085339,1.3379715210307536e-18,0.0,9.255847321273526e-05,31.124418278670777,5.013673912652524e-15,1.4342478034723963e-16,1.5771963597098858e-12,4.52948041067755e-24,1.3682673763239757e-18,0.7218584034623784,5.260670954809274e-13,0.00020309023484221228,500000.0,295759.8533073466
0.00013622104352027152,0.00013326331977434665,-3.3043488319435768,283.7648259973118,0.0,0.028837828271581715,93.40645070209854,1.3434614868723187e-18,0.0,9.260553538844815e-05,31.140243764886662,5.012949816826974e-15,1.4348132586391754e-16,1.5779795045179173e-12,0.0,1.3801138679830301e-18,0.7222254387628148,5.283895908779637e-13,0.0002030917551489909,500000.0,295975.04809557257
0.00013622788928572613,0.00013324066067185576,-3.3155388239496855,283.8267768423097,0.0,0.028852543381682645,93.45411332143104,1.3490001282528464e-18,0.0,9.265278932378145e-05,31.156133733655334,5.0122310032026826e-15,1.4353813672594875e-16,1.5787658689971719e-12,1.4809356653375888e-22,1.4154751589946113e-18,0.7225939695859044,5.307296252409261e-13,0.0002030932812802052,500000.0,296191.1445099551
0.00013623473505118073,0.00013321792498559824,-3.3267228824352624,283.88893933264967,0.0,0.028867318290383456,93.5019696299791,1.354587890228973e-18,0.0,9.270023528753862e-05,31.172088275366697,5.011517452616794e-15,1.4359521334374687e-16,1.579555457428976e-12,7.32646392615191e-24,1.4092537803276041e-18,0.7229639980280306,5.330873361177005e-13,0.00020309481323968183,500000.0,296408.14416155504
0.00013624158081663535,0.00013319511275628902,-3.3379009793284364,283.95131353346994,0.0,0.02888215308171981,93.5500198999368,1.3602252225390351e-18,0.0,9.274787354957974e-05,31.188107480765957,5.010809145890738e-15,1.4365255613512148e-16,1.5803482741113605e-12,0.0,1.4111391522089051e-18,0.7233355261938171,5.35462862144477e-13,0.00020309635103125275,500000.0,296626.0487346002
0.00013625221674330547,0.00013315951878032265,-3.355255942204114,284.0486412635445,0.0,0.028905320152087022,93.6250586356032,1.3690830711383585e-18,0.0,9.282226886423787e-05,31.213124216792604,5.009719042154081e-15,1.4374217580383225e-16,1.5815864482715743e-12,1.5428395701589068e-23,1.4456192636621698e-18,0.7239157311302228,5.391892597177938e-13,0.00020309875180021903,500000.0,296966.39526817936
0.00013626285266997562,0.0001331237402956051,-3.3725963402357517,284.1464801376904,0.0,0.028928632290634353,93.70056725086974,1.3780634012604968e-18,0.0,9.289713002950493e-05,31.238297603298726,5.00864147777215e-15,1.438324406052562e-16,1.582832441559407e-12,2.2265417167599757e-23,1.4690048776896983e-18,0.7244995692097126,5.429595060870582e-13,0.00020310116667055303,500000.0,297308.9362841851
0.00013627348859664574,0.00013308777745761757,-3.3899220659921836,284.2448302159738,0.0,0.028952089817234922,93.77654678181516,1.3871679694343195e-18,0.0,9.297245807257579e-05,31.26362798569669,5.007576380559607e-15,1.439233521871333e-16,1.5840862703325684e-12,2.0792920619750908e-22,1.5051227365757428e-18,0.7250870484433221,5.467741301031064e-13,0.00020310359565670473,500000.0,297653.6780065241
0.00013629193462126084,0.00013302496999161037,-3.4199351858106657,284.41661230761713,0.0,0.028993118184786067,93.90943871784441,1.4032580026053916e-18,0.0,9.310421052427455e-05,31.307932070169723,5.005758515951259e-15,1.4408255984849847e-16,1.5862794288791207e-12,2.0345200805257158e-23,1.5324011826707533e-18,0.7261145785130644,5.534966908267104e-13,0.00020310784179111303,500000.0,298256.80457503494
0.00013633638471870826,0.00013287134929377685,-3.4920728354145547,284.83688212399613,0.0,0.029093796633190446,94.23553879803548,1.4436462437747775e-18,0.0,9.342751445337722e-05,31.416648715672295,5.0015288175078354e-15,1.4447427602422052e-16,1.5916619192664317e-12,2.5525805375024035e-22,1.6827973953012776e-18,0.7286360079402634,5.702686514518797e-13,0.00020311824893215662,500000.0,299737.6539262377
0.0001363842041734698,0.00013270251069008864,-3.5693771686060662,285.29898800169406,0.0,0.029204986863956003,94.59568681228171,1.4897768203739433e-18,0.0,9.378457437190308e-05,31.536716407683617,4.99721169332322e-15,1.4490853692123343e-16,1.5976075107452856e-12,4.384827360370406e-21,2.4505565163377357e-18,0.731420698458387,5.892540803175981e-13,0.0002031297222260393,500000.0,301374.5486903581
0.0001364182556950287,0.0001325800336167717,-3.624228294865417,285.6343552555214,0.0,0.029286000105334487,94.85809078327165,1.5244194765707018e-18,0.0,9.40447283552551e-05,31.624197770692916,4.994281293195171e-15,1.4522597916606255e-16,1.6019401199175889e-12,5.789378649216982e-21,2.9273708092082368e-18,0.7334496249581282,6.033980472736645e-13,0.00020313806810129831,500000.0,302568.15174217476
0.0001364523072165876,0.00013245569161925307,-3.6789117723914666,285.9749729645658,0.0,0.02936855371768599,95.1254840560716,1.5606354833349625e-18,0.0,9.430982885955762e-05,31.713342488571225,4.991467725817283e-15,1.4555032233427108e-16,1.6063556054194367e-12,0.0,1.0643516729969037e-18,0.7355171291006508,6.180852170258546e-13,0.00020314656085732212,500000.0,303785.2944301243
0.0001364863587381465,0.00013232949047756686,-3.7334235134673683,286.320843951925,0.0,0.029452659237170727,95.39790399666418,1.5985008659173987e-18,0.0,9.457991293039795e-05,31.804163018550355,4.988768547787012e-15,1.4588162905752112e-16,1.6108545562542423e-12,1.64773863518674e-21,2.198918839151835e-18,0.7376234998024379,6.333375191181543e-13,0.0002031552009802474,500000.0,305026.2046961847
0.00013652041025970539,0.00013220143611246223,-3.7877593147142417,286.67197108616193,0.0,0.029538328396953462,95.67538860913811,1.638095802025492e-18,0.0,9.485501824599805e-05,31.896672030596637,4.986181297474478e-15,1.4621996392894557e-16,1.615437571226872e-12,2.9626841953036147e-21,3.045714151225839e-18,0.7397690309138543,6.491778826017299e-13,0.0002031639889575285,500000.0,306291.1149926966
0.0001365544617812643,0.00013207153458796273,-3.8419148553721003,287.0283571510335,0.0,0.029625573127067182,95.95797653524676,1.679504819274709e-18,0.0,9.513518311677683e-05,31.990882407263776,4.983703493850265e-15,1.465653934407284e-16,1.6201052589090096e-12,0.0,0.0,0.7419540212157341,6.656302277683135e-13,0.0002031729252776963,500000.0,307580.262178825
0.0001365885133028232,0.00013193979211664278,-3.8958856933768944,287.3900049214294,0.0,0.029714405552401756,96.24570704789348,1.7228171017172905e-18,0.0,9.542044647889145e-05,32.086807241521,4.981332635186101e-15,1.469179852247023e-16,1.62485823749589e-12,5.3453759811582674e-21,1.3038398042981198e-18,0.7441787743690095,6.827195997339917e-13,0.00020318201042986421,500000.0,308893.8876180785
0.0001366225648243821,0.0001318062150650806,-3.9496672613127846,287.7569172493046,0.0,0.029804837990485354,96.53862004394594,1.768126815468264e-18,0.0,9.57108478871131e-05,32.184459834357426,4.979066197747825e-15,1.4727780775573483e-16,1.6296971346506457e-12,1.817928459765203e-20,1.1807578333925638e-17,0.746443598859149,7.004722140119257e-13,0.00020319124490321706,500000.0,310232.2372863644
0.00013668930932663956,0.00013153909315237046,-4.054517510238893,288.4913870671501,0.0,0.029986784719158138,97.12795018711311,1.8631189809919656e-18,0.0,9.629512480821094e-05,32.38093324896338,4.974916901823703e-15,1.480043422818831e-16,1.6394335757583486e-12,0.0,4.713687572673217e-19,0.7510003421891116,7.372993912657214e-13,0.0002032097804860456,500000.0,312928.23098137777
0.00013675605382889702,0.00013126499895133926,-4.158585585806709,289.24611594471185,0.0,0.030175023245115496,97.73765962817261,1.966984638822808e-18,0.0,9.689960628453874e-05,32.584200801440055,4.971139526119752e-15,1.4875946603526535e-16,1.6495074720625775e-12,0.0,0.0,0.7557146597256778,7.770020555798209e-13,0.00020322889531073878,500000.0,315722.12002732913
0.00013680527342084577,0.00013105843745371968,-4.234805089430745,289.81566910583757,0.0,0.030317924973405998,98.20052201526538,2.0497880529739825e-18,0.0,9.735849984964404e-05,32.73851185228137,4.968580634178711e-15,1.493349582941741e-16,1.6571554115810384e-12,0.0,8.004186985905659e-18,0.7592935452103676,8.082624705432901e-13,0.00020324336441858922,500000.0,317846.30977347115
0.00013685449301279454,0.00013084813578598242,-4.310561823133911,290.3962595040372,0.0,0.03046434269204393,98.67477278877685,2.138304647191607e-18,0.0,9.782868415124037e-05,32.896619612305784,4.966205096313711e-15,1.4992653053362682e-16,1.6649916580357853e-12,0.0,0.0,0.7629604865232751,8.41321921858234e-13,0.0002032581519569952,500000.0,320025.6533945959
0.0001369037126047433,0.00013063411713817944,-4.3858388163324955,290.9878947975224,0.0,0.030614317836524442,99.16054615968694,2.232965347134898e-18,0.0,9.831029224951305e-05,33.05856882534626,4.964004668575102e-15,1.5053441900115373e-16,1.6730183108250818e-12,2.023017628889341e-20,4.766263989137267e-18,0.7667165213934126,8.762920079098751e-13,0.00020327325936232604,500000.0,322260.99856700626
0.00013695293219669204,0.00013041640555329432,-4.460618425127783,291.5905822639887,0.0,0.03076789259848664,99.65797878817274,2.3342370602656693e-18,0.0,9.880345963284399e-05,33.224405051759675,4.9619709661427844e-15,1.5115886414190317e-16,1.6812375046578562e-12,2.180633246767889e-20,3.098636779459043e-17,0.770562706487162,9.132919179519318e-13,0.0002032886880531669,500000.0,324553.2129690391
0.0001370021517886408,0.00013019502596139446,-4.534882308977264,292.20432873072673,0.0,0.03092510990437873,100.16720971450691,2.4426258223281644e-18,0.0,9.930832414930238e-05,33.39417464538933,4.960095456673673e-15,1.5180011157092804e-16,1.6896514081277745e-12,0.0,9.595476509997667e-19,0.7745001168739766,9.524489658044458e-13,0.00020330443942671858,500000.0,326903.18423421634
0.00013705137138058957,0.00012997000421301693,-4.608611408485338,292.8291403115186,0.0,0.0310860133930898,100.68838028660844,2.558680158010657e-18,0.0,9.98250259348169e-05,33.567924729411594,4.9583694541642266e-15,1.5245841229505917e-16,1.698262222225752e-12,4.2577168162008445e-20,0.0,0.7785298454661979,9.938991320554578e-13,0.00020332051485516775,500000.0,329311.81967424654
0.00013710059097253832,0.00012974136711425656,-4.681785922152843,293.4650221877367,0.0,0.0312506473906664,101.2216340781504,2.682994767575887e-18,0.0,0.00010035370733198546,33.74570316903432,4.95678411320812e-15,1.5313402305719038e-16,1.707072178682641e-12,2.1543577494517386e-19,2.5974820670986425e-16,0.7826530023858592,1.0377876825444044e-12,0.00020333691568180808,500000.0,331780.0460126265
0.0001371759633656706,0.00012938430032723662,-4.792719610975618,294.46024503735396,0.0,0.031510092821888915,102.06198457394466,2.8908618883377656e-18,0.0,0.0001011868522271061,34.025862827057985,4.954608423597751e-15,1.54202767597693e-16,1.7209544417238494e-12,1.6722933753331496e-19,5.351065844106336e-16,0.789150653254219,1.1100797279579741e-12,0.00020336266473940407,500000.0,335677.4254526847
0.00013725133575880286,0.00012901892546169548,-4.902226840309592,295.4814471144757,0.0,0.03177855641005651,102.93154512762102,3.122197090640751e-18,0.0,0.00010204895671793221,34.315760659649854,4.952708284290509e-15,1.5531368066216485e-16,1.7353172451164181e-12,0.0,0.0,0.7958741584046911,1.1890630493982894e-12,0.00020338918445723478,500000.0,339720.25377870735
0.00013732670815193516,0.00012864535309528344,-5.0102255405228835,296.5286303407878,0.0,0.03205620564065132,103.83085823122326,3.379913171174787e-18,0.0,0.00010294055864489933,34.61557752513767,4.951049596427337e-15,1.5646774985152727e-16,1.750168954351896e-12,9.520396330890386e-19,0.0,0.8028277124250259,1.2754088431533387e-12,0.00020341647911897848,500000.0,343912.1156878857
0.00013740208054506743,0.00012826370017069347,-5.116628842736662,297.6017876471926,0.0,0.032343210791310674,104.76047542093939,3.6673126254270795e-18,0.0,0.00010386220481503675,34.925497297024776,4.949597269908088e-15,1.5766598767945845e-16,1.765518041447964e-12,3.5204436079052546e-18,3.848278277075098e-15,0.8100155798329493,1.3698600481721524e-12,0.00020344455272049359,500000.0,348256.69406812754
0.0001374774529381997,0.00012787409036786192,-5.221344847908272,298.70090146967306,0.0,0.03263974453233954,105.72095598322562,3.98814160492153e-18,0.0,0.00010481444971918738,35.245706432632225,4.94831521102603e-15,1.5890943127004523e-16,1.7813730602279995e-12,2.7242815144516745e-18,6.483984984240451e-15,0.8174420850718304,1.473239044219695e-12,0.00020347340892389065,500000.0,352757.7656344823
0.00013755282533133196,0.00012747665449127537,-5.324276392093052,299.8259421015442,0.0,0.03294598147273775,106.71286548442325,4.346650947655492e-18,0.0,0.00010579785407423716,35.576393482896115,4.947166323243183e-15,1.6019913966293901e-16,1.797742618487078e-12,0.0,0.0,0.8251116011415741,1.5864561330960176e-12,0.0002035030510084548,500000.0,357419.1955979283
0.00013762819772446423,0.00012707153087449245,-5.425320804192198,300.97686586266815,0.0,0.03326209764472056,107.73677410103691,4.747665382645792e-18,0.0,0.00010681298316770397,35.917748535708576,4.9461125241487376e-15,1.6153619112237202e-16,1.8146353466563077e-12,8.746574389685764e-18,0.0,0.8330285366881748,1.7105188859724729e-12,0.00020353348181793735,500000.0,362244.9311928285
0.0001377035701175965,0.0001266588658042021,-5.524369658656531,302.15361318186365,0.0,0.03358826991880207,108.79325472531207,5.196662262466508e-18,0.0,0.00010786040497955171,36.26996258434704,4.945114782377881e-15,1.6292168221626775e-16,1.8320598625363484e-12,9.273846132733204e-18,5.6716976783077654e-15,0.8411973213559291,1.8465424014255166e-12,0.00020356470370368125,500000.0,367238.9940365713
0.0001377789425107288,0.0001262388139638336,-5.621308528889543,303.35610669585236,0.0,0.03392467534283188,109.88288082456799,5.69986102974996e-18,0.0,0.00010894068805989611,36.63322681380951,4.944133178184537e-15,1.643567253735432e-16,1.85002473173999e-12,0.0,0.0,0.8496223892356889,1.995760566270551e-12,0.0002035967184633796,500000.0,372405.47131911555
0.00013785431490386107,0.00012581153889586847,-5.716016733359716,304.58424901926736,0.0,0.034271490398651114,111.00622403331329,6.264324549598595e-18,0.0,0.00011005439914175974,37.00773179806366,4.943126991528038e-15,1.658424446587335e-16,1.868538423497103e-12,3.3338818979719556e-17,0.0,0.8583081602468489,2.159538356942663e-12,0.00020362952727533582,500000.0,377748.50526782003
0.00013792968729699334,0.00012537721348285545,-5.808367077221742,305.8379202259934,0.0,0.034628890168569446,112.1638514533401,6.898073619340809e-18,0.0,0.0001112021004642843,37.393666599940644,4.942054822270517e-15,1.6737997200924938e-16,1.887609261412893e-12,1.7043095644947622e-16,6.222619445216473e-14,0.8672590192614216,2.3393852509604398e-12,0.00020366313062801435,500000.0,383272.2807641779
0.0001380050596901256,0.00012493602044725446,-5.898225610024302,307.11697564581397,0.0,0.034997047402959836,113.35632263481828,7.610216270037256e-18,0.0,0.00011238434677976906,37.79121776467928,4.940874747931478e-15,1.6897044464448613e-16,1.9072453687343982e-12,4.136006524847062e-17,9.546699358606669e-15,0.8764792927619741,2.536969870601161e-12,0.00020369752824469074,500000.0,388981.01169349405
0.00013808043208325788,0.0001244881528701779,-5.985451373959016,308.4212431240365,0.0,0.035376131481356085,114.58418620963356,8.411093581525791e-18,0.0,0.00011360168201586808,38.2005681975339,4.939544525215136e-15,1.7061499974439638e-16,1.9274546076546907e-12,0.0,0.0,0.8859732228098214,2.7541358068544493e-12,0.00020373271900279546,500000.0,394878.9247876826
0.00013815580447639017,0.00012403381472908195,-6.069896151408472,309.7505199278292,0.0,0.035766307255718256,115.84797614628872,9.312443708693995e-18,0.0,0.00011485463556256131,38.621895915217195,4.938021842230192e-15,1.723147685383799e-16,1.948244512157917e-12,1.207407661374251e-16,1.3284168760787869e-14,0.8957449380881055,2.9929187120406027e-12,0.00020376870084769371,500000.0,400970.2409610624
0.00013823117686952244,0.00012357322145387984,-6.151404230105477,311.10456976023426,0.0,0.036167733767876104,117.1482075953419,1.0327585904132774e-17,0.0,0.00011614371815323187,39.055372660834564,4.936264629076933e-15,1.7407087090552725e-16,1.9696222139073286e-12,0.0,0.0,0.9057984217782814,3.255564709900912e-12,0.00020380547070074524,500000.0,407259.15451069316
0.00013830654926265471,0.00012310660050053729,-6.229812176737959,312.48311951063346,0.0,0.03658056283080833,118.4853722937394,1.1471626417571386e-17,0.0,0.00011746941730839819,39.501162371760856,4.9342314353681806e-15,1.7588440915336007e-16,1.9915943606732396e-12,0.0,2.8083984209643292e-14,0.9161374760259169,3.5445500822485727e-12,0.00020384302436140858,500000.0,413749.80948843027
0.00013838192165578698,0.00012263419194108674,-6.304948625422003,313.88585581994704,0.0,0.037004937463116866,119.85993349514942,1.2761688170112334e-17,0.0,0.00011883219230955203,39.959419489493236,4.931881884202784e-15,1.777564600619464e-16,2.0141670267832116e-12,3.5180270498908303e-16,1.9341107565025728e-14,0.9267656827419607,3.862602237670368e-12,0.0002038813564032166,500000.0,420446.27309989807
0.00013845729404891925,0.00012215624906888338,-6.376634084524559,315.31242144112036,0.0,0.03744099016714968,121.27232039227707,1.4217166093701622e-17,0.0,0.00012023246866930044,40.43028710013862,4.929177213130397e-15,1.7968806652040021e-16,2.037345615066157e-12,2.907127343128833e-17,0.0,0.937686360475468,4.212721870504885e-12,0.0002039204600634442,500000.0,427352.5058479302
0.00013853266644205155,0.00012167303901788201,-6.444680758522966,316.76241116620207,0.0,0.03788884103923839,122.72292199600196,1.5860009793196636e-17,0.0,0.00012167063206292486,40.913894893814216,4.926080913580247e-15,1.8168022845258002e-16,2.0611347497530652e-12,0.0,4.053541357535465e-14,0.948902517086623,4.598206162993623e-12,0.00020396032712626468,500000.0,434472.32783341105
0.00013860803883518382,0.00012118484339411965,-6.508892404222608,318.23536772152494,0.0,0.038348595701332165,124.21208043696426,1.7715035003071475e-17,0.0,0.00012314702168745274,41.41035693150154,4.9225594811361665e-15,1.8373389252530327e-16,2.0855381598199e-12,1.6542359682475841e-15,1.9132449462465563e-14,0.9604167979543795,5.022672926325799e-12,0.00020400094779934793,500000.0,441809.38146719075
0.00013872393177883052,0.00012042515255696925,-6.599668925693849,320.5437985773154,0.0,0.039078938550313094,126.5776820055332,2.104684890880832e-17,0.0,0.00012549233936180656,42.19901134379307,4.916248879312325e-15,1.870136069128945e-16,2.124265230200338e-12,4.35792603088078e-22,2.396048755849807e-16,0.9787078005313324,5.760617885206639e-12,0.0002040648495428012,500000.0,453522.46506332746
0.00013883982472247722,0.00011965553259368834,-6.680107788744906,322.90314315808314,0.0,0.0398378610242294,129.03585421710667,2.506641557709831e-17,0.0,0.00012792943393039838,43.01852735466219,4.908780844052511e-15,1.9044362349413078e-16,2.164454987133978e-12,0.0,0.0,0.9977145660207711,6.6163433139825184e-12,0.0002041304548228493,500000.0,465768.31610965094
0.0001389234913295346,0.00011909444798269705,-6.731285857269859,324.6366568215945,0.0,0.040403576423392054,130.86822333684304,2.8475020488614934e-17,0.0,0.00012974609136730112,43.629410442648194,4.902642280521809e-15,1.9301458754536866e-16,2.1943767102591725e-12,2.7807141764429335e-16,0.0,1.011882576701273,7.31762333258144e-12,0.00020417884161615126,500000.0,474945.40446534904
0.000139007157936592,0.0001185293363871322,-6.776314370256609,326.3943019341712,0.0,0.04098423083821231,132.7489806748249,3.2378041979424935e-17,0.0,0.0001316107221167433,44.256425402666565,4.8958740422281594e-15,1.9566572742515405e-16,2.2250549065641217e-12,0.0,1.9666663316507338e-14,1.0264247285877461,8.097573352639287e-12,0.0002042280567628133,500000.0,484407.72658497735
0.00013909082454364937,0.00011796072651984147,-6.814851980785125,328.17486226334773,0.0,0.04157976414374072,134.6779315375912,3.6846073673091105e-17,0.0,0.000133523133154669,44.89950732697225,4.8884913737723364e-15,1.9839746419384102e-16,2.256482527243775e-12,2.912876140355769e-15,0.0,1.0413395162962717,8.964633030205934e-12,0.0002042780690391965,500000.0,494157.2101595469
0.00013917449115070674,0.00011738917616296233,-6.846545133855055,329.9769871333802,0.0,0.042190061853074196,136.65470515873338,4.1958820800609834e-17,0.0,0.00013548295689380787,45.558532607864215,4.880529454907294e-15,2.0120996756336796e-16,2.2886493767255767e-12,3.1468438150975377e-15,0.0,1.0566240730340006,9.927978358584315e-12,0.000204328843175727,500000.0,504194.8834843802
0.00013925815775776414,0.00011681527316299437,-6.871028691051027,331.79918178689223,0.0,0.04281494860658902,138.67873361158962,4.7805958787328437e-17,0.0,0.00013748963027709028,46.233311907508934,4.8720471180779874e-15,2.0410311971747894e-16,2.3215417607706715e-12,0.0,7.136108221158083e-14,1.0722740075506956,1.0997540191458904e-11,0.00020438033956958384,500000.0,514520.74116453633
0.00013934182436482152,0.00011623963637150577,-6.887926787674773,333.6397973938132,0.0,0.04345418123891537,140.7492293547813,5.4487986496976096e-17,0.0,0.00013954237251594784,46.92358267197471,4.863131038443589e-15,2.07076476797301e-16,2.355142114511711e-12,4.120296282734675e-15,2.7495038255862342e-14,1.0882832305194712,1.2184009961903483e-11,0.0002044325139870394,500000.0,525133.5984769285
0.00013942549097187892,0.00011566291650229369,-6.896853915562016,335.4970211246511,0.0,0.044107441457968584,142.86516151952878,6.21170267201437e-17,0.0,0.00014164016158100992,47.62900122579518,4.853900334083641e-15,2.101292276790019e-16,2.389428612610702e-12,1.5237132763032778e-14,0.0,1.104643771188291,1.3498828876540997e-11,0.0002044853172649028,500000.0,536030.9351376501
0.0001395091575789363,0.00011508579688324185,-6.897416238254886,337.3688662881962,0.0,0.04477432817237007,145.02523105852663,7.081752796736205e-17,0.0,0.0001437817095635375,48.3491344869945,4.844511537908961e-15,2.1326014956134772e-16,2.424374764057572e-12,0.0,3.0613614722022495e-14,1.1213455852290846,1.495415636115436e-11,0.00020453869501583277,500000.0,547208.7287246123
0.00013959282418599366,0.00011450899408570698,-6.8892131901164175,339.25316273850837,0.0,0.04545434951107855,147.22784489896657,8.072681911460193e-17,0.0,0.00014596543705034046,49.08345135011109,4.8351639226525996e-15,2.1646756148247723e-16,2.459948994668238e-12,0.0,0.0,1.1383763548873234,1.656281279060144e-11,0.00020459258733850205,500000.0,558661.2785093817
0.00013967649079305107,0.00011393325840968514,-6.871839390823657,341.14754753037806,0.0,0.04614691459864786,149.47108930386736,9.199545351669156e-17,0.0,0.00014818944671384667,49.83131380528326,4.826105129159435e-15,2.1974927559741945e-16,2.496114221406243e-12,6.7563688928459624e-15,0.0,1.1557212830099013,1.833819068404657e-11,0.00020464692853504728,500000.0,570381.0204450086
0.00013976015740010844,0.0001133593741958944,-6.844886906665249,343.049456153678,0.0,0.04685132517398609,151.7527027267174,1.0478725973372529e-16,0.0,0.0001504514963992432,50.591967888413315,4.817636990430002e-15,2.231025464415141e-16,2.5328274239758526e-12,0.0,1.8286520443138772e-14,1.1733628831554743,2.029412865733651e-11,0.00020470164684158835,500000.0,582358.3350843238
0.00013984382400716584,0.00011278815993311674,-6.807947868641276,344.95611446943576,0.0,0.04756676716406947,154.07004851891875,1.192790012145239e-16,0.0,0.0001527489720660073,51.364534582257974,4.810121393203486e-15,2.265240189025101e-16,2.5700392203760763e-12,0.0,0.0,1.191280768566308,2.2444741697450086e-11,0.0002047566641790256,500000.0,594581.350350913
0.00013992749061422322,0.00011222046812990777,-6.760617461549829,346.86453149925103,0.0,0.04829230234470448,156.42008791750754,1.356595384568293e-16,0.0,0.00015507886100745005,52.148000810958514,4.80398597689938e-15,2.300096754610789e-16,2.607693454263385e-12,7.506251868910824e-14,0.0,1.209451443306709,2.480420138279606e-11,0.00020481189593101758,500000.0,607035.7416069997
0.0001400111572212806,0.00011165718491899648,-6.702497328213335,348.77149368409135,0.0,0.049026860243304445,158.79935382051337,1.5412837603805723e-16,0.0,0.00015743772585098662,52.94121069715736,4.799729421607879e-15,2.335547834866571e-16,2.645726803299123e-12,2.2184683256551815e-13,1.8561481287287264e-13,1.2278480994926027,2.738646034502289e-11,0.00020486725075611698,500000.0,619704.5328439155
0.000140094823828338,0.00011109922935931881,-6.6331994166225865,350.67356108797406,0.0,0.049769230470773855,161.20392595393548,1.748934701211231e-16,0.0,0.0001598216799364268,53.74285728305797,4.797926013817087e-15,2.371538434485499e-16,2.684068419207342e-12,1.5593314779392072e-13,4.677084333536919e-13,1.2464404252817298,3.0204915866367296e-11,0.00020492263044216577,500000.0,632567.9033139719
0.00014017849043539536,0.00011054755239960965,-6.552350225809023,352.5670651133317,0.0,0.05051805570015367,163.62940812656316,1.981681684290375e-16,0.0,0.00016222636476615257,54.55147494753913,4.799229110038221e-15,2.4080053910821616e-16,2.7226396117053226e-12,0.0,9.581783678441815e-15,1.2651944290060253,3.327200796152309e-11,0.00020497792981211726,500000.0,645603.0029823319
0.00014026215704245277,0.00011000313547033467,-6.459595419946365,354.4481077043972,0.0,0.05127182553045899,166.07090834597057,2.2416715213010867e-16,0.0,0.00016464693029423123,55.36543277713985,4.804373051168637e-15,2.444876909393359e-16,2.7613535896254157e-12,3.152642010382985e-14,0.0,1.2840722854242357,3.659874922944137e-11,0.00020503303669079529,500000.0,658783.7814361732
0.00014034582364951014,0.00010946698867040992,-6.354604899775027,356.3125639198206,0.0,0.05202887149259792,168.52302265756194,2.531012737739394e-16,0.0,0.00016707801890327622,56.182929178251,4.814173019462121e-15,2.4820721434714705e-16,2.8001152738330066e-12,1.9927643300632804e-14,8.133596631282843e-14,1.303032210768442,4.0194188652078096e-11,0.00020508783194256972,500000.0,672080.8391371116
0.0001404294902565675,0.00010894014851362869,-6.237078279619518,358.1560878545132,0.0,0.05278736350676657,170.9798236586156,2.85171209967807e-16,0.0,0.0001695137540155359,57.00198804787794,4.829522283003621e-15,2.519500841836045e-16,2.8388211977918495e-12,0.0,1.627948598010449e-14,1.322028373931517,4.406481297833697e-11,0.00020514218959048278,500000.0,685461.3073181512
0.00014051315686362491,0.00010842367520274779,-6.10675068493301,359.9741216268542,0.0,0.05354530809290981,173.43485470041625,3.2055988671409698e-16,0.0,0.00017194773434470666,57.820456840722635,4.851386242576898e-15,2.5570630732974744e-16,2.8773595123371948e-12,7.58902685511773e-15,2.6148092812978674e-14,1.3410108516375943,4.821389366894495e-11,0.00020519597702738898,500000.0,698888.7628390603
0.0001405968234706823,0.00010791864940575666,-5.963398820258975,361.76190787992414,0.0,0.054300548658551016,175.88113082007237,3.594236928538225e-16,0.0,0.00017437303482020606,58.636006879837105,4.880792687329558e-15,2.59464905234534e-16,2.9156101113280442e-12,0.0,4.1646291711243394e-14,1.3599256356477416,5.2640792839181915e-11,0.00020524905532913777,500000.0,712323.1860684707
0.00014065747834797324,0.00010756030676499879,-5.851229270552051,363.0362678382948,0.0,0.05484506668065525,177.64486460199137,3.898411206401335e-16,0.0,0.00017612164543055514,59.22400802286529,4.9074371852078795e-15,2.621844606805818e-16,2.9430878821746166e-12,0.0,1.0562096999665547e-14,1.3735629528995716,5.6021035396478286e-11,0.0002052870094964218,500000.0,722042.3227113897
0.00014071813322526417,0.00010720897948556486,-5.732071975924826,364.2902009743071,0.0,0.05538601491407123,179.397037842235,4.2217965283497564e-16,0.0,0.0001778587946250701,59.80815506274327,4.939031494790956e-15,2.6489410960236603e-16,2.9702959477696905e-12,1.4511800403196812e-14,5.4092098467077317e-14,1.3871108832036823,5.954090696278038e-11,0.0002053244579988011,500000.0,731724.4998228892
0.00014077878810255513,0.00010686509247085895,-5.605893931330407,365.52173125079753,0.0,0.05592241801200597,181.1344914815762,4.564545976525552e-16,0.0,0.00017958135043185397,60.3873948187303,4.975999738708507e-15,2.6758870043242403e-16,2.997181002296748e-12,0.0,4.388588709724942e-14,1.4005450004854723,6.319506881422786e-11,0.00020536134252863755,500000.0,741350.9950997343
0.00014083944297984608,0.00010652907211873778,-5.472679679494567,366.72884854935927,0.0,0.05645326137873648,182.85393932893152,4.926636051680015e-16,0.0,0.00018128605483715908,60.96063172632142,5.0187642417300086e-15,2.702628212979063e-16,3.023687890387888e-12,0.0,0.0,1.4138398956774276,6.697644213140678e-11,0.00020539760357500024,500000.0,750902.174472244
0.000140900097857137,0.0001062013452146564,-5.332432562065292,367.9095151332713,0.0,0.05697749372984541,184.55197635269454,5.307843044810426e-16,0.0,0.0001829695320061228,61.52673060144784,5.067739310685848e-15,2.729108098491996e-16,3.0497597711162335e-12,3.7886831442645315e-14,8.339319874390062e-14,1.42696924082833,7.087609339891838e-11,0.0002054331805934874,500000.0,760357.5397568779
0.00014096075273442796,0.00010588233773791533,-5.185175938142506,369.06167299147035,0.0,0.057494030184521094,186.22508869762976,5.707719887915862e-16,0.0,0.00018462829821305204,62.08451997995213,5.123324196900405e-15,2.7552676586631896e-16,3.0753383103776508e-12,5.296720890880518e-16,1.0609112403031406e-13,1.4399058665552709,7.48831384350328e-11,0.000205468012198197,500000.0,769695.7889364575
0.00014102140761171892,0.00010557247360698752,-5.030954337623304,370.1832518556532,0.0,0.058001755870325175,187.86966535759245,6.125574455003796e-16,0.0,0.00018625877341326493,62.632796009089894,5.1858954103495626e-15,2.7810456729316564e-16,3.100363900041774e-12,0.0,0.0,1.4526218522977044,7.898466880557828e-11,0.0002055020363708982,500000.0,778894.888662979
0.00014108206248900985,0.00010527217336879194,-4.86983450877451,371.27217767545915,0.0,0.058499530046361804,189.4820115210085,6.560450102105219e-16,0.0,0.00018785729447903403,63.17032689670322,5.2557984916997075e-15,2.806378890064334e-16,3.124775903722785e-12,3.3907520770945373e-13,1.5446044308964952e-13,1.4650886295038799,8.316570865902839e-11,0.00020553519068688711,500000.0,787932.15883666
0.0001411427173663008,0.00010498185282568501,-4.701906396602733,372.3263820455457,0.0,0.05898619075531964,191.0583636479122,7.011108984485629e-16,0.0,0.00018942013014419266,63.69585793766834,5.333339271451685e-15,2.831202263761091e-16,3.1485129297239577e-12,6.984214402731728e-13,7.491438001773983e-13,1.4772770982098826,8.740919903552854e-11,0.00020556741255922534,500000.0,796784.3707311981
0.00014120337224359173,0.00010470192160040481,-4.527284031136274,373.34381257896075,0.0,0.059460560012700135,192.59490628613904,7.476018889424667e-16,0.0,0.00019094349766522365,64.20811712015048,5.4187747229364584e-15,2.8554491886252056e-16,3.171513130786599e-12,0.0,4.849888929980382e-13,1.48915775706609,9.169602832751885e-11,0.00020559863950164755,500000.0,805427.8588512732
0.00014126402712088268,0.00010443278165016078,-4.346106237906702,374.322443614255,0.0,0.059921449520244606,194.08779055224753,7.953344878934706e-16,0.0,0.00019242358114838042,64.70582128685291,5.5123036636955145e-15,2.879051867426306e-16,3.193714528880385e-12,0.0,0.0,1.5007008462287046,9.600509912297982e-11,0.00020562880940820362,500000.0,813838.6449618848
0.00014132468199817364,0.00010417482574801174,-4.158537034058728,375.26028623622597,0.0,0.060367666858486005,195.5331541358134,8.440946176397921e-16,0.0,0.00019385655143957684,65.18768280413471,5.6140575381062716e-15,2.901941434641954e-16,3.2150553621850667e-12,4.844521062252739e-12,2.5395120136308705e-12,1.5118765020231113,1.003134370595965e-10,0.0002056578608467638,500000.0,821992.5713798521
0.0001413692618505623,0.00010399258774087976,-4.016712561989286,375.92244272787974,0.0,0.060685578986281956,196.5629213877682,8.804463385116175e-16,0.0,0.00019487748895220916,65.53099103182782,5.694123304383964e-15,2.9182698801892907e-16,3.230156078184404e-12,6.691792824618641e-14,1.016692853892568e-13,1.519838736920453,1.0346520241037852e-10,0.00020567846464173922,500000.0,827807.6775361694
0.00014141384170295097,0.00010381674537964312,-3.871621906992999,376.56076945322314,0.0,0.06099445287247679,197.5634150520001,9.171145692678959e-16,0.0,0.0001958694038700546,65.86453990502073,5.7786563809040415e-15,2.934148179787604e-16,3.2447348843975037e-12,0.0,9.510307750934704e-14,1.527574626307978,1.065929437813049e-10,0.0002056984079980475,500000.0,833461.4000565083
0.00014145842155533967,0.00010364744224936573,-3.7233569364253105,377.1745389594307,0.0,0.0612938233365284,198.5331284297128,9.53983990534734e-16,0.0,0.00019683080241131935,66.18782711399746,5.8676232635580994e-15,2.949548708916139e-16,3.2587681741038932e-12,1.3775739082665852e-15,1.0188528978796297e-13,1.5350725202905575,1.0968595043025881e-10,0.00020571766779266867,500000.0,838944.2477737213
0.00014151162873915827,0.0001034541284509313,-3.5423826958201916,377.87396368670977,0.0,0.06163805004653141,199.6481429920648,9.98079994035261e-16,0.0,0.0001979362562395415,66.5595554555047,5.9795237998329255e-15,2.9672661244039866e-16,3.274770945097046e-12,0.0,1.0400771500235221e-13,1.5436938935399762,1.1331667121491999e-10,0.0002057397285911727,500000.0,845251.4252096291
0.00014156483592297684,0.00010327055628151177,-3.3572114664420774,378.5362592456323,0.0,0.06196731902023554,200.71471117382174,1.0420645823133032e-15,0.0,0.00019899367909718827,66.91513253443837,6.0974919382894885e-15,2.984217958611783e-16,3.2899253332126934e-12,0.0,1.1022355370357236e-13,1.5519406758651741,1.168629693696629e-10,0.00020576074615104677,500000.0,851286.1694476869
0.00014161804310679543,0.0001030969438545377,-3.168041080035446,379.1603416865656,0.0,0.06228088342457233,201.73041389182484,1.0857027388324393e-15,0.0,0.00020000067264539875,67.25375186646728,6.221306331383576e-15,3.000358835343691e-16,3.3041943123233706e-12,0.0,1.1560049573907608e-13,1.5597941627391763,1.203053133546095e-10,0.00020578068450384664,500000.0,857033.2128554839
0.00014167125029061403,0.00010293349836792547,-2.97508391249571,379.74519678518135,0.0,0.062578019997574,202.6929083998462,1.1287489882586294e-15,0.0,0.00020095491421924085,67.57463241679494,6.350681854238815e-15,3.0156444165160204e-16,3.3175423825041286e-12,0.0,1.143707322515699e-13,1.5672362398788993,1.2362405908089974e-10,0.00020579950921187278,500000.0,862477.7827743106
0.00014172445747443263,0.00010278041534311349,-2.778566366440364,380.2898877911167,0.0,0.06285803314766054,203.599941561788,1.1709498902810213e-15,0.0,0.00020185416999835747,67.87702302523583,6.485268735058197e-15,3.0300316823045657e-16,3.3299357806934173e-12,0.0,1.3336105141287656e-13,1.574249485873603,1.2679967337991866e-10,0.00020581718753443588,500000.0,867605.6995874804
0.00014177766465825123,0.00010263787789504416,-2.5787282687106643,380.7935637474416,0.0,0.06312025900718836,204.44936297791926,1.2120468278005109e-15,0.0,0.00020269630802308917,68.16020678229658,6.62465257435745e-15,3.043479154718729e-16,3.3413426862896012e-12,0.0,1.42434497493257e-13,1.580817273677217,1.2981297121624128e-10,0.00020583368858914902,500000.0,872403.4757754322
0.00014183087184206983,0.00010250605603678782,-2.37582216906421,381.25546855558196,0.0,0.0633640694009761,205.23913783944624,1.25177908820326e-15,0.0,0.00020347931093445587,68.42350531468774,6.768355383317377e-15,3.05594719538689e-16,3.351733419536972e-12,0.0,1.4274794853898992e-13,1.5869238700007895,1.3264536403844e-10,0.0002058489835073389,500000.0,876858.4155150991
0.00014188407902588843,0.00010238510602388735,-2.170112516163151,381.67495090519924,0.0,0.0635888756883686,205.96735937563164,1.2898872047572472e-15,0.0,0.0002042012883114948,68.66628293499801,6.91583773503036e-15,3.0673983107425536e-16,3.3610806304443873e-12,1.7171629358778713e-41,1.5431970626499187e-13,1.5925545315549465,1.3527911631456177e-10,0.0002058630455821842,500000.0,880958.7141908722
0.00014193728620970702,0.00010227516974545475,-1.961874707978092,382.05147545452405,0.0,0.06379413243379647,206.63226074445495,1.3261164959546773e-15,0.0,0.00020486048846085663,68.88795060585343,7.066502033769702e-15,3.077797415820945e-16,3.369359475849731e-12,9.7587394425373e-41,1.6451382214885748e-13,1.597695596989535,1.3769760635421122e-10,0.00020587585040770536,500000.0,884693.5577288276
0.0001419523255189727,0.00010224611004012179,-1.9025959596749167,382.15005550205666,0.0,0.06384853556555331,206.8084937417226,1.335982090238235e-15,0.0,0.00020503521034189855,68.94670391847214,7.109576318027947e-15,3.08054154158267e-16,3.371502743560862e-12,1.9646415398081563e-36,1.584619385973585e-13,1.5990582432586617,1.3834004424808003e-10,0.00020587923876299477,500000.0,885681.6144450288
0.0001419602530864205,0.00010223115118521568,-1.8712788438134356,382.2006220537673,0.0,0.06387656431059281,206.89929006826617,1.3411122737968033e-15,0.0,0.0002051252281320072,68.97697398729176,7.132358038924246e-15,3.081952922561608e-16,3.3725972775179625e-12,1.6116000817418363e-20,1.582672980593743e-13,1.599760287015935,1.3867116241010047e-10,0.00020588098354477815,500000.0,886190.3054333526
0.0001419646726050655,0.00010222291965332144,-1.8537994764591887,382.22839301164385,0.0,0.06389199489129005,206.9492759800176,1.343950854982365e-15,0.0,0.00020517478543771023,68.99363850496489,7.14508027558894e-15,3.0827291756237636e-16,3.3731968741264727e-12,9.766451269886883e-21,1.603879301912053e-13,1.6001467816972004,1.3885347768976461e-10,0.00020588194382809447,500000.0,886470.2422978568
0.00014196519236216003,0.00010222195666235229,-1.85174286498616,382.23163914932957,0.0,0.06389380040856034,206.95512478700186,1.3442836691992442e-15,0.0,0.0002051805840938821,68.99558840532542,7.146577469208221e-15,3.0828199682832195e-16,3.3732668905932573e-12,9.00492791802806e-20,1.5969148492364266e-13,1.6001920050953893,1.3887481112989778e-10,0.00020588205617754624,500000.0,886502.9918223362
0.00014196571211925454,0.00010222099474037314,-1.8496860550958323,382.23488070009057,0.0,0.06389560398924118,206.9609673214193,1.3446162686293193e-15,0.0,0.0002051863765312714,68.99753621451069,7.148074870183509e-15,3.082910655834517e-16,3.373336801969858e-12,5.33366389227657e-20,1.5963114476224847e-13,1.6002371799936368,1.388961216461414e-10,0.00020588216840390422,500000.0,886535.704084006
0.00014196654380740925,0.00010221945774715323,-1.8463944439158353,382.24005785187927,0.0,0.06389848595509547,206.97030318757547,1.3451480294274167e-15,0.0,0.0002051956323466965,69.00064864561533,7.15047136276208e-15,3.0830555502879356e-16,3.373448451838498e-12,0.0,1.6029882317950152e-13,1.600309365585284,1.3893017318949456e-10,0.00020588234772654196,500000.0,886587.9703786003
0.00014196737549556393,0.0001022179234917375,-1.8431023276666396,382.24522280413765,0.0,0.06390136295959478,206.97962298402933,1.3456792385837254e-15,0.0,0.0002052048722302092,69.00375571933358,7.152868381960494e-15,3.083200174548996e-16,3.3735598325084932e-12,0.0,1.5978046851264137e-13,1.6003814269248302,1.3896416398034128e-10,0.0002058825267338809,500000.0,886640.140151948
0.00014196820718371863,0.00010221639197454546,-1.8398097073786337,382.2503756082092,0.0,0.06390423500104235,206.98892670527889,1.3462098949862344e-15,0.0,0.00020521409617635467,69.00685743383114,7.15526592511943e-15,3.0833445279600296e-16,3.3736709439075226e-12,1.661502508166848e-19,1.59749080157041e-13,1.6004533639697323,1.389980929504777e-10,0.00020588270542584697,500000.0,886692.2134933587
0.0001419690388718733,0.00010221486319599588,-1.8365165840455708,382.25551632973696,0.0,0.06390710207774418,206.998214345831,1.3467399974906615e-15,0.0,0.00020522330417968687,69.00995378727671,7.157663989581095e-15,3.083488609987532e-16,3.373781785963367e-12,6.575131346927876e-19,1.6187954092300156e-13,1.6005251766775153,1.3903195943290948e-10,0.00020588288380236623,500000.0,886744.1905255871
0.00014196987056002802,0.00010221333715650673,-1.8332229588487288,382.2606449566541,0.0,0.06390996418800189,207.00748590020157,1.3472695449343675e-15,0.0,0.0002052324962347688,69.01304477784197,7.160062572676346e-15,3.08363242018181e-16,3.3738923586039297e-12,0.0,1.6069115681247588e-13,1.600596865005781,1.3906576296852834e-10,0.0002058830618633651,500000.0,886796.0711901103
0.0001419707022481827,0.00010221181385649497,-1.8299288330447516,382.2657614463896,0.0,0.06391282133012591,207.01674136291703,1.3477985361401913e-15,0.0,0.00020524167233617374,69.0161304037021,7.162461671716616e-15,3.083775958120506e-16,3.3740026617573145e-12,0.0,1.5621542296521937e-13,1.6006684289122073,1.390995031396208e-10,0.00020588323960877005,500000.0,886847.8553572664
0.0001419715339363374,0.00010221029329637643,-1.8266342078228153,382.27086578485296,0.0,0.06391567350244289,207.0259807285151,1.3483269699170685e-15,0.0,0.0002052508324784863,69.01921066303609,7.164861284039399e-15,3.083919223395977e-16,3.3741126953518468e-12,2.146799762115888e-18,1.6128077285852407e-13,1.6007398683545466,1.3913317956095612e-10,0.00020588341703850767,500000.0,886899.5429639077
0.00014197316051672975,0.00010220732737032854,-1.8201892807166162,382.2808134445688,0.0,0.06392123728896237,207.0440041401537,1.3493588424909355e-15,0.0,0.00020526870134770754,69.02521938531663,7.169555817308547e-15,3.084198626034574e-16,3.374327114987857e-12,1.8816698604309761e-19,1.6557119674003534e-13,1.600879226675509,1.391988570598011e-10,0.00020588376313538257,500000.0,887000.3520235595
0.00014197478709712213,0.00010220437192901694,-1.8137424567316733,382.29071449635086,0.0,0.06392678204700128,207.06196591899854,1.35038856917843e-15,0.0,0.0002052865091126065,69.03120756019159,7.174252283468016e-15,3.084476981812739e-16,3.3745405027584387e-12,0.0,1.6652340994544873e-13,1.60101810844725,1.392642877491393e-10,0.00020588410802400823,500000.0,887100.7910973169
0.00014197641367751448,0.00010220142697551996,-1.8072937441532941,382.3005690947806,0.0,0.06393230776406686,207.0798660245267,1.351416140802928e-15,0.0,0.00020530425573300745,69.03717517415126,7.178950662578116e-15,3.0847542886096667e-16,3.374752858133382e-12,1.7418084356321013e-18,1.8030993749463328e-13,1.6011565133564278,1.3932947048130483e-10,0.00020588445170384074,500000.0,887200.8603214396
0.00014197804025790683,0.00010219849251290237,-1.8008431512482408,382.3103774029051,0.0,0.063937814427657,207.09770441636152,1.3524415481987206e-15,0.0,0.00020532194116887982,69.0431222137347,7.183650934550066e-15,3.0850305447398042e-16,3.374964180584875e-12,0.0,1.686511224516776e-13,1.6012944410908854,1.3939440470790125e-10,0.00020588479417433855,500000.0,887300.5598528883
0.0001419796668382992,0.00010219556854421567,-1.7943906867884676,382.32013937667733,0.0,0.06394330202535385,207.11548105427065,1.3534647822499268e-15,0.0,0.00020533956538033664,69.0490486655291,7.188353078850191e-15,3.085305748852019e-16,3.3751744695874473e-12,0.0,1.3299708775254984e-13,1.601431891339542,1.3945909016696088e-10,0.0002058851354349629,500000.0,887399.8893659979
0.00014198129341869156,0.00010219265507249718,-1.7879363598232367,382.329854860226,0.0,0.06394877054488016,207.1331958981719,1.354485833865587e-15,0.0,0.0002053571283276395,69.05495451617165,7.19305707523639e-15,3.085579899658556e-16,3.3753837246182713e-12,5.944347159339685e-18,1.6899644211501818e-13,1.6015688637923837,1.3952352633439692e-10,0.00020588547548517795,500000.0,887498.8482747655
0.0001419829199990839,0.00010218975210076931,-1.7814801792493637,382.3395237649107,0.0,0.06395421997385554,207.1508489081376,1.3555046939515019e-15,0.0,0.00020537462997120183,69.06083975235111,7.197762903833726e-15,3.0858529958668906e-16,3.3755919451573277e-12,1.6533238885559464e-18,2.215524072436658e-13,1.6017053581407417,1.3958771249586218e-10,0.00020588581432444983,500000.0,887597.4361509145
0.0001419845465794763,0.00010218685963203984,-1.7750221537500703,382.349146098014,0.0,0.06395965029981895,207.16844004439338,1.356521353412583e-15,0.0,0.0002053920702715918,69.06670436080736,7.202470543652723e-15,3.0861250362353085e-16,3.375799130687322e-12,0.0,1.07474822003566e-13,1.601841374077261,1.3965164801342765e-10,0.00020588615195224662,500000.0,887695.6527909744
0.00014198742882122305,0.00010218176008550437,-1.7635742617421473,382.36608207104666,0.0,0.06396922568902723,207.1994588243892,1.3583174046988196e-15,0.0,0.00020542282307987536,69.07704553472594,7.210816697778866e-15,3.0866044854227087e-16,3.3761637124915405e-12,1.3187859205957323e-17,1.1518360462949783e-13,1.6020812135251148,1.3976432210793383e-10,0.00020588674723961032,500000.0,887868.7765490968
0.0001419903110629698,0.00010217669354281133,-1.752120653019927,382.38287169439076,0.0,0.06397874099202312,207.23028298621233,1.360106467419641e-15,0.0,0.0002054533829387405,69.08732182600198,7.219168361897754e-15,3.087080610144828e-16,3.3765250400579118e-12,2.4407130574215022e-17,1.69386992492648e-13,1.6023195481711183,1.3987620486177345e-10,0.00020588733871853068,500000.0,888040.7324902603
0.00014199319330471656,0.00010217166002036744,-1.7406613761934508,382.399514946973,0.0,0.06398819614141986,207.26091231205854,1.3618884914431794e-15,0.0,0.00020548374963225532,69.09753316202298,7.227525419072267e-15,3.0875534052114884e-16,3.376883110568523e-12,1.0581429775091074e-17,1.1679647367307308e-13,1.6025563763313473,1.3998729409667185e-10,0.00020588792638610498,500000.0,888211.51935766
0.00014199607554646332,0.00010216665953443916,-1.7291964801319137,382.4160117230575,0.0,0.06399759107063836,207.29134658561887,1.3636634269346024e-15,0.0,0.00020551392294596574,69.10767947067494,7.23588775387212e-15,3.088022865701064e-16,3.377237921231276e-12,0.0,1.499741985781526e-13,1.6027916963330924,1.4009758745184017e-10,0.00020588851023945466,500000.0,888381.1357048474
0.00014199895778821008,0.00010216169210115198,-1.7177260138627048,382.4323618748696,0.0,0.06400692571337427,207.3215855920874,1.3654312243151285e-15,0.0,0.000205543902666903,69.11776068034492,7.244255252564533e-15,3.088488986773297e-16,3.377589469280098e-12,1.5048206211219202e-17,2.7214812579205127e-13,1.6030255065154557,1.4020708234147673e-10,0.0002058890902757253,500000.0,888549.579995246
0.00014200386376386843,0.00010215331289654801,-1.6981890170285638,382.459854581412,0.0,0.06402267574323298,207.372606918741,1.3684237055417192e-15,0.0,0.00020559448650921063,69.1347703890492,7.258509437727709e-15,3.0892746963259246e-16,3.378180342063154e-12,6.564002456192837e-18,1.6674819759491536e-13,1.6034200070989606,1.4039161444423826e-10,0.0002058900687918286,500000.0,888833.5960586817
0.0001420087697395268,0.00010214502957859003,-1.6786362662877226,382.4869215770998,0.0,0.06403825059438563,207.42306084429342,1.3713951210202323e-15,0.0,0.00020564450781560892,69.15159093513671,7.272777665290243e-15,3.090050693648535e-16,3.3787617409001904e-12,0.0,1.2899399909256235e-13,1.603810120495999,1.4057381353500016e-10,0.0002058910362268272,500000.0,889114.2050459057
0.00014201367571518516,0.0001021368422240475,-1.6590680043688695,382.51356235032597,0.0,0.06405364994905016,207.472946339222,1.3743452306396055e-15,0.0,0.00020569396556539886,69.16822197538077,7.287059355774636e-15,3.090816956072146e-16,3.3793336526659054e-12,1.62547228393231e-18,1.7407722948082217e-13,1.604195838746212,1.4075366767257154e-10,0.0002058919925671079,500000.0,889391.4000483574
0.00014201858169084352,0.00010212875090846308,-1.63948447456,382.5397764134023,0.0,0.06406887349333568,207.5222623870171,1.3772737963511392e-15,0.0,0.00020574285875078643,69.18466317089303,7.301353923661467e-15,3.091573461356281e-16,3.379896064459431e-12,3.7000056059507495e-18,1.905356302101549e-13,1.6045771539899856,1.4093116515582862e-10,0.00020589293779926484,500000.0,889665.174283773
0.00014202816620641635,0.00010211322075094986,-1.601182164401402,382.5897563261776,0.0,0.06409810642017102,207.61696149582312,1.3829321124226936e-15,0.0,0.00020583674585829137,69.21623436590397,7.329315276549783e-15,3.0930231671158386e-16,3.38096735833853e-12,0.0,1.5130230349396212e-13,1.6053093743394118,1.412710884839887e-10,0.0002058947523450546,500000.0,890190.1360241063
0.00014204449097310578,0.00010208761512431504,-1.535817180129428,382.6711207950476,0.0,0.06414634335595452,207.77322421233953,1.3923733456135117e-15,0.0,0.00020599166869377306,69.26832990043071,7.37703552130832e-15,3.095405991293099e-16,3.3827081913710308e-12,0.0,1.1604891430845353e-13,1.606517608949492,1.418290134044195e-10,0.00020589774497188949,500000.0,891054.0201014687
0.00014206130701518286,0.00010206235596529993,-1.4683262951009617,382.74995971980263,0.0,0.06419397473101145,207.9275262350204,1.4018324779989158e-15,0.0,0.00020614464764731358,69.31977177038667,7.42629695380529e-15,3.0977460093222155e-16,3.3843905497286082e-12,0.0,9.396029598465337e-14,1.6077106833320083,1.4237562778331708e-10,0.00020590069813630855,500000.0,891903.8268093657
0.00014207812305725996,0.00010203823303416906,-1.400684109568379,382.82373346898055,0.0,0.06423950722351314,208.07502998673272,1.4110126095044016e-15,0.0,0.00020629088662177787,69.36894720356179,7.475640444461737e-15,3.099969009228561e-16,3.3859599607236157e-12,0.0,8.9662592325284e-14,1.6088511929911584,1.4289330538551998e-10,0.0002059035193891761,500000.0,892712.7224864238
0.00014209493909933703,0.00010201524879792797,-1.3329006643559744,382.8924257418797,0.0,0.06428293013871346,208.21570081951143,1.4199051489260476e-15,0.0,0.00020643035126627856,69.41584464886901,7.52504062561937e-15,3.1020742126155044e-16,3.387416012589635e-12,0.0,1.5751424460897163e-13,1.6099388700263226,1.4338164477301307e-10,0.00020590620828855934,500000.0,893480.4761444159
0.00014211175514141413,0.00010199340553739163,-1.2649860688065486,382.95602143622637,0.0,0.06432423339113554,208.34950605917712,1.4285018298985327e-15,0.0,0.00020656300918679374,69.46045321325047,7.574471643407129e-15,3.1040608763861737e-16,3.3887583271098187e-12,0.0,2.123071733722391e-13,1.6109734617984746,1.4384026639637288e-10,0.00020590876442439968,500000.0,894206.8703010677
0.0001421499572998102,0.00010194803389899492,-1.1102662562696208,383.0814830835305,0.0,0.06441013803706468,208.62780568118492,1.4468902733594362e-15,0.0,0.0002068389225152228,69.55323393398602,7.686742696691864e-15,3.108129890150128e-16,3.39138328470142e-12,5.262118416111352e-19,1.2737006909925546e-13,1.6131252945603487,1.4476985273249289e-10,0.00020591407600397072,500000.0,895702.3015643047
0.00014218815945820628,0.00010190858292745028,-0.955042183280375,383.18042841068416,0.0,0.06448495502764885,208.87019222877785,1.463623626463257e-15,0.0,0.00020707923070657476,69.63404179970156,7.798722570724332e-15,3.1115759134479007e-16,3.39341607367084e-12,1.1211555902307728e-18,3.976551057464979e-14,1.6149994448308636,1.4554051524723148e-10,0.00020591869656861697,500000.0,896981.0992550327
0.00014222636161660235,0.0001018750695270831,-0.7994350980038085,383.252745037109,0.0,0.06454860032872209,209.0763934221889,1.4786228878277059e-15,0.0,0.0002072836638157302,69.70278603660343,7.910088926919938e-15,3.1143923144572953e-16,3.3948541256529753e-12,6.361270062886623e-19,1.132767717888732e-13,1.6165938073230928,1.4614914611250147e-10,0.00020592262300746667,500000.0,898041.4764669887
0.00014226456377499844,0.00010184750599464862,-0.6435670777387522,383.29835107368496,0.0,0.06460100619604567,209.24618974490895,1.4918178259355544e-15,0.0,0.00020745200420839324,69.75939346133963,8.020513938436191e-15,3.116573481328064e-16,3.395695751033144e-12,0.0,1.6985941669769504e-13,1.6179066847197843,1.4659330032141848e-10,0.00020592585300951172,500000.0,898882.0104457387
0.0001423027659333945,0.0001018258999775959,-0.4875607379451123,383.3171954961502,0.0,0.06464212143106447,209.37941527104937,1.5031473164196943e-15,0.0,0.0002075840873814279,69.80380875682941,8.129666531623426e-15,3.1181148538819324e-16,3.395940146347877e-12,0.0,1.585910298652614e-13,1.618936794070118,1.468712150187418e-10,0.0002059283850734124,500000.0,899501.6486602599
0.00014234096809179057,0.00010181025442864466,-0.3315389725264495,383.30925847747,0.0,0.06467191160235124,209.47595838300003,1.5125596711289922e-15,0.0,0.00020767980267432192,69.83599471151928,8.237214477315848e-15,3.119012951590437e-16,3.3955874000464386e-12,0.0,1.7503766280858425e-13,1.6196832723386665,1.46981824599928e-10,0.0002059302185167817,500000.0,899899.7138708999
0.00014237917025018666,0.00010180056759243905,-0.175624683316182,383.27455150548917,0.0,0.0646903591637557,209.5357621553438,1.5200128812232682e-15,0.0,0.00020773909364977614,69.85593234737388,8.342826534445397e-15,3.1192653949107714e-16,3.394638492703057e-12,0.0,2.2823323664400845e-13,1.6201456793740856,1.4692476943702284e-10,0.00020593135347926633,500000.0,900075.9068043004
0.00014241737240858272,0.00010179683301692538,-0.019940497048991642,383.21311732413943,0.0,0.06469746348281114,209.5588244475309,1.5254747804394782e-15,0.0,0.00020776195818562852,69.86362095077229,8.446174629077008e-15,3.1188709204831413e-16,3.393095292374855e-12,3.079242422508643e-19,1.8633389787733293e-13,1.6203239986257312,1.4670039855925e-10,0.00020593179092072693,500000.0,900030.30670083
0.00014245557456697878,0.00010179903957562433,0.13539152209267313,383.1250297855314,0.0,0.06469324080567551,209.54519778975862,1.5289231480308348e-15,0.0,0.00020774844836170646,69.85907803446206,8.546936042915297e-15,3.1178293916392466e-16,3.3909605465905896e-12,7.757026526563272e-19,1.0178518575312216e-13,1.6202186362609485,1.4630976501599705e-10,0.00020593153261694785,500000.0,899763.3703034265
0.00014249377672537487,0.00010180717149610342,0.29025015519723796,383.0103936285837,0.0,0.06467772416698976,209.49498909158572,1.530345753904778e-15,0.0,0.00020769867017085482,69.84233924041573,8.644795561707352e-15,3.116141804773204e-16,3.3882378715352317e-12,8.369441199537447e-19,1.7816842481674109e-13,1.6198304189120898,1.4575461730309054e-10,0.00020593058115355654,500000.0,899275.92945527
0.00014253197888377094,0.00010182120839649815,0.44451530365478426,382.8693441757069,0.0,0.06465096324150779,209.40835916343923,1.5297403387284337e-15,0.0,0.0002076127830445927,69.81345818030874,8.739447478470993e-15,3.1138102899811185e-16,3.38493173831132e-12,8.097114866011727e-19,2.714395901028519e-13,1.6191605899772659,1.450373844219509e-10,0.00020592893991781429,500000.0,898569.1872507106
0.00014257018104216703,0.00010184112533242779,0.5980682567096689,382.7020469330852,0.0,0.06461302413505682,209.28552203910579,1.5271145169023026e-15,0.0,0.0002074909991815268,69.77250620964867,8.830597467879431e-15,3.1108381066095113e-16,3.3810474561081474e-12,3.384167979588245e-19,1.5900188273508708e-13,1.6182108043815344,1.4416115492963223e-10,0.00020592661308791596,500000.0,897644.7126648686
0.0001426083832005631,0.00010186689285488606,0.7507919561338671,382.50869709930436,0.0,0.06456398911433472,209.12674409926322,1.5224856074124327e-15,0.0,0.00020733358267831863,69.71957213557437,8.917964441116773e-15,3.107229632657889e-16,3.3765911523050415e-12,1.1647487018285161e-18,6.48514863761111e-14,1.616983121799455,1.4312965271760858e-10,0.0002059236056197357,500000.0,896504.4336884485
0.00014264658535895916,0.00010189847707841943,0.9025712487358868,382.28951896908166,0.0,0.06450395627703175,208.9323430049756,1.5158803793871056e-15,0.0,0.00020714084847220954,69.65476186129997,9.0012822855271e-15,3.1029903535414654e-16,3.371569749694002e-12,6.095616620143852e-19,1.7187163249939294e-13,1.615479998409283,1.419472034547613e-10,0.00020591992323120518,500000.0,895150.6289940574
0.00014268478751735525,0.00010193583975884327,1.053293133533008,382.0447652687896,0.0,0.06443303916654979,208.70268645142374,1.5073347332449836e-15,0.0,0.00020691316110553698,69.5781979706282,9.080301376944237e-15,3.0981268385732715e-16,3.3659909410152926e-12,4.754357423051403e-19,2.2359104043067362e-13,1.6137042772571217,1.4061870349841937e-10,0.00020591557238439561,500000.0,893585.918287552
0.0001427229896757513,0.00010197893837997193,1.2028469947306235,381.77471640375273,0.0,0.06435136633518786,208.43819075162872,1.4968933067051703e-15,0.0,0.00020665093332170853,69.49001925578597,9.154789918064719e-15,3.0926467201830227e-16,3.3598631610033685e-12,3.4784554423010345e-18,6.909664267762348e-14,1.6116591773056241,1.3914957691655566e-10,0.00020591056026556285,500000.0,891813.2513650875
0.0001427611918341474,0.00010202772624902875,1.3511248259614481,381.4796796273983,0.0,0.0642590808576331,208.13931925956282,1.4846090148653425e-15,0.0,0.0002063546245016829,69.39038019171436,9.224535247490807e-15,3.0865586610353454e-16,3.353195556117577e-12,4.6278895696219295e-18,8.864751751948305e-14,1.6093482812409476,1.375457351865671e-10,0.0002059048947631676,500000.0,889835.8959689899
0.00014279939399254346,0.00010208215260038033,1.4980214419743119,381.159988141117,0.0,0.06415633979668543,207.80658064289796,1.4705425351457635e-15,0.0,0.00020602473895148116,69.27945036023006,9.289344926643927e-15,3.079872326306728e-16,3.345997952148996e-12,1.4206253049734485e-18,2.64194762023583e-13,1.6067755221184483,1.358135312249007e-10,0.0002058985844439956,500000.0,887657.4245388501
0.00014283759615093953,0.00010214216270711032,1.6434346756541873,380.81600013247976,0.0,0.06404331362707162,207.44052701707014,1.4547617356201601e-15,0.0,0.0002056618240524568,69.15741382795173,9.349047487820569e-15,3.072598339786091e-16,3.338280819914281e-12,2.0589522364880832e-18,1.4495182799557791e-13,1.603945168935166,1.3395971080484844e-10,0.0002058916385275227,500000.0,885281.6999595892
0.00014287579830933562,0.00010220769799989781,1.7872655623344813,380.4480977457896,0.0,0.06392018562152514,207.04175195316745,1.4373410562574954e-15,0.0,0.00020526646828619764,69.02446848216115,9.40349316094056e-15,3.0647482480788604e-16,3.3300552392572302e-12,6.117779464562665e-18,2.0395433274424686e-14,1.600861811225498,1.3199136273781468e-10,0.00020588406685869,500000.0,882712.8603814866
0.0001428847191877803,0.00010222379079774071,1.8206143883116863,380.35878481981456,0.0,0.06388999887535059,206.94398538205857,1.4330453618848979e-15,0.0,0.00020516954001487478,68.99187464226031,9.415435918696473e-15,3.062833455341292e-16,3.328062430863817e-12,2.0004008748208287e-21,1.3499196539341534e-13,1.6001058730091764,1.315160105172467e-10,0.00020588220972602217,500000.0,882085.6444569257
0.00014289364006622499,0.00010224018068351466,1.8538705094523487,380.26819493004723,0.0,0.06385927445935073,206.84447720910686,1.428665669826295e-15,0.0,0.00020507088507510816,68.95870017965991,9.427083531172932e-15,3.0608880854461965e-16,3.326042682304704e-12,0.0,1.3395692278308405e-13,1.599336468601533,1.3103490942735482e-10,0.00020588031917532913,500000.0,881448.19406593
0.00014289430051523113,0.00010224140588229159,1.8563288765152774,380.26143715117826,0.0,0.06385697850072278,206.83704120338797,1.4283381133513858e-15,0.0,0.00020506351282944833,68.95622113209777,9.427934078696398e-15,3.0607428506140373e-16,3.3258920852352208e-12,8.281146808246371e-22,1.3381749544650028e-13,1.5992789728662122,1.3099906551569082e-10,0.0002058801778853431,500000.0,881400.5947475276
0.0001428949609642373,0.00010224263270452388,1.8587867264407119,380.25467155442016,0.0,0.06385467961048467,206.82959570168924,1.4280101027885666e-15,0.0,0.00020505613116923214,68.9537389187251,9.428783000359265e-15,3.060597448919199e-16,3.3257413414133005e-12,2.430857993871929e-22,1.3377895899660523e-13,1.5992214037072887,1.3096319004208765e-10,0.00020588003641301036,500000.0,881352.9376955865
0.00014289562141324346,0.00010224386114986985,1.8612440586987835,380.24789812496607,0.0,0.0638523777897075,206.82214070748137,1.427681638518132e-15,0.0,0.0002050487400979006,68.95125354069896,9.429630295633758e-15,3.060451880197929e-16,3.3255904509023224e-12,3.3384543496724844e-20,1.33255203844845e-13,1.5991637611515985,1.3092728251424886e-10,0.00020587989475838824,500000.0,881305.2228946717
0.000142896789634908,0.00010224603803381619,1.8655893912403065,380.23589790673174,0.0,0.06384829908830315,206.80893085953355,1.4270995313024466e-15,0.0,0.000205035643517845,68.9468495847868,9.431125032180385e-15,3.060193984493807e-16,3.325323192303955e-12,2.2682728953786633e-22,1.3349533781905195e-13,1.5990616216495748,1.3086368852988335e-10,0.00020587964374930594,500000.0,881220.6822016466
0.00014289795785657255,0.000102248219993126,1.869933099997595,380.22387324434806,0.0,0.06384421122725455,206.79569134195,1.4265160075603704e-15,0.0,0.00020502251752255675,68.94243573748412,9.432614675621816e-15,3.059935565036608e-16,3.3250554753011004e-12,0.0,1.3337451593188077e-13,1.5989592527397822,1.3079999130818134e-10,0.00020587939217038228,500000.0,881135.9611374078
0.0001428991260782371,0.00010225040702590066,1.8742751823976371,380.2118242026117,0.0,0.06384011421251622,206.78242217401512,1.4259310690938172e-15,0.0,0.00020500936213115484,68.93801200521999,9.434099223085462e-15,3.0596766213188767e-16,3.3247873002456978e-12,1.2576716789277926e-22,1.3324286935709628e-13,1.5988566545713283,1.307361898182095e-10,0.00020587914002193595,500000.0,881051.0599590652
0.00014290029429990167,0.00010225259913023866,1.8786156357657726,380.19975080183247,0.0,0.06383600805005185,206.76912337504376,1.4253447176601267e-15,0.0,0.00020499617736278853,68.93357839443372,9.435578671709955e-15,3.0594171530552744e-16,3.3245186674900435e-12,0.0,1.3321123132768402e-13,1.5987538272935564,1.3067228361177017e-10,0.0002058788873042861,500000.0,880965.9788201599
0.00014290225327323497,0.00010225628641446749,1.8858904130211622,380.1794504279825,0.0,0.0638291019731481,206.74675636806333,1.4243583072551495e-15,0.0,0.0002049740021418004,68.92612158546828,9.438048085127963e-15,3.058980877016811e-16,3.324067174965522e-12,5.849367371767219e-22,1.328537250976466e-13,1.59858088397405,1.3056488480969478e-10,0.0002058784622492125,500000.0,880822.9039298716
0.00014290562766189512,0.00010226267126955403,1.8984106331619666,380.1443220246917,0.0,0.06381714586053584,206.70803356846002,1.4226499052964855e-15,0.0,0.000204935611371004,68.91321201202955,9.442268045188475e-15,3.0582259193769347e-16,3.3232864552672277e-12,5.820847403980503e-22,1.3243391418201143e-13,1.5982814764802735,1.303791954038059e-10,0.0002058777263329272,500000.0,880575.2693087612
0.00014290900205055524,0.00010226909834958472,1.9109171370883733,380.10899091762633,0.0,0.06380511370386462,206.66906444914986,1.4209297946502335e-15,0.0,0.00020489697639257528,68.90022031946943,9.446445333612326e-15,3.0574665861266794e-16,3.3225019332529174e-12,5.784131583309383e-22,1.3201314833359726e-13,1.5979801644247051,1.301926324124304e-10,0.00020587698568248446,500000.0,880326.1394141117
0.00014291237643921536,0.00010227556760818278,1.923409860713644,380.07345751606556,0.0,0.06379300564858653,206.6298494812242,1.4191980171481602e-15,0.0,0.00020485809767356632,68.88714666484239,9.450579884260178e-15,3.0567028823244793e-16,3.321713617492194e-12,5.747416115041473e-22,1.3159119737368238e-13,1.5976769514498572,1.3000520027324114e-10,0.00020587624030566197,500000.0,880075.5177887318
0.00014291575082787548,0.00010228207899874635,1.9358887402588865,380.03772225804653,0.0,0.06378082184084036,206.59038913799904,1.417454615214351e-15,0.0,0.00020481897568323462,68.87399120594459,9.454671632125022e-15,3.0559348153501497e-16,3.3209215165860323e-12,5.717325897366328e-22,1.3116816238056942e-13,1.5973718412154434,1.2981690484756634e-10,0.00020587549021027285,500000.0,879823.4080538522
0.00014292206059760161,0.00010229436753521519,1.9591856323807744,379.9703607668361,0.0,0.06375783658656313,206.51594549279133,1.414163588060265e-15,0.0,0.00020474517035541702,68.84917286341337,9.462207723630773e-15,3.054486930838871e-16,3.319430240586474e-12,5.661111156157795e-22,1.3037422105293983e-13,1.5967962375541596,1.2946251646577324e-10,0.00020587407497313503,500000.0,879348.0076583887
0.00014293465172476343,0.00010231932784003636,2.0055275376840966,379.8338472584432,0.0,0.06371118334407672,206.36484666458455,1.4074765080107768e-15,0.0,0.00020459536712488498,68.79879888638987,9.47679641786724e-15,3.0515524292650276e-16,3.3164151647455928e-12,5.548971944751415e-22,1.2877913445887766e-13,1.5956279304614636,1.2874653919510727e-10,0.00020587120185005877,500000.0,878383.9287410707
0.00014294724285192524,0.00010234487039110943,2.0516709153455337,379.69456258164064,0.0,0.06366348906455455,206.2103757332542,1.4006317736816102e-15,0.0,0.00020444222070541452,68.74730070315023,9.490783612808784e-15,3.048558063810809e-16,3.3133481893479816e-12,5.4367734887943755e-22,1.271706748411912e-13,1.5944335500234892,1.2801910911411583e-10,0.00020586826376043935,500000.0,877399.4653112319
0.00014295983397908705,0.00010237099267170215,2.097612557032389,379.55252896586745,0.0,0.06361476163701843,206.05255825008214,1.3936319270697584e-15,0.0,0.00020428575642919767,68.6946868320906,9.504166452094138e-15,3.0455043716443815e-16,3.310229774640067e-12,5.324582719138238e-22,1.2555002033614032e-13,1.5932132938045995,1.272805482930954e-10,0.00020586526112511622,500000.0,876394.809199955
0.00014297242510624887,0.00010239769212295324,2.1433493030214636,379.40776871181566,0.0,0.06356500907531919,205.8914201707475,1.3864796478592901e-15,0.0,0.00020412600002935646,68.64096592642687,9.516942315296829e-15,3.0423919023721717e-16,3.307060386474901e-12,5.21254118384015e-22,1.239183375371889e-13,1.5919673624959856,1.2653117997080671e-10,0.0002058621943714386,500000.0,875370.1544403016
0.00014298501623341065,0.00010242496614551268,2.1888780416111127,379.26030423209085,0.0,0.06351423951322255,205.72698783940845,1.3791777404784687e-15,0.0,0.00020396297762416069,68.5861467688877,9.529108818987438e-15,3.039221210226137e-16,3.3038404960570817e-12,5.100944245933664e-22,1.222767815913689e-13,1.5906959597925874,1.2577132816825532e-10,0.00020585906393296542,500000.0,874325.6972728502
0.00014299760736057247,0.0001024528121008812,2.2341957087567197,379.1101580577204,0.0,0.06346246120005349,205.55928797459305,1.3717291227973409e-15,0.0,0.0002037967157030403,68.53023826701084,9.540663818135139e-15,3.0359928551635637e-16,3.3005705797144495e-12,4.989498611009954e-22,1.2062648688345848e-13,1.589399292284,1.25001317699282e-10,0.0002058558702492126,500000.0,873261.636079422
0.00014302376146710336,0.0001025124694680943,2.327641344781248,378.7898046808301,0.0,0.06335172064994975,205.2006196875221,1.3558014225584942e-15,0.0,0.00020344112281997092,68.41066389160899,9.56270357113323e-15,3.029105155590567e-16,3.2936205764452216e-12,4.759291908541316e-22,1.1717545635711107e-13,1.586626043095804,1.2337081168621535e-10,0.00020584903619426528,500000.0,870989.6045748912
0.00014304991557363423,0.00010257455842308312,2.4201369912406783,378.45818305168723,0.0,0.06323674032535487,204.82821794481595,1.3392822859554986e-15,0.0,0.0002030719142391476,68.28651099781212,9.582083417048126e-15,3.0219763096395153e-16,3.2864611890320108e-12,4.531937008007897e-22,1.137013981424236e-13,1.5837466058352938,1.217008011539065e-10,0.00020584193525519505,500000.0,868635.679356537
0.00014307606968016513,0.00010263905385011612,2.5116571049846907,378.1154995464983,0.0,0.06311759843518694,204.44233605878725,1.3222014309376645e-15,0.0,0.00020268934110085346,68.15786403596753,9.598793945253871e-15,3.014611624673969e-16,3.2790968721032404e-12,4.308110515810846e-22,1.1021380681095807e-13,1.580762939131619,1.19994206416864e-10,0.00020583457158921328,500000.0,866201.7164173138
0.000143102223786696,0.0001027059299269879,2.6021771262023696,377.76196271918667,0.0,0.06299437508234973,204.04323347775835,1.3045899885355243e-15,0.0,0.00020229366062876738,68.02480950207179,9.612830599084443e-15,3.0070165329791903e-16,3.271532161116809e-12,4.088493080217423e-22,1.0672180951328018e-13,1.5776770490579974,1.182539410326313e-10,0.00020582694945577,500000.0,863689.605587422
0.0001431283778932269,0.00010277516016138954,2.691673477275181,377.39778320316714,0.0,0.06286715212172889,203.63117532607674,1.2864802106008147e-15,0.0,0.00020188513567392433,67.887435784419,9.624193648621726e-15,2.9991965829699353e-16,3.2637716648934217e-12,3.873401783236023e-22,1.0323413012242449e-13,1.574490985575085,1.1648290412218736e-10,0.00020581907320923144,500000.0,861101.2675345297
0.0001431545319997578,0.00010284671745870639,2.780123518037545,377.0231734953311,0.0,0.06273601296097885,203.20643175878385,1.267905131657177e-15,0.0,0.00020146403407491698,67.74583294845752,9.632887974582188e-15,2.9911574259460325e-16,3.255820055542883e-12,3.6636024559750214e-22,9.975908364471277e-14,1.5712068375412243,1.1468397255760937e-10,0.0002058109472869392,500000.0,858438.6497187043
0.00014318068610628867,0.00010292057416126732,2.867505533273107,376.63834780655225,0.0,0.06260104241491839,202.769277489955,1.2488983341995929e-15,0.0,0.0002010306281902803,67.60009257954603,9.63892293928966e-15,2.9829048056558455e-16,3.2476820609537956e-12,3.459407675605812e-22,9.630452235724298e-14,1.567826729065536,1.1285999381668028e-10,0.00020580257620160012,500000.0,855703.7232576085
0.00014320684021281956,0.00010299670206534587,2.953798746292668,376.24352196560204,0.0,0.062462326601328486,202.31999145516693,1.22949378795808e-15,0.0,0.00020058519456385323,67.45030767042536,9.642312331472752e-15,2.974444550500681e-16,3.239362459256993e-12,3.2618678172668363e-22,9.287786809640984e-14,1.5643528168980962,1.1101377925382717e-10,0.00020579396453702486,500000.0,852898.4804995467
0.00014323299431935043,0.00010307507243649742,3.038983333894662,375.83891331733895,0.0,0.06231995284019591,201.8588564851265,1.2097257027523337e-15,0.0,0.00020012801360120555,67.29657251241153,9.643074302455214e-15,2.965782566283307e-16,3.2308660734813898e-12,3.0696376329138363e-22,8.948599937129147e-14,1.5607872879064055,1.0914809807009764e-10,0.00020578511694413056,500000.0,850024.9326454301
0.00014328332734278142,0.00010323209693363185,3.1997309157573888,375.0335293308164,0.0,0.062035990144394565,200.93912520482436,1.170785479114457e-15,0.0,0.00019921616856845542,66.98994854586128,9.637232908215002e-15,2.9485671290415397e-16,3.214035403959631e-12,2.720001305073118e-22,8.307975004471273e-14,1.5536758590282862,1.0551282488153953e-10,0.00020576744341708453,500000.0,844310.1108855993
0.00014333366036621241,0.00010339710469678141,3.356179028904066,374.1942953974856,0.0,0.061739447634708414,199.9786448231063,1.1308686160139405e-15,0.0,0.0001982639238386455,66.66973946898467,9.62194849348236e-15,2.9306699081715443e-16,3.1966029913557676e-12,2.3989178668386034e-22,7.686679991171686e-14,1.546249355151386,1.0183429815293192e-10,0.0002057489477459928,500000.0,838364.4102755218
0.00014336981007206877,0.00010352041837473198,3.4658260520993345,373.57154830316586,0.0,0.061519068907038524,199.26485118853824,1.1017313909588415e-15,0.0,0.00019755625063755177,66.43177188001827,9.605284694227149e-15,2.9174197252763283e-16,3.183731278355148e-12,2.1804481720028594e-22,7.254311118493984e-14,1.540730251073284,9.917572646225486e-11,0.00020573517612868428,500000.0,833959.9054579379
0.00014340595977792515,0.00010364765402480402,3.5731604074130767,372.9327473863722,0.0,0.06129277965696402,198.53191182286238,1.0723001317855662e-15,0.0,0.00019682959587099443,66.18742140504627,9.583989268861065e-15,2.9038567778042384e-16,3.1705804816319923e-12,1.9807911830863732e-22,6.834757554482678e-14,1.5350631108179171,9.651045995719139e-11,0.0002057210114296735,500000.0,829449.3521732938
0.00014344210948378152,0.0001037787274648071,3.6781483667315227,372.2784834748792,0.0,0.06106082444957676,197.7806188956187,1.042658347993412e-15,0.0,0.00019608474491603835,65.93695214095175,9.558182909277927e-15,2.8899974558902716e-16,3.1571637264748432e-12,1.7999931696959832e-22,6.428889723699171e-14,1.5292540594974957,9.384456042031601e-11,0.0002057064667986012,500000.0,824838.2124328772
0.00014347825918963788,0.00010391355333299388,3.7807595749011425,371.60934811597645,0.0,0.06082344875390929,197.01176750720043,1.0128868317711653e-15,0.0,0.0001953224860554705,65.68062916171819,9.527996846854123e-15,2.875858165052939e-16,3.1434941253512257e-12,1.6162846890942238e-22,6.037401618033535e-14,1.5233092448857957,9.118379453196924e-11,0.00020569155547119373,500000.0,820131.9377535081
0.00014351440889549425,0.00010405204520148207,3.8809670001975016,370.9259328039164,0.0,0.06058089844195639,196.22615406594764,9.830633122024859e-16,0.0,0.0001945436088688092,65.41871797737778,9.493571833712674e-15,2.8614552862897976e-16,3.129584753261707e-12,1.5020266094812612e-22,5.660965643931457e-14,1.517234824869729,8.853362112661556e-11,0.00020567629074668854,500000.0,815335.9579264284
0.0001435505586013506,0.00010419411572194467,3.978746879411771,370.2288280138169,0.0,0.0603334192466182,195.424574532156,9.532619897963314e-16,0.0,0.00019374890249136987,65.15148394859166,9.455057029041498e-15,2.8468051350781234e-16,3.115448621142082e-12,1.0614869577066288e-22,5.299595943350666e-14,1.5110369538718935,8.58991844174578e-11,0.0002056606859585984,500000.0,810455.6690272896
0.00014358670830720699,0.000104339676758219,4.074078655227546,369.5186223150173,0.0,0.06008125625995451,194.60782279266385,9.235532158113969e-16,0.0,0.00019293915400278924,64.8791917447628,9.412608881566659e-15,2.831923923064415e-16,3.1010986514948347e-12,2.627039151490283e-22,4.955620091600594e-14,1.5047217702827629,8.328530467154497e-11,0.00020564475444861366,500000.0,805496.4223910097
0.00014362285801306336,0.00010448863949446418,4.166944905743409,368.7959016369315,0.0,0.05982465349125225,193.77668922919543,8.94003356309376e-16,0.0,0.000192115147007644,64.60210486674393,9.36639005780723e-15,2.816827721862709e-16,3.086547657233725e-12,0.0,4.6186079637169557e-14,1.4982953853910106,8.069647303432924e-11,0.00020562850954610663,500000.0,800463.5149690285
0.00014365900771891972,0.00010464091453672784,4.2573312680777216,368.0612485850967,0.0,0.05956385345341238,192.93195937843478,8.646747035820801e-16,0.0,0.0001912776603070143,64.3204852001275,9.316568411068918e-15,2.801532430210284e-16,3.0718083220991663e-12,2.611528255765251e-21,4.3462294222295e-14,1.491763873023107,7.813685157915659e-11,0.00020561196454938545,500000.0,795362.1804094317
0.00014371366528745854,0.00010487724136987295,4.389259616524256,366.92909412705586,0.0,0.0591620929911639,191.63065702288395,8.208784424517493e-16,0.0,0.0001899875159905132,63.886651430550785,9.234780677664714e-15,2.778063036297909e-16,3.0491929238729946e-12,3.0410932218412105e-20,4.166495757163492e-14,1.4817021089934532,7.433065899912482e-11,0.00020558640841722938,500000.0,787530.580789407
0.00014376832285599737,0.00010512062281433892,4.515466532266919,365.77296129251783,0.0,0.05875210800965462,190.30271263232143,7.779018958866506e-16,0.0,0.00018867095808202525,63.443935625034584,9.14575805726243e-15,2.7542275546607815e-16,3.0262181655537502e-12,1.4359513062875615e-19,4.2581116269631264e-14,1.4714343468235147,7.061175857194098e-11,0.00020556024197376059,500000.0,779571.8163423678
0.0001438229804245362,0.00010537074573935749,4.6359395282785165,364.5947986357198,0.0,0.058334704991350475,188.9507385484304,7.359048496189999e-16,0.0,0.00018733057652364117,62.99320869726415,9.05011721136654e-15,2.7300777786891014e-16,3.0029256338212466e-12,5.461029414644724e-19,4.2073961890891125e-14,1.4609807853281542,6.699031176273541e-11,0.00020553351016719363,500000.0,771502.8952893853
0.00014387763799307503,0.0001056272967153602,4.7506797651818875,363.3965200546217,0.0,0.05791067307459296,187.57729093874167,6.950248826544294e-16,0.0,0.00018596890556497105,62.5353228333444,8.948477208838819e-15,2.7056638955015373e-16,2.979355801352449e-12,2.432803955104349e-18,3.020226807404239e-14,1.4503611889796253,6.347486657691683e-11,0.00020550625730218492,500000.0,763340.2986850396
0.00014393229556161386,0.00010588996273469104,4.859701260613447,362.1800005591211,0.0,0.057480781813269474,186.18486253873695,6.553780043583875e-16,0.0,0.00018458841656748606,62.071109072131115,8.841453324787993e-15,2.681034327559015e-16,2.955547928194569e-12,1.5716778808360882e-17,0.0,1.4395948317889886,6.007243028245696e-11,0.0002054785269232502,500000.0,755099.937395577
0.00014398695313015266,0.00010615843188655193,4.963030085590898,360.9470724721476,0.0,0.05704577922072203,184.7758763141678,6.170595459898809e-16,0.0,0.0001831915117211128,61.60137519234759,8.72965152267687e-15,2.656235597741825e-16,2.931539977883283e-12,0.0,9.364560314889809e-14,1.4287004483025318,5.67885562153764e-11,0.00020545036171014996,500000.0,746797.1161748999
0.00014404161069869149,0.00010643239399283253,5.0607035497441535,359.69952204358214,0.0,0.05660639007737194,183.35267998301754,5.801452259421682e-16,0.0,0.00018178051861359433,61.12690388629302,8.613663609205431e-15,2.631312221901625e-16,2.9073685471903186e-12,3.1552859721218403e-16,0.0,1.4176961912466577,5.362743765496448e-11,0.00020542180338368131,500000.0,738446.5043699025
0.0001440962682672303,0.00010671154120289918,5.152769386524867,358.4390864058446,0.0,0.0561633145048193,181.91754137770621,5.446923897849173e-16,0.0,0.00018035768563069598,60.64845121367436,8.494063070290253e-15,2.6063066314033746e-16,2.883068809053778e-12,3.789961794555202e-31,2.186374417851318e-12,1.406599595662487,5.0592014077648164e-11,0.0002053928926224574,500000.0,730062.112839308
0.00014415092583576914,0.00010699556854157126,5.239284891283281,357.1674514427961,0.0,0.05571722675699802,180.47264464218742,5.107413889575406e-16,0.0,0.00017892517819678537,60.16674533377826,8.371401581403773e-15,2.5812591081078765e-16,2.858674468449569e-12,9.787520234386513e-15,0.0,1.3954275495365716,4.76840793334696e-11,0.00020536366899139103,500000.0,721657.2780295926
0.00014420558340430797,0.00010728417441108559,5.320316195338068,355.8862487747151,0.0,0.0552687743729903,179.0200872194357,4.783170543113835e-16,0.0,0.00017748507576441196,59.68248550114665,8.246206174189924e-15,2.5562077328223443e-16,2.8342177303635864e-12,2.3546015249397975e-20,1.2872581765943435e-14,1.3841962704252824,4.4904384047081206e-11,0.00020533417088151087,500000.0,713244.6491351534
0.0001442602409728468,0.00010757706104946701,5.395937421454218,354.59705450425446,0.0,0.054818577415852915,177.56187757422435,4.474302026688998e-16,0.0,0.00017603936956913632,59.19634130638677,8.118977023566624e-15,2.5311883777756665e-16,2.8097292788549496e-12,4.874341659227386e-17,3.881185113624534e-15,1.3729212879055461,4.2252756522735984e-11,0.00020530443545992662,500000.0,704836.1833398999
0.0001443148985413856,0.00010787393494555353,5.466229866795429,353.3013882503317,0.0,0.05436722796787936,176.09993360563996,4.180791426346803e-16,0.0,0.00017458996106562002,58.708952146928354,7.990185805560129e-15,2.5062347026889387e-16,2.785238266411804e-12,0.0,5.895057213592976e-14,1.3616174313149698,3.972820257773631e-11,0.00020527449862944153,500000.0,696443.1456651766
0.00014436955610992443,0.0001081745072112128,5.531281260479248,352.0007120136871,0.0,0.053915289848925706,174.636081701084,3.9025116051019206e-16,0.0,0.00017313866098581565,58.220926911642636,7.86027457560938e-15,2.4813781593035753e-16,2.760772312770146e-12,1.6144078270912592e-15,0.0,1.350298822427119,3.732901080655881e-11,0.00020524439499745943,500000.0,688076.1121329417
0.00014442421367846325,0.00010847849391310371,5.591185059627669,350.6964292461969,0.0,0.05346329852420875,173.17205637429595,3.6392396897726124e-16,0.0,0.000171687188973139,57.732843860165104,7.729655120287754e-15,2.4566480200072673e-16,2.7363575122311643e-12,6.500222610560294e-15,0.0,1.3389788726332459,3.5052854858596335e-11,0.00020521415785358763,500000.0,679744.9765976438
0.00014447887124700208,0.00010878561636631515,5.646039752339765,349.38988444965304,0.0,0.05301176115662195,171.7095004308874,3.390670957308025e-16,0.0,0.00017023717374551846,57.2452506780818,7.598708732212584e-15,2.432071420654224e-16,2.7120184485409426e-12,7.992595660850899e-16,1.252076287651376e-13,1.3276702842210568,3.2896886169707305e-11,0.0002051838191552019,500000.0,671458.9614730857
0.0001445335288155409,0.00010909560139083085,5.6959481733624475,348.08236325906915,0.0,0.05256115679587037,170.249965612686,3.15643192721469e-16,0.0,0.00016879015373767378,56.758664691743625,7.467786350992458e-15,2.407673408106893e-16,2.6877782165340587e-12,0.0,0.0,1.3163850553667011,3.085782211513197e-11,0.00020515340952033983,500000.0,663226.6318672253
0.0001445881863840797,0.00010940818153165469,5.741016861546114,346.77509269808985,0.0,0.05211193670684857,168.79491367388383,2.9360925600947304e-16,0.0,0.00016734757817033836,56.27357322703726,7.337209013267363e-15,2.383476997051812e-16,2.66365844978452e-12,3.506618830366397e-14,0.0,1.3051344884595482,2.8932028171424517e-11,0.00020512295822737176,500000.0,655055.9121524609
0.00014464284395261854,0.00010972309524456559,5.78135546164402,345.4692415760737,0.0,0.051664524821526274,167.345717838261,2.7291775173182087e-16,0.0,0.000165910808493199,55.79043409520059,7.207268582608122e-15,2.3595032381857076e-16,2.639679353461388e-12,0.0,0.0,1.2939292013673873,2.711559242302898e-11,0.0002050924932208429,500000.0,646954.1045676618
0.00014469750152115737,0.00011004008705011599,5.817076162498666,344.16592108679583,0.0,0.05121931829478406,165.9036645860787,2.535176445555444e-16,0.0,0.00016448112015562266,55.30967618854485,7.0782286862288095e-15,2.3357712912185785e-16,2.6158597415853376e-12,0.0,3.7559752117056e-15,1.2827791412489962,2.5404393136274384e-11,0.0002050620411228323,500000.0,638927.9096302364
0.0001447521590896962,0.00011035890765805842,5.848293166343586,342.86618564168964,0.0,0.050776688142280056,164.46995572388332,2.353553260532826e-16,0.0,0.0001630597046589795,54.83170017049477,6.950325826826211e-15,2.312298501205019e-16,2.5922170779627404e-12,3.800513331793158e-15,5.9493147748288775e-15,1.2716936005588029,2.379415966777949e-11,0.00020503162724920854,500000.0,630983.448109008
0.00014480681665823502,0.00011067931406381284,5.875122191282908,341.57103389681953,0.0,0.05033697995284981,163.04571069568325,2.1837544305812542e-16,0.0,0.0001616476718484486,54.35687924609864,6.823770633645799e-15,2.2891004794376044e-16,2.568767520162397e-12,1.8197489527616587e-15,3.10058331189208e-15,1.2606812349183467,2.2280526550947288e-11,0.00020500127563023046,500000.0,623126.284201559
0.00014486147422677385,0.00011100106961863666,5.897680011299553,340.28140990269105,0.0,0.04990051466400431,161.6319690963036,2.0252162879698038e-16,0.0,0.00016024605240492966,53.88555999994127,6.6987492139405736e-15,2.2661911874559306e-16,2.545525965943206e-12,9.168610299277667e-15,2.5048649579902882e-15,1.2497500825501475,2.0859081034117868e-11,0.000204971009034973,500000.0,615361.4495312186
0.00014491613179531265,0.00011132394407549362,5.916084032023399,338.9982043751489,0.0,0.049467589388918515,160.22969334892036,1.8773714121653538e-16,0.0,0.00015885580049937323,53.41806328879184,6.57542457102537e-15,2.243583022029584e-16,2.5225061015649446e-12,7.730967867123026e-15,4.14206745083661e-15,1.2389075849801465,1.9525404506849213e-11,0.00020494084899906178,500000.0,607693.4677287102
0.00014497078936385148,0.00011164771361269766,5.930451900451655,337.72225607466527,0.0,0.049038478283266615,158.8397715112281,1.7396541351538415e-16,0.0,0.0001574777965747353,52.95468517713614,6.45393806116029e-15,2.2212869005548134e-16,2.499720451456457e-12,0.0,1.584860647322203e-15,1.2281606087347168,1.827510811275998e-11,0.00020491081585521841,500000.0,600126.3793646748
0.0001450254469323903,0.00011197216083723591,5.940901148391689,336.4543532602697,0.0,0.048613433441289065,157.46302017822396,1.6115052235820146e-16,0.0,0.00015611285022403186,52.49569790491917,6.3344108663051666e-15,2.1993123466735294e-16,2.4771804287733976e-12,0.0,1.8541808546355726e-15,1.2175154677852642,1.7103862968604927e-11,0.00020488092876615798,500000.0,592663.7669876256
0.00014508010450092914,0.00011229707476947902,5.9475488670778764,335.1952352239681,0.0,0.04819268581264486,156.10018745309165,1.4923757994390006e-16,0.0,0.00015476170313587903,52.04135087799113,6.216945462957491e-15,2.17766757515455e-16,2.454896386434192e-12,1.0849212722761582e-14,1.2657058269139799e-14,1.2069779465195998,1.6007425483698433e-11,0.00020485120575942182,500000.0,585308.7801187389
0.00014513476206946796,0.00011262225081086029,5.950511409934281,333.945593920622,0.0,0.047776446132570385,154.75195596072516,1.3817305660323528e-16,0.0,0.00015342503208200722,51.591871672768946,6.101627069674534e-15,2.1563595752686005e-16,2.432877668271769e-12,2.1666175850163615e-15,1.1862287183987866e-14,1.1965533230428473,1.49816582005917e-11,0.0002048216637637667,500000.0,578064.1600905904
0.0001451894196380068,0.00011294749069615062,5.949904127065776,332.7060756057315,0.0,0.04736490585850835,153.41894588064253,1.2790504056148077e-16,0.0,0.00015210345192415452,51.1474670473621,5.988525058414924e-15,2.135394192278869e-16,2.4111326599741547e-12,0.0,1.0353714830533625e-15,1.186246392627916,1.4022546500076439e-11,0.0002047923186467571,500000.0,570932.2644549732
0.00014527428909916833,0.00011345218437827689,5.942153551333746,330.8028775951057,0.0,0.04673560163392817,151.38058133222054,1.1342303048906253e-16,0.0,0.00015008256537436376,50.467908320026986,5.817423212245641e-15,2.1035301506828763e-16,2.377927863886391e-12,0.0,6.659496422811475e-16,1.1704856104149415,1.2656334676231028e-11,0.0002047471777718166,500000.0,560086.2098495077
0.0001453591585603299,0.00011395588156483308,5.926490791279762,328.927580703745,0.0,0.0461186063836173,149.38208589562916,1.0056322790028198e-16,0.0,0.00014810120607797322,49.80164132845086,5.651937903590117e-15,2.0725166898477525e-16,2.345424736968647e-12,0.0,4.964826049139772e-16,1.1550330990608908,1.142770683715511e-11,0.00020470259801635418,500000.0,549522.5585689794
0.00014544402802149143,0.00011445792823809204,5.903325792742998,327.082008389378,0.0,0.04551439320409179,147.4249920599887,8.916005234576953e-17,0.0,0.00014616089338373114,49.14917698043346,5.492147718652741e-15,2.0423619975364282e-16,2.3136426856881503e-12,0.0,4.88752062861038e-16,1.1399007078823578,1.0323750940877705e-11,0.00020465862494261903,500000.0,539245.4557956764
0.000145528897482653,0.00011495770470404118,5.873057127293057,325.267768513555,0.0,0.04492335020961967,145.5105570389716,7.906065617561707e-17,0.0,0.00014426287372529132,48.51093441126405,5.338075810859975e-15,2.013069792526812e-16,2.282596983584101e-12,6.932362946085868e-16,4.832552559909503e-16,1.1250981577463262,9.332483085741484e-12,0.00020461529910469832,500000.0,529257.4834498734
0.00014561376694381453,0.00011545462456054073,5.8360709991060915,323.48626839430005,0.0,0.04434578826003686,143.63978780306402,7.01248950446192e-17,0.0,0.00014240814543884219,47.8872493290843,5.189699040941069e-15,1.9846398973587186e-16,2.252299172156764e-12,8.096191702643003e-16,2.9859276578903315e-16,1.110633234621428,8.442849004189675e-12,0.00020457265639976883,500000.0,519559.8403696178
0.0001456986364049761,0.00011594813361600207,5.792740451721216,321.7387294211595,0.0,0.04378194829823258,141.81346484716818,6.222508061890156e-17,0.0,0.00014059748232690645,47.27838193863347,5.04695611025376e-15,1.9570687634830573e-16,2.222757438599674e-12,2.6871496124688094e-23,2.778544542676808e-16,1.0965119733506945,7.644705925446862e-12,0.00020453072840950415,500000.0,510152.50963179057
0.00014578350586613763,0.00011643770876132511,5.743424771315622,320.02620118413984,0.0,0.04323200828529707,140.03216465503073,5.524553886621213e-17,0.0,0.00013883145593015118,46.684524430536115,4.90975474841362e-15,1.930349950463352e-16,2.193976970211188e-12,2.0060183029188702e-17,2.380911252792654e-16,1.0827388313481112,6.928790121606597e-12,0.00020448954273048997,500000.0,501034.41318226996
0.0001458683753272992,0.00011692285678980272,5.688469100557538,318.3495750981914,0.0,0.04269608973740755,138.2962808737694,4.9081982282894405e-17,0.0,0.00013711045652035504,46.10580804055651,4.7779780139792376e-15,1.9044745615640694e-16,2.165960286008031e-12,3.4396229492484587e-16,1.186684628496352e-16,1.0693168523216112,6.286674705690408e-12,0.0002044491232930637,500000.0,492203.55422938993
0.00014595324478846073,0.00011740311318113317,5.62820423887076,316.709597460121,0.0,0.04217426385033561,136.60604415256435,4.3640761191815725e-17,0.0,0.0001354347127689824,45.54230966350683,4.651489755500397e-15,1.8794316371387863e-16,2.1387075452789055e-12,0.0,1.8732143859501116e-16,1.056247819667297,5.710720862551262e-12,0.0002044094906668131,500000.0,483657.14760483586
0.0001460381142496223,0.00011787804087548797,5.562946585589821,315.1068818317067,0.0,0.04166655719386107,134.96154058805766,3.8838072701824826e-17,0.0,0.0001338043100344334,44.994058002653574,4.530139291204214e-15,1.855208507195139e-16,2.1122168326862405e-12,0.0,3.154674480376214e-16,1.0435323990905983,5.194025192531676e-12,0.00020437066235078484,500000.0,475391.73822359706
0.00014612298371078383,0.00011834722905378466,5.492998193156837,313.54192073552326,0.0,0.04117295697546705,133.36272877453368,3.4599168169282213e-17,0.0,0.0001322192072660377,44.46103925397988,4.413765385587391e-15,1.8317911055387735e-16,2.0864844202826652e-12,2.7924827392646943e-15,0.0,1.0311702704394905,4.730365386543562e-12,0.0002043326530475138,500000.0,467403.3081391289
0.0001462078531719454,0.0001188102919288176,5.418646914534624,312.01509672484855,0.0,0.04069341588885502,131.8094555093126,3.085756780359524e-17,0.0,0.00013067925257474245,43.94320234211707,4.302199606522189e-15,1.8091642485214244e-16,2.0615050075015153e-12,3.073921491187132e-22,8.039303753109508e-17,1.019160249139742,4.3141458566300285e-12,0.00020429547492094267,500000.0,459687.37298305554
0.00014629272263310693,0.00011926686755051661,5.340166641115431,310.52669272036303,0.0,0.04022785656628555,130.301470214611,2.755428986858422e-17,0.0,0.00012918419753133007,43.44046372836637,4.195269136510242e-15,1.7873118814557771e-16,2.0372719403016973e-12,0.0,9.750494887652047e-17,1.0075003977057588,3.9403444754498585e-12,0.00020425913783846556,500000.0,452239.0683451375
0.0001463775920942685,0.0001197166166324222,5.257817613225133,309.0769016673775,0.0,0.03977617565081618,128.838438128486,2.46371113770179e-17,0.0,0.00012773371024427994,42.95271180835261,4.0927991012418185e-15,1.7662172951029993e-16,2.0137774105083733e-12,1.3076621424517984e-16,5.027779575576686e-17,0.9961881277339502,3.6044613933538136e-12,0.0002042236495971751,500000.0,445053.2268455192
0.00014646246155543003,0.00012015922140721663,5.171846783094961,307.6658355762605,0.0,0.03933824750520501,127.41995231859718,2.2059875750140215e-17,0.0,0.00012632738727050847,42.47981091722366,3.994614475295598e-15,1.7458633149427183e-16,1.9910126363898173e-12,1.9953251074333057e-16,4.1927973507974454e-17,0.9852202927939898,3.3024704701378328e-12,0.00020418901613446125,500000.0,438124.4466365793
0.0001465473310165916,0.00012059438451615879,5.082488218533105,306.29353392709737,0.0,0.03891392757753333,126.04554458410041,1.978185277520186e-17,0.0,0.00012496476442377038,42.02160496417058,3.9005416237731325e-15,1.7262324657854342e-16,1.968968025649974e-12,1.9285833172498717e-16,3.714962070450608e-17,0.9745932727230493,3.0307737011243062e-12,0.00020415524172339287,500000.0,431447.1519620075
0.00014663220047775313,0.00012102182793453005,4.9899635390441,304.95997145005634,0.0,0.0385030554462969,124.71469531925874,1.7767149455945435e-17,0.0,0.00012364532655369018,41.57792072080064,3.810409533979824e-15,1.7073071141867477e-16,1.947633322105459e-12,0.0,0.0,0.9643030498919516,2.786158861863431e-12,0.00020412232915353399,500000.0,425015.6464456527
0.0001467170699389147,0.00012144129193470333,4.89448237799742,303.6650652826638,0.0,0.038105457567509375,123.42684241178728,1.5984170326415304e-17,0.0,0.00012236851636782185,41.148570787705665,3.7240507835895476e-15,1.689069590931288e-16,1.9269977372833236e-12,0.0,2.495993939023739e-17,0.9543452780078149,2.565760422762879e-12,0.00020409027989788087,500000.0,418824.1597349665
0.00014680193940007623,0.00012185253408879797,4.796242861193614,302.4086815735683,0.0,0.03772094974514719,122.18138924505693,1.4405127352001678e-17,0.0,0.00012113374236524668,40.73335626227115,3.641302284934799e-15,1.6715022958874871e-16,1.907050068100952e-12,1.473954605038269e-15,2.5298367910257744e-16,0.9447153439876704,2.3670237320846693e-12,0.00020405909426658497,500000.0,412866.88817420846
0.0001468868088612378,0.00012225532831239015,4.695432090868144,301.1906416501737,0.0,0.03734933934574229,120.9777118716022,1.3005598689788826e-17,0.0,0.00011994038594854768,40.33206913021099,3.5620058405779586e-15,1.6545877870556305e-16,1.887778801747908e-12,7.631799003728322e-23,1.8471584719039213e-17,0.935408423424554,2.1876723830405937e-12,0.00020402877154815184,500000.0,407138.03020488337
0.00014697167832239933,0.00012264946394990108,4.592226637225578,300.01072759977654,0.0,0.036990427277668186,119.81516542426758,1.1764133406741488e-17,0.0,0.00011878780777998808,39.94449440294308,3.486008541734386e-15,1.6383088555769304e-16,1.869172208856103e-12,0.0,0.0,0.9264195301589365,2.0256785650227356e-12,0.00020399931013883522,500000.0,401631.81678710406
0.0001470565477835609,0.0001230347449017118,4.486793030404361,298.8686873581731,0.0,0.03664400975476083,118.69308982896463,1.066189821455174e-17,0.0,0.00011767535344529608,39.57041202213273,3.413163036990902e-15,1.622648588373794e-16,1.8512184259932534e-12,3.363639231365018e-17,1.535105756701261e-17,0.9177435604501897,1.879236303313141e-12,0.0002039707076609743,500000.0,396342.5374430548
0.00014714141724472244,0.0001234109887927164,4.379288246348091,297.7642394072966,0.0,0.03630987986312016,117.61081487975132,9.682362655213176e-18,0.0,0.00011660235848522693,39.20959855164444,3.3433276944550204e-15,1.6075904200543812e-16,1.8339055284533527e-12,4.071025828344233e-17,1.3221265428991165e-17,0.9093753322174597,1.7467373470484226e-12,0.00020394296107100902,500000.0,391264.5624876528
0.000147226286705884,0.0001237780261817891,4.269860184808916,296.69707707956906,0.0,0.035987828948658124,116.56766473334076,8.811019677755979e-18,0.0,0.00011556815285152723,38.86182867594052,3.2763666768219727e-15,1.5931181753329687e-16,1.817221594253868e-12,0.0,6.883080054777648e-18,0.9013096197915346,1.6267495138940096e-12,0.0002039160667578769,500000.0,386392.3618306457
0.00014731115616704554,0.0001241356998114609,4.158648138377725,295.66687246241776,0.0,0.03567764784189724,115.56296187642626,8.035138533877894e-18,0.0,0.00011457206484024003,38.526876522724926,3.2121499460437055e-15,1.5792161031163227e-16,1.8011547601847117e-12,0.0,8.880989620667423e-18,0.8935411845904898,1.5179972984810363e-12,0.00020389002063246937,500000.0,381720.5206960452
0.0001473960256282071,0.0001244838638969776,4.045783251267207,294.67327991099467,0.0,0.035379127935336555,114.5960306154384,7.343546730549662e-18,0.0,0.00011361342455154415,38.20451682637345,3.150553211909722e-15,1.5658689033898523e-16,1.7856932706893479e-12,1.1883075433926101e-16,0.0,0.886064802102741,1.4193445341851144e-12,0.00020386481820880003,500000.0,377243.752592356
0.00014748089508936864,0.00012482238345368628,3.9313889631974046,293.7159392769398,0.0,0.03509206212766622,113.66620013501253,6.7264378820603526e-18,0.0,0.0001126915669219959,37.89452594757881,3.0914578365866836e-15,1.5530617479568917e-16,1.7708255203011873e-12,1.7257032542141887e-16,0.0,0.8788752855353373,1.329778932709559e-12,0.0002038404546775183,500000.0,372956.90996468655
0.00014756576455053017,0.0001251511336614983,3.815581438472071,292.7944788479324,0.0,0.034816245648114454,112.77280716818353,6.1752026428346634e-18,0.0,0.00011180583437182431,37.596682763551556,3.0347507050954156e-15,1.540780295784337e-16,1.7565400903037601e-12,0.0,6.298660496812341e-17,0.8719675064601,1.2483983078099084e-12,0.00020381692497236468,500000.0,368854.9927808367
0.00014765063401169174,0.00012546999926520467,3.6984699824616563,291.9085179419845,0.0,0.03455147677307137,111.9151983176355,5.682280216995234e-18,0.0,0.00011095557910628133,37.310769441888326,2.9803240699812807e-15,1.5290107037105215e-16,1.7428257802231103e-12,0.0,1.6047344232408702e-16,0.8653364127616925,1.174398316052997e-12,0.00020379422383012225,500000.0,364933.1552140508
0.00014773550347285327,0.00012577887400942115,3.5801574417550897,291.05766926287464,0.0,0.03429755744608017,111.09273206395835,5.2410281442771856e-18,0.0,0.00011014016510667993,37.03657211009301,2.928075377034631e-15,1.5177396332948917e-16,1.7296716347059386e-12,2.096919549609124e-24,4.23966906631625e-18,0.8589770441656054,1.1070615738322813e-12,0.00020377234584459302,500000.0,361186.7107679121
0.00014782037293401484,0.0001260776601068036,3.4607405869838965,290.24154105658045,0.0,0.034054293811443204,110.30478049408171,4.8456082250885215e-18,0.0,0.00010935896984400428,36.77388143180949,2.877907077747083e-15,1.5069542543741018e-16,1.717066966291806e-12,0.0,5.682089824015854e-19,0.8528845456025334,1.0457479906402447e-12,0.000203751285515095,500000.0,357611.13607763965
0.00014790524239517637,0.00012636626773812685,3.340310480560781,289.4597390259845,0.0,0.03382149667080963,109.55073078024266,4.490886636153264e-18,0.0,0.00010861138574519503,36.52249309988624,2.8297264331512344e-15,1.4966422457298617e-16,1.7050013745425844e-12,1.567112199603687e-17,2.8048203741490475e-17,0.8470541786438608,9.898861923045994e-13,0.00020373103728993898,500000.0,354202.0734986762
0.00014799011185633794,0.00012664461458289497,3.218952829329351,288.7118680236853,0.0,0.03359898187122255,108.82998643692979,4.1723465266561794e-18,0.0,0.000107896821439317,36.28220825542171,2.7834453127901114e-15,1.4867917934335059e-16,1.693464761946134e-12,0.0,0.0,0.8414813312204433,9.389659212154783e-13,0.00020371159560531266,500000.0,350955.3326544818
0.00014807498131749947,0.00012691262537921791,3.0967483218755123,287.9975335493184,0.0,0.03338657063227253,108.14196838058402,3.886011585936115e-18,0.0,0.00010721470280817503,36.05283384105202,2.738979991839248e-15,1.477391587335844e-16,1.682447346969279e-12,6.308622868685564e-17,0.0,0.8361615258162923,8.925312975335032e-13,0.00020369295491996778,500000.0,347866.8911053494
0.00014815985077866104,0.00012717023151163974,2.9737729493347747,287.316343107094,0.0,0.033184089819342115,107.48611581469002,3.6283792610452625e-18,0.0,0.00010656447386381458,35.83418289602642,2.6962509487074836e-15,1.468430815942812e-16,1.671939674601094e-12,0.0,0.0,0.8310904263121643,8.501748609492378e-13,0.00020367510974607313,500000.0,344932.8943196603
0.00014819291509433823,0.0001272677623179569,2.9256698563784322,287.0598454862393,0.0,0.03310785702808662,107.23919132255621,3.535099190233283e-18,0.0,0.00010631966663089925,35.751862148403205,2.6800577052487847e-15,1.4650564943294643e-16,1.6679819901580991e-12,0.0,0.0,0.8291811882688407,8.346972443492336e-13,0.00020366837160463116,500000.0,343830.8432115524
0.00014819626009225024,0.0001272775405291144,2.920797689449027,287.034172564856,0.0,0.03310022698994979,107.21447698031086,3.525872140028963e-18,0.0,0.00010629516420229805,35.743622774847864,2.6784333624771887e-15,1.4647187307850284e-16,1.667585817078595e-12,0.0,1.3266290821886261e-18,0.8289900951860008,8.331620219821217e-13,0.00020366769659843682,500000.0,343720.61883318296
0.00014819960509016228,0.00012728730244114295,2.915924482527721,287.0085502669567,0.0,0.03309261200871095,107.18981140863471,3.516682957732962e-18,0.0,0.00010627071012608178,35.73539966063433,2.6768115505836055e-15,1.4643816271294475e-16,1.6671904157155854e-12,2.188516790459572e-17,5.3461060387392825e-18,0.8287993792007313,8.316323386779209e-13,0.00020366702281603589,500000.0,343610.6262446749
0.00014820176219385302,0.00012729358900262665,2.912781326489377,286.99205412968155,0.0,0.03308770928295101,107.1739310630553,3.510777094537978e-18,0.0,0.00010625496594685747,35.73010540282574,2.6757670257696654e-15,1.464164587291693e-16,1.666935840521266e-12,1.8657331742870433e-17,4.120369897549334e-18,0.8286765912194366,8.306488159702954e-13,0.00020366658895988978,500000.0,343539.8178959177
0.00014820391929754373,0.00012729986878353376,2.9096377413299948,286.97557945774656,0.0,0.03308281281203516,107.1580709774467,3.504886865054875e-18,0.0,0.00010623924185388441,35.72481789937322,2.6747235504432104e-15,1.4639478214414036e-16,1.6666815858869718e-12,0.0,0.0,0.8285539598897024,8.296675916311732e-13,0.0002036661556124511,500000.0,343469.10630781186
0.00014820607640123447,0.00012730614178293995,2.906493728257741,286.95912631505905,0.0,0.03307792259331604,107.14223114323309,3.4990122250173785e-18,0.0,0.00010622353783866036,35.71953714741774,2.6736811234242723e-15,1.4637313293887564e-16,1.6664276516684767e-12,4.246213278099599e-17,6.5575638715426824e-18,0.82843148514522,8.286886673594058e-13,0.00020366572277363186,500000.0,343398.49150671344
0.00014820942090887416,0.0001273158544206026,2.90161821155385,286.9336589244075,0.0,0.03307035284989477,107.11771210068508,3.489934538415399e-18,0.0,0.00010619922903515516,35.71136288371423,2.6720669497339675e-15,1.463396207559305e-16,1.6660345694607042e-12,7.476054052714115e-17,9.868431539758389e-18,0.828241902133774,8.271754272318317e-13,0.0002036650526788583,500000.0,343289.19719928905
0.00014821276541651389,0.00012732555075035238,2.8967416729272015,286.90824319254375,0.0,0.033062798120129244,107.0932416886429,3.4808940588124936e-18,0.0,0.00010617496844517249,35.703204832657605,2.670455288885579e-15,1.463061742760612e-16,1.6656422566282787e-12,0.0,0.0,0.8280526951369188,8.256676982797553e-13,0.00020366438380623307,500000.0,343180.13513717806
0.00014821610992415358,0.00012733523076877812,2.8918641163155994,286.8828789269027,0.0,0.03305525839418868,107.06881987526124,3.47189062378364e-18,0.0,0.00010615075603714012,35.695062983631125,2.668846136503799e-15,1.4627279343145133e-16,1.6652507126356976e-12,6.312811365765308e-17,1.1785442129360531e-17,0.8278638639084237,8.241654560303664e-13,0.0002036637161554294,500000.0,343071.30490200646
0.00014821945443179327,0.00012734489447248205,2.886985545808163,286.8575660581468,0.0,0.033047733662256606,107.04444662874363,3.4629240714546423e-18,0.0,0.0001061265917795342,35.686937326034354,2.6672394882238324e-15,1.4623947815640478e-16,1.6648599369483305e-12,1.7263033038161715e-16,1.612742776654924e-17,0.8276754082024359,8.226686763943224e-13,0.00020366304972612115,500000.0,342962.7062239145
0.000148222798939433,0.00012735454185808,2.882105965642271,286.83230465387595,0.0,0.033040223914531354,107.02012191734185,3.453994240571131e-18,0.0,0.00010610247564087885,35.67882784928295,2.66563533968994e-15,1.462062283857633e-16,1.6644699290323835e-12,3.032525209968875e-16,6.088118983681251e-17,0.8274873277734762,8.211773401364183e-13,0.00020366238451798252,500000.0,342854.33899783995
0.0001482261434470727,0.00012736417292220207,2.8772253799757586,286.80709478181194,0.0,0.03303272914122364,106.99584570935461,3.4451009707740364e-18,0.0,0.00010607840758974441,35.67073454280818,2.6640336865539343e-15,1.4617304405377057e-16,1.6640806883548515e-12,0.0,0.0,0.8272996223764288,8.196914319869779e-13,0.00020366172053068788,500000.0,342746.20311914943
0.00014822948795471238,0.0001273737876614925,2.8723437929869764,286.7819364280278,0.0,0.03302524933256492,106.97161797312721,3.4362441027171663e-18,0.0,0.00010605438759474773,35.662657396056865,2.6624345244752885e-15,1.4613992509445752e-16,1.6636922143835161e-12,8.495037383231882e-16,2.4801767075569794e-16,0.8271122917665353,8.182109361286032e-13,0.00020366105776391125,500000.0,342638.2983855375
0.0001482328324623521,0.0001273833860726088,2.8674612084603424,286.756829549469,0.0,0.03301778447878397,106.94743867705415,3.4274234778978373e-18,0.0,0.00010603041562455394,35.65459639849224,2.6608378491224672e-15,1.4610687144253989e-16,1.6633045065870096e-12,0.0,0.0,0.826925335699427,8.167358324208856e-13,0.00020366039621732778,500000.0,342530.6245601414
0.0001482379272881608,0.00012739797633684334,2.8600214597766795,286.7186820748202,0.0,0.03300644168116279,106.9106983911288,3.4140559596280927e-18,0.0,0.00010599399036897822,35.64234776418655,2.658410337620821e-15,1.4605664483004257e-16,1.6627153667376777e-12,4.034812229252058e-16,3.585638314562312e-17,0.8266412571497274,8.144990622945118e-13,0.00020365939080067543,500000.0,342367.04389655736
0.0001482505309346682,0.00012743390700695322,2.8416071082791654,286.6248248091724,0.0,0.03297853051824358,106.82029176079021,3.381343482138465e-18,0.0,0.0001059043589321904,35.612207613506264,2.6524297824633535e-15,1.4593304267215095e-16,1.6612655671332451e-12,9.34321631320553e-17,5.2539312925001386e-18,0.8259422265410706,8.090188557279968e-13,0.00020365691574375129,500000.0,341964.67132110486
0.0001482631345811756,0.0001274696055019607,2.8231789652370645,286.5316967081938,0.0,0.03295083086740864,106.7305702354951,3.349131791317742e-18,0.0,0.00010581540672600974,35.582295866087605,2.6464841580394085e-15,1.4581036231551579e-16,1.6598266010043262e-12,1.0468272463960555e-16,4.290352897473308e-18,0.8252484932140983,8.036134951799546e-13,0.00020365445798614865,500000.0,341565.55930388987
0.000148275738227683,0.00012750507164930534,2.8047372340460957,286.43929707153757,0.0,0.032923342213111134,106.64153214611169,3.3174127427887703e-18,0.0,0.00010572713209560058,35.55261196546827,2.6405732366435476e-15,1.4568860048899016e-16,1.6583984402989294e-12,1.1568305841796194e-16,4.330918860405845e-18,0.8245600442630941,7.982819508067428e-13,0.0002036520175106294,500000.0,341169.69726896787
0.0001482883418741904,0.00012754030527905005,2.78628212353893,286.34762502573534,0.0,0.032896064043021846,106.55317583345423,3.2861783422018324e-18,0.0,0.00010563953339599787,35.523155358501775,2.6346967922873974e-15,1.4556775395632144e-16,1.6569810571352905e-12,1.3228220639190476e-16,6.0737829129814744e-18,0.8238768668591626,7.930233063802489e-13,0.00020364959430000014,500000.0,340777.07450916426
0.0001483009455206978,0.0001275753062239233,2.767813848646783,286.25667952889717,0.0,0.0328689958479974,106.46549964814699,3.2554207446041112e-18,0.0,0.00010555260899197304,35.49392549531215,2.62885460068526e-15,1.4544781951342948e-16,1.655574423799636e-12,1.0357195934439188e-16,6.917681536449762e-18,0.8231989482491738,7.878366304342425e-13,0.00020364718833710844,500000.0,340387.6801918598
0.00014833205186848725,0.00012766069322740943,2.7221783311031946,286.03532546244116,0.0,0.032803085763897025,106.25201128288941,3.1815014141189547e-18,0.0,0.00010534095118712878,35.422751827260925,2.6145809925383144e-15,1.4515569948403417e-16,1.6521486217733964e-12,0.0,1.0849096989760783e-18,0.821548240758961,7.753376006256518e-13,0.00020364132402149636,500000.0,339440.3870431281
0.00014835097222050303,0.0001277119348983453,2.694383398764907,285.9028425778384,0.0,0.03276361699300491,106.1241685782806,3.1378900064091624e-18,0.0,0.0001052142046724507,35.38013107736844,2.6059990891330627e-15,1.4498070642763739e-16,1.6500966571454526e-12,0.0,0.0,0.8205597517149336,7.679407002239991e-13,0.00020363780829348786,500000.0,338873.71729614737
0.00014836989257251883,0.0001277626504196534,2.6665611288792612,285.7719858517698,0.0,0.03272461580986212,105.99784042955206,3.0952699072497892e-18,0.0,0.00010508895972707383,35.3380152566197,2.5974919211394177e-15,1.4480773426063883e-16,1.648068613018241e-12,1.2656373576170816e-16,8.818551807131916e-18,0.8195829733264854,7.606956797364823e-13,0.0002036343312442022,500000.0,338314.20483486564
0.0001483888129245346,0.00012781283928051357,2.6387121945230505,285.6427521897497,0.0,0.03268608055551227,105.87302146362039,3.0536174153034108e-18,0.0,0.00010496521102397786,35.29640257371308,2.5890587650686007e-15,1.4463677287874589e-16,1.646064399170995e-12,1.0053020686649987e-16,5.881031944638856e-18,0.818617864048617,7.535996082780972e-13,0.00020363089281708863,500000.0,337761.81510793313
0.0001484077332765504,0.0001278625009827703,2.6108372628632983,285.515138455037,0.0,0.03264800958674905,105.74970635824577,3.012909472178712e-18,0.0,0.00010484295328655334,35.25529125429741,2.5806989056697994e-15,1.4446781228595498e-16,1.6440839262468593e-12,0.0,0.0,0.8176643827294249,7.466496230613736e-13,0.00020362749295596856,500000.0,337216.51389238384
0.0001484266536285662,0.00012791163504081708,2.582936996597428,285.38914143726294,0.0,0.032610401276147255,105.62788984207428,2.973123645083373e-18,0.0,0.00010472218128864557,35.21467954098608,2.572411635830994e-15,1.4430084259889384e-16,1.642127105752295e-12,0.0,0.0,0.8167224886104203,7.398429373852818e-13,0.000203624131605039,500000.0,336678.26725499926
0.00014845859044023958,0.00012799337308248084,2.5357867913569376,285.1801221289629,0.0,0.03254796501651807,105.42565348784422,2.9079980279912005e-18,0.0,0.00010452167901425789,35.14725711669381,2.55858577948831e-15,1.440234936979712e-16,1.6388774831549947e-12,4.516755469187528e-17,2.0701387043729626e-18,0.8151587824835212,7.286710560241233e-13,0.00020361854498593393,500000.0,335785.6385715603
0.00014849052725191298,0.00012807360421514252,2.4885693662254282,284.9756846306886,0.0,0.032486834733206384,105.22764730202658,2.845336556230423e-18,0.0,0.00010432537063661469,35.08124496411365,2.5449614469905946e-15,1.4375174336621693e-16,1.6356945861556117e-12,1.648473351109819e-16,0.0,0.8136277843249341,7.178870894905336e-13,0.0002036130676689126,500000.0,334912.85548004345
0.00014852246406358639,0.00012815232634079057,2.441287758537059,284.7758136222037,0.0,0.03242700290469051,105.03384692166529,2.7850425876023748e-18,0.0,0.00010413323200166383,35.01663496101867,2.5315353907564034e-15,1.4348554635313607e-16,1.6325780058733719e-12,3.6921741763371856e-16,0.0,0.8121293057584944,7.074788964133733e-13,0.00020360769939342885,500000.0,334059.76215485303
0.0001485544008752598,0.00012822953745740618,2.393944941650308,284.5804939425514,0.0,0.032368462138023184,104.84422840042346,2.7270238192152434e-18,0.0,0.00010394523936839599,34.953419124076234,2.5183044251785763e-15,1.4322485832255178e-16,1.6295273404390017e-12,0.0,1.3513861605817603e-18,0.8106631616293947,6.974348379782834e-13,0.00020360243990241662,500000.0,333226.2059502782
0.0001485863376869332,0.00012830523565688712,2.346543829267082,284.3897105338559,0.0,0.03231120516934205,104.65876821012895,2.671192083840865e-18,0.0,0.00010376136941038025,34.89158960936327,2.5052654253461757e-15,1.4296963583473117e-16,1.6265421950023594e-12,4.4028224195628515e-17,1.5290407445397161e-18,0.8092291700161156,6.877437539242833e-13,0.00020359728894239464,500000.0,332412.03731319454
0.00014863426031944387,0.00012841598191249386,2.2753131857299875,284.1119090823948,0.0,0.03222768143393642,104.38822772918772,2.591333728165576e-18,0.0,0.00010349314868444845,34.80139566197085,2.486053265870073e-15,1.425968238826975e-16,1.6221849234683389e-12,0.0,1.4586731192629629e-18,0.8071373314382155,6.738407500945404e-13,0.00020358976276177744,500000.0,331226.3933462016
0.00014870630091645733,0.00012857603356442596,2.1680201250687623,283.7133434506606,0.0,0.032107479945510005,103.99888488845036,2.4796093669277363e-18,0.0,0.00010310714427203822,34.67159487366396,2.4579503967216037e-15,1.4205905607218736e-16,1.615907908113676e-12,0.0,1.3697194723529716e-18,0.8041269044165262,6.543162492352378e-13,0.0002035789058163647,500000.0,329524.513722836
0.0001487783415134708,0.00012872834728231504,2.060497051750718,283.3375021064297,0.0,0.031993644253875936,103.6301614062533,2.377144698918617e-18,0.0,0.00010274158241704715,34.54866825565854,2.4307528044912965e-15,1.415481102300998e-16,1.6099552220694362e-12,0.0,1.2933460032252393e-18,0.8012759077673097,6.363488198396976e-13,0.00020356859524406985,500000.0,327917.8807423711
0.00014885038211048424,0.00012887290757882756,1.9527735371962076,282.9842199723687,0.0,0.03188610048857785,103.2818180102694,2.2831843030644797e-18,0.0,0.00010239622589879311,34.43253603831858,2.4044287370981362e-15,1.4106355171330382e-16,1.6043228456871584e-12,0.0,1.2252358161177201e-18,0.7985824914196268,6.198406143077122e-13,0.00020355882842095706,500000.0,326404.99844239803
0.0001489224227074977,0.00012900970104923464,1.8448779614886797,282.65333525344295,0.0,0.03178477814931047,102.95362634428386,2.1970464472460732e-18,0.0,0.00010207084831910645,34.32312209126845,2.3789477700437677e-15,1.4060496774653032e-16,1.599006939423587e-12,1.4464222207213575e-17,1.149858841176426e-18,0.7960448897066961,6.047028270325146e-13,0.00020354960283223205,500000.0,324984.4470475537
0.00014899446330451116,0.0001291387162864924,1.7368376019014267,282.34468963624056,0.0,0.03168961010267559,102.6453689577311,2.1181157768681733e-18,0.0,0.00010176523409195644,34.22035391990476,2.3542807433215512e-15,1.4017196701719815e-16,1.5940038429119516e-12,1.7247580449533758e-18,1.1021052618779927e-18,0.7936614212850017,5.908549653455036e-13,0.0002035409160755634,500000.0,323654.88192099554
0.00014906650390152462,0.00012925994380938598,1.6286787121137305,282.05812843932654,0.0,0.03160053256971303,102.35683926535106,2.0458372398802476e-18,0.0,0.0001014791784034528,34.12416265194629,2.3303997016531647e-15,1.3976417926606555e-16,1.5893100736224602e-12,2.4600161771994857e-17,1.037483436961468e-18,0.7914304888223578,5.782241786953799e-13,0.00020353276586352646,500000.0,322415.03242349136
0.00014913854449853808,0.0001293733759947076,1.5204265998475281,281.7935007603259,0.0,0.03151748511134443,102.08784150004976,1.9797105272158663e-18,0.0,0.00010121248716511044,34.034483021718515,2.307277837122593e-15,1.3938125489082185e-16,1.5849223254450668e-12,0.0,1.0395603169076924e-18,0.7893505786334252,5.667446564146764e-13,0.00020352515002567653,500000.0,321263.7008066833
0.00014921058509555153,0.00012947900701204716,1.4121057056054127,281.5506595757609,0.0,0.03144041061305777,101.83819066327717,1.9192848955697724e-18,0.0,0.0001009649769646534,33.9512533536103,2.284889433938992e-15,1.3902286456819082e-16,1.5808374672557642e-12,6.934985991666981e-17,9.080255188696422e-19,0.7874202602960269,5.563570953936269e-13,0.00020351806651032294,500000.0,320199.76110355323
0.000149282625692565,0.0001295768327630406,1.3037396774079062,281.32946189463274,0.0,0.0313692552677233,101.60771246936518,1.8641544776267333e-18,0.0,0.00010073647501082925,33.87441554351713,2.2632098154344852e-15,1.3868869888244871e-16,1.5770525414141794e-12,0.0,1.0943009245250281e-18,0.7856381862207649,5.470082200642474e-13,0.00020351151338593833,500000.0,319222.1581203003
0.00014935466628957848,0.00012966685082646735,1.1953514466232777,281.12976877638977,0.0,0.0313039685557859,101.39624328135979,1.8139541345021277e-18,0.0,0.00010052681906979317,33.80391503744853,2.2422152933673467e-15,1.383784679627912e-16,1.5735647621561097e-12,2.2257278707009435e-16,5.206084674390207e-19,0.784003091154867,5.386503482787336e-13,0.0002035054888421422,500000.0,318329.9063050416
0.00014942670688659193,0.0001297490604089994,1.0869632937749552,280.9514455480847,0.0,0.03124450322319861,101.20363003956706,1.7683558047851983e-18,0.0,0.00010033585739426325,33.7397008077064,2.2218831194560113e-15,1.3809190112590167e-16,1.5703715138980077e-12,0.0,1.8747959192569747e-18,0.7825137916297038,5.312410185348169e-13,0.00020349999119029862,500000.0,317522.08887872135
0.0001494987474836054,0.00012982346230131634,0.9785969258130857,280.7943615970519,0.0,0.03119081525752495,101.02973018411718,1.7270652601093142e-18,0.0,0.00010016344864675489,33.681725327069074,2.2021914390573346e-15,1.3782874653998768e-16,1.5674703494714392e-12,7.926368419504554e-16,0.0,0.7811691853620424,5.247426328381703e-13,0.00020349501886373375,500000.0,316797.85652210924
0.00014957078808061885,0.00012989005883882147,0.8702735311352167,280.6583907565543,0.0,0.031142863862881058,100.8744115738501,1.6898192188747431e-18,0.0,0.00010000946181915399,33.62994454174913,2.1831192468378783e-15,1.375887708891551e-16,1.5648589883199239e-12,7.173884207044233e-18,8.372740554030797e-19,0.7799682506268723,5.191221819230899e-13,0.00020349057041766204,500000.0,316156.4267818207
0.0001496428286776323,0.0001299488538669131,0.7620138499510652,280.54341116828675,0.0,0.03110061143393326,100.7375524020346,1.6563827769044802e-18,0.0,9.987377614916253e-05,33.58431784329541,2.1646463443783102e-15,1.3737175905169047e-16,1.562535314664881e-12,0.0,8.334938593189586e-19,0.7789100456057297,5.14350959650795e-13,0.0002034866445287888,500000.0,315597.08292792545
0.00014971486927464576,0.0001299998527109257,0.6538382387337472,280.44930526391965,0.0,0.031064023528902304,100.61904110897729,1.6265471285803264e-18,0.0,9.975628103365815e-05,33.54480803945822,2.146753299630969e-15,1.3717751379413275e-16,1.5604973756401033e-12,1.3669228471070163e-17,8.088703157764217e-19,0.777993707710993,5.104043408516656e-13,0.0002034832399946256,500000.0,315119.1729931703
0.00014978690987165922,0.00013004306215063773,0.5457667305513088,280.3759598112858,0.0,0.03103306884178191,100.51877629201188,1.600127558636568e-18,0.0,9.965687593945425e-05,33.511381324181166,2.1294214081403795e-15,1.3700585547962532e-16,1.5587433794008232e-12,0.0,8.070233454191561e-19,0.7772184528899074,5.072615826640728e-13,0.0002034803557325212,500000.0,314722.1089313785
0.00014985895046867268,0.00013007849039915935,0.43781909465135294,280.32326592994775,0.0,0.031007719173927663,100.43666661347808,1.5769616800222268e-18,0.0,9.957547031206739e-05,33.484007246922815,2.1126326559449064e-15,1.36856621784232e-16,1.5572716932152132e-12,1.0115196550345622e-17,7.935840646184666e-19,0.7765835749130732,5.0490565307174e-13,0.0002034779907784204,500000.0,314405.3657880511
0.00014996849408688604,0.00013011747232466263,0.27395726310912266,280.2824828935035,0.0,0.030979858657322078,100.346424117784,1.5476580453583122e-18,0.0,9.94860016025257e-05,33.453921816150746,2.088105982245031e-15,1.3667235190981574e-16,1.5555716133577373e-12,7.447630236764228e-18,7.906580070565946e-19,0.7758858134053345,5.02801862316356e-13,0.00020347538798935432,500000.0,314076.6345179726
0.0001500780377050994,0.000130138525505801,0.11049528906344616,280.2888606635979,0.0,0.03096482574020534,100.2977313186696,1.5251415080569188e-18,0.0,9.943772632082033e-05,33.437688401662115,2.064736833812803e-15,1.3653916309317858e-16,1.5545164074864925e-12,2.431965757010721e-17,7.804557353047467e-19,0.7755093171585251,5.024549575418309e-13,0.00020347398152801955,500000.0,313931.20947558514
0.00015018758132331276,0.00013014169747381076,-0.052498986806999506,280.3420735084653,0.0,0.030962561626500226,100.29039777116162,1.5090951191082305e-18,0.0,9.94304556549523e-05,33.43524351209382,2.042469959028675e-15,1.3645670627369894e-16,1.5541023872554661e-12,4.104976627508288e-17,7.827873663087559e-19,0.7754526136383285,5.038505809149727e-13,0.00020347376952534405,500000.0,313968.05828903994
0.0001502971249415261,0.00013012704319000784,-0.21495758616337357,280.4418180375299,0.0,0.030973023335770112,100.32428425850519,1.499289803522597e-18,0.0,9.94640515818834e-05,33.4465407347662,2.0212529199538518e-15,1.3642471821477907e-16,1.5543266627719235e-12,0.0,8.161693736058606e-19,0.7757146264107198,5.069917414202534e-13,0.00020347475069201445,500000.0,314186.4659006972
0.00015040666855973945,0.00013009462508275317,-0.37681193518049283,280.5878126415155,0.0,0.030996183451055447,100.39930197539026,1.495579224594884e-18,0.0,9.953842605776647e-05,33.471550463383615,2.0010358606277663e-15,1.3644301975896382e-16,1.5551871264155812e-12,0.0,8.367658508315238e-19,0.7762946688266144,5.118986762924611e-13,0.00020347692429516042,500000.0,314586.0293698883
0.0001505162121779528,0.00013004451314144438,-0.5379924384333495,280.77979681513744,0.0,0.031032029854157248,100.51541167052022,1.4978969289074162e-18,0.0,9.965354016786607e-05,33.51025961218018,1.9817712937561774e-15,1.3651151417421757e-16,1.5566824361482748e-12,2.6385712848439995e-17,8.522522139505023e-19,0.7771924373921455,5.186089696129538e-13,0.0002034802901326288,500000.0,315166.6529737216
0.00015062575579616617,0.00012997678505586826,-0.6984280532702696,281.01753039265975,0.0,0.031080565454609164,100.67262276873623,1.5062549675154545e-18,0.0,9.980940325620979e-05,33.56267132324989,1.9634139000898073e-15,1.36630185575655e-16,1.5588119985202147e-12,0.0,8.935737815438506e-19,0.7784080049808664,5.271779370328756e-13,0.00020348484850416993,500000.0,315928.5436805264
0.00015073529941437953,0.00012989152639900393,-0.8580458534873077,281.3007926249002,0.0,0.031141807911150197,100.8709924688494,1.5207438392645077e-18,0.0,0.00010000607203115611,33.628804665778006,1.9459203384972876e-15,1.367990974265142e-16,1.561575951273534e-12,0.0,9.365536093006413e-19,0.7799418138581232,5.376792736379082e-13,0.00020349060017924188,500000.0,316872.20687983587
0.0001508448430325929,0.00012978883085629485,-1.0167705873767132,281.6293811222614,0.0,0.031215789340508393,101.1106248003756,1.5415339353826745e-18,0.0,0.00010024364963021767,33.70869432157126,1.9292490667278757e-15,1.370183911051931e-16,1.5649751452787092e-12,1.1109793102774664e-17,9.820265822579648e-19,0.7817946683876608,5.502059759873285e-13,0.00020349754636132488,500000.0,317998.442318724
0.00015095438665080625,0.00012966880050383379,-1.174524234355491,282.0031106770588,0.0,0.03130255600817787,101.391669621944,1.5688786507898069e-18,0.0,0.00010052228462705749,33.802390251142974,1.9133601729158452e-15,1.3728828450486e-16,1.5690111255317891e-12,0.0,1.0448361377919565e-18,0.7839677272872442,5.648715484177341e-13,0.00020350568864861956,500000.0,319308.3401786657
0.0001510639302690196,0.00012953154613610322,-1.3312255579290346,282.4218119234012,0.0,0.031402167996573735,101.71432154643095,1.6031192377619187e-18,0.0,0.00010084216996583964,33.9099573353696,1.8982152174023662e-15,1.3760907063585419e-16,1.5736861109645568e-12,0.0,1.1170142880909441e-18,0.7864624953177164,5.818115092715732e-13,0.0002035150289909227,500000.0,320803.27716973756
0.00015117347388723295,0.00012937718764313458,-1.4867896552357223,282.88532984769165,0.0,0.03151469884589116,102.07881877768268,1.644691473989833e-18,0.0,0.00010120354180792632,34.03147498767234,1.8837770843713687e-15,1.3798111622420047e-16,1.5790029728117871e-12,0.0,1.2040616289113525e-18,0.7892808142884549,6.011852175565131e-13,0.00020352556964254445,500000.0,322484.91257740796
0.0001512830175054463,0.00012920585443769746,-1.6411274917614587,283.39352211623986,0.0,0.031640235161790015,102.4854418397831,1.69413425698365e-18,0.0,0.00010160667827204174,34.16703673037497,1.870009842436929e-15,1.3840486019273696e-16,1.584965211219209e-12,2.009927479091526e-18,1.3020496618161792e-18,0.7924248532319768,6.231780729824942e-13,0.00020353731311031456,500000.0,324355.18412842613
0.00015139256112365967,0.00012901768593342452,-1.7941454323824912,283.9462572371141,0.0,0.03177887618307756,102.93451217675403,1.7521003616822985e-18,0.0,0.00010205189804597904,34.31674972786589,1.8568786145625022e-15,1.388808121525039e-16,1.5915769297335502e-12,2.436946260788951e-19,1.4208896122125445e-18,0.7958970975767207,6.480040515619198e-13,0.00020355026209709418,500000.0,326416.30358592974
0.00015150210474187303,0.0001288128320749212,-1.9457447619180748,284.5434125200716,0.0,0.03193073330164862,103.42639059761429,1.8193696107361897e-18,0.0,0.00010253955884499239,34.48073426820526,1.8443494571515714e-15,1.39409550750879e-16,1.5988428072697528e-12,0.0,1.5622369812437948e-18,0.7997003371241309,6.759087070519113e-13,0.00020356441944009444,500000.0,328670.7519085705
0.00015157819454510114,0.00012866080364534903,-2.050157007579242,284.9842827674277,0.0,0.0320440572328765,103.79345666921746,1.8720512791321403e-18,0.0,0.00010290347750085824,34.603108331537435,1.835983419120493e-15,1.398082226451283e-16,1.6042774824623272e-12,7.927763225953558e-20,1.6724715850933845e-18,0.802538518554399,6.972502085249164e-13,0.00020357496594506502,500000.0,330351.9318180489
0.0001516542843483293,0.00012850085959718773,-2.153797974736095,285.44649114430916,0.0,0.03216386117860892,104.18151207006393,1.930017387168634e-18,0.0,0.00010328820551252336,34.7324799075924,1.827880980717071e-15,1.4023290833419921e-16,1.6100321833489654e-12,0.0,1.7974988791774617e-18,0.805538990997379,7.203166099319651e-13,0.00020358609783575576,500000.0,332128.70143406175
0.0001517303741515574,0.00012833306007770242,-2.2566294963894262,285.9300004430553,0.0,0.03229019196350509,104.59070846973047,1.993663780641113e-18,0.0,0.00010369389324907048,34.86889956062499,1.8200314018400144e-15,1.4068385758909207e-16,1.6161089187740555e-12,7.457091063243071e-20,1.9381654246173865e-18,0.8087029271732148,7.452225830459339e-13,0.00020359781607063256,500000.0,334002.11267359124
0.0001518669971379098,0.00012801225472372044,-2.439109736741934,286.85150719139267,0.0,0.03253356346475014,105.37900992833406,2.123632691747517e-18,0.0,0.00010447543540026813,35.13170688628922,1.806538135641653e-15,1.415603222693564e-16,1.62783500587564e-12,1.1454006020083905e-19,2.234422506893845e-18,0.8147981311006511,7.949643535023377e-13,0.00020362033125143113,500000.0,337612.02117984986
0.00015195502180112444,0.00012779243793198237,-2.5551159762163396,287.481434656276,0.0,0.032701736083831964,105.92373566828313,2.219199326082488e-18,0.0,0.00010501549037792424,35.31330989282184,1.798230092441829e-15,1.421710865227147e-16,1.63594963287798e-12,0.0,2.462016213982627e-18,0.8190099899438327,8.307491484516312e-13,0.00020363584280539066,500000.0,340107.98340726807
0.0001520430464643391,0.00012756246666891435,-2.669815255182517,288.1396670372596,0.0,0.03287892041398888,106.4976511258147,2.325113239516087e-18,0.0,0.0001055844847853164,35.504644292758535,1.7902053149893046e-15,1.4281850438901842e-16,1.6445071685601814e-12,1.9044211571314612e-19,2.725567782648688e-18,0.8234475457958251,8.697532065172555e-13,0.000203652143595214,500000.0,342739.5850076515
0.00015213107112755378,0.00012732245920518055,-2.783134764100534,288.8261386250979,0.0,0.033065204949895656,107.10104294390646,2.442419524578139e-18,0.0,0.0001061827028075959,35.705805648366166,1.7824480837317104e-15,1.4350306696146626e-16,1.6535114249545601e-12,1.0286383034790775e-19,3.0253470431416256e-18,0.8281130150008751,9.122512751496793e-13,0.00020366923464220428,500000.0,345508.87793743575
0.00015221909579076843,0.00012707254036805973,-2.8949980533772828,289.5407786063679,0.0,0.033260680967999084,107.73420677605046,2.5722958008927842e-18,0.0,0.00010681043756316755,35.91689252587555,1.7749428440617441e-15,1.442252863543132e-16,1.6629663260171913e-12,0.0,3.3701953629692103e-18,0.833008683573178,9.585465990570768e-13,0.00020368711676831746,500000.0,348418.0009693634
0.00015222584287116845,0.00012705297886292125,-2.90351000844582,289.59671584150146,0.0,0.03327604610851498,107.78397580336784,2.5828062543730126e-18,0.0,0.00010685977984491525,35.93348473793783,1.7743775252835435e-15,1.4428221327339962e-16,1.663709752051511e-12,7.231730681776828e-21,3.4010024018799454e-18,0.8333935012941881,9.622611524440174e-13,0.00020368852009175178,500000.0,348646.8176088416
0.0001522325899515685,0.00012703335995750036,-2.9120128996623005,289.65281935767104,0.0,0.03329146584300751,107.83392166535411,2.5933989032113692e-18,0.0,0.00010690929744505924,35.95013590390144,1.7738135895699163e-15,1.4433936478216855e-16,1.6644558510993321e-12,0.0,3.4310211054896255e-18,0.8337796863136555,9.660001541189396e-13,0.00020368992806672748,500000.0,348876.4713481323
0.00015223933703196853,0.00012701368371307708,-2.9205066876349868,289.70909071760053,0.0,0.03330694021422534,107.8840445004765,2.6040743944531627e-18,0.0,0.00010695899050087948,35.9668460699292,1.773251030000531e-15,1.4439674109556345e-16,1.6652046249877266e-12,2.551909320422889e-20,3.458086671885187e-18,0.834167239702219,9.697638431731783e-13,0.00020369134069344257,500000.0,349106.96514647844
0.00015224608411236855,0.0001269939501911978,-2.9289913345118763,289.76553009324505,0.0,0.033322469264968686,107.93434444736926,2.614833385801852e-18,0.0,0.00010700885914982149,35.98361528223956,1.7726898396456702e-15,1.444543424177895e-16,1.6659560755448429e-12,0.0,3.490273971788722e-18,0.8345561625318084,9.735524306016954e-13,0.000203692757972089,500000.0,349338.3002859612
0.0001522528311927686,0.000126974159453667,-2.937466803026851,289.8221370716131,0.0,0.033338053038095186,107.98482164485263,2.6256765428506903e-18,0.0,0.00010705890352951521,36.00044358711305,1.7721300115795096e-15,1.4451216895878188e-16,1.6667102046005538e-12,0.0,3.52200180719914e-18,0.8349464558757921,9.773660713016244e-13,0.00020369417990284905,500000.0,349570.4773435949
0.00015225957827316863,0.0001269543115625398,-2.945933055563296,289.8789114298179,0.0,0.03335369157652524,108.03547623195017,2.636604535627292e-18,0.0,0.0001071091237777921,36.0173310308979,1.7715715388886632e-15,1.445702209426484e-16,1.6674670139869622e-12,2.167410195574849e-19,3.53637250193962e-18,0.8353381208091103,9.812049053561674e-13,0.00020369560648589275,500000.0,349803.4971288505
0.00015227055195090886,0.00012692190837597375,-2.959683070779877,289.9716082042538,0.0,0.033379243701666325,108.11824178931224,2.654561132884027e-18,0.0,0.00010719117966014478,36.044923767851465,1.770666097248093e-15,1.4466512074747444e-16,1.668703643689427e-12,2.670346120348756e-19,3.582844111953244e-18,0.8359780700883895,9.875027352971378e-13,0.00020369793666540832,500000.0,350184.29052278725
0.000152277738190111,0.0001269006070733412,-2.9686740831971896,290.0325518889648,0.0,0.03339605545353268,108.17269651692865,2.666444190866516e-18,0.0,0.00010724516746455586,36.06307811880237,1.7700750769779865e-15,1.447275909410715e-16,1.669517313169702e-12,0.0,3.641503301278899e-18,0.8363991179832162,9.916636610568987e-13,0.00020369946927918943,500000.0,350434.8694466663
0.00015228492442931316,0.0001268792411972518,-2.977654480599815,290.09368563243424,0.0,0.033412929512232036,108.22735306183611,2.678426348067409e-18,0.0,0.00010729935535577141,36.08129975246847,1.7694855653791468e-15,1.4479031786446202e-16,1.6703340309448191e-12,2.575398498650599e-19,3.655845282489598e-18,0.8368217263439428,9.95853893023838e-13,0.00020370100717119103,500000.0,350686.4091405377
0.00015229356273098276,0.00012685347274422957,-2.9884353564111446,290.1674232825609,0.0,0.03343329570622146,108.29332093696452,2.6929619917628403e-18,0.0,0.0001073647575879694,36.10329240598061,1.7687789211416647e-15,1.4486605966996066e-16,1.6713198135398978e-12,4.957672297549017e-19,3.672681826364751e-18,0.8373317947285405,1.0009298685508221e-12,0.0002037028627979645,500000.0,350990.0482772926
0.00015230220103265235,0.0001268276112295791,-2.9992007464949384,290.2414346385774,0.0,0.03345375209673281,108.35958096653238,2.707643533757192e-18,0.0,0.00010743044946952247,36.12538245919445,1.7680744303909056e-15,1.4494217335542708e-16,1.672310007851615e-12,0.0,3.784434013484275e-18,0.837844122072407,1.0060488068481302e-12,0.00020370472605194694,500000.0,351295.07877327665
0.00015231083933432194,0.0001268016567874219,-3.00995056946033,290.31571949298853,0.0,0.03347429877465779,108.42613344494713,2.7224724703192224e-18,0.0,0.00010749643129231363,36.14757001026079,1.7673720787131249e-15,1.4501865944667643e-16,1.673304617749252e-12,0.0,3.824583282596923e-18,0.8383587106519224,1.0112110667857046e-12,0.00020370659693332913,500000.0,351601.50268412696
0.00015231947763599154,0.0001267756095525826,-3.0206847433193813,290.39027781409993,0.0,0.03349493583101969,108.49297866704256,2.7374503136325146e-18,0.0,0.00010756270334864863,36.1698551574726,1.7666718517135962e-15,1.450955184751962e-16,1.6743036471057194e-12,9.46180836571142e-19,3.73472925868771e-18,0.8388755627467624,1.0164170198555232e-12,0.00020370847544227028,500000.0,351909.3222866269
0.00015232811593766113,0.00012674946966059696,-3.031403185753489,290.46510950785574,0.0,0.03351566335696473,108.56011692805066,2.752578594310127e-18,0.0,0.00010762926593122799,36.19223799925558,1.7659737350101368e-15,1.4517275097006874e-16,1.6753070997969106e-12,0.0,3.9015777326568936e-18,0.8393946806396826,1.0216670379628257e-12,0.00020371036157890024,500000.0,352218.5397892943
0.00015233675423933073,0.00012672323724771523,-3.0421058141871744,290.54021436336507,0.0,0.03353648144375726,108.62754852358601,2.7678588612435708e-18,0.0,0.00010769611933313152,36.214718634162985,1.7652777142327158e-15,1.4525035745938e-16,1.6763149797014846e-12,0.0,4.494273897251137e-18,0.8399160666163961,1.026961485770134e-12,0.000203712255343316,500000.0,352529.15726573375
0.00015234539254100032,0.00012669691245090252,-3.052792545683189,290.6155921481174,0.0,0.03355739018277713,108.69527374963738,2.783292680635469e-18,0.0,0.00010776326384781,36.237297160872814,1.7645837750299709e-15,1.4532833847711585e-16,1.6773272907008337e-12,7.852983420083623e-18,4.2722290996810726e-18,0.8404397229655092,1.0323007365775238e-12,0.00020371415673558276,500000.0,352841.17677025235
0.0001523540308426699,0.00012667049540784106,-3.0634632968628495,290.69124267627427,0.0,0.03357838966551553,108.7632929025541,2.7988816363496166e-18,0.0,0.0001078306997690718,36.259973678183314,1.7638919030716861e-15,1.4540669456421564e-16,1.6783440366788912e-12,1.4115443418970862e-17,2.3024137924168136e-18,0.8409656519784168,1.037685172197122e-12,0.00020371606575573443,500000.0,353154.60042104713
0.0001523683999061842,0.00012662634898717782,-3.081177537344175,290.817684421036,0.0,0.03361352173993035,108.87708875050758,2.8251605030444644e-18,0.0,0.0001079435198721375,36.297911426675086,1.7627455748457898e-15,1.4553786541262805e-16,1.6800451399622375e-12,2.3646111110731155e-24,4.089507198700836e-18,0.8418455297102142,1.0467428281145144e-12,0.00020371925814182494,500000.0,353679.06958810013
0.00015238276896969852,0.00012658194835113264,-3.098846941225449,290.9448794912188,0.0,0.0336489055726961,108.99170006585729,2.851880544272124e-18,0.0,0.00010805714845035714,36.33612103918948,1.7616048611913823e-15,1.4567007806244249e-16,1.6817585432287222e-12,0.0,4.1715478258718606e-18,0.8427317126949346,1.0559283234775593e-12,0.00020372247163360764,500000.0,354207.4396913128
0.00015239713803321284,0.0001265372941467704,-3.1164711173403217,291.07282711919146,0.0,0.033684541586694546,109.1071282183613,2.8790493859295232e-18,0.0,0.00010817158686174367,36.37460297238229,1.760469696469372e-15,1.458033350327348e-16,1.6834842643861934e-12,0.0,4.235894706312246e-18,0.8436242115236464,1.0652434714868896e-12,0.00020372570623060896,500000.0,354739.72071524855
0.00015241150709672716,0.0001264923870267991,-3.1340496714806565,291.2015264937258,0.0,0.033720430205439224,109.22337457982397,2.906674800308231e-18,0.0,0.00010828683646633894,36.41335768359157,1.759340015175154e-15,1.459376388528921e-16,1.6852223213496298e-12,0.0,4.357934112148308e-18,0.8445230368032401,1.07469010947672e-12,0.0002037289619320875,500000.0,355275.9226437177
0.00015242587616024148,0.00012644722764961464,-3.151582206439762,291.33097671118446,0.0,0.033756571853007095,109.34044052387478,2.934764707858998e-18,0.0,0.00010840289862599421,36.45238563076381,1.7582157519383935e-15,1.460729920614162e-16,1.686972732037511e-12,3.2728168655378392e-18,4.006816894945204e-18,0.8454281991547186,1.0842700936890779e-12,0.00020373223873702443,500000.0,355816.0553989701
0.00015244974413759695,0.00012637165917681091,-3.180602133475688,291.54765921001234,0.0,0.03381716591709773,109.53670997505318,2.9824723426266718e-18,0.0,0.00010859748516064194,36.51781878328497,1.7563600739788978e-15,1.4630014895405354e-16,1.6899076328422038e-12,0.0,4.558560617051791e-18,0.8469457687552749,1.1004829081218058e-12,0.0002037377283668282,500000.0,356721.96657121845
0.00015247361211495245,0.00012629539960395757,-3.2094921271989008,291.76640675901535,0.0,0.03387846124400727,109.73525087816427,3.0315218471983738e-18,0.0,0.00010879432367060998,36.58400920220627,1.7545188672319401e-15,1.46530220057119e-16,1.6928767508771028e-12,0.0,4.770037628933624e-18,0.8484809013865593,1.1170777131940944e-12,0.00020374327621266235,500000.0,357638.7970077925
0.00015249748009230795,0.0001262184520546651,-3.2382503095387665,291.9872151212487,0.0,0.03394045978439812,109.93606955160934,3.0819523669534683e-18,0.0,0.00010899342042012235,36.650958993983465,1.752691834751047e-15,1.4676321719409757e-16,1.69588016815738e-12,2.5071959687489795e-19,4.8241845328483545e-18,0.8500336459029079,1.1340635810166664e-12,0.00020374888226451626,500000.0,358566.59297223727
0.00015252134806966342,0.00012614081969766034,-3.2668747779522085,292.2100800116571,0.0,0.03400316349033638,110.1391723183374,3.133804300322717e-18,0.0,0.00010919478167791177,36.71867026658844,1.7508786807486333e-15,1.4699915224747722e-16,1.6989179665715387e-12,0.0,5.108031738571005e-18,0.85160405119382,1.1514498247355979e-12,0.00020375454651002823,500000.0,359505.4010296789
0.00015256570339505283,0.0001259947429403919,-3.319707644703189,292.629690736338,0.0,0.03412156917247358,110.52269864094689,3.234082537050392e-18,0.0,0.00010957501944601338,36.846531919089436,1.7475450405266109e-15,1.4744544853203363e-16,1.7046548865172642e-12,1.115774911730647e-18,5.3333901990041324e-18,0.8545695044760785,1.1848559588640054e-12,0.0002037652272307234,500000.0,361279.4533261976
0.00015262718837148867,0.0001257883990485368,-3.392145778757134,293.22301963038854,0.0,0.03428976427714838,111.0674972461968,3.3819716958238034e-18,0.0,0.00011011514666418031,37.02815921776729,1.742998059532126e-15,1.4808109296342746e-16,1.7128051682401543e-12,9.438332521228865e-18,5.388046419505402e-18,0.8587819267190007,1.2336243464382324e-12,0.00020378036482006132,500000.0,363802.3605045783
0.0001526886733479245,0.0001255776306076631,-3.463624969784773,293.8298329905436,0.0,0.034462709118119376,111.62768066683246,3.540913206456601e-18,0.0,0.00011067052678030953,37.214915572268865,1.738532661091726e-15,1.4873666730834606e-16,1.7211865249160687e-12,2.469833396031464e-17,5.367366836524445e-18,0.8631133054678796,1.2854157535642384e-12,0.0002037958878300956,500000.0,366400.05284543807
0.00015275015832436032,0.00012536249766448968,-3.53410953055224,294.45004750834755,0.0,0.03464043671473316,112.20335585617903,3.7117753577197816e-18,0.0,0.00011124126583065259,37.40683663915299,1.7341439557548297e-15,1.4941237943442374e-16,1.7298003129657998e-12,1.6514586412792756e-17,6.3208612537490915e-18,0.8675644676935647,1.3404219723569895e-12,0.00020381179571559886,500000.0,369073.35270592733
0.00015281164330079616,0.00012514306249789532,-3.6035625852391147,295.0835752072923,0.0,0.034822979722940905,112.79462859055609,3.895500492839474e-18,0.0,0.00011182746868454752,37.6039576825833,1.7298271272703648e-15,1.501084379151251e-16,1.7386478607349968e-12,0.0,7.768801767398508e-18,0.8721362312662129,1.3988478008775104e-12,0.0002038280877926609,500000.0,371823.0877314991
0.000152873128277232,0.00012491938969468982,-3.6719460375387056,295.730323176464,0.0,0.035010370293534904,113.40160301009873,4.09311142038405e-18,0.0,0.00011242923858917754,37.80631342124521,1.7255774422869811e-15,1.5082505142910747e-16,1.74773046104582e-12,3.682878863301206e-18,8.40177199530893e-18,0.8768294014048841,1.4609118597694053e-12,0.0002038447632274844,500000.0,374650.08881860535
0.00015293461325366784,0.00012469154622349245,-3.739220541260218,296.3901932819459,0.0,0.03520263992403232,114.0243811390025,4.305718136876766e-18,0.0,0.00011304667669392953,38.01393786840313,1.7213902613365202e-15,1.5156242811753947e-16,1.7570493634339605e-12,2.4384259106503285e-17,8.349818678573336e-18,0.881644766968041,1.5268474624704693e-12,0.00020386182102525,500000.0,377555.1879318464
0.00015303136536163697,0.00012432473738583732,-3.8427390420228513,297.45487626603654,0.0,0.03551514657608832,115.03661750310191,4.673580605340697e-18,0.0,0.00011405023361605346,38.351401574552575,1.7149170343177582e-15,1.5276529772967407e-16,1.7721948420291765e-12,0.0,1.0905943225202844e-17,0.8894714517908127,1.6390484707741757e-12,0.00020388943435220043,500000.0,382286.76229266805
0.0001531281174696061,0.0001239480572973192,-3.9432456872318737,298.5513579728254,0.0,0.035839924706225254,116.08860228408385,5.08680996477023e-18,0.0,0.00011509319813141961,38.702116778621956,1.708570370990871e-15,1.540208879148579e-16,1.7879327453310798e-12,0.0,1.5050955086489064e-17,0.8976054742494816,1.7625115409782145e-12,0.00020391798602978933,500000.0,387216.9877630806
0.00015322486957757524,0.00012356180561206152,-4.04056733319838,299.6791622005108,0.0,0.03617708092502524,117.18068080816344,5.55133483183348e-18,0.0,0.00011617591260523623,39.06619860694764,1.7023341543065777e-15,1.5532997447136481e-16,1.8042669631306517e-12,1.478638197729743e-16,1.2666493168206543e-17,0.906049504431328,1.8984017892893927e-12,0.00020394746930857717,500000.0,392349.0222054131
0.0001533216216855444,0.00012316629916293205,-4.134522311612758,300.83776690650893,0.0,0.03652671204793546,118.31316667496019,6.073892628741034e-18,0.0,0.0001172986879481556,39.44375160871721,1.6961933944362932e-15,1.5669330457082063e-16,1.8212008191567723e-12,1.111742137434585e-16,1.1598440595485819e-17,0.9148059671112984,2.0480055100765823e-12,0.0002039778760408147,500000.0,397685.936715394
0.00015341837379351353,0.0001227618728418354,-4.2249202028575485,302.0265993346039,0.0,0.03688890289622399,119.48633463469606,6.662136789026261e-18,0.0,0.00011846179655454368,39.834867381339265,1.690134485688132e-15,1.5811158710174156e-16,1.8387369578959165e-12,0.0,4.0206267406066805e-17,0.9238769866779852,2.2127408292538654e-12,0.0002040091965311727,500000.0,403230.67896755063
0.00015351512590148266,0.0001223488804131078,-4.311561671026749,303.2450311773717,0.0,0.03726372396600947,120.70041303806318,7.324749573306516e-18,0.0,0.00011966546481709788,40.239622053347794,1.6841454974106846e-15,1.5958548206389244e-16,1.856877225095465e-12,7.99097595684702e-16,9.239951959824631e-17,0.933264328755455,2.3941688490882893e-12,0.0002040414193925781,500000.0,408986.03364606237
0.0001536118780094518,0.00012192769533777548,-4.3942383429769905,304.4923735814693,0.0,0.037651228884500364,121.95557559688984,8.071567324701475e-18,0.0,0.00012090986495816106,40.6580735375377,1.678216515023728e-15,1.6111558912404126e-16,1.8756225378984315e-12,3.0859653851835533e-15,5.181013146765995e-17,0.9429693364961242,2.594005232549786e-12,0.00020407453139461654,500000.0,414954.57866946375
0.00015370863011742093,0.00012149871165504173,-4.472732721542783,305.767871746915,0.0,0.038051451594599446,123.25193226498457,8.913721446581301e-18,0.0,0.00012219510598874154,41.09025849078136,1.6723400461996256e-15,1.6270243400598866e-16,1.89497274171276e-12,3.798411753889602e-15,0.0,0.9529928600707895,2.8141317508766285e-12,0.000204108517296487,500000.0,421138.63603068655
0.00015380538222539006,0.0001210623448917987,-4.546818151490711,307.07069922279874,0.0,0.038464403275859656,124.58951926499027,9.863792712708812e-18,0.0,0.00012352122382084806,41.53618898913845,1.6665114961955296e-15,1.6434645545954673e-16,1.9149264543426124e-12,0.0,3.5495322891618094e-16,0.9633351795555422,3.0566078450718217e-12,0.00020414335966834418,500000.0,427540.2172534927
0.0001539021343333592,0.00012061903295849022,-4.616258834126402,308.399951355247,0.0,0.03889006902457677,125.96828833493355,1.0935976305291057e-17,0.0,0.00012488817060631762,41.99584894282438,1.6607297130766152e-15,1.660479875407293e-16,1.9354808986695013e-12,0.0,8.817464111624938e-16,0.9739959217852873,3.3236817938035012e-12,0.0002041790387069678,500000.0,434160.96272656537
0.00015399888644132835,0.00012016923702124399,-4.680809941315785,309.75463896578697,0.0,0.03932840428950253,127.38809518349541,1.2146256872381522e-17,0.0,0.00012629580329109863,42.469190247378826,1.654997608152242e-15,1.6780724361719947e-16,1.9566317238476462e-12,6.17966066476829e-16,5.788418743465243e-17,0.9849739710890849,3.6178010590296284e-12,0.0002042155320467193,500000.0,441002.0761394771
0.00015409563854929748,0.00011971344235778319,-4.740217839927549,311.1336823362926,0.0,0.0397793310444586,128.84868709295094,1.3512592594431867e-17,0.0,0.0001277438713244165,42.956128650680526,1.6493228599514299e-15,1.6962429962285046e-16,1.9783728142030698e-12,0.0,4.5324755978438623e-17,0.9962673734351744,3.941621420602982e-12,0.0002042528145639674,500000.0,448064.2537548475
0.00015419239065726662,0.00011925215919593111,-4.794220401158479,312.5359045785993,0.0,0.0402427336881722,130.34968963858537,1.5055106592774754e-17,0.0,0.00012923200349205762,43.45653932540918,1.643718708529105e-15,1.714990722507246e-16,2.000696085513894e-12,8.680774931690226e-16,4.1112443461654867e-16,1.0078732337445442,4.298014393007147e-12,0.00020429085817443078,500000.0,455347.60690711014
0.00015428914276523575,0.00011878592352018861,-4.842547418730628,313.96002465868554,0.0,0.04071845467722056,131.8905925436626,1.6796281927063286e-17,0.0,0.00013075969389264683,43.97025215331405,1.6382048437784085e-15,1.7343129680020347e-16,2.023591269160713e-12,1.1241988751535644e-15,0.0,1.0197876065205238,4.690072040350479e-12,0.0002043296316251832,500000.0,462851.577941389
0.00015438589487320488,0.00011831529782887492,-4.884921162932097,315.40465040747745,0.0,0.04120628990518485,133.47073471227714,1.876115452249421e-17,0.0,0.00013232628709884163,44.49704673540191,1.6328083891885154e-15,1.7542050548747318e-16,2.0470456850169918e-12,0.0,9.134914899991756e-17,1.032005380121703,5.1211084294138e-12,0.0002043691002836111,500000.0,470574.85002784466
0.00015448264698117401,0.00011784087182812048,-4.921057080899716,316.86827145874196,0.0,0.04170598384227129,135.08928848636444,2.0977497092928515e-17,0.0,0.0001339309625493633,45.036647143471484,1.627564980728941e-15,1.7746600344186754e-16,2.071044004022569e-12,3.3065756432438913e-15,4.770380513568265e-15,1.0445201550359866,5.594656789938493e-12,0.00020440922592503577,500000.0,478515.2507745039
0.00015457939908914315,0.00011736326304986455,-4.9506646731460595,318.34925253661186,0.0,0.042217224454291644,136.74524318833514,2.3475985861672807e-17,0.0,0.00013557271823270439,45.58871643348616,1.6225199376050187e-15,1.7956684092624883e-16,2.095568001629776e-12,1.813270676434353e-15,5.158763494519762e-16,1.0573241166310976,6.114461341102954e-12,0.00020444996652068238,500000.0,486669.6503763663
0.00015467615119711228,0.00011688311737814541,-4.97344854379919,319.845826722948,0.0,0.0427396379297717,138.43738804169064,2.629033939627037e-17,0.0,0.00013725035375416564,46.15285095157551,1.6177295172683566e-15,1.81721787849119e-16,2.12059630380714e-12,0.0,0.0,1.0704079030954736,6.684462407133033e-12,0.0002044912760281945,500000.0,495033.85401797
0.00015477290330508144,0.00011640110946525762,-4.9891096350323005,321.35608865768376,0.0,0.043272783254157135,140.16429459684412,2.945741627966658e-17,0.0,0.00013896245291243161,46.72857447507992,1.6132622409667752e-15,1.839293052887076e-16,2.146104127843167e-12,2.5941905000521902e-15,1.2805106853313066e-15,1.083760469553487,7.308773423136262e-12,0.00020453310418756007,500000.0,503602.4888743072
0.00015486965541305057,0.00011591794301726541,-4.997346687945726,322.8779883974602,0.0,0.04381614668204503,141.92429882665948,3.3017255476564616e-17,0.0,0.00014070736594861815,47.315332243484534,1.6092002691406178e-15,1.861875155949718e-16,2.1720630207765116e-12,6.500421724366124e-17,0.0,1.0973689496269006,7.991648458658573e-12,0.0002045753963258785,500000.0,512368.88747240213
0.0001549664075210197,0.0001154343509273603,-4.997857926072888,324.40932562745263,0.0,0.04436913617013899,143.71548309401814,3.7013041215957297e-17,0.0,0.0001424831916683872,47.91248494668917,1.6056407976493241e-15,1.8849417144307888e-16,2.1984405988626158e-12,0.0,4.267754711817732e-16,1.1112185160066435,8.737438549160195e-12,0.00020461809317466468,500000.0,521324.9678376315
0.00015506315962898884,0.00011495109523472168,-4.990342978682333,325.9477444451171,0.0,0.044931075845575555,145.53565823483376,4.1490969979604255e-17,0.0,0.00014428775967867296,48.519302751766844,1.6026974362203403e-15,1.9084662812740046e-16,2.2252002921157074e-12,4.518540463468289e-22,4.649783042533803e-16,1.1252922419174785,9.550535249774279e-12,0.00020466113070380653,500000.0,530461.1118958707
0.00015515991173695797,0.00011446896688498247,-4.974505063935043,327.49072906350005,0.0,0.04550120059983346,147.38234604753555,4.649999630723904e-17,0.0,0.00014611861302730623,49.134959465232505,1.6005015187615773e-15,1.932418122833639e-16,2.2523010986846385e-12,0.0,4.317353621448708e-16,1.1395709657254516,1.0435299864034005e-11,0.00020470443997682464,500000.0,539766.0441271017
0.0001552566638449271,0.00011398878526708684,-4.950053432212269,329.0356004216976,0.0,0.04607865091358187,149.25276253042105,5.2091431467445e-17,0.0,0.0001479729915840724,49.75852694463966,1.5992032825195798e-15,1.9567619122234449e-16,2.2796973545719377e-12,4.3368527517919815e-16,8.95844322774752e-16,1.154033161327879,1.1395976817783755e-11,0.0002047479470325735,500000.0,549226.7122211877
0.00015535341595289623,0.00011351139750077269,-4.91670607563851,330.5795139050732,0.0,0.046662468033417136,151.14380225865705,5.831836720811101e-17,0.0,0.00014984781655165346,50.388969890117906,1.5989728394105335e-15,1.9814574556664214e-16,2.307338524941461e-12,1.440136026589895e-17,7.89598150368522e-16,1.1686548173551528,1.2436589952869745e-11,0.0002047915727989593,500000.0,558828.1721649431
0.0001554501680608654,0.00011303767744876867,-4.8741927073676825,332.11945844902664,0.0,0.04725158963698683,153.05202434315305,6.523489664494668e-17,0.0,0.00015173967654490974,51.025141163281845,1.600000848507246e-15,2.006459431609394e-16,2.335169023979214e-12,0.0,6.097870258195191e-16,1.1834093286037226,1.3560820885471702e-11,0.00020483523304461786,500000.0,568553.4806727528
0.00015554692016883452,0.00011256852442786818,-4.822258007052946,333.6522572748996,0.0,0.04784484613841326,154.97364046343284,7.289510602478974e-17,0.0,0.00015364481572639453,51.66577779757841,1.602498784461193e-15,2.0317171451362373e-16,2.3631280709624874e-12,1.146319482846525e-15,1.5892798148826878e-15,1.1982674035054104,1.477186914444807e-11,0.00020487883837482762,500000.0,578383.5982090699
0.00015564367227680366,0.00011210486159357296,-4.7606651219748795,335.17457049295353,0.0,0.048440957800412895,156.9045055133414,8.135181464628504e-17,0.0,0.00015555912453224453,52.30949787971246,1.6066986837322669e-15,2.0571743243586296e-16,2.3911495908124514e-12,7.251249796416094e-17,1.7958836677721385e-15,1.2131969917993597,1.6072294515951095e-11,0.0002049222942781858,500000.0,588297.306195773
0.0001557404243847728,0.00011164763397440204,-4.689199403605386,336.68289976859427,0.0,0.049038532831752184,158.84011143805563,9.065504473245241e-17,0.0,0.0001574781335619933,52.95479849500305,1.612852241008551e-15,2.0827689682823262e-16,2.4191621678985967e-12,0.0,0.0,1.2281632368793471,1.7463842348559866e-11,0.000204965501230638,500000.0,598271.1422667695
0.00015583717649274192,0.0001111978061346361,-4.6076723443535,338.1735952180147,0.0,0.04963606665731952,160.77558486895168,1.0085021708279219e-16,0.0,0.00015939701123390165,53.60005493888525,1.6212291173641172e-15,2.1084332281987633e-16,2.447089062131879e-12,1.1218551794320675e-14,1.0312221487065521e-15,1.2431284575063701,1.8947257306527718e-11,0.00020500835486360238,500000.0,608279.357657559
0.00015593392860071105,0.00011075635944722511,-4.515925692362849,339.6428649353811,0.0,0.05023194255332666,162.70568918044754,1.1197607665007405e-16,0.0,0.00016131056582408289,54.24352140262936,1.6321143306606186e-15,2.1340934020850096e-16,2.4748482965167634e-12,2.7907960282707957e-14,1.1256881016594554e-14,1.2580521637123436,2.0522082385103114e-11,0.0002050507462022571,500000.0,618293.9014661254
0.0001560306807086802,0.00011032428896203404,-4.413835697008626,341.0867873698458,0.0,0.050824433841446824,164.62483159620825,1.2406235496984329e-16,0.0,0.0001632132525113706,54.883333342438036,1.6458045997535557e-15,2.1596698718299766e-16,2.5023528251717997e-12,1.8883601180615883e-15,1.8159029043802032e-14,1.2728911117458541,2.2186456999077813e-11,0.00020509256197994672,500000.0,628284.4363576197
0.00015612743281664932,0.00010990259985975236,-4.301317416689912,342.5013266127282,0.0,0.051411707829723256,166.5270759524289,1.371272345677668e-16,0.0,0.00016509918603082024,55.517511734524554,1.6626035303615275e-15,2.1850775254029123e-16,2.529510790312391e-12,0.0,0.0,1.287599402758749,2.39369154375717e-11,0.0002051336850339906,500000.0,638218.3900074998
0.00015622418492461848,0.00010949230349144172,-4.178328951045581,343.8823498163857,0.0,0.05199183167003782,168.40616166647496,1.5117465366965143e-16,0.0,0.00016696215948341835,56.14396939895962,1.6828155663456094e-15,2.2102250085102816e-16,2.5562258755692638e-12,2.360795132754365e-13,0.0,1.3021286294725984,2.5768194771099822e-11,0.0002051739947867946,500000.0,648061.0447756366
0.00015629150695812088,0.0001092140700200707,-4.08657466767888,344.82129040964315,0.0,0.05239020454215126,169.69653670291842,1.6152265984336356e-16,0.0,0.00016824147017177732,56.57416016963167,1.6990517457270345e-15,2.227519510689935e-16,2.5745004221346207e-12,1.0206538652867448e-14,4.4045476912248515e-15,1.312105902626599,2.708636915985929e-11,0.000205201497922762,500000.0,654836.4972026645
0.0001563588289916233,0.0001089421838101911,-3.9897690130356103,345.7405352421412,0.0,0.05278343058492696,170.9702414074826,1.7233054659784036e-16,0.0,0.00016950425346746952,56.99879331343442,1.7171815202049764e-15,2.244608393572628e-16,2.592477234689249e-12,0.0,4.3516962776427195e-15,1.3219542795669816,2.8437182674344715e-11,0.0002052285053353424,500000.0,661537.0993883274
0.00015642615102512574,0.00010867698400788769,-3.8879409864367673,346.63864447805327,0.0,0.053170786301623016,172.22493233602702,1.835833492237098e-16,0.0,0.00017074818602020756,57.4170875628951,1.7372962734089363e-15,2.261456448579672e-16,2.610120806487215e-12,9.10003312487394e-15,4.941790323891557e-15,1.3316556406142734,2.981709001143371e-11,0.00020525497439807734,500000.0,668149.5562264788
0.00015650287750974554,0.00010838331982829716,-3.7658189878122976,347.6346026006777,0.0,0.0536041523115791,173.62865719841216,1.9692430634335197e-16,0.0,0.00017213987461143089,57.88506738511876,1.7627488663710354e-15,2.280319176968553e-16,2.6297766772593205e-12,0.0,5.462702916979824e-15,1.3425093428205923,3.1420019502697696e-11,0.00020528442986655256,500000.0,675560.8283878604
0.00015657960399436535,0.0001080992711552387,-3.637313150714099,348.59910390718727,0.0,0.054027820423865364,175.0009707171197,2.1077714031602758e-16,0.0,0.00017350042119632295,58.34257515863883,1.791001063581948e-15,2.298769280033245e-16,2.6488986866084986e-12,0.0,5.911830453032209e-15,1.3531201702431803,3.3048575338390124e-11,0.00020531306666959833,500000.0,682819.2020967276
0.00015665633047898516,0.00010782532380070552,-3.502532079846074,349.5300338928384,0.0,0.05444066155324662,176.33821570843824,2.25092235292149e-16,0.0,0.00017482619994978017,58.788391635842544,1.8221465062829163e-15,2.3167514632241535e-16,2.667432230591576e-12,0.0,6.7625973448293374e-15,1.3634598452728661,3.469501333862895e-11,0.0002053408211986993,500000.0,689903.6020927642
0.00015673305696360497,0.00010756195428160473,-3.3616093214176823,350.42530540677285,0.0,0.0548415365310855,177.6367023216238,2.3980935511473337e-16,0.0,0.00017611355265945993,59.22128667844187,1.856257135934954e-15,2.3342097362745256e-16,2.6853225285560765e-12,0.0,7.364772261470202e-15,1.37349983771664,3.635073315753836e-11,0.0002053676302287545,500000.0,696792.6682434134
0.00015680978344822477,0.00010730962788547187,-3.2147039477412145,351.28287072339145,0.0,0.05522930247324784,178.89272866395044,2.54857489932586e-16,0.0,0.00017735880917471545,59.640026133541454,1.893379501550874e-15,2.3510878907512524e-16,2.7025149486608144e-12,3.25217701324022e-14,6.373917810737829e-15,1.3832115242719945,3.8006325243823936e-11,0.00020539343123925812,500000.0,703464.8849852489
0.00015688650993284458,0.00010706879670356529,-3.062000967747993,352.1007343448789,0.0,0.055602819610219976,180.10260292363606,2.7015493526799307e-16,0.0,0.00017855830933984743,60.0433792090747,1.933531163997531e-15,2.367329299983924e-16,2.718955353308286e-12,1.0760033110157584e-13,5.710129725775219e-15,1.3925663595830426,3.9651640621196416e-11,0.00020541816274817978,500000.0,709898.7221609993
0.0001569632364174644,0.00010683989763369849,-2.9037115429053832,352.8769666196096,0.0,0.05596095854403265,181.26266687568213,2.856096339675686e-16,0.0,0.00017970842629729076,60.43012631028158,1.9766972881169674e-15,2.3828770919255446e-16,2.7345904623020496e-12,9.161979424631155e-14,1.1962144420191774e-14,1.4015360579894933,4.12758839514974e-11,0.0002054417646584177,500000.0,716072.7867680968
0.0001570399629020842,0.0001066233503697484,-2.740072963813909,353.6097178293132,0.0,0.05630260786554349,182.36932055251646,3.0111980810648936e-16,0.0,0.0001808055909463315,60.79906726451354,2.0228275461547115e-15,2.3976762682767918e-16,2.749368230006563e-12,0.0,1.0612698583861586e-14,1.4100927842815927,4.286772958205893e-11,0.00020546417861362366,500000.0,721965.9837491831
0.000157116689386704,0.00010641955540363863,-2.5713483544957914,354.297232433891,0.0,0.0566266820393254,183.41904778259726,3.1657489468971773e-16,0.0,0.00018184631726475466,61.14902983540301,2.071833470846929e-15,2.411672178637327e-16,2.7632382316613804e-12,2.042249566604281e-14,9.394645627540992e-15,1.4182093511663338,4.441545975090068e-11,0.00020548534835828516,500000.0,727557.6835762553
0.0001571934158713238,0.00010622889206210105,-2.3978261465353,354.9378640965367,0.0,0.05693212945875085,184.40844228461827,3.318567905096134e-16,0.0,0.00018282722817912101,61.47887842226158,2.123586388621467e-15,2.4248112767325727e-16,2.776152053825581e-12,1.9630032650335988e-14,1.2379436650766841e-14,1.425859421030295,4.590712436363228e-11,0.00020550522009736048,500000.0,732827.8961270626
0.00015727014235594362,0.00010605171659501403,-2.219819300883412,355.5300913942003,0.0,0.05721794057788327,185.33423400456843,3.468414009870725e-16,0.0,0.000183745081674716,61.78752284044207,2.177916049141275e-15,2.4370424344760055e-16,2.788063683973574e-12,0.0,1.2365677228495185e-14,1.433017709579295,4.733071986705935e-11,0.0002055237428517682,500000.0,737757.4488158167
0.00015734686884056345,0.0001058883603331366,-2.0376642393295827,356.07253398617496,0.0,0.057483156012037066,186.19331535396333,3.614004769709578e-16,0.0,0.00018459679680925183,62.073927068752866,2.234610056856489e-15,2.44831694108518e-16,2.7989298938935362e-12,2.5370554921995412e-14,1.283523252736469e-14,1.4396601887142717,4.867438396690753e-11,0.00020554086880581664,500000.0,742328.1664471122
0.00015735097984202694,0.00010588000377675995,-2.027794127678209,356.10016844843705,0.0,0.05749676722192069,186.2374046350366,3.621660246719752e-16,0.0,0.00018464050804566066,62.088625742548906,2.2377097251017736e-15,2.4488931209916996e-16,2.7994818079304123e-12,1.874453010267667e-14,1.329665476686807e-14,1.440001090224629,4.874389664635585e-11,0.00020554174611536435,500000.0,742562.6027332669
0.00015735509084349042,0.00010587168781871129,-2.01791318867498,356.12765626490926,0.0,0.05751031656876983,186.28129353874905,3.6292995654472334e-16,0.0,0.0001846840206228351,62.10325761367978,2.240815418415198e-15,2.449466414006725e-16,2.8000305989926157e-12,0.0,1.355028789448373e-14,1.4403404424027546,4.881314496765139e-11,0.00020554261928030566,500000.0,742795.957243782
0.00015736308846199935,0.00010585562628237519,-1.9986598205318586,356.1807107709259,0.0,0.057536497979196854,186.36610011576005,3.6441141856404905e-16,0.0,0.00018476810002367207,62.131530794389604,2.2468743921937947e-15,2.450573413160321e-16,2.801089257804982e-12,4.465915125984157e-14,1.270782987457988e-14,1.4409961729904175,4.894709795269836e-11,0.0002055443060527196,500000.0,743246.8206883348
0.00015736776266719144,0.00010584631047315275,-1.9873884983273693,356.2114572504277,0.0,0.0575516906677359,186.41531214333676,3.6527433238573875e-16,0.0,0.00018481689008151178,62.147937311404526,2.250425913082238e-15,2.451215307364782e-16,2.801702490634834e-12,1.424801516347415e-13,1.200271307763327e-14,1.441376683947131,4.902491295524374e-11,0.00020554528459313284,500000.0,743508.4131394784
0.00015737243687238356,0.0001058370473803854,-1.9761035085220848,356.24200100907404,0.0,0.057566802684074776,186.46426287042308,3.661350490585439e-16,0.0,0.00018486542107941272,62.16425671493964,2.2539849945413435e-15,2.4518534274780645e-16,2.8023116555014508e-12,8.516743152489719e-14,1.4026541476766351e-14,1.4417551745096875,4.910236559835621e-11,0.00020554625774154629,500000.0,743768.5682979643
0.00015737542217665316,0.00010583115887759788,-1.9688889503958173,356.26139809727744,0.0,0.057576412067618835,186.495389519022,3.6668360301728604e-16,0.0,0.0001848962808317407,62.17463385067187,2.256262022383718e-15,2.4522589949368057e-16,2.802698582088052e-12,0.0,1.6456043232910443e-14,1.441995848008332,4.91516347021774e-11,0.00020554687644251042,500000.0,743933.9604355866
0.00015737840748092274,0.00010582529192069294,-1.9616688820477677,356.2807090873111,0.0,0.057585988417102496,186.5264091664056,3.6723123722156284e-16,0.0,0.00018492703450036476,62.18497531387936,2.2585420910197544e-15,2.452663008321221e-16,2.8030838437202375e-12,2.850650939325673e-13,1.3612009634366676e-14,1.4422356941655048,4.9200745345664243e-11,0.0002055474929377857,500000.0,744098.7570580335
0.00015738139278519234,0.00010581944652608767,-1.9544433220669661,356.299934655635,0.0,0.05759553168346917,186.5573216518671,3.6777794194956275e-16,0.0,0.0001849576819262055,62.19528105098501,2.260825183399872e-15,2.4530654633239565e-16,2.803467438231183e-12,1.0548407796036816e-12,2.3402753562938174e-15,1.442474711738333,4.924969702611445e-11,0.00020554810722495526,500000.0,744262.9587795511
0.00015738437808946192,0.00010581362271014372,-1.947212293132513,356.31907480333416,0.0,0.057605041814696736,186.58812681515386,3.6832370759332033e-16,0.0,0.00018498822295037455,62.20555100856307,2.2631112823462352e-15,2.4534663568841633e-16,2.8038493634605385e-12,1.0431585734914321e-12,8.902290849192548e-16,1.4427128994889957,4.929849002521703e-11,0.00020554871930160762,500000.0,744426.5647984677
0.00015738736339373152,0.00010580782048914445,-1.9399758283508488,356.33812919484956,0.0,0.057614518756264395,186.61882449658916,3.688685247096793e-16,0.0,0.0001850186574136031,62.215785133379846,2.2654003705658953e-15,2.453865685976088e-16,2.804229617257196e-12,0.0,4.2616742717932495e-14,1.4429502561854584,4.934712363638274e-11,0.0002055493291653255,500000.0,744589.5736084002
0.0001573903486980011,0.00010580203987929044,-1.9327339466212172,356.35709750317,0.0,0.057623962468538674,186.64941453709784,3.6941238382661943e-16,0.0,0.0001850489851586195,62.2259833724022,2.267692430681167e-15,2.45426344717487e-16,2.8046081974803984e-12,8.760663226286956e-13,1.2731326721235935e-13,1.443186780593002,4.9395596369259806e-11,0.0002055499368137265,500000.0,744751.983723396
0.0001573967598514454,0.00010578969872497709,-1.9171633432459014,356.3975414874277,0.0,0.057644130929263494,186.714744280737,3.7057707801470697e-16,0.0,0.00018511375472374738,62.247763282784675,2.2726247554226206e-15,2.4551123541557044e-16,2.8054155591481194e-12,3.075480146693589e-13,1.3174428138599474e-14,1.4436919149183145,4.9499146923152274e-11,0.00020555123428336525,500000.0,745098.7419990596
0.00015740067470838257,0.00010578221193662532,-1.9076432758585251,356.42204269139705,0.0,0.05765637076265584,186.75439157188808,3.71286042943598e-16,0.0,0.00018515306205514582,62.260981066906275,2.2756432175489735e-15,2.455627147595543e-16,2.8059047507535437e-12,4.441722946473481e-18,1.3470953755878906e-14,1.4439984706503166,4.956200826135978e-11,0.00020555202152043448,500000.0,745309.1208653945
0.00015740458956531973,0.00010577476243592273,-1.8981140296557153,356.4463959216607,0.0,0.05766855309334467,186.79385254338032,3.7199328714559256e-16,0.0,0.00018519218466783182,62.27413673497976,2.2786666548107434e-15,2.4561392224228333e-16,2.8063910480696908e-12,1.52114184822799e-17,1.387869398967267e-14,1.4443035857351518,4.962458812556411e-11,0.00020555280492973196,500000.0,745518.4642146121
0.0001574085044222569,0.00010576735025869773,-1.8885756813433328,356.4706006096775,0.0,0.05768067779796545,186.83312684233718,3.726987895923514e-16,0.0,0.0001852311222096135,62.28723016936164,2.2816950265511006e-15,2.456648574110555e-16,2.806874446364397e-12,0.0,1.368278097947511e-14,1.4446072574515674,4.9686885146226394e-11,0.0002055535845059302,500000.0,745726.7690786044
0.00015741241927919405,0.00010575997544047087,-1.8790283045314342,356.4946563118892,0.0,0.05769274475654153,186.87221411802267,3.73402529273539e-16,0.0,0.0001852698743307219,62.30026125312203,2.2847282917695293e-15,2.457155196946766e-16,2.807354940940479e-12,1.4230763210656918e-17,1.3751415744238665e-14,1.4449094830934968,4.974889705148603e-11,0.0002055543602437442,500000.0,745934.0327613669
0.0001574163341361312,0.00010575263801646285,-1.869471949847886,356.5185629061202,0.0,0.057704753862533376,186.91111402180482,3.741044849433556e-16,0.0,0.00018530844068568922,62.313229870032515,2.2877664099782085e-15,2.457659084298041e-16,2.8078325271356002e-12,2.8060395752732313e-15,1.344766015399154e-14,1.4452102599647476,4.981062172718287e-11,0.00020555513213796404,500000.0,746140.2532525779
0.00015742024899306837,0.00010574533802170246,-1.8599066590629552,356.54232035174573,0.0,0.05771670501473534,186.94982620658917,3.748046352767988e-16,0.0,0.00018534682093143763,62.32613590437726,2.2908093389524996e-15,2.4581602299736457e-16,2.8083072003126874e-12,0.0,1.3801739223329919e-14,1.4455095853785853,4.987205780694415e-11,0.00020555590018342225,500000.0,746345.4287210972
0.00015742416385000553,0.00010573807549107831,-1.850332481502219,356.5659284853578,0.0,0.057728598108245814,186.98835032654983,3.7550295910688166e-16,0.0,0.00018538501472543795,62.33897924086332,2.293857035987469e-15,2.458658628609762e-16,2.808778955855171e-12,0.0,1.3889616803419855e-14,1.445807456660128,4.9933204096953675e-11,0.00020555666437496167,500000.0,746549.5570837685
0.00015743049359988155,0.00010572641238856867,-1.8348337711758238,356.6037830458334,0.0,0.05774770440300407,187.05023944721395,3.766281286751786e-16,0.0,0.00018544637317778406,62.359612101582584,2.298794694380297e-15,2.4594586408346185e-16,2.8095355313689567e-12,9.934844577172938e-18,1.3909473272524752e-14,1.4462859878128582,5.00314516620742e-11,0.0002055578917944973,500000.0,746877.3821645641
0.00015743682334975757,0.00010571484746147458,-1.8193121946462723,356.6412459308356,0.0,0.05776665819405713,187.11163458058013,3.7774837978254706e-16,0.0,0.00018550724187957427,62.38008027469477,2.303744527604536e-15,2.4602514343347717e-16,2.8102844483078657e-12,2.2583515312410785e-17,1.3960555518026002e-14,1.4467606994170796,5.01289303958888e-11,0.00020555910910409326,500000.0,747202.4552606243
0.0001574431530996336,0.0001057033808538348,-1.8037679949918544,356.6783161342915,0.0,0.0577854590287156,187.1725342920199,3.7886362423827763e-16,0.0,0.00018556761940676642,62.400383281917264,2.3087063546928415e-15,2.4610369857839403e-16,2.811025687598553e-12,3.93801706917807e-17,1.40138611672235e-14,1.447231580385039,5.02256331362923e-11,0.00020556031628237315,500000.0,747524.7670314616
0.0001574494828495096,0.00010569201270813771,-1.7882014067710112,356.71499277072564,0.0,0.05780410646314634,187.23293715890367,3.7997377392773485e-16,0.0,0.00018562750434811945,62.42052064896776,2.3136799913823247e-15,2.461815271483349e-16,2.811759230362335e-12,1.4492943979941823e-17,1.4068580221336883e-14,1.4476986197191837,5.032155329095528e-11,0.00020556151330818718,500000.0,747844.3084470939
0.00015745581259938562,0.00010568074316535818,-1.7726126497784436,356.7512751600334,0.0,0.05782260006577933,187.29284177046443,3.810787408653305e-16,0.0,0.00018568689530565666,62.44049190551864,2.3186652503007074e-15,2.4625862677764336e-16,2.8124850579130434e-12,1.012698472615512e-16,1.4114446505327568e-14,1.4481618065093802,5.0416684505140205e-11,0.00020556270016061897,500000.0,748161.0709668765
0.00015746214234926164,0.00010566957236507877,-1.7570019421732634,356.78716266496826,0.0,0.057840939409914846,187.35224672721122,3.8217843747346165e-16,0.0,0.00018574579089282125,62.46029658500162,2.32366194207429e-15,2.463349951738972e-16,2.8132031517471843e-12,1.2678459028772305e-17,1.41725439390399e-14,1.4486211299319898,5.0511020322123494e-11,0.00020556387681895262,500000.0,748475.0461950707
0.0001574684720991377,0.00010565850044552666,-1.7413695106578688,356.82265455975073,0.0,0.05785912406807079,187.4111506407893,3.8327277669757286e-16,0.0,0.00018580418973335825,62.47993422456105,2.3286698758264703e-15,2.4641063011140395e-16,2.813913493541219e-12,0.0,1.4226260519313493e-14,1.4490765792515894,5.060455423571762e-11,0.0002055650432626529,500000.0,748786.2256032253
0.00015747893390739427,0.0001056404179190291,-1.7154852197474229,356.88044630778944,0.0,0.05788883941884627,187.5074049142107,3.8506952409873495e-16,0.0,0.00018589961867312903,62.51202388741245,2.336971116390736e-15,2.465340256358548e-16,2.815070503280665e-12,2.545147377751415e-18,1.4308342240763668e-14,1.4498208242517654,5.075737200139503e-11,0.00020556694871291312,500000.0,749294.3909807592
0.0001574893957156509,0.00010562260649158226,-1.6895432550576313,356.9371519753692,0.0,0.0579181291493691,187.602280563332,3.8685101077900106e-16,0.0,0.00018599368081044653,62.54365393857352,2.3453016559690945e-15,2.466554014618134e-16,2.8162062062020375e-12,5.7123185589076745e-18,1.4390829895334766e-14,1.4505544096267593,5.090795291232755e-11,0.0002055688261133152,500000.0,749794.8576109894
0.00015749985752390748,0.00010560506676108852,-1.6635446776325296,356.99276812878384,0.0,0.05794699138285294,187.69577153216517,3.8861685054337175e-16,0.0,0.0001860863701399926,62.57482235907297,2.3536605966644397e-15,2.467747476605344e-16,2.8173205229984562e-12,8.203150956273782e-18,1.4472295778799007e-14,1.451277288554836,5.105626811505362e-11,0.00020557067537478623,500000.0,750287.5876801802
0.0001575103193321641,0.00010558779931431265,-1.6374905487434626,357.0472914715555,0.0,0.057975424273811985,187.78787185549274,3.903666598805387e-16,0.0,0.0001861776807470129,62.60552716020102,2.3620470255186985e-15,2.4689205442880917e-16,2.8184133758219266e-12,3.1350962022883438e-18,1.4552827534894966e-14,1.4519894149144674,5.120228906100686e-11,0.0002055724964098283,500000.0,750772.5441023841
0.00015752078114042068,0.00010557080472686146,-1.611381923649832,357.10071892223453,0.0,0.05800342601168797,187.8785756596563,3.9210005802160227e-16,0.0,0.00018626760680868926,62.635766383772186,2.3704600143715696e-15,2.4700731213444505e-16,2.8194846882936454e-12,7.491935096262799e-18,1.4631910261130188e-14,1.452690743288735,5.1345987902013845e-11,0.00020557428913253682,500000.0,751249.6906895391
0.0001575312429486773,0.00010555408356327219,-1.585219860876343,357.15304749269285,0.0,0.058030994815725156,187.96787716275668,3.938166672868479e-16,0.0,0.00018635614259343398,62.665538102192116,2.3788986205184543e-15,2.471205113294977e-16,2.820534385504513e-12,1.530698172165433e-18,1.470993966258286e-14,1.4533812289694743,5.148733733268499e-11,0.00020557605345858281,500000.0,751718.9918972708
0.00015754170475693388,0.00010553763637700775,-1.5590054303992096,357.2042741821947,0.0,0.058058128930598696,188.05577067533994,3.9551611331659674e-16,0.0,0.00018644328246076862,62.69484041868625,2.387361887394594e-15,2.4723164271811094e-16,2.8215623940233863e-12,0.0,1.4786711776287786e-14,1.4540608279648684,5.162631023710385e-11,0.0002055777893052064,500000.0,752180.4126052682
0.00015756107039862098,0.00010550791611983702,-1.5103458893960735,357.2961813213553,0.0,0.058107203462441304,188.2147343045911,3.9861537861379187e-16,0.0,0.00018660088305345044,62.74783639572288,2.4030898470218294e-15,2.474318683524163e-16,2.8234078453702188e-12,1.04031985869348e-18,1.4925048915699652e-14,1.455289946237884,5.187719862988656e-11,0.000205580927070866,500000.0,753013.6276173538
0.00015758043604030807,0.00010547913983199518,-1.4615174846957044,357.3842846110417,0.0,0.058154771948944396,188.3688197232373,4.016522413557395e-16,0.0,0.0001867536472655546,62.79920605395664,2.4188926954942865e-15,2.4762492053103244e-16,2.8251782925468714e-12,3.31500325769807e-18,1.5058869870813036e-14,1.4564813458285188,5.21196858898169e-11,0.00020558396647473633,500000.0,753819.5082797386
0.00015759980168199517,0.00010545131071645652,-1.412527185349439,357.4685662819046,0.0,0.058200824039257484,188.5179934375135,4.046244190305101e-16,0.0,0.00018690154188860748,62.84893822709239,2.434764003385932e-15,2.478107441167451e-16,2.8268733110673465e-12,4.92228206198576e-18,1.5187975389502112e-14,1.4576347677660058,5.2353609739397674e-11,0.00020558690703579866,500000.0,754597.8471993252
0.00015761916732368226,0.00010542443184064564,-1.3633820192320882,357.54900933657547,0.0,0.05824534974112204,188.66222311101157,4.0752967140895685e-16,0.0,0.0001870445348617907,62.89702213467963,2.4506971930332982e-15,2.4798928581074765e-16,2.828492494777889e-12,2.3712147338392887e-18,1.5312217241379684e-14,1.4587499620277105,5.257881306155695e-11,0.000205589748292514,500000.0,755348.4443105324
0.00015763853296536936,0.00010539850613525187,-1.3140890511641612,357.62559780683074,0.0,0.05828833943760127,188.80147758408188,4.1036580251483174e-16,0.0,0.00018718259529305168,62.943447388580644,2.466685543611634e-15,2.481604942763683e-16,2.83003545611099e-12,3.560265293969291e-18,1.543136929736385e-14,1.4598266876837724,5.279514440650181e-11,0.00020559248980309142,500000.0,756071.1075364391
0.00015766849090532545,0.00010536028425274773,-1.237560057676083,357.73644856612384,0.0,0.05835179552853287,189.00702845787288,4.1461203333038987e-16,0.0,0.00018738638366268368,63.01197482106414,2.491511594433236e-15,2.4841078639634113e-16,2.8322713476311373e-12,0.0,1.560543690106238e-14,1.4614160219087249,5.311198439732843e-11,0.00020559653334061015,500000.0,757133.5831450471
0.0001576984488452815,0.00010532435973218559,-1.1607210210295045,357.8379861101375,0.0,0.05841152131385288,189.20049661220233,4.1868000201541663e-16,0.0,0.0001875781929158417,63.07647406464099,2.516427221808528e-15,2.4864323809321264e-16,2.8343226790882815e-12,0.0,1.5766471156973667e-14,1.4629119316738386,5.340673016849596e-11,0.0002056003357051321,500000.0,758128.1237150073
0.0001577284067852376,0.00010529074145961163,-1.0835988328499355,357.93016220439995,0.0,0.05846748650984774,189.38178391986412,4.2256229028508584e-16,0.0,0.00018775792576825113,63.13691240524216,2.5414057610021945e-15,2.4885768717739044e-16,2.8361882859042616e-12,1.0879069850833818e-20,1.5914006117542916e-14,1.464313658248062,5.3678900801589067e-11,0.00020560389554674267,500000.0,759054.126881132
0.00015775836472519365,0.00010525943751141668,-1.0062206547491217,358.01293297854573,0.0,0.058519663056581954,189.55079947855336,4.2625180014427915e-16,0.0,0.00018792549209740016,63.19325953746721,2.566419930012136e-15,2.4905398313771417e-16,2.8378671160299677e-12,0.0,1.6047602060600892e-14,1.4656204987672057,5.3928050209107046e-11,0.00020560721163413154,500000.0,759911.0356773278
0.00015778832266514974,0.00010523045514664976,-0.9286138927898036,358.0862589964789,0.0,0.0585680251591989,189.70745974330757,4.297417724843877e-16,0.0,0.0001880808090739185,63.24548760873819,2.5914418945488522e-15,2.4923198743619885e-16,2.8393582315498676e-12,2.373729817223971e-18,1.61668100706674e-14,1.4668318072577806,5.415376856316919e-11,0.00020561028285613994,500000.0,760698.3394647029
0.0001578182806051058,0.00010520380080013982,-0.8508061604559746,358.1501054625191,0.0,0.058612549332005784,189.85168864797592,4.3302580545405786e-16,0.0,0.00018822380128315507,63.293571259795435,2.616443334414781e-15,2.4939157381379465e-16,2.840660810111992e-12,1.7997927972684233e-18,1.6271309992331105e-14,1.467946995572909,5.435568400769714e-11,0.00020561310822317792,500000.0,761415.5750874059
0.0001578482385450619,0.00010517948007668284,-0.7728252466603915,358.20444234994204,0.0,0.05865321443561767,189.98341771405586,4.360978727724164e-16,0.0,0.0001883544008337007,63.33748766098206,2.6413955120927126e-15,2.4953262855133096e-16,2.8417741461578966e-12,0.0,1.636082507507727e-14,1.4689655342320864,5.453346404608769e-11,0.00020561568686845342,500000.0,762062.3277930265
0.00015787819648501795,0.00010515749774619777,-0.6946990929514949,358.2492443990338,0.0,0.05869000170490482,190.10258614717006,4.389523414915962e-16,0.0,0.00018847254745271843,63.377216544407865,2.6662693438073058e-15,2.4965505066301526e-16,2.8426976519581714e-12,6.353678409722322e-19,1.6434930166839785e-14,1.469886953168062,5.468681646473379e-11,0.00020561801804901164,500000.0,762638.2318034939
0.00015790815442497404,0.00010513785773956589,-0.6164557719974868,358.2844910890185,0.0,0.05872289477263344,190.20914092251388,4.4158398870050074e-16,0.0,0.0001885781885701801,63.4127402324362,2.6910354724480086e-15,2.497587520656748e-16,2.8434308584759443e-12,1.3739133160389449e-19,1.6493388691316686e-14,1.470710842388895,5.481549026744225e-11,0.00020562010114662065,500000.0,763142.9707634146
0.00015796014421070865,0.00010510934228608561,-0.48047547464936474,358.32293493892513,0.0,0.05877069522855784,190.3639902868528,4.456082036496453e-16,0.0,0.00018873171017279243,63.46436457752138,2.733672236791659e-15,2.4989406891359773e-16,2.8442506282358963e-12,0.0,1.6557474300223e-14,1.471908148855894,5.4979623769103657e-11,0.000205623125979876,500000.0,763849.2330697858
0.00015801213399644327,0.00010508790018350732,-0.34437490424835643,358.3325079825592,0.0,0.05880667133548488,190.48053949593972,4.489252372220214e-16,0.0,0.00018884726002578163,63.50322025236999,2.775740476929366e-15,2.499724882129394e-16,2.8444953108265776e-12,0.0,1.657346590106522e-14,1.4728093157503734,5.506804028176703e-11,0.00020562540056774588,500000.0,764339.3590184262
0.0001580641237821779,0.0001050735338406693,-0.20830208983272555,358.3132060940471,0.0,0.05883079003265971,190.55868142878063,4.515173685580501e-16,0.0,0.000188924731926281,63.5292715445272,2.8170850632745055e-15,2.4999383438545625e-16,2.844165027265051e-12,0.0,1.6541237563431257e-14,1.4734135148062242,5.508035002800668e-11,0.00020562692438464575,500000.0,764612.7784401642
0.00015811611356791254,0.00010506623797284571,-0.07240490087715883,358.26506909726305,0.0,0.05884304073072678,190.5983817443357,4.533712190828612e-16,0.0,0.00018896409182770133,63.54250700523175,2.8575521303236527e-15,2.4995805476211172e-16,2.8432609884041172e-12,6.198969120230157e-20,1.6461147513572893e-14,1.4737204804961295,5.5016562344369494e-11,0.00020562769805477777,500000.0,764669.385189502
0.00015816810335364715,0.00010506599961893351,0.06316940020266983,358.1881806445506,0.0,0.058843435325857514,190.59967893113736,4.544778750994813e-16,0.0,0.00018896537788873054,63.542939465958014,2.8969903225826286e-15,2.498652201883297e-16,2.8417854887052453e-12,0.0,1.633400165217424e-14,1.4737305104157707,5.487708508119258e-11,0.00020562772334923964,500000.0,764509.5371483259
0.00015822009313938177,0.00010507279818468255,0.1982745725369401,358.0826678862752,0.0,0.058832008101730345,190.56268399445472,4.548329505321622e-16,0.0,0.00018892870016294348,63.53060593412138,2.935251965213991e-15,2.497155248985184e-16,2.8397418947867815e-12,1.9385105213112502e-34,1.6161038096923477e-14,1.4734444628656362,5.466271983186168e-11,0.0002056270031778406,500000.0,764134.053665609
0.0001582720829251164,0.00010508660550800122,0.3327658026442343,357.9487009944177,0.0,0.05880881552794656,190.48757980445262,4.544365992981154e-16,0.0,0.0001888542399525045,63.5055673757648,2.9721941871738986e-15,2.4950928570799375e-16,2.8371346290345022e-12,0.0,1.5943831770414937e-14,1.4728637518110732,5.437465318135355e-11,0.00020562554157641986,500000.0,763544.2106721625
0.000158324072710851,0.00010510738594438777,0.46650011102420363,357.7864925427477,0.0,0.0587739359589374,190.37462012010056,4.532934824479434e-16,0.0,0.00018874224884050296,63.46790839014526,3.0076800056459962e-15,2.492469405541992e-16,2.8339691484849725e-12,-1.4524480725183196e-34,1.5684687731002998e-14,1.4719903393349139,5.401444440674203e-11,0.00020562334369000033,500000.0,762741.7335518908
0.00015837606249658563,0.00010513509647239934,0.5993367479319387,357.5962967305472,0.0,0.05872746923479993,190.2241282955798,4.514126863906565e-16,0.0,0.00018859304740850144,63.417736778470264,3.0415793543852215e-15,2.4892904653020907e-16,2.8302519191390912e-12,-2.2978915194980032e-34,1.5385874027951645e-14,1.4708267256351826,5.358400870418242e-11,0.0002056204157519332,500000.0,761728.7877925013
0.00015842805228232025,0.00010516968681932309,0.7311375773972288,357.37840844666795,0.0,0.0586695361861778,190.03649567660065,4.488075937215675e-16,0.0,0.0001884070236466125,63.3551830092552,3.073770036986278e-15,2.4855627716748667e-16,2.825990385885232e-12,3.707736322965052e-34,1.5050112674130267e-14,1.469375936625279,5.308559786737367e-11,0.0002056167650589709,500000.0,760507.9674693312
0.0001584800420680549,0.0001052110996065957,0.8617674445766598,357.13316218145934,0.0,0.05860027804722847,189.8121796993391,4.454957078689173e-16,0.0,0.0001881846310687263,63.28039958453859,3.104138589608167e-15,2.4812941918823265e-16,2.8211929382773548e-12,-2.6549544593921585e-34,1.468053402026561e-14,1.467641509234846,5.2521777387208306e-11,0.00020561239994241532,500000.0,759082.2816669218
0.0001585320318537895,0.00010525927051396797,0.9910945234631041,356.86093079927065,0.0,0.05851985578218935,189.55170170945757,4.414984341607643e-16,0.0,0.00018792638655022395,63.19356031277793,3.132581043266292e-15,2.4764936868642127e-16,2.815868872468916e-12,2.862670824516256e-20,1.4280149254287402e-14,1.465627474546304,5.189540079650674e-11,0.00020560732973562722,500000.0,757455.1389790156
0.00015858402163952413,0.00010531412846132239,1.118990647563463,356.56212417599954,0.0,0.05842844933160263,189.25564452074315,4.36840822258366e-16,0.0,0.00018763286790754837,63.09485949493803,3.1590035802837284e-15,2.471171266975404e-16,2.810028349626406e-12,-5.53499192433248e-34,1.3853024946085756e-14,1.463338338918068,5.120958209058143e-11,0.00020560156473793784,500000.0,755630.3302234489
0.00015863601142525875,0.00010537559580696663,1.2453316149797624,356.23718772334,0.0,0.058326256784771574,188.92464973472352,4.3155127364694706e-16,0.0,0.00018730471124080476,62.98451103089289,3.183323076827598e-15,2.465337944570686e-16,2.8036823511729007e-12,6.7264663119805816e-34,1.3401965192302188e-14,1.4607790632596171,5.046766548477258e-11,0.00020559511617566489,500000.0,753612.0095567369
0.00015868800121099336,0.00010544358856124889,1.3699974726648092,355.8866007999962,0.0,0.05821349348534125,188.55941484365255,4.256612200309235e-16,0.0,0.00018694260806158828,62.86274745360682,3.205467529284948e-15,2.459005680140235e-16,2.796842631222413e-12,6.233929466327437e-34,1.2931224775263033e-14,1.4579550406315671,4.967319460559502e-11,0.00020558799616015173,500000.0,751404.6741349779
0.00015873999099672798,0.00010551801661432618,1.492872777141316,355.510875022753,0.0,0.05809039107722374,188.1606901402656,4.192047779427988e-16,0.0,0.00018654730222923707,62.72981889889524,3.2253763615324122e-15,2.4521873252117564e-16,2.789521666577457e-12,4.3066712072363205e-34,1.2443621851541852e-14,1.4548720723516726,4.8829880183799587e-11,0.00020558021764319586,500000.0,749013.1425013373
0.0001587919807824626,0.00010559878397683725,1.6138468298934292,355.1105524902055,0.0,0.05795719649844231,187.72927545882507,4.1221838491634684e-16,0.0,0.00018611958671982103,62.58599201894044,3.2430006124277896e-15,2.4448965619508e-16,2.781732604673267e-12,2.2677539061675525e-34,1.1944055124952314e-14,1.4515363427963572,4.794156724745532e-11,0.0002055717943702153,500000.0,746442.5318863147
0.00015884397056819725,0.00010568578903214962,1.7328138866399596,354.68620393130425,0.0,0.05781417093074601,187.26601677287482,4.047404230108883e-16,0.0,0.00018566030025306886,62.43154884803639,3.2583030050997305e-15,2.437147839564331e-16,2.77348920985977e-12,-7.3538731123065734e-34,1.1434033632640948e-14,1.447954393094305,4.701220231470191e-11,0.00020556274083147327,500000.0,743698.2346099409
0.00015889596035393187,0.00010577892479880572,1.8496733401958916,354.2384267906559,0.0,0.057661588712981625,186.77180267557407,3.9681083552274675e-16,0.0,0.0001851703238028814,62.26678562918739,3.2712579015291617e-15,2.4289563081493203e-16,2.7648058084138314e-12,4.363942028033061e-34,1.09205640952585e-14,1.4441330939121482,4.6045800884521765e-11,0.0002055530722116738,500000.0,740785.8937762578
0.00015894795013966648,0.00010587807920178283,1.964329876770783,353.767843262643,0.0,0.0574997362262205,186.2475607685184,3.884707425442365e-16,0.0,0.00018465057701711659,62.09201161019757,3.281851147497763e-15,2.4203377507079876e-16,2.755697232669898e-12,-3.909492959983817e-34,1.0399950662027158e-14,1.440079617532568,4.5046415641610785e-11,0.00020554280433824536,500000.0,737711.3784498655
0.00015896013942352308,0.00010590218493763356,1.99088311865467,353.6542812323273,0.0,0.057460479375284715,186.12040722711558,3.8646047727871213e-16,0.0,0.000184524513755981,62.04962061635372,3.2839924928049297e-15,2.4182570403977165e-16,2.7535017899835623e-12,9.040836405011325e-24,1.0280435968415158e-14,1.4390964571449654,4.480776969336661e-11,0.00020554031202143325,500000.0,736967.7241026245
0.0001589611450015932,0.00010590418802465244,1.9930680153322382,353.6448585819681,0.0,0.05745721890244743,186.10984650258786,3.862937487631935e-16,0.0,0.0001845140435845711,62.046099836645325,3.2841633426892224e-15,2.4180843868171217e-16,2.75331967284259e-12,9.062062818918602e-24,1.0270437846212758e-14,1.4390148008583608,4.478801274171636e-11,0.0002055401049890788,500000.0,736905.9942105621
0.00015896215057966334,0.00010590619330832002,1.9952520457213452,353.635427631566,0.0,0.05745395510128857,186.09927499710764,3.861268863510835e-16,0.0,0.0001845035627246503,62.0425754627367,3.2843333080172924e-15,2.4179115811578933e-16,2.7531374038216377e-12,9.014470974254107e-24,1.0260419920033915e-14,1.4389330612126514,4.4768245336963525e-11,0.00020553989774025678,500000.0,736844.2063514517
0.00015896367782712811,0.0001059092430839153,1.9985674377997673,353.62108750410675,0.0,0.057448991758415904,186.08319864725587,3.8587320434313363e-16,0.0,0.00018448762422174281,62.037215860164586,3.28458975539511e-15,2.4176488373894053e-16,2.7528602878233923e-12,8.998318136843157e-24,1.0245220991328544e-14,1.438808757711733,4.473820286585788e-11,0.0002055395825620274,500000.0,736750.2520798666
0.0001589652050745929,0.00010591229792140412,2.001880824716491,353.60672676394086,0.0,0.05744402075100978,186.067097470784,3.8561921516447384e-16,0.0,0.00018447166110509167,62.03184798078726,3.2848441626437857e-15,2.4173857430624266e-16,2.7525828221438338e-12,8.973311858136616e-24,1.0230019500148035e-14,1.4386842622495917,4.470813549049393e-11,0.0002055392668851871,500000.0,736656.1612260486
0.00015896673232205767,0.00010591535781772207,2.005192203893251,353.59234526242244,0.0,0.057439042086824064,186.05097149280735,3.8536491976724143e-16,0.0,0.00018445567339959684,62.02647183297778,3.2850965299380483e-15,2.417122298182882e-16,2.7523050071800735e-12,8.950824127813453e-24,1.0214818022036295e-14,1.438559575020421,4.4678042605342135e-11,0.00020553895071016563,500000.0,736561.9336020531
0.00015896825956952245,0.00010591842276980103,2.008501573281066,353.57794309355944,0.0,0.05743405577362034,186.034820738466,3.851103190646726e-16,0.0,0.0001844396611301829,62.02108742511749,3.2853468574614592e-15,2.4168585027862873e-16,2.752026843329599e-12,8.928977080505488e-24,1.019961627882457e-14,1.4384346962186065,4.4647923828896623e-11,0.00020553863403739332,500000.0,736467.5695285222
0.00015896978681698723,0.00010592149277456987,2.011808930838837,353.5635203517556,0.0,0.057429061819166634,186.01864523292124,3.848554139519007e-16,0.0,0.00018442362432179537,62.01569476559472,3.2855951454032646e-15,2.416594356999393e-16,2.751748330990107e-12,8.907044565376137e-24,1.0184414304448375e-14,1.4383096260386965,4.461777905946081e-11,0.00020553831686730072,500000.0,736373.069326962
0.00015897393140648197,0.00010592984948045093,2.020774163674373,353.5242767143608,0.0,0.057415470960629426,185.9746241998169,3.8416213469442716e-16,0.0,0.00018437998074781548,62.001018844479866,3.286258664182517e-15,2.415875763742936e-16,2.7509907612415063e-12,8.848580098513378e-24,1.014315920617853e-14,1.437969252223804,4.453584256853543e-11,0.0002055374536398061,500000.0,736115.9329771028
0.0001589780759959767,0.00010593824331270743,2.0297245202065275,353.4848819913286,0.0,0.05740182404094524,185.93042157587138,3.834666380117535e-16,0.0,0.00018433615714004954,61.986282383830726,3.2869071680763947e-15,2.4151545968405766e-16,2.7502306359359974e-12,8.790045672561326e-24,1.0101904582448513e-14,1.4376274743353903,4.445371637605493e-11,0.0002055365867615916,500000.0,735857.7983890226
0.00015898222058547144,0.00010594667420960571,2.038659957046507,353.4453366467631,0.0,0.05738812121611219,185.8860378663723,3.827689417968378e-16,0.0,0.00018429215399945253,61.971485552102266,3.2875406615846023e-15,2.4144308625954997e-16,2.7494679630505065e-12,8.731663491609318e-24,1.0060652204866617e-14,1.437284296280376,4.437140242766413e-11,0.00020553571624130294,500000.0,735598.6690173356
0.00015898636517496618,0.00010595514210922707,2.047580430840518,353.4056410517988,0.0,0.05737436264250975,185.84147357784255,3.820690640501981e-16,0.0,0.00018424797182820413,61.95662851816125,3.2881591495829043e-15,2.4137045682932217e-16,2.7487027505770136e-12,8.673437878359516e-24,1.00194037014502e-14,1.436939721975233,4.4288902881090716e-11,0.00020553484208760744,500000.0,735338.5481270098
0.00015899050976446092,0.00010596364694946873,2.056485898481275,353.3657955826537,0.0,0.05736054847689476,185.79672921802754,3.8136702288383434e-16,0.0,0.00018420361112969608,61.941711451282046,3.288762637323947e-15,2.4129757218344293e-16,2.7479350065224056e-12,8.615370505109881e-24,9.978160694422151e-15,1.4365937553458852,4.4206219960921536e-11,0.0002055339643091939,500000.0,735077.4389986864
0.00015900232663668004,0.00010598809783159856,2.0817940150505896,353.2513707519304,0.0,0.05732085832359028,185.66817197261366,3.793536794543366e-16,0.0,0.00018407615620067002,61.89885248457702,3.290400975208364e-15,2.410883730275669e-16,2.7457322209243805e-12,8.450702573959949e-24,9.860615200941813e-15,1.4355997414175212,4.396949114926235e-11,0.00020553144180317906,500000.0,734327.580399224
0.00015901414350889915,0.00010601284704754943,2.106978818418293,353.1357403666537,0.0,0.05728072119659035,185.53816690854086,3.77323326369388e-16,0.0,0.00018394726586734144,61.8555108378714,3.291917571233347e-15,2.4087712586893015e-16,2.7435091077749385e-12,8.287397540534136e-24,9.743165330773408e-15,1.4345945328505456,4.373134151807138e-11,0.00020552889010532456,500000.0,733569.7935477513
0.00015902596038111828,0.00010603789313538191,2.132039341122378,353.0189139732844,0.0,0.057240140775205374,185.40672594334464,3.7527639730805527e-16,0.0,0.00018381695194505875,61.81169048428439,3.2933125953294474e-15,2.406638510771591e-16,2.741265854442398e-12,8.12550867515622e-24,9.625848042063842e-15,1.4335782217922062,4.349182268660325e-11,0.0002055263094196085,500000.0,732804.1568094231
0.00015903777725333738,0.00010606323462125158,2.1569746320454484,352.9009012192539,0.0,0.057199120762148524,185.2738610703715,3.732133327888721e-16,0.0,0.00018368522632433116,61.76739542220931,3.2945862428133963e-15,2.4044856941846875e-16,2.7390026492011223e-12,7.965086865238564e-24,9.508699632324629e-15,1.4325509009759252,4.325098621668797e-11,0.00020552369995136002,500000.0,732030.7490576963
0.0001590495941255565,0.00010608887001984687,2.18178375599067,352.7817117863576,0.0,0.05715766488240919,185.1395843551297,3.711345794165189e-16,0.0,0.000183552100967211,61.72262967409713,3.295738734015935e-15,2.402313017898267e-16,2.7367196811788646e-12,7.806180446978509e-24,9.391755646466553e-15,1.4315126636930857,4.300888348661151e-11,0.00020552106190719515,500000.0,731249.6495165002
0.00015906880896703453,0.00010613117813911185,2.221852938643699,352.5854164381301,0.0,0.057089334584001596,184.91826054725314,3.6772209543223045e-16,0.0,0.00018333267490434443,61.64884379233849,3.2973547257057834e-15,2.398738274880176e-16,2.7329657543744075e-12,7.551143785659301e-24,9.20212472728912e-15,1.4298013719886102,4.261264030342492e-11,0.0002055167118385928,500000.0,729963.3247268295
0.00015908802380851253,0.0001061742529165013,2.261582247495827,352.38607741651964,0.0,0.057019877976274676,184.69328844016138,3.6427129689634753e-16,0.0,0.00018310963182469398,61.573841624924086,3.2986522336158793e-15,2.3951124822136246e-16,2.729160897581906e-12,7.300418251546654e-24,9.013271319690456e-15,1.4280618713706767,4.221340245902535e-11,0.000205512287664795,500000.0,728657.2165864332
0.00015910723864999052,0.00010621808778977925,2.300967919032048,352.18373673942256,0.0,0.056949311405077634,184.46472097935447,3.6078417624397237e-16,0.0,0.0001828830242197774,61.49764082305212,3.299632610941422e-15,2.391436550697996e-16,2.725305936220363e-12,7.05417067414334e-24,8.8253352455332e-15,1.4262945712177235,4.1811386237597486e-11,0.00020550779029331382,500000.0,727331.6704852359
0.00015912645349146855,0.00010626267612243253,2.3400063030109184,351.97843661402084,0.0,0.05687765134745159,184.2326115353227,3.5726274894541673e-16,0.0,0.0001826529050024586,61.42025917960587,3.300297384527821e-15,2.3877113967990014e-16,2.721401700486673e-12,6.812551333397517e-24,8.638450836882322e-15,1.4244998841942438,4.1406805810080424e-11,0.0002055032206395002,500000.0,725987.033701305
0.00015916777095584467,0.00010636107430505268,2.4227575530274152,351.5271573199622,0.0,0.056719935905641644,183.7217652009741,3.495840251804611e-16,0.0,0.00018214643892950944,61.2499510344135,3.3006662261522106e-15,2.3795388528794675e-16,2.712843492763475e-12,6.309283788435129e-24,8.240753550031024e-15,1.4205499833578539,4.0529145844630923e-11,0.00020549315408200858,500000.0,723032.6547140044
0.00015919522509274433,0.00010642833290807894,2.4768295864595076,351.22004608374607,0.0,0.05661246733819148,183.37367006092688,3.444092159125359e-16,0.0,0.00018180132853777193,61.133901581463334,3.3001181389867267e-15,2.373989486288122e-16,2.707037081168603e-12,5.987591496465422e-24,7.980100947398274e-15,1.417858486537472,3.994097062913798e-11,0.0002054862872679654,500000.0,721023.357365161
0.00015922267922964395,0.00010649706591594513,2.5301613367802362,350.9072919346347,0.0,0.05650292329020553,183.01885208464253,3.391834708662504e-16,0.0,0.00018144955295492456,61.015610840505886,3.29894426694621e-15,2.368348310526962e-16,2.701137934224406e-12,5.6763376448485596e-24,7.722703490150917e-15,1.4151150082609796,3.934949786535391e-11,0.00020547928162054993,500000.0,718978.3706533769
0.0001592501333665436,0.00010656725285454885,2.582744051128738,350.5890205414802,0.0,0.05639135355502265,182.65747255760553,3.3391276084225435e-16,0.0,0.00018109127208350593,60.895132581588605,3.297151833103561e-15,2.3626180643175236e-16,2.695148531255735e-12,5.375710594279902e-24,7.468859360130857e-15,1.4123207955994153,3.8755308208894495e-11,0.00020547213991791802,500000.0,716898.7295053658
0.00015927758750344326,0.00010663887302443594,2.6345694143352683,350.26535797211204,0.0,0.05627780820737218,182.28969367691357,3.28603012121383e-16,0.0,0.0001807266467298512,60.772520878676424,3.2947486605116587e-15,2.3568014944699725e-16,2.689071359073841e-12,5.0858337935399025e-24,7.218841302508587e-15,1.4094771026724744,3.8158969223339735e-11,0.00020546486495737394,500000.0,714785.4713314514
0.0001593050416403429,0.00010671190552121815,2.6856295332225737,349.9364306019129,0.0,0.05616233754606823,181.9156783656491,3.2326008522498785e-16,0.0,0.00018035583842005532,60.64783004776621,3.29174313136028e-15,2.350901352214114e-16,2.682908909354558e-12,4.806783697512477e-24,6.972900069577044e-15,1.4065851892132213,3.756103434726335e-11,0.00020545745955239148,500000.0,712639.6348881867
0.00015933249577724254,0.00010678632923702807,2.7359169502484693,349.60236506954436,0.0,0.05604499206738942,181.53559018665277,3.1788976109315416e-16,0.0,0.00017997900931448577,60.52111461814018,3.2881441804102083e-15,2.344920391442148e-16,2.676663677327167e-12,4.538575835275656e-24,6.7312615070042914e-15,1.403646319901376,3.69620427181314e-11,0.000205449926531574,500000.0,710462.2596379848
0.00015937662688054517,0.0001069088232766605,2.8151145485800773,349.0549238175336,0.0,0.05585256400769862,180.91230509122536,3.092141124754117e-16,0.0,0.00017936106858921455,60.31332115598718,3.2811395109684273e-15,2.335143879536057e-16,2.6664575990763936e-12,4.130121678817319e-24,6.352368926645731e-15,1.3988270344289926,3.599829521349991e-11,0.00020543755731674952,500000.0,706898.7658169172
0.00015942075798384782,0.0001070347674594404,2.8922708827121784,348.49506138923954,0.0,0.055655633613560546,180.27443610918021,3.0050534686753464e-16,0.0,0.00017872866902723423,60.100665655104734,3.2726682440957476e-15,2.325177089979306e-16,2.6560544432918325e-12,3.7493364335161254e-24,5.985852902777718e-15,1.3938949852903602,3.5035259622247345e-11,0.00020542487757061167,500000.0,703260.7759475305
0.00015946488908715048,0.00010716407115858921,2.9673621302756867,347.92330550199625,0.0,0.05545441232745325,179.62266812754967,2.917856494553466e-16,0.0,0.00017808248964299798,59.883376446072646,3.262775570167384e-15,2.3150314186836567e-16,2.6454645612836246e-12,3.395661104455035e-24,5.632304567289505e-15,1.3888554680815712,3.407492168180021e-11,0.00020541189921794052,500000.0,699552.5866298173
0.0001595090201904531,0.00010729664275848673,3.0403673255422623,347.34018324731557,0.0,0.05524911154352079,178.9576858776266,2.8307623830370046e-16,0.0,0.00017742320929655468,59.66168180754954,3.2515094416238433e-15,2.304718200250131e-16,2.6346982647876608e-12,3.068353376937228e-24,5.292185249624295e-15,1.3837137771945274,3.3119155817688904e-11,0.00020539863421810555,500000.0,695778.4704873451
0.00015955315129375576,0.00010743238978608641,3.111268299905259,346.7462203194668,0.0,0.05503994218635049,178.28017257051252,2.743972708021989e-16,0.0,0.00017675150534079666,59.435809511386125,3.2389202267504265e-15,2.294248683674967e-16,2.6237658068369214e-12,2.76650178652476e-24,4.96582930322515e-15,1.3784751952668999,3.216972246617367e-11,0.00020538509454355984,500000.0,691942.6676034
0.00015959728239705838,0.00010757121903060198,3.1800496197454686,346.14194031733075,0.0,0.05482711432217558,177.5908086376979,2.6576777908026523e-16,0.0,0.00017606805237283898,59.20598640275438,3.225060374352416e-15,2.2836340100906907e-16,2.612677364248116e-12,2.4890328065542135e-24,4.653455124063911e-15,1.3731449834442058,3.1228266056802375e-11,0.00020537129216061884,500000.0,688049.3776908023
0.00015964141350036104,0.00010771303665937293,3.2466985222196314,345.52786407091065,0.0,0.05461083679038266,176.89027053741296,2.5720562176353365e-16,0.0,0.00017537352105060516,58.972438002203695,3.209984084980621e-15,2.272885191739259e-16,2.601443021136875e-12,2.2348310949055073e-24,4.355167290945987e-15,1.3677283721504254,3.029631498535899e-11,0.0002053572390110869,500000.0,684102.7527419443
0.0001596855446036637,0.00010785774833311068,3.3112048464451846,344.9045089783569,0.0,0.05439131685070974,176.17922961180236,2.487274462686644e-16,0.0,0.00017466857695980093,58.73538812466086,3.1937469860504196e-15,2.262013092138861e-16,2.5900727532492616e-12,2.002442112576642e-24,4.070997508298175e-15,1.3622305522515945,2.937528038095491e-11,0.00020534294699425145,500000.0,680106.8900721883
0.0001597439295389501,0.00010805348603227491,3.3932409233360876,344.0664322112924,0.0,0.0540962613030391,175.22352275965193,2.376660277232024e-16,0.0,0.0001737210648354949,58.41677046977537,3.1705784095374193e-15,2.24745817180659e-16,2.5748379041772907e-12,1.726301060116482e-24,3.7165779632665915e-15,1.3548409577016813,2.8175725669368055e-11,0.0002053236919086052,500000.0,674751.6098983114
0.0001598023144742365,0.00010825390325665978,3.471502637573886,343.21418845123986,0.0,0.053796359116851794,174.252116594292,2.2681077474753373e-16,0.0,0.00017275798801216684,58.09291891046309,3.1456108678025768e-15,2.232730439646261e-16,2.55940481725108e-12,1.4839619567765452e-24,3.3862519595702986e-15,1.3473299749266223,2.7000223061133604e-11,0.00020530406665081788,500000.0,669326.3689012722
0.00015986069940952295,0.00010845877947063405,3.5459860612035676,342.3489369567617,0.0,0.053492071693572535,173.26650566092323,2.1619021508626591e-16,0.0,0.00017178082822000428,57.76433170462005,3.1189790929410658e-15,2.2178535359332867e-16,2.5437954650600936e-12,1.2739984348690116e-24,3.0794749452893785e-15,1.3397091598580382,2.5851120949899316e-11,0.0002052840981306759,500000.0,663840.1026539231
0.00015991908434480936,0.0001086678941287979,3.6166940879149507,341.4718180798604,0.0,0.05318385133562604,172.26815503301518,2.058291236166572e-16,0.0,0.00017079103797016935,57.43149728473001,3.0908179693635837e-15,2.2028504166527064e-16,2.52803130356035e-12,1.0804111563361371e-24,2.795622468925033e-15,1.3319898405499917,2.4730435914400886e-11,0.00020526381290118649,500000.0,658301.4987719054
0.00015997746928009577,0.00010888102706278828,3.683636078629308,340.5839513208303,0.0,0.05287214029259123,171.25849722249262,1.9574863305101372e-16,0.0,0.00016979003749147923,57.09489322776903,3.0612615311052554e-15,2.187743306605731e-16,2.51213323216153e-12,8.57644506530678e-25,2.533895724989194e-15,1.3241830932883238,2.3639866461576506e-11,0.00020524323710620842,500000.0,652718.9800637963
0.0001600358542153822,0.00010909795882757183,3.746827513871847,339.68643367510754,0.0,0.052557369943918936,170.23892953228759,1.8596638064063912e-16,0.0,0.00016877921210565835,56.754985372587974,3.0304420960156426e-15,2.1725536605783873e-16,2.496121560286422e-12,1.0895035073237552e-24,2.292361921701687e-15,1.3162997221203956,2.258080893955929e-11,0.00020522239643583638,500000.0,647100.690734106
0.00016009423915066862,0.00010931847103953532,3.8062896344528636,338.7803380869355,0.0,0.05223996006747988,169.21081168691612,1.7649667692260023e-16,0.0,0.0001677599098782321,56.41222702998395,2.9984894745120588e-15,2.157302130196303e-16,2.4800159780579153e-12,0.0,2.075848034678921e-15,1.3083502405345353,2.1554374528557284e-11,0.00020520131608452017,500000.0,641454.4845908488
0.00016015262408595503,0.00010954234670973853,3.8620490694897116,337.86671199086163,0.0,0.051920318186873614,168.1754637181804,1.6735069606350593e-16,0.0,0.00016673343952235817,56.06705827782672,2.965530245733325e-15,2.1420085378027656e-16,2.4638355307528877e-12,1.3546780449524772e-23,1.835074327685835e-15,1.300344855112136,2.0561408726489868e-11,0.00020518002071138317,500000.0,635787.9150865746
0.00016021100902124146,0.0001097693705559304,3.914137463548745,336.94657603049353,0.0,0.051598839018240576,167.13416417318672,1.585366838839788e-16,0.0,0.00016570106862220945,55.71990536363996,2.931687130487377e-15,2.1266918568340636e-16,2.447598597919643e-12,0.0,1.9849586394901135e-15,1.2922934516719191,1.9602509786613193e-11,0.00020515853440512043,500000.0,630108.2275667873
0.00016026939395652787,0.00010999932928456706,3.962591111159047,336.02092299866024,0.0,0.05127590402477238,166.08814867124454,1.5006018204875574e-16,0.0,0.00016466402220224871,55.37118022349407,2.8970784761198634e-15,2.111370195609424e-16,2.4313228774811943e-12,3.416027366793268e-22,0.0,1.284205584111779,1.8678048228762858e-11,0.00020513688065463504,500000.0,624422.3538449395
0.0001603277788918143,0.0001102320118477161,4.007450598862566,335.09071696389856,0.0,0.050951881067139625,165.03860877134753,1.4192425578972956e-16,0.0,0.00016362348160441084,55.021280104442226,2.861817840830976e-15,2.0960607869824235e-16,2.41502537424245e-12,0.0,1.9547603486014776e-14,1.2760904656520324,1.7788187206438972e-11,0.00020511508232451539,500000.0,618736.9088233523
0.00016038616382710072,0.00011046720968168899,4.0487604513603515,334.1568925581919,0.0,0.050627124135195455,163.9866911040128,1.3412972217017304e-16,0.0,0.00016258058362747274,54.67058727508914,2.826013660249223e-15,2.0807799900468028e-16,2.3987223921179517e-12,9.992423048267489e-21,0.0,1.2679569621230362,1.693290217472597e-11,0.00020509316163419122,500000.0,613058.1888730582
0.00016044454876238713,0.00011070471692836641,4.086568789422268,333.220354321803,0.0,0.050301973157029764,162.93349674881432,1.266753789005828e-16,0.0,0.00016153641990956268,54.31946881807052,2.7897689890135686e-15,2.0655432973125968e-16,2.3824295297895265e-12,0.0,4.650024914468874e-13,1.2598135871510323,1.6111999887206176e-11,0.00020507114014051527,500000.0,607392.1716491001
0.00016050293369767357,0.00011094433063646244,4.120926984977372,332.28197635678026,0.0,0.049976753879090084,161.8800808552156,1.1955822906759704e-16,0.0,0.00016049203655280948,53.96827650364466,2.7531813169758257e-15,2.0503653270807689e-16,2.3661616797316915e-12,1.9639842957845685e-25,9.892686654535239e-16,1.2516684992292395,1.532513746059989e-11,0.0002050490387240452,500000.0,601744.5177373427
0.00016056131863295998,0.00011118585094174797,4.151889337384121,331.34260199206227,0.0,0.04965177782534819,160.82745249562123,1.1277369775880698e-16,0.0,0.00015944843397746233,53.617346740702075,2.716342456518977e-15,2.035259836606684e-16,2.349933030422257e-12,0.0,1.6111755862987444e-15,1.243529500577121,1.4571840337450027e-11,0.00020502687757903356,500000.0,596120.5734804822
0.0001606197035682464,0.0001114290812279825,4.179512762129053,330.4030435733577,0.0,0.04932734231193715,159.77657472752725,1.0631583942469393e-16,0.0,0.00015840656698327913,53.26700059748553,2.6793384926327706e-15,2.0202397441500223e-16,2.3337570713917326e-12,2.4694533770986557e-22,0.0,1.2354040376255013,1.3851519273534963e-11,0.0002050046762067451,500000.0,590525.3750532258
0.00016067808850353283,0.0001116738282704897,4.203856488326553,329.46408241126136,0.0,0.04900373052624325,158.72836484151156,1.0017753491434478e-16,0.0,0.00015736734499541873,52.9175438842661,2.6422497866724927e-15,2.005317142097965e-16,2.317646600766758e-12,1.1910292750211687e-25,7.072357945650762e-16,1.2272992029315273,1.3163486731508096e-11,0.00020498245341169893,500000.0,584963.65370596
0.00016073647343881924,0.00011191990236300415,4.224981767270794,328.5264688589457,0.0,0.04868121165515481,157.68369477815085,9.435067682393168e-17,0.0,0.00015633163247792282,52.56926729233673,2.605151027058602e-15,1.9905033117472518e-16,2.301613735055106e-12,0.0,6.765507043557012e-15,1.2192217384027713,1.2506972106297587e-11,0.0002049602273006218,500000.0,579439.8420093716
0.00016079485837410567,0.00011216711742786112,4.242951595524319,327.5909224775542,0.0,0.048360041061474686,156.6433916997861,8.882634195274713e-17,0.0,0.0001553002495006275,52.22244658462995,2.5681113216252436e-15,1.9758087473131192e-16,2.2856699209622833e-12,7.076159017633792e-23,0.0,1.2111780397182785,1.1881135810304132e-11,0.00020493801528398574,500000.0,573958.0809252952
0.00016085324330939208,0.00011241529111012535,4.257830453663253,326.6581322711709,0.0,0.048040460503390794,155.60823870130187,8.359495031019835e-17,0.0,0.0001542739724437856,51.8773428326804,2.5311943259966828e-15,1.9612431815830335e-16,2.2698259490075423e-12,0.0,0.0,1.2031741618243315,1.1285082332733185e-11,0.0002049158340799426,500000.0,568522.2275709299
0.0001609116282446785,0.00011266424485676262,4.269684058608799,325.7287570132899,0.0,0.04772269839143246,154.57897564263354,7.864641064784154e-17,0.0,0.00015325353482339662,51.534202694169764,2.494458401822473e-15,1.946815609573681e-16,2.2540919686890955e-12,0.0,0.0,1.1952158253715206,1.0717872212079478e-11,0.0002048936997204033,500000.0,563135.863612656
0.00016097001317996493,0.00011291380398191194,4.278579130169155,324.8034256423321,0.0,0.04740697007819824,153.556300086741,7.397025263914173e-17,0.0,0.0001522396282211194,51.193258725632425,2.4579567991769207e-15,1.9325343132742616e-16,2.2384775049652047e-12,0.0,2.539268399945329e-14,1.1873084239670724,1.0178532868568378e-11,0.00020487162755902398,500000.0,557802.3041540402
0.00016102839811525134,0.0001131637977189709,4.284583168887864,323.8827377692202,0.0,0.047093478175928155,152.54086832903235,6.955574591273767e-17,0.0,0.00015123290330495054,50.85472972564922,2.421737858083892e-15,1.9184068907223136e-16,2.2229914758509867e-12,4.240346172777004e-22,0.0,1.1794570321346687,9.666068475339495e-12,0.00020484963228090402,500000.0,552524.6071083699
0.00016108678305053775,0.00011341405926023009,4.287764253082681,322.9672641571543,0.0,0.04678241289896221,151.53329650490582,6.539200616481218e-17,0.0,0.00015023397092717148,50.5188211040844,2.3858452248670584e-15,1.9044402853554753e-16,2.207642210942466e-12,0.0,1.4835816551488079e-13,1.171666413877503,9.179468693612268e-12,0.00020482772791381905,500000.0,547305.582736198
0.0001611770934253109,0.00011380131579643452,4.287283871120138,321.56272624474747,0.0,0.046306445137293484,149.9915886249605,5.941994698404398e-17,0.0,0.00014870548245479124,50.0048399104924,2.3310587844751486e-15,1.8831678849550968e-16,2.1841871050621157e-12,2.600339800422191e-22,0.0,1.1597458169846562,8.475369114758022e-12,0.00020479405606391824,500000.0,539354.2328624604
0.00016126740380008404,0.00011418824090298652,4.280467218510691,320.17383359919904,0.0,0.04583731145097523,148.47201671601263,5.398138198325117e-17,0.0,0.00014719894014822177,49.49823850198532,2.2772710195949983e-15,1.8623157876552077e-16,2.1611037983719275e-12,8.050256539013961e-22,0.0,1.1479963770216748,7.826965812492135e-12,0.0002047606801518623,500000.0,531557.8177583046
0.00016135771417485716,0.00011457427382918672,4.267568155276421,318.80231305429857,0.0,0.04537555358441118,146.97633558114137,4.90367304090155e-17,0.0,0.00014571608376382885,48.99960190234741,2.2245851655173147e-15,1.8419014072616467e-16,2.1384154847373847e-12,0.0,6.367925118362264e-15,1.1364316622529747,7.230555542770026e-12,0.00020472764327346356,500000.0,523923.5838826728
0.0001614480245496303,0.00011495887669616465,4.24883902050174,317.4497459701642,0.0,0.044921653647386234,145.50610685700326,4.454760529195118e-17,0.0,0.00014425846154786208,48.50945073671162,2.173084449914405e-15,1.821939236949384e-16,2.1161425770391668e-12,1.2103955115451545e-26,1.621384308990926e-16,1.125063747366103,6.682527462446459e-12,0.0002046949851895373,500000.0,516457.6529146092
0.00016153833492440345,0.00011534153429107946,4.224529546859723,316.1175751092963,0.0,0.04447603779422691,144.06271093177415,4.0477159016594945e-17,0.0,0.00014282744205233969,48.02824520481426,2.1228341705812783e-15,1.8024410972461077e-16,2.0943028916585073e-12,9.04646807706823e-23,5.507011913486355e-15,1.113903305622294,6.179394611903825e-12,0.00020466274247916494,500000.0,509165.1103499642
0.00016162864529917657,0.00011572175379025398,4.19488591000528,314.80711149618406,0.0,0.044039079885577856,142.64735880633535,3.679034259167433e-17,0.0,0.00014142422589446415,47.5563890353281,2.0738836681977106e-15,1.7834163755108158e-16,2.072911830255771e-12,0.0,4.44484334851151e-16,1.1029597005680492,5.7178171272147994e-12,0.00020463094869570126,500000.0,502050.0913551414
0.0001617189556739497,0.00011609906441222841,4.160149908910869,313.51954131413845,0.0,0.04361110510793385,141.26110381804295,3.345408368901851e-17,0.0,0.00014004985737976143,47.094233394383004,2.0262681881117912e-15,1.764872253746284e-16,2.0519825578129097e-12,2.6656640475067324e-22,0.0,1.092241076684019,5.294618424390932e-12,0.00020459963452482802,500000.0,495115.8636137736
0.00016180926604872286,0.00011647301699497764,4.120558282462787,312.2559329083168,0.0,0.043192393537452384,139.90485318461117,3.043738628184529e-17,0.0,0.0001387052359469618,46.64208073411521,1.9800106331462174e-15,1.7468139257598375e-16,2.0315261764273043e-12,0.0,0.0,1.0817544486431778,4.906795606333908e-12,0.000204568827944776,500000.0,488364.9070960964
0.000161899576423496,0.00011684318350836999,4.07634215219636,311.01724383855134,0.0,0.04278318361980478,138.57937927599275,2.7711367125225578e-17,0.0,0.00013739112734328346,46.20018855053534,1.9351231939809605e-15,1.7292448037844962e-16,2.0115518936949213e-12,0.0,0.0,1.0715057884658428,4.551525066897914e-12,0.000204538554387016,500000.0,481798.9903385765
0.00016198988679826912,0.00011720915652167688,4.027726573916559,309.8043278177737,0.0,0.042383675532864366,137.28533050676464,2.5249248130496324e-17,0.0,0.0001361081744234514,45.76877301487862,1.8916088410655836e-15,1.712166712355928e-16,1.992067184333878e-12,2.5507100177094918e-21,6.7146136536254254e-15,1.061500109740413,4.2261641343256296e-12,0.00020450883689490939,500000.0,475419.24264454655
0.00016208019717304226,0.00011757054863960674,3.9749301832175643,308.6179414615911,0.0,0.041994034411013556,136.02324178022062,2.3026316640649913e-17,0.0,0.0001348569075042274,45.348012455501355,1.849462674819657e-15,1.6955800685831034e-16,1.973077944229101e-12,7.390488875217111e-21,1.4441506840617744e-14,1.0517415483778647,3.928249584969267e-12,0.00020447969627870725,500000.0,469226.2219391343
0.0001621705075478154,0.00011792699191203764,3.918164925886573,307.45875085908375,0.0,0.04161439342251815,134.79354445645168,2.1019859150137416e-17,0.0,0.00013363775424701213,44.93805068108231,1.8086731417259465e-15,1.6794840496907013e-16,1.954588636630962e-12,7.33170795893697e-21,0.0,1.042233439685658,3.655493723247916e-12,0.00020445115126633528,500000.0,463219.97831206315
0.00016226081792258853,0.00011827813722150122,3.857635869918429,306.3273378944173,0.0,0.04124485669522254,133.59657582879595,1.9209073656003546e-17,0.0,0.00013245104905301098,44.53900013992235,1.769223124887717e-15,1.663876748245786e-16,1.936602430401115e-12,1.887880263427623e-19,2.5562053397810925e-15,1.0329783916402293,3.4057785939671368e-12,0.00020442321864959828,500000.0,457400.1132152494
0.00016235112829736167,0.00011862365365521851,3.7935410856686125,305.22420638931044,0.0,0.04088550208464525,132.43258809060586,1.757496771854885e-17,0.0,0.00013129704195312747,44.15094490932372,1.7310909147655244e-15,1.6487553150832625e-16,1.9191213301648523e-12,1.250193479364002e-26,3.2337902257882596e-17,1.0239783542188257,3.1771489033851824e-12,0.00020439591342519335,500000.0,451765.8344995149
0.00016244143867213482,0.00011896322786930358,3.726071586085857,304.14978799966707,0.0,0.04053638378056398,131.30175677814466,1.6100248771599296e-17,0.0,0.00013017590697848074,43.77394351031915,1.6942510658454404e-15,1.6341160900500928e-16,1.902146298280879e-12,0.0,0.0,1.0152346846805194,2.967803976150407e-12,0.00020436924892988805,500000.0,446316.0072853665
0.00016253174904690793,0.00011929656345089558,3.655411319801186,303.10444782432995,0.0,0.040197534751033784,130.20418868723863,1.476921083708126e-17,0.0,0.00012908775000917432,43.40803154695934,1.6586751475309157e-15,1.619954721448486e-16,1.8856773686952114e-12,9.616379673343608e-20,2.180132271533281e-15,1.0067482087783621,2.7760891418289387e-12,0.00020434323696948484,500000.0,441049.2007497731
0.00016262205942168108,0.00011962338028201645,3.5817372093821693,302.0884897461068,0.0,0.039868969026507176,129.13992927186663,1.356762007419869e-17,0.0,0.00012803261610944377,43.05322417288659,1.6243323991072259e-15,1.6062662748210272e-16,1.869713752882637e-12,0.0,0.0,0.9985192779658095,2.6004868186291734e-12,0.00020431788794145526,500000.0,435963.731041142
0.00016271236979645422,0.00011994341390840175,3.5052192296380404,301.1021614855457,0.0,0.03955068382797126,128.10896953744955,1.2482601261343277e-17,0.0,0.00012701049636183363,42.70951838944911,1.5911902981256445e-15,1.593045331491855e-16,1.8542539381350077e-12,0.0,0.0,0.9905478226961086,2.439607497237018e-12,0.00020429321095120898,500000.0,431057.7004884894
0.00016280268017122734,0.00012025641491667949,3.4260205194523365,300.14565938061753,0.0,0.03924266154348054,127.11125244320466,1.1502527320950082e-17,0.0,0.00012602133421465316,42.37689518014549,1.5592150504583485e-15,1.580286077540362e-16,1.839295778471709e-12,3.3083846330456193e-19,4.85587295192272e-15,0.982833401925785,2.2921808175395653e-12,0.0002042692139219658,500000.0,426329.03332042095
0.0001628929905460005,0.00012056214832295485,3.3442975201259886,299.2191329268634,0.0,0.03894487155832588,126.14667883040326,1.0616913519052593e-17,0.0,0.00012506503135941192,42.05532148701267,1.5283720098051047e-15,1.5679823839651153e-16,1.8248365784757497e-12,1.687291077235346e-19,0.0,0.9753752489523809,2.157046864160705e-12,0.00020424590369824005,500000.0,421775.50814145914
0.00016298330092077363,0.00012086039297519854,3.2602001383396018,298.32268901405996,0.0,0.03865727194501686,125.21511289632386,9.8163172161443e-18,0.0,0.0001241414531578339,41.74475203555593,1.4986260343732443e-15,1.5561278786090973e-16,1.8108731703932451e-12,0.0,0.0,0.968172313739409,2.0331477565446284e-12,0.00020422328614302379,500000.0,417394.7872754259
0.00016307361129554678,0.00012115094097126898,3.173871928516395,297.456395890811,0.0,0.03837981101967402,124.31638723577426,9.092243582341033e-18,0.0,0.0001232504336401456,41.445131015513205,1.4699417881213292e-15,1.5447160105077277e-16,1.7974019848561804e-12,4.242191978209954e-19,1.2459635721242204e-15,0.9612233018978078,1.9195196304613167e-12,0.00020420136622882436,500000.0,413184.4432239859
0.0001631639216703199,0.00012143359709402681,3.08545028957352,296.6202868965996,0.0,0.03811242877204055,123.4503074730587,8.437057541778213e-18,0.0,0.00012239178009732857,41.15639362508015,1.4422839932546777e-15,1.533740107228172e-16,1.7844191155963447e-12,2.5550716375808336e-19,0.0,0.954526710500631,1.8152850409460722e-12,0.0002041801481227454,500000.0,409141.98249263136
0.00016325423204509304,0.00012170817826477632,2.995066674144975,295.814363937405,0.0,0.037855058176175724,122.61665650748272,7.843902120633367e-18,0.0,0.00012156527729022234,40.87846748629477,1.4156176399256648e-15,1.5231934258119765e-16,1.771920378516144e-12,4.8829852097310305e-18,0.0,0.9480808609095911,1.7196458099597872e-12,0.0002041596352658111,500000.0,405264.8669388836
0.00016334454241986618,0.00012197451301604727,2.902846807242446,295.0386007161864,0.0,0.037607626388935445,121.81519839544202,7.306623204793568e-18,0.0,0.00012077069129832526,40.611273939264905,1.389908158526649e-15,1.5130691979099606e-16,1.7599013654764527e-12,1.3939537464104296e-25,7.646631308328923e-18,0.9418839287916624,1.6318763448105514e-12,0.00020413983044674855,500000.0,401550.5328395734
0.0001634348527946393,0.00012223244098445496,2.8089109113440136,294.29294573898727,0.0,0.0373700558433635,121.04568189206319,6.819700526672767e-18,0.0,0.00012000777303106793,40.354729222895614,1.3651215595002504e-15,1.5033606696046902e-16,1.7483574931559333e-12,0.0,0.0,0.9359339715032984,1.5513174191933329e-12,0.00020412073587046115,500000.0,397996.40787798824
0.00016352516316941245,0.0001224818124241237,2.713373936105362,293.577325097928,0.0,0.03714226524396648,120.30784367504793,6.378184594940314e-18,0.0,0.0001192762614240148,40.10874554966822,1.341224545103689e-15,1.494061136390515e-16,1.7372840473276613e-12,1.3078151124632149e-18,6.989834956348702e-17,0.9302289530174327,1.477370409845926e-12,0.000204102353221439,500000.0,394599.9262152941
0.0001635327647220665,0.00012250240745746938,2.705262918312649,293.5184578658858,0.0,0.037123535376404664,120.24717562198855,6.342949252565909e-18,0.0,0.00011921611357050602,40.08851977361739,1.3392526529359819e-15,1.4932968324645461e-16,1.736373292514756e-12,0.0,4.185499231623915e-19,0.9297598632410791,1.4714302712489487e-12,0.0002041008384535696,500000.0,394321.15159449325
0.00016354036627472056,0.00012252294079455087,2.6971414026729312,293.4598027486951,0.0,0.03710487415234318,120.18672991254785,6.308001422412139e-18,0.0,0.00011915618615412572,40.06836812343697,1.3372868133044039e-15,1.492535375276988e-16,1.7354658336927674e-12,0.0,3.260032603198724e-18,0.9292924926416744,1.4655327943355832e-12,0.00020409932873907178,500000.0,394043.47434024647
0.00016355260992027978,0.00012255588345087254,2.6840383573573257,293.3657761502568,0.0,0.03707496114142378,120.08983845662914,6.252310022896929e-18,0.0,0.00011906012549611938,40.0360660337897,1.3341331577795818e-15,1.491314888814732e-16,1.7340111331281461e-12,2.8126303132258025e-19,2.7187434050664098e-17,0.9285433208931927,1.456122887124629e-12,0.00020409690770277638,500000.0,393598.5321114236
0.000163564853565839,0.00012258866551382759,2.670908514936539,293.27230405489416,0.0,0.03704522586480664,119.99352270108061,6.1973479786519616e-18,0.0,0.00011896463560212778,40.00395587360405,1.330995075143262e-15,1.490101760142683e-16,1.7325649636882713e-12,0.0,0.0,0.9277986005016328,1.4468219067430037e-12,0.0002040944997800461,500000.0,393156.4328080106
0.0001635770972113982,0.0001226212866569445,2.6577521404890034,293.1793869332515,0.0,0.0370156681080974,119.89778195146083,6.143105314624545e-18,0.0,0.00011886971578366398,39.972037411364106,1.327872486066555e-15,1.4888959719902862e-16,1.7311273132571633e-12,8.365767688285998e-20,6.979571942404647e-18,0.9270583260975224,1.4376287151374196e-12,0.00020409210497296978,500000.0,392717.171133196
0.00016358934085695741,0.00012265374655699035,2.6445694961328194,293.0870242256925,0.0,0.03698628765631995,119.80261551144415,6.089572211181476e-18,0.0,0.00011877536535037306,39.940310414925875,1.3247653115020642e-15,1.48769750731901e-16,1.7296981697040625e-12,7.833712579864084e-20,1.1815018261217622e-17,0.9263224922968223,1.4285420554097185e-12,0.00020408972328349984,500000.0,392280.74042151
0.00016360158450251663,0.00012268604489392796,2.631360842568692,292.9952155288215,0.0,0.03695708429397166,119.70802268299931,6.036738986063644e-18,0.0,0.00011868158361020901,39.90877465157669,1.3216734727138657e-15,1.48650634950894e-16,1.7282775208867846e-12,9.167926214529537e-19,6.698054582484822e-17,0.9255910937023037,1.4195606830769767e-12,0.00020408735471346567,500000.0,391847.1342389191
0.00016361382814807584,0.0001227181813508969,2.6181264395395116,292.9039608963324,0.0,0.03692805780505624,119.61400276649655,5.9845960913200015e-18,0.0,0.00011858836986954105,39.877429888070964,1.3185968912765096e-15,1.485322482139562e-16,1.726865354652988e-12,2.398173679243757e-19,1.5952230311267794e-17,0.9248641249043791,1.4106834263599536e-12,0.00020408499926457467,500000.0,391416.3467861259
0.00016362607179363502,0.000122750155614208,2.60486654539256,292.81326045144283,0.0,0.036899207973105065,119.52055506077475,5.933134121740654e-18,0.0,0.00011849572343322019,39.84627589065259,1.3155354890595308e-15,1.4841458887551863e-16,1.7254616588404447e-12,2.268323242129604e-18,1.2521234405493972e-16,0.9241415804816193,1.401909139096663e-12,0.00020408265693840752,500000.0,390988.3723764657
0.00016363831543919424,0.00012278196737333004,2.5915814167075464,292.7231141027457,0.0,0.036870534581203054,119.42767886322963,5.8823438190386964e-18,0.0,0.00011840364360466663,39.81531242508436,1.31248918822282e-15,1.4829765528884363e-16,1.724066421278037e-12,0.0,0.0,0.9234234550014381,1.3932366731460489e-12,0.00020408032773641733,500000.0,390563.20505496085
0.00016365055908475345,0.00012281361632086575,2.5782713083952746,292.63352162736066,0.0,0.03684203741202817,119.33537346993323,5.832216063401773e-18,0.0,0.00011831212968598825,39.784539256687715,1.3094579112279452e-15,1.4818144581886295e-16,1.722679629787721e-12,8.565995351134618e-18,4.0788780954604783e-16,0.9227097430210124,1.3846648726591704e-12,0.00020407801165993577,500000.0,390140.83871115884
0.00016366280273031266,0.00012284510215252747,2.5649364738813394,292.5444828513402,0.0,0.03681371624788326,119.24363817575227,5.782741865054035e-18,0.0,0.000118221180978098,39.753956150382315,1.3064415808481522e-15,1.4806595884466377e-16,1.7213012721864115e-12,0.0,0.0,0.9220004390882026,1.3761926000261201e-12,0.00020407570871017896,500000.0,389721.2673215721
0.00016367504637587187,0.00012287642456711956,2.551577165246227,292.4559976807897,0.0,0.03678557087073473,119.15247227444607,5.733912363628809e-18,0.0,0.0001181307967808108,39.72356287071861,1.3034401201675786e-15,1.4795119275198027e-16,1.7199313362872037e-12,3.525340840551856e-17,1.3895841288629071e-15,0.9212955377423017,1.3678187513421207e-12,0.00020407341888824845,500000.0,389304.484991306
0.00016369579629991899,0.00012292913424988668,2.5288812886454126,292.3073011693391,0.0,0.0367382722688438,118.9992670196638,5.652606207092152e-18,0.0,0.00011797890518784391,39.67248664498256,1.2983871324104433e-15,1.477583344386338e-16,1.7176288331593154e-12,0.0,0.0,0.9201109436260004,1.353848849543719e-12,0.00020406956819110796,500000.0,388604.49501774745
0.00016371654622396607,0.00012298137228354425,2.5061170468697185,292.1601937330172,0.0,0.03669147686679524,118.84769168301122,5.573085092389946e-18,0.0,0.00011782862953723802,39.62195380835182,1.2933762623193167e-15,1.4756753417892409e-16,1.7153504243158005e-12,4.075215550162423e-17,1.2675637416668688e-15,0.9189389521546206,1.3401532716349194e-12,0.00020406575520628988,500000.0,387912.4700800152
0.00016373729614801316,0.00012303313726198093,2.4832856380429846,292.01467472081686,0.0,0.036645183597994464,118.69774280969912,5.495308422776953e-18,0.0,0.0001176799664038269,39.571963209053926,1.288407141590641e-15,1.4737878419584765e-16,1.7130960504202602e-12,8.970067499894334e-17,2.314372815058625e-15,0.9177795366154837,1.326726890881489e-12,0.00020406197993696538,500000.0,387228.38165733597
0.00016375804607206024,0.00012308442780382465,2.460388248116485,291.87074337892847,0.0,0.03659939139431197,118.54941693997439,5.41923661453352e-18,0.0,0.0001175329123575233,39.52251369366152,1.2834794045128145e-15,1.4719207675873536e-16,1.7108656521596624e-12,0.0,0.0,0.9166326702575316,1.3135646929329964e-12,0.00020405824238543748,500000.0,386552.2012799766
0.00016377879599610736,0.000123135242552183,2.437426051454905,291.7283988798665,0.0,0.036554099186504006,118.40271061043609,5.344831070000858e-18,0.0,0.00011738746396462329,39.47360410753115,1.2785926879860703e-15,1.470074041826656e-16,1.708659170262092e-12,1.3085280150689619e-16,2.0825574255037265e-15,0.9154983263014902,1.3006617762988689e-12,0.00020405454255317053,500000.0,385883.9005723655
0.00016381442077237528,0.00012322137100855612,2.397855315228749,291.4877113377841,0.0,0.036477501690949245,118.15460308854733,5.220864791914734e-18,0.0,0.00011714148384611954,39.39088895645621,1.2702974949239154e-15,1.4669507040373622e-16,1.704926550855766e-12,3.4571588273303746e-17,2.868989809488814e-16,0.9135799409885468,1.2791001509470682e-12,0.00020404827842005532,500000.0,384754.8157314734
0.00016385004554864322,0.0001233060865105758,2.358102781579649,291.25169420050327,0.0,0.03640236942210753,117.91124159310536,5.101515439877591e-18,0.0,0.00011690020905915502,39.30975605605858,1.262120347491505e-15,1.46388673757693e-16,1.7012639541546447e-12,0.0,0.0,0.9116982522955245,1.2582651921858539e-12,0.00020404212546849498,500000.0,383648.7324564441
0.00016388567032491117,0.0001233893826839949,2.3181741598652543,291.0203426319396,0.0,0.036328696965257895,117.67260858533935,4.986606773232787e-18,0.0,0.00011666362221534528,39.23019955918754,1.2540594626323547e-15,1.460881762893572e-16,1.6976710819009562e-12,6.012277497474792e-17,4.676881430077733e-16,0.9098531246113779,1.2381342713720724e-12,0.00020403608368998623,500000.0,382565.5104315407
0.00016392129510117912,0.00012347125335620906,2.278075064307632,290.7936515141299,0.0,0.03625647891298471,117.43868655014352,4.8759700306603495e-18,0.0,0.00011643170594976812,39.1522136265819,1.2461130804710392e-15,1.4579354046170824e-16,1.6941476369328207e-12,1.3121884832755942e-17,0.0,0.9080444225080433,1.2186856243254621e-12,0.00020403015306996185,500000.0,381505.0107923965
0.0001639753524169662,0.00012359274857323994,2.2169151213044453,290.4585577560172,0.0,0.03614966046244913,117.09269010499926,4.715888191266135e-18,0.0,0.00011608867625872723,39.03686384591579,1.2342699921312657e-15,1.4535757033019494e-16,1.6889330756558176e-12,0.0,0.0,0.9053691529569938,1.1904305746969174e-12,0.0002040213661628349,500000.0,379938.89214264095
0.000164066929329236,0.0001237909929653432,2.112491982903696,289.9152870088155,0.0,0.035976263352019706,116.53103822280092,4.464811453924398e-18,0.0,0.00011553184027290413,38.84961792957326,1.2147827866107103e-15,1.4464925289896823e-16,1.6804595994774239e-12,2.5565165579331058e-17,0.0,0.9010264199612575,1.1458461777400804e-12,0.00020400706419890832,500000.0,377403.120896727
0.00016415850624150577,0.00012397963053126826,2.0071216898030584,289.40261174442975,0.0,0.03581229712654041,115.99993399206502,4.236998060919925e-18,0.0,0.00011500529000703613,38.672556120453486,1.1959955001678295e-15,1.43978454771596e-16,1.6724350751635563e-12,1.9787100178433704e-17,9.444364701577875e-18,0.8969198836171335,1.1051218157093999e-12,0.0002039934957315705,500000.0,375012.9950208431
0.00016425008315377557,0.00012415857849989718,1.9008894892827237,288.92041559951,0.0,0.035657672883864885,115.49908945033968,4.03032137290639e-18,0.0,0.00011450873996781194,38.5055824163976,1.1778809477849566e-15,1.433445930365832e-16,1.6648546724887665e-12,2.8935460979700335e-17,6.906747089976869e-18,0.8930473173781059,1.0679751322609307e-12,0.0002039806599580582,500000.0,372766.347204075
0.00016434166006604534,0.00012432776173980855,1.7938772731899244,288.46857381450997,0.0,0.03551230362835984,115.02822281046434,3.842879452294098e-18,0.0,0.00011404191078426103,38.34860287399192,1.1604129464244192e-15,1.4274710734663046e-16,1.6577136765631215e-12,0.0,0.0,0.8894065424454578,1.034151393238859e-12,0.00020396855592964396,500000.0,370661.0913501498
0.0001644332369783151,0.00012448711244886552,1.6861638093197318,288.046954566127,0.0,0.035376104640742125,114.58705965852457,3.6729712072381686e-18,0.0,0.00011360453039543617,38.2015260079472,1.1435662990756992e-15,1.4218546073735293e-16,1.6510075032450916e-12,0.0,9.422636092747425e-18,0.8859954370309436,1.0034211246171788e-12,0.00020395718258093198,500000.0,368695.22679336334
0.0001645248138905849,0.00012463656989440802,1.577824949030885,287.65542005108676,0.0,0.03524899377834122,114.17533392644782,3.519076874033949e-18,0.0,0.00011319633501467208,38.06426311534683,1.127316771410323e-15,1.4165914018721343e-16,1.6447317114202354e-12,1.2729865498677565e-16,2.571179957912026e-17,0.8828119438769715,9.755779337127277e-13,0.00020394653875303994,500000.0,366866.84140130365
0.00016461639080285467,0.0001247760801681921,1.4689338312468994,287.2938274843754,0.0,0.03513089174024652,113.79278875085788,3.3798402613354208e-18,0.0,0.00011281706998107393,37.93672856197537,1.1116410660144326e-15,1.4116765709827637e-16,1.6388820136952915e-12,3.463719462413221e-16,5.321045731877061e-18,0.8798540768973282,9.504365584745788e-13,0.0002039366232145835,500000.0,365174.1141636347
0.00016470796771512447,0.00012490559594861852,1.359561088668658,286.9620300253446,0.0,0.03502172230635221,113.43917724737548,3.2540521913159313e-18,0.0,0.00011246649052717769,37.81884004045825,1.0965167955576983e-15,1.4071054769344499e-16,1.6334542859147943e-12,3.7228655949330607e-16,0.0,0.8771199271641276,9.278311210644244e-13,0.0002039274346813493,500000.0,363615.3173977227
0.00016479954462739424,0.00012502507627703576,1.2497750516910708,286.6598776325517,0.0,0.03492141254693764,113.11426318947838,3.140635525399362e-18,0.0,0.00011214436245198737,37.71051879658303,1.0819224545623208e-15,1.4028737329947866e-16,1.6284445753524384e-12,0.0,7.646716726730184e-17,0.8746076681568054,9.076135653041478e-13,0.00020391897183403936,500000.0,362188.81855408585
0.00016489112153966404,0.0001251344863538812,1.1396419511309572,286.38721770619,0.0,0.034829893000261056,112.8178215837437,3.0386320030767878e-18,0.0,0.00011185046269129188,37.61168982107622,1.0678373896219253e-15,1.3989772052551178e-16,1.6238491074670495e-12,0.0,2.0803166330827314e-18,0.8723155602099332,8.896522478702176e-13,0.00020391123333357775,500000.0,360893.0814321198
0.0001649826984519338,0.0001252337973550145,1.0292261089590942,286.14389579193295,0.0,0.03474709782003843,112.5496391475708,2.947190749325953e-18,0.0,0.00011158457979128797,37.522282008868466,1.0542417684708547e-15,1.3954120136096073e-16,1.6196642913097187e-12,7.889898869968074e-19,1.819383918300844e-18,0.8702419542070085,8.738307108152873e-13,0.0002039042178340261,500000.0,359726.66718803963
0.0001650742753642036,0.00012532298626620253,0.9185901249147194,285.9297561712187,0.0,0.03467296489644628,112.30951470112137,2.8655581695062756e-18,0.0,0.00011134651429715859,37.44222828976136,1.0411165485078077e-15,1.392174531862755e-16,1.6158867237463777e-12,0.0,2.5925285716992933e-18,0.8683852946109627,8.600465701767558e-13,0.00020389792399338287,500000.0,358688.2349604462
0.00016516585227647338,0.0001254020357342394,0.8077950597227143,285.74464234828497,0.0,0.03460743595355114,112.0972594829097,2.7930690112296776e-18,0.0,0.00011113607906595729,37.37146573364018,1.0284434452237215e-15,1.3892613871374667e-16,1.612513192627231e-12,9.645903184491601e-19,1.2501403521865144e-18,0.8667441219043293,8.482105462313177e-13,0.00020389235048248595,500000.0,357776.5421672043
0.00016525742918874315,0.00012547093393423147,0.6969006142989621,285.58839746196384,0.0,0.03455045662497498,111.91269739489586,2.729138476992522e-18,0.0,0.00011095309950960029,37.30993563218413,1.0162049008013956e-15,1.386669458721938e-16,1.6095406789842992e-12,5.283658910109085e-20,2.0043949656088085e-18,0.8653170744843192,8.382456124140509e-13,0.00020388749599212295,500000.0,356990.4445358565
0.00016534900610101294,0.0001255296744529684,0.585965304610759,285.4608646324197,0.0,0.03450197650907857,111.75566518123517,2.6732553135764833e-18,0.0,0.00011079741377208358,37.25758355845866,1.0043840530606123e-15,1.3843958764003128e-16,1.6069663583143802e-12,9.96313198605947e-19,9.252066903920976e-19,0.8641028900449276,8.300862547660085e-13,0.00020388335923839923,500000.0,356328.89589986077
0.0001654405830132827,0.00012557825618820086,0.47504663266933145,285.3618872465987,0.0,0.03446194920484048,111.6260125444989,2.6249757948199587e-18,0.0,0.00011066887284470704,37.21435940566151,9.92964704938247e-16,1.3824380182461995e-16,1.604787600999813e-12,0.0,2.82324266219155e-18,0.863100406475559,8.236778305291538e-13,0.0002038799389664373,500000.0,355790.9477822818
0.0001655321599255525,0.00012561668326346973,0.36420125358586103,285.2913091783617,0.0,0.03443033232957533,111.52360220306961,2.5839185222555037e-18,0.0,0.0001105673406229774,37.18021740625756,9.819312946173908e-16,1.380793507978344e-16,1.603001971917295e-12,1.2613014458709262e-18,3.765635813082381e-19,0.8623085623048129,8.189760320185118e-13,0.00020387723395244844,500000.0,355375.7487771857
0.00016562373683782228,0.00012564496495809095,0.2534851391160889,285.24897494703015,0.0,0.03440708751949551,111.44830989296433,2.54975996198888e-18,0.0,0.00011049269390841589,37.15511613258649,9.712688664566988e-16,1.379460211892726e-16,1.6016072292786855e-12,0.0,3.7610980438521516e-18,0.8617263967145802,8.159464317332182e-13,0.00020387524300424995,500000.0,355082.54374612164
0.00016571531375009208,0.00012566311565195945,0.14295373812829565,285.234729814017,0.0,0.03439218041390784,111.40002431664949,2.522230653191338e-18,0.0,0.000110444822357812,37.13901847979862,9.609630428331957e-16,1.378436235390019e-16,1.6006013227378836e-12,1.6186173108748573e-18,0.0,0.8613530491442769,8.145641146209866e-13,0.00020387396496028405,500000.0,354910.67283868673
0.00016580689066236185,0.00012567115478489264,0.03266213405853376,285.24841982291656,0.0,0.034385580623635,111.37864704075801,2.5011120359393385e-18,0.0,0.00011042362838181763,37.1318916317553,9.509999969817729e-16,1.3777199191248386e-16,1.5999823907885225e-12,0.0,5.248354789311451e-18,0.8611877584999856,8.148133909183559e-13,0.00020387339868717608,500000.0,354859.57035017497
0.00016589846757463164,0.00012566910683026655,-0.07733480031697695,285.28989178111993,0.0,0.034387261684076076,111.38409234405043,2.4862338560915196e-18,0.0,0.00011042902699421194,37.13370701034162,9.413664268996948e-16,1.3773098347890922e-16,1.599748757469152e-12,1.937243319436637e-18,0.0,0.8612298619788793,8.166875841841635e-13,0.0002038735430758615,500000.0,354928.76341739186
0.00016599004448690141,0.00012565700128270646,-0.18698225075096858,285.35899318774057,0.0,0.03439720099317017,111.41628701647578,2.4774721107957078e-18,0.0,0.00011046094561268503,37.14444020847635,9.320495303770782e-16,1.377204780526526e-16,1.5998989283856893e-12,0.0,6.335721411692756e-18,0.8614787935155455,8.201888923996507e-13,0.00020387439703630405,500000.0,355117.87055964785
0.00016608162139917118,0.0001256348726596084,-0.2962253116353348,285.45557210446657,0.0,0.0344153797343771,111.47517010970088,2.4747475038758496e-18,0.0,0.00011051932381150652,37.16407090694244,9.230369812096443e-16,1.3774037759725033e-16,1.6004315860540394e-12,1.931045547272487e-18,0.0,0.8619340818530611,8.253283192334626e-13,0.00020387595949082296,500000.0,355426.6000592992
0.00016617319831144098,0.00012560276051628246,-0.40500883834878815,285.57947697399305,0.0,0.03444178278464218,111.56069263900156,2.4780243870224294e-18,0.0,0.0001106041130259727,37.19258277500218,9.143169066453315e-16,1.3779060569096978e-16,1.6013455845590703e-12,0.0,6.0489918739810566e-18,0.8625953482379933,8.321256738466438e-13,0.0002038782293660382,500000.0,355854.7481838773
0.00016626477522371075,0.00012556070947453144,-0.5132773014631797,285.73055638227083,0.0,0.034476398607161396,111.67281723592046,2.487310168990824e-18,0.0,0.00011071527620804282,37.22996335459874,9.058778661141235e-16,1.378711069524377e-16,1.6026399435192714e-12,1.3152057742428285e-18,0.0,0.8634623037347259,8.406096375016296e-13,0.00020388120558343813,500000.0,356402.1972389179
0.00016635635213598055,0.00012550876926449098,-0.6209746428504693,285.9086587682117,0.0,0.0345192191286231,111.81151775064315,2.5026551810638726e-18,0.0,0.00011085278743212451,37.27620392779468,8.97708831289953e-16,1.3798184642388862e-16,1.604313841340052e-12,0.0,4.0274885991660186e-18,0.8645347461510001,8.508178964940177e-13,0.000203884887048564,500000.0,357068.91344756365
0.00016644792904825032,0.00012544699477957407,-0.7280441333842613,286.1136320776984,0.0,0.034570239600459504,111.97677880257991,2.5241529924115092e-18,0.0,0.00011101663144950924,37.33129936694293,8.89799167536305e-16,1.38122808909092e-16,1.606366607732176e-12,2.749995858131042e-19,1.324346347563067e-18,0.8658125565629833,8.627973407223328e-13,0.00020388927263880307,500000.0,357854.9446421763
0.00016653950596052012,0.00012537544614437082,-0.834428232271273,286.3453233634331,0.0,0.03462945844350616,112.16859527720445,2.5519411742531415e-18,0.0,0.00011120680318952515,37.3952479669407,8.821386167913037e-16,1.3829399826244653e-16,1.6087977154657445e-12,1.2232549460406968e-19,1.5353662812551906e-18,0.8672956954247866,8.766043281942985e-13,0.00020389436118977268,500000.0,358760.41775677993
0.00016663108287278989,0.00012529418879536383,-0.9400684478335959,286.60357832886893,0.0,0.0346968770753317,112.38697176675994,2.586202516764481e-18,0.0,0.00011142330720503911,37.46805125876974,8.74717281954661e-16,1.3849543662517847e-16,1.6116067713240312e-12,0.0,3.13415980848775e-18,0.8689841982439667,8.92305015806605e-13,0.00020390015148027548,500000.0,359785.5361027183
0.00016672265978505966,0.00012520329357433883,-1.0449051994432295,286.8882408149579,0.0,0.034772499719354526,112.6319219519711,2.6271667081008747e-18,0.0,0.00011166615705947001,37.54971380336875,8.675256128383057e-16,1.3872716360384526e-16,1.6147935062149545e-12,7.479783860222931e-21,2.2306195526693045e-18,0.8708781708008758,9.099757567244948e-13,0.00020390664221577037,500000.0,360930.57640804385
0.00016681423669732945,0.0001251028368343296,-1.1488776818348942,287.19915223128334,0.0,0.03485633319476692,112.90346792158972,2.6751124877268217e-18,0.0,0.00011193537465216912,37.64024296478064,8.605543937938461e-16,1.389892353872183e-16,1.6183577643937691e-12,0.0,2.3182877174387185e-18,0.8729777838873406,9.297035682835925e-13,0.00020391383201043473,500000.0,362195.88560274005
0.00016690581360959922,0.0001249929005579666,-1.2519237300723736,287.53615092689137,0.0,0.03494838668613051,113.20163942609376,2.730370294814305e-18,0.0,0.00011223098947851814,37.73964866134745,8.537947330646815e-16,1.39281723791466e-16,1.622299491743547e-12,0.0,2.5687703004917117e-18,0.8752832675362084,9.515866665085147e-13,0.00020392171936764185,500000.0,363581.87732131337
0.00016699739052186902,0.00012487357248811318,-1.3539796859924356,287.89907150061015,0.0,0.035048671491361795,113.52647306138981,2.793325434393788e-18,0.0,0.0001125530378206311,37.84794309356964,8.472380539851399e-16,1.3960471523212144e-16,1.6266187230536439e-12,3.1957253551843004e-21,2.570841680105301e-18,0.8777949047096764,9.75735074026758e-13,0.00020393030265886746,500000.0,365089.02809728286
0.0001670889674341388,0.00012474494627065123,-1.4549802664798923,288.2877440497175,0.0,0.035157200746709805,113.87801137799086,2.864421789041469e-18,0.0,0.00011290156186417064,37.965140447119914,8.408760881530046e-16,1.3995830961458943e-16,1.6313155682313022e-12,0.0,2.7792776530901546e-18,0.8805130244113892,1.0022713008986018e-12,0.00020393958010100072,500000.0,366717.8732205156
0.0001671805443464086,0.00012460712160923372,-1.5548584339907447,288.7019933566385,0.0,0.035273989127228476,114.2563019108194,2.944166107383119e-18,0.0,0.00011327660873646985,38.09125656939482,8.347008707235579e-16,1.4034261912752684e-16,1.6363901973771813e-12,0.0,3.2070129130638657e-18,0.8834379941848064,1.0313311056573706e-12,0.00020394954973205833,500000.0,368469.0022271322
0.00016727212125867836,0.0001244602044318514,-1.6535452680904266,289.14163800583003,0.0,0.03539905252108442,114.66139612426078,3.0331329139273633e-18,0.0,0.00011367822946063141,38.22630861781208,8.287047379285128e-16,1.4075776696258484e-16,1.6418428246490729e-12,6.849565000794089e-21,3.2173828447460603e-18,0.886570211956278,1.0630643094109873e-12,0.00020396020938504597,500000.0,370343.0539790291
0.00016736369817094815,0.00012430430706901073,-1.7509698401538616,289.6064894365791,0.0,0.03553240767594319,115.09334826677622,3.1319700679988613e-18,0.0,0.00011410647781996184,38.37031467795663,8.228803270642375e-16,1.412038858921672e-16,1.6476736908331524e-12,4.419361903695119e-21,3.024429671965595e-18,0.8899100971788314,1.0976357313651897e-12,0.0002039715566601789,500000.0,372340.7113049307
0.00016745527508321792,0.00012413954844328837,-1.847059090487997,290.09635092459496,0.0,0.035674071815565894,115.55221412902483,3.2414050334342438e-18,0.0,0.00011456140912674179,38.523293349557896,8.172205791067099e-16,1.4168111676258815e-16,1.653883044538411e-12,0.0,3.670336472222305e-18,0.8934580812298779,1.1352261580776566e-12,0.00020398358889523707,500000.0,374462.69515581493
0.0001675468519954877,0.0001239660542699491,-1.941737709649525,290.6110164998971,0.0,0.03582406222467687,116.03804969921244,3.362251890911815e-18,0.0,0.00011504307888910486,38.68526329820432,8.117187442330442e-16,1.4218960678769385e-16,1.6604711219257109e-12,7.4509533961154e-21,4.7399428233861284e-18,0.8972145970142754,1.1760334710212269e-12,0.00020399630313430375,500000.0,376709.758244073
0.0001676384289077575,0.00012378395726835993,-2.0349280214922416,291.150269778958,0.0,0.03598239579998791,116.55090970881842,3.4954191787752266e-18,0.0,0.00011555154136923395,38.85624277051146,8.063683903740956e-16,1.4272950786084864e-16,1.6674381248788828e-12,1.5564437526593886e-20,4.3076455706179995e-18,0.9011800677197817,1.2202737004611798e-12,0.00020400969609419718,500000.0,379082.6780940199
0.00016773000582002726,0.00012359339738387103,-2.126549871207739,291.7138827262653,0.0,0.03614908856518345,117.09084606158943,3.641918552972143e-18,0.0,0.00011608684802582568,39.03624907037318,8.01163415181681e-16,1.4330097454525677e-16,1.6747841975181402e-12,0.0,2.926855244027729e-18,0.9053548946699199,1.2681823555139453e-12,0.00020402376412909513,500000.0,381582.24947675737
0.00016782158273229706,0.00012339452201974197,-2.216520518337644,292.3016143370837,0.0,0.036324155147621384,117.65790613852606,3.802874419266629e-18,0.0,0.00011664904583361106,39.225297993870875,7.960980616849345e-16,1.4390416204482974e-16,1.6825094009574189e-12,0.0,4.952519677687459e-18,0.909739444218014,1.3200156858380328e-12,0.0002040385031931094,500000.0,384209.2761699245
0.00016791315964456683,0.00012318748627858475,-2.3047545361734665,292.91320924939834,0.0,0.036507608214477516,118.25213097150451,3.9795345172657574e-18,0.0,0.0001172381754726373,39.42340322038754,7.911669380009146e-16,1.4453922382617267e-16,1.690613686204313e-12,2.0531980796869294e-20,7.228213885921451e-18,0.9143340336254977,1.3760521651755353e-12,0.0002040539088010556,500000.0,386964.5620019308
0.00016800473655683663,0.0001229724532127632,-2.3911637169282853,293.54839626673385,0.0,0.03669945786597856,118.87355327790402,4.173281545091803e-18,0.0,0.0001178542693797475,39.63057565738348,7.863650413957798e-16,1.452063092356354e-16,1.6990968651029737e-12,6.1837719995054454e-21,5.098853761511032e-18,0.919138915865513,1.4365938477374718e-12,0.00020406997598687213,500000.0,389848.90110294113
0.0001680963134691064,0.00012274959408312594,-2.475656984442869,294.206886797635,0.0,0.03689971098332512,119.52219534847146,4.385645878092461e-18,0.0,0.00011849734965455572,39.846822736243496,7.816877871213491e-16,1.4590556088459719e-16,1.7079585792157055e-12,0.0,4.410544903183314e-18,0.9241542632917252,1.5019679706611745e-12,0.00020408669925987922,500000.0,392863.06731388904
0.0001681878903813762,0.0001225190886253363,-2.558140315806566,294.88837321326145,0.0,0.037108370528923726,120.19806678071077,4.618319439256598e-18,0.0,0.00011916742581227167,40.072147656624594,7.771310424625667e-16,1.4663711175120845e-16,1.7171982665417792e-12,3.6014326430528974e-20,1.0119118131029816e-17,0.9293801501127277,1.5725285573688437e-12,0.00020410407255893063,500000.0,396007.80269757897
0.00016827946729364596,0.00012228112532293404,-2.638516673077993,295.59252712176436,0.0,0.03732543479659981,120.90116205025677,4.873170764064834e-18,0.0,0.00011986449237589859,40.30654857679005,7.726911664443431e-16,1.474010820717591e-16,1.7268151259763336e-12,3.7991466155731033e-20,1.199084691217817e-17,0.9348165336137259,1.6486580582938767e-12,0.00020412208920442444,500000.0,399283.8050909646
0.0001683236363154848,0.00012216374385474118,-2.67650081356095,295.9401521656269,0.0,0.03743313098092847,121.25000195566003,5.004618763745891e-18,0.0,0.00012021034114582695,40.42284632242787,7.705905773434284e-16,1.4778117797021483e-16,1.7315880148002616e-12,0.0,7.802604253022022e-18,0.9375137890047984,1.6874881173996877e-12,0.00020413100675936642,500000.0,400910.99059001525
0.00016834830377150697,0.00012209746221859981,-2.6974864644011576,296.1365401100393,0.0,0.037494126718176465,121.4475739260721,5.080573906760043e-18,0.0,0.00012040621903101412,40.4887137143295,7.694288433815619e-16,1.4799674991492104e-16,1.734291594672015e-12,0.0,8.039804027546204e-18,0.9390414297765797,1.7097974899200278e-12,0.00020413605108929322,500000.0,401833.1217279278
0.00016837297122752914,0.00012203066495982457,-2.7183063769624494,296.33453213790386,0.0,0.037555731101631414,121.64711737010757,5.1584090759421514e-18,0.0,0.00012060405148538041,40.555238364573476,7.682752187740017e-16,1.4821468640350076e-16,1.7370223907902813e-12,2.3982355055142576e-20,1.12678413130734e-17,0.9405843141250744,1.7325651069821184e-12,0.00020414114113445124,500000.0,402764.8624682749
0.0001683976386835513,0.00012196335619215774,-2.7389585085380084,296.53412077739154,0.0,0.03761794381655025,121.8486312683303,5.238170466647475e-18,0.0,0.00012080383749823086,40.622419933295795,7.671296589257991e-16,1.4843498884877716e-16,1.7397803733340462e-12,1.1580183586934628e-20,1.03862929448415e-17,0.9421424341679283,1.7557999625014522e-12,0.00020414627673155848,500000.0,403706.2234267694
0.00016842230613957348,0.00012189554007950671,-2.759440802145566,296.73529692164857,0.0,0.03768076451037395,122.05211447881531,5.319905454990061e-18,0.0,0.00012100557593743191,40.690258039796596,7.659921226304308e-16,1.4865765861037084e-16,1.7425655106004956e-12,0.0,5.280160411648772e-18,0.9437157810756946,1.7795110517185374e-12,0.00020415145771331586,500000.0,404657.2127114757
0.00016844697359559566,0.00012182722083674886,-2.7797511850462624,296.93805104932875,0.0,0.037744192791015825,122.25756573160432,5.403662605806736e-18,0.0,0.0001212092655439146,40.758752260691736,7.64862572247042e-16,1.488826969851179e-16,1.7453777689272918e-12,4.0240023028426336e-20,8.299214980120744e-18,0.9453043450289643,1.803707511465207e-12,0.00020415668390822838,500000.0,405617.8375570263
0.00016847164105161783,0.00012175840273021338,-2.7998875680375006,297.14237374906895,0.0,0.03780822822542387,122.46498362404932,5.489491692823539e-18,0.0,0.00012141490492705794,40.82790212836041,7.637409738076111e-16,1.491101051529492e-16,1.7482171126258758e-12,1.133015117374596e-19,2.747775818856191e-17,0.9469081151823613,1.8283986694727866e-12,0.00020416195514049855,500000.0,406588.1050215166
0.00016849630850764,0.00012168909007801306,-2.819847845413491,297.3482556610196,0.0,0.037872870338260374,122.67436661653562,5.5774437438829644e-18,0.0,0.00012162249256044864,40.897707129519226,7.626272971004721e-16,1.4933988416982095e-16,1.7510835039188894e-12,7.533522042880937e-20,3.9115249193508257e-17,0.9485270796314731,1.8535941110822758e-12,0.0002041672712299843,500000.0,407568.0218891899
0.00016852097596366217,0.00012161928725038826,-2.839629895170022,297.5556872941928,0.0,0.03793811861054834,122.88571302809747,5.667571078176675e-18,0.0,0.00012183202677753448,40.96816670376063,7.615215157469146e-16,1.4957203492035864e-16,1.753976902876685e-12,0.0,0.0,0.9501612253789511,1.8793035290165454e-12,0.00020417263199211754,500000.0,408557.59440058464
0.00016854564341968435,0.00012154899867010065,-2.8592315791079246,297.764658951189,0.0,0.038003972478249604,123.09902103181233,5.7599273078335614e-18,0.0,0.00012204350576705787,41.03928024201732,7.604236072982554e-16,1.4980655812781105e-16,1.7568972673510245e-12,1.0713871959058579e-19,0.0,0.9518105382988978,1.9055368023544736e-12,0.00020417803723781934,500000.0,409556.8281275924
0.00016857031087570652,0.00012147822881284805,-2.878650742821039,297.9751607454347,0.0,0.038070431330800285,123.3142886500565,5.854567391606981e-18,0.0,0.0001222569275683523,41.11104708498062,7.593335533466766e-16,1.5004345435196895e-16,1.7598445529069285e-12,4.587194100344633e-19,1.4440642842169566e-16,0.9534750031001836,1.9323040252184347e-12,0.00020418348677341913,500000.0,410565.7279748602
0.00016861742441687646,0.00012134174113137998,-2.915225237628176,298.381423756549,0.0,0.03819904301681243,123.73087621539088,6.0418768328787486e-18,0.0,0.00012266994309440108,41.249930836404225,7.572733867965483e-16,1.5050250938664164e-16,1.7655483531310611e-12,4.965798762028619e-19,3.7846749242089063e-16,0.9566960883001185,1.984949173391609e-12,0.00020419401745503787,500000.0,412519.5498601604
0.00016868159939893728,0.00012115308675692587,-2.9639331177119526,298.94360035080484,0.0,0.03837776663630888,124.30978191932685,6.3114899497409785e-18,0.0,0.00012324388495858364,41.44292890589397,7.545130905856767e-16,1.5114173391840185e-16,1.7734747703268559e-12,0.0,7.076874072451603e-16,0.9611722290932448,2.0599858807116902e-12,0.0002042086178201953,500000.0,415237.70933053864
0.0001687285853721537,0.00012101300246181659,-2.9987614565730456,299.3615319441277,0.0,0.038511198861527554,124.74198376095005,6.520038360127076e-18,0.0,0.00012367238087596222,41.587018211796206,7.525257353962196e-16,1.5161992912637626e-16,1.7793924838047057e-12,2.0570086677951422e-26,1.426229215532613e-17,0.9645140450072982,2.1174581438697753e-12,0.00020421949288441037,500000.0,417269.3679364471
0.00016877557134537013,0.00012087129861949398,-3.0328677696854065,299.78473088962016,0.0,0.03864680379682346,125.18122325876314,6.73851569743553e-18,0.0,0.0001241078541049911,41.7334537617395,7.505668836983736e-16,1.521067282981417e-16,1.7854063898870022e-12,0.0,9.179533133931791e-18,0.9679102765882555,2.1771606329721365e-12,0.00020423052287535967,500000.0,419336.14914246526
0.00016882255731858655,0.00012072800952962244,-3.066236184771447,300.21311889733147,0.0,0.0387845739001488,125.6274759837644,6.967393484819689e-18,0.0,0.00012455028042613554,41.88222741147833,7.486366920876927e-16,1.5260212329012593e-16,1.7915160194787521e-12,0.0,3.978862369438984e-17,0.9713607349493084,2.239174925687083e-12,0.0002042417061465955,500000.0,421438.04106056667
0.00016886954329180297,0.00012058317024313241,-3.0988506234327895,300.64661532787727,0.0,0.038924500801102345,126.08071482384722,7.207165177468261e-18,0.0,0.00012499963295976223,42.03333012226214,7.467353872916593e-16,1.5310610283581777e-16,1.79772086338118e-12,1.1046786563951717e-20,0.0,0.9748652104576869,2.303585278488386e-12,0.0002042530409793117,500000.0,423575.0199134324
0.0001689165292650194,0.0001204368165683673,-3.1306948039154,301.0851369799796,0.0,0.03906657526104227,126.54090985459868,7.458346853348098e-18,0.0,0.00012545588203804572,42.18675191776162,7.448632691634962e-16,1.5361865237121938e-16,1.8040203704533537e-12,0.0,3.178860145826055e-16,0.9784234717356638,2.370478600313537e-12,0.00020426452558080157,500000.0,425747.0490931971
0.0001689635152382358,0.00012028898508173714,-3.1617522445341675,301.52859806246704,0.0,0.03921078712764065,127.00802819210458,7.7214780808979e-18,0.0,0.00012591899505903542,42.3424818349962,7.430207146786618e-16,1.541397538609986e-16,1.8104139455237636e-12,0.0,2.5102367409946106e-16,0.9820352645224346,2.439944526594453e-12,0.00020427615808192378,500000.0,427954.07840716536
0.00016901050121145223,0.00012013971313934178,-3.192006267630822,301.9769102131997,0.0,0.03935712528719467,127.48203383847766,7.997122833633024e-18,0.0,0.00012638893633350897,42.500507872835634,7.412081823271206e-16,1.5466938559195017e-16,1.8169009472029956e-12,3.867589956162249e-20,0.0,0.9857003104797298,2.5120754511275374e-12,0.00020428793653431317,500000.0,430196.0433557705
0.00016908840055562897,0.00011988916010049038,-3.2403496592910734,302.7306220489684,0.0,0.03960439524893725,128.28296888775213,8.483287793826324e-18,0.0,0.00012718300374748386,42.76752703889733,7.382707865598095e-16,1.5556620091676856e-16,1.8278599004137347e-12,2.851554492517566e-21,2.848919865869207e-16,0.9918931982371818,2.63779197864556e-12,0.00020430778044248089,500000.0,433989.81240408117
0.00016916629989980573,0.00011963493150510321,-3.286360245908629,303.49698532499133,0.0,0.03985741432325074,129.1025259831892,9.008323361613638e-18,0.0,0.00012799553353246975,43.04075450267312,7.354204820009038e-16,1.5648624930729477e-16,1.839070287423779e-12,0.0,8.164707031519601e-16,0.9982300730030385,2.7715467979832073e-12,0.00020432801015125293,500000.0,437878.9221630833
0.00016924419924398249,0.00011937721215488451,-3.329958694807108,304.275546939346,0.0,0.040116112202001925,129.94047739238084,9.575279714473777e-18,0.0,0.00012882629990875524,43.320114341754724,7.326610375631729e-16,1.5742935484938606e-16,1.850528245363594e-12,3.700328276357406e-20,3.709462046608172e-16,1.0047091739338405,2.9138110592247823e-12,0.0002043486152366839,500000.0,441862.7778627651
0.00016932209858815922,0.0001191161930779194,-3.3710644228127205,305.06583110726154,0.0,0.04038040936002546,130.79656552817957,1.0187422808442008e-17,0.0,0.00012967504749787938,43.6055206806326,7.299970186694648e-16,1.5839530490159537e-16,1.8622294731709412e-12,0.0,0.0,1.0113285093471192,3.065076439500379e-12,0.0002043695845835422,500000.0,445940.6399648284
0.00016939999793233598,0.00011885207162868191,-3.4095957001778747,305.86733840248,0.0,0.04065021639507845,131.6705008107625,1.0848243501603871e-17,0.0,0.00013054148920302693,43.89687697794168,7.274338531347211e-16,1.5938384710876496e-16,1.8741692017634847e-12,0.0,3.400261200647668e-16,1.0180858401907236,3.225854642674945e-12,0.0002043909063539778,500000.0,450111.6116883629
0.00016947789727651274,0.00011858505157248382,-3.4454697665919403,306.67954486957456,0.0,0.04092543335700467,132.56195949474298,1.1561465589378221e-17,0.0,0.00013142530405477228,44.194075302054536,7.249778984808921e-16,1.6039468629165506e-16,1.886342163848087e-12,1.5473199318809733e-19,5.784164073582757e-16,1.0249786632418931,3.3966766747243495e-12,0.00020441256795810305,500000.0,454374.6262424438
0.0001695557966206895,0.0001183153431581921,-3.478602963321212,307.5019011306851,0.0,0.041205949063229295,133.47058145199713,1.2331052227423948e-17,0.0,0.00013232613501291775,44.49699559191053,7.226365116068543e-16,1.6142748142338396e-16,1.8987425632571117e-12,2.5881186756907607e-19,0.0,1.0320041939639102,3.578091609946895e-12,0.0002044345560253782,500000.0,458728.4336206874
0.00016963369596486623,0.00011804316318121062,-3.5089108829629683,308.33383147754375,0.0,0.04149164039960474,134.39596790703214,1.3161211141811528e-17,0.0,0.0001332435867212793,44.805504902023245,7.204181213108867e-16,1.6248184213787887e-16,1.911364043782695e-12,0.0,0.0,1.0391593489958013,3.770665365135871e-12,0.00020445685637611607,500000.0,463171.58693052654
0.000169711595309043,0.00011776873503542622,-3.536308538248036,309.1747329808561,0.0,0.041782371609234585,135.33767913342874,1.4056398240687905e-17,0.0,0.00013417722322387946,45.119456634510456,7.183323031886662e-16,1.6355732563041674e-16,1.924199657645991e-12,0.0,1.821555700093057e-15,1.0464407283410653,3.974978758969921e-12,0.00020447945399330826,500000.0,467702.4283336074
0.00016978949465321975,0.00011749228875159812,-3.560710550818645,310.02397464591405,0.0,0.04207799357359966,136.29523212536358,1.5021318598135902e-17,0.0,0.00013512656565643763,45.4386897628164,7.163898559572414e-16,1.646534329099594e-16,1.937241833814e-12,9.754440841333128e-19,3.023942287388468e-15,1.05384459736372,4.19162523637424e-12,0.00020450233299525847,500000.0,472319.07469290163
0.0001698673939973965,0.00011721406102002885,-3.582031360281842,310.8808966157695,0.0,0.042378343090439474,137.2680982585981,1.6060924714337358e-17,0.0,0.00013609108992741666,45.763028051922106,7.146028781871007e-16,1.6576960590478365e-16,1.9504823463822357e-12,2.07434288482879e-18,0.0,1.0613668687028994,4.421208123176413e-12,0.0002045254766094073,500000.0,477019.4029865767
0.00016994529334157324,0.00011693429519591242,-3.6001854538430536,311.7448094153067,0.0,0.042683242152735695,138.25570095500734,1.718041142379639e-17,0.0,0.00013707022440257501,46.09227927973607,7.129848444487506e-16,1.6690522312515305e-16,1.9639122832379038e-12,4.74938384909575e-19,0.0,1.0690030842148102,4.664337313579943e-12,0.0002045488671476012,500000.0,481801.0355387335
0.00017002319268575,0.00011665324128591243,-3.615087617179899,312.6149932392377,0.0,0.04299249723345623,139.25741336578133,1.838520687577475e-17,0.0,0.0001380633476080229,46.42623446470983,7.11550679692672e-16,1.6805959764356057e-16,1.9775220152335405e-12,1.1332836216668106e-33,1.1398924507194798e-14,1.0767483970590694,4.921625366300184e-12,0.00020457248598303282,500000.0,486661.32513897674
0.00017010109202992676,0.00011637115591427478,-3.6266532103858036,313.49069736047824,0.0,0.04330589858148441,140.2725560909892,1.9680959006506634e-17,0.0,0.0001390697859693518,46.764667105576635,7.103168304529026e-16,1.6923197098545937e-16,1.991301166136703e-12,7.102745325364845e-18,2.4066092927229274e-14,1.0845975540662487,5.193682970250891e-12,0.00020459631352913788,500000.0,491597.34025160695
0.00017017899137410352,0.00011608830226659185,-3.6347984675671556,314.37113962805785,0.0,0.043623219535038574,141.30039495569497,2.107351686196572e-17,0.0,0.00014008881160683474,47.10733243994326,7.093013312104841e-16,1.7042151469973295e-16,2.005238583655444e-12,2.0010326812552683e-17,4.996123151464219e-15,1.0925448785426424,5.481113761533844e-12,0.00020462032922078375,500000.0,496605.8503649996
0.00017025689071828025,0.00011580495000935836,-3.639440818760516,315.255506028917,0.0,0.04394421585940436,142.3401388646596,2.2568906083662403e-17,0.0,0.00014111964020852594,47.45396672908142,7.085238639988487e-16,1.7162731708530234e-16,2.01932231186515e-12,1.8928445204709106e-17,0.0,1.100584253682625,5.784508360909185e-12,0.0002046445114980916,500000.0,501683.3115485273
0.000170334790062457,0.00011552137518387177,-3.640499225553951,316.14295014097183,0.0,0.044268625115963196,143.39093775811526,2.4173297734193258e-17,0.0,0.00014216142900345182,47.804286576414974,7.080058090712425e-16,1.7284840066285813e-16,2.0335395653680036e-12,-4.6676897790364396e-33,8.312030690396923e-14,1.1087091067624117,6.10443764633003e-12,0.00020466883779320569,500000.0,506825.85205170186
0.00017041268940663377,0.00011523786007229304,-3.6378945593200727,317.03259308744924,0.0,0.044596166070383254,144.4518806957719,2.589296976749415e-17,0.0,0.00014321327486212777,48.157988288757856,7.077702841678933e-16,1.740836737625752e-16,2.0478767055806625e-12,0.0,2.238403081066344e-13,1.1169123943257524,6.44144514203955e-12,0.00020469328452041923,500000.0,512029.2590555633
0.00017049058875081053,0.00011495469303338815,-3.6315500061996704,317.9235236839565,0.0,0.04492653814996577,145.52199409947775,2.7734260606523216e-17,0.0,0.0001442742125544106,48.51474729044463,7.078421696794661e-16,1.753320311854787e-16,2.062319219584094e-12,7.030564924640125e-17,1.819980140410888e-13,1.1251865885961678,6.796039139548972e-12,0.0002047178270701588,500000.0,517288.96625987237
0.00017056848809498726,0.00011467216830587179,-3.6213914923750923,318.814798662,0.0,0.045259420959891675,146.6002401856378,2.970351475260413e-17,0.0,0.0001453432131954619,48.87421760072347,7.082481168313685e-16,1.7659210452523345e-16,2.0768517019836087e-12,2.0361998554914348e-16,0.0,1.1335236653561012,7.1686833250172016e-12,0.0002047424398071946,500000.0,522600.042285621
0.00017064638743916402,0.00011439058577977392,-3.6073480744448183,319.7054418905268,0.0,0.045594473866144035,147.6855156108904,3.18070171668374e-17,0.0,0.0001464191829024291,49.23603138224601,7.090165347882636e-16,1.778626635831554e-16,2.091457840118379e-12,1.8585057642289854e-16,6.207470200331171e-15,1.1419150934741582,7.559786763197834e-12,0.00020476709607339765,500000.0,527957.1782424685
0.00017072428678334078,0.00011411025073298441,-3.589352437155845,320.5944454628878,0.0,0.04593133565315593,148.77665036855282,3.405092067360352e-17,0.0,0.00014750096170075333,49.59979857315964,7.101775565159694e-16,1.7914236929502403e-16,2.1061204031528104e-12,0.0,1.3701569706101756e-14,1.1503518263740058,7.969693054829428e-12,0.00020479176819498406,500000.0,533354.6793572503
0.00017080218612751754,0.00011383147353005442,-3.5673413867766763,321.4807704938386,0.0,0.0462696242734671,149.87240697576271,3.644116132079628e-17,0.0,0.00014858732271839714,49.965106616113175,7.117629756387078e-16,1.8042957580862607e-16,2.1208212355988225e-12,0.0,0.0,1.1588242957486916,8.398669451140342e-12,0.00020481642749569534,500000.0,538786.4573957187
0.00017088008547169427,0.00011355456928202257,-3.5412563464214317,322.36334778463,0.0,0.046608936697529676,150.9714799865029,3.8983363195327134e-17,0.0,0.00014967697170294771,50.33152029590704,7.138061521446323e-16,1.8172262826685158e-16,2.1355412557604534e-12,1.7230649435178441e-16,1.1008110674956477e-14,1.1673224077951816,8.846894524297432e-12,0.00020484104431590082,500000.0,544246.0243121368
0.00017095798481587103,0.0001132798574664765,-3.5110438736956886,323.2410788059837,0.0,0.04694884887462711,152.07249586520177,4.168273331828226e-17,0.0,0.0001507685468962604,50.69858169735359,7.163418838465017e-16,1.8301985869024028e-16,2.1502604595790246e-12,2.5132529453741444e-17,1.7743445330409553e-14,1.1758355422370985,9.314445513974133e-12,0.00020486558803784732,500000.0,549726.4880779394
0.0001710358841600478,0.00011300766150667855,-3.4766561979844814,324.1128370099158,0.0,0.04728891581667979,153.17401325805164,4.454394640181754e-17,0.0,0.0001518606193034726,51.065810295730394,7.194062398487336e-16,1.8431949321803207e-16,2.164957930383454e-12,0.0,0.0,1.184352554422552,9.801285332840166e-12,0.0002048900271174833,500000.0,555220.5509425993
0.00017111378350422453,0.00011273830830874861,-3.4380517628905882,324.97746926161625,0.0,0.04762867181643337,154.2745236992295,4.757102021674506e-17,0.0,0.0001529516933931311,51.432703192223194,7.230363523411039e-16,1.8561957432192968e-16,2.179611855044146e-12,1.0074687459745532e-15,0.0,1.1928617807845534,1.0307249200024426e-11,0.00020491432912327794,500000.0,560720.5100034937
0.00017119168284840129,0.0001124721277559467,-3.395195783241034,325.8337976496947,0.0,0.047967630811186,155.37245278931556,5.076718145773236e-17,0.0,0.00015404020826548768,51.79873550679206,7.272701634616846e-16,1.869180444274418e-16,2.1941995470231174e-12,3.0393801290882776e-15,7.196267012468745e-14,1.2013510479527327,1.083203125357381e-11,0.00020493846078242314,500000.0,566218.2607596464
0.00017126958219257804,0.00011220945215920237,-3.3480608116091535,326.6806216598568,0.0,0.048305286903548336,156.46616188266404,5.4134723938660206e-17,0.0,0.00015512453932545263,52.163360940714384,7.321461244636593e-16,1.882128719749598e-16,2.208697476797716e-12,3.585310001966495e-15,1.6700491899733393e-13,1.2098076858004156,1.1375171348583639e-11,0.00020496238803474894,500000.0,571705.3038687013
0.00017132322572458938,0.00011203077879956986,-3.3131039925604315,327.2576054076759,0.0,0.048536775318232424,157.21598113570573,5.65540342310329e-17,0.0,0.00015586792923630045,52.4133389030055,7.358973428467042e-16,1.8910132999411417e-16,2.2186162905743864e-12,1.938435513334028e-16,3.701190074646874e-14,1.2156053425198814,1.1759545809260881e-11,0.00020497872801917788,500000.0,575472.9849709136
0.00017137686925660072,0.00011185403543923875,-3.276104516434122,327.8290999883306,0.0,0.04876722072022134,157.96242208213087,5.905528036017572e-17,0.0,0.0001566079698079109,52.66219059092324,7.399839585998399e-16,1.8998627200717716e-16,2.2284728555539287e-12,0.0,0.0,1.221376877927909,1.2152078148386837e-11,0.0002049949430446571,500000.0,579228.3784686149
0.00017143051278861206,0.00011167933169916652,-3.2370603105798033,328.39469826245454,0.0,0.048996442640762625,158.70490016739362,6.16382205613142e-17,0.0,0.00015734408149799977,52.90972112316273,7.444184003763872e-16,1.9086691587312456e-16,2.2382588527717667e-12,1.6672130826544205e-15,2.3098603809677007e-14,1.2271177722064526,1.2552472625111423e-11,0.00020501102143416825,500000.0,582968.3992359199
0.0001714841563206234,0.00011150677727035793,-3.195971360732181,328.95399003367595,0.0,0.04922425681585741,159.44281854404562,6.430229167295797e-17,0.0,0.0001580756725767873,53.15573152015849,7.4921290535869315e-16,1.9174251001420214e-16,2.2479658092328023e-12,0.0,0.0,1.232823410487974,1.296038965146928e-11,0.00020502695138657174,500000.0,586689.8837916891
0.00017153779985263474,0.0001113364817953982,-3.1528397976489817,329.5065625497141,0.0,0.04945047539191205,160.1755687367408,6.704658411391954e-17,0.0,0.00015880213978629714,53.40001892578657,7.543794374741128e-16,1.9261227183882116e-16,2.2575851083730932e-12,0.0,0.0,1.2384890879969854,1.3375444413006903e-11,0.00020504272099080328,500000.0,590389.5937385893
0.00017159144338464607,0.00011116855474340078,-3.107669982366854,330.0520010287283,0.0,0.04967490715515019,160.90253138615287,6.986981709659207e-17,0.0,0.00015952286907791762,53.64237685537498,7.599295991449849e-16,1.9347538165769082e-16,2.2671080016275943e-12,3.0011136778965482e-15,2.0114153105940806e-14,1.2441100158023242,1.3797205624943405e-11,0.0002050583182412163,500000.0,594064.2196626421
0.0001716450869166574,0.00011100310528559697,-3.060468589809023,330.58988931834097,0.0,0.04989735777641024,161.6230770420798,7.27703159280956e-17,0.0,0.00016023723639870137,53.882595460112235,7.658745401269397e-16,1.9433100105280645e-16,2.276525620651479e-12,4.97303244229693e-15,0.0,1.2496813269495493,1.4225194482653112e-11,0.0002050737310533315,500000.0,597710.3855840215
0.00017169873044866875,0.00011084024217018265,-3.0112446836225275,331.11981053708234,0.0,0.05011763007327322,162.33656701213343,7.574599156233067e-17,0.0,0.0001609446085327482,54.12046180998714,7.722248633191259e-16,1.9517829531842458e-16,2.2858289902853748e-12,0.0,0.0,1.2551980830229643,1.4658883849656282e-11,0.0002050889472801222,500000.0,601324.6537185019
0.0001717523739806801,0.0001106800735938273,-2.9600097755940147,331.6413475377286,0.0,0.050335524293210566,163.04235427783294,7.879432130671538e-17,0.0,0.00016164434400932215,54.355760199200034,7.78990526613296e-16,1.960164247163902e-16,2.2950090424377123e-12,0.0,1.361814428601423e-13,1.2606552812286154,1.50976976016526e-11,0.0002051039547290944,500000.0,604903.5293001136
0.00017180601751269143,0.00011052270706903914,-2.9067778853423847,332.1540834636947,0.0,0.05055083841807815,163.73978448226362,8.191233079044569e-17,0.0,0.00016233579408236353,54.58827247543264,7.86180740727179e-16,1.9684451198854609e-16,2.3040566309409023e-12,2.7210166414681793e-14,3.9202148810072314e-13,1.2660478620314044,1.5541010295250352e-11,0.00020511874118024656,500000.0,608443.4659719139
0.00017185966104470276,0.00011036824928687449,-2.8515656369925524,332.6576030761519,0.0,0.050763368491055394,164.42819699204182,8.509657835410408e-17,0.0,0.00016301830378321404,54.8177783938905,7.938038636594473e-16,1.9766164658397404e-16,2.3129625474073976e-12,6.656971954603024e-15,8.357223744705653e-15,1.2713707173670536,1.59881475973061e-11,0.00020513329440496664,500000.0,611940.8730153254
0.0001719133045767141,0.00011021680597632911,-2.794392289841154,333.15149302589936,0.0,0.05097290896872521,165.10692602782282,8.834314164011059e-17,0.0,0.0001636912130412556,55.04405599419661,8.018672927910905e-16,1.9846696106417788e-16,2.321717537996941e-12,0.0,1.0886181480807273e-15,1.2766186993804562,1.643838641667787e-11,0.00020514760218571612,500000.0,615392.1210475874
0.00017196694810872544,0.00011006848176145585,-2.735279782801519,333.6353424985218,0.0,0.05117925308619989,165.7753018583361,9.164760710571204e-17,0.0,0.00016435385786780016,55.266881998463994,8.103773554995505e-16,1.9925957419431435e-16,2.3303123210172903e-12,1.500095202711298e-16,2.652087031365159e-15,1.2817866296613591,1.6890955623630293e-11,0.00020516165233638406,500000.0,618793.5487746244
0.00017202059164073678,0.00010992338001625037,-2.67425278516393,334.10874410685125,0.0,0.05138219324694623,166.4326520569641,9.50050626069176e-17,0.0,0.00016500557160194736,55.48603223021929,8.193391990051356e-16,2.0003857725289854e-16,2.338737605336522e-12,0.0,0.0,1.2868693089585181,1.7345037272593582e-11,0.0002051754327232935,500000.0,622141.4705788282
0.00017207423517274812,0.00010978160271718222,-2.6113387387496223,334.5712947775554,0.0,0.051581521429538535,167.0783028202937,9.841009343755154e-17,0.0,0.00016564568621782802,55.70128205398714,8.287566807069876e-16,2.008030591640912e-16,2.346984109590242e-12,0.0,2.5914977645997466e-15,1.2918615273751641,1.7799768227902777e-11,0.0002051889312868599,500000.0,625432.1844742047
0.0001721426912913175,0.00010960566370268553,-2.5283599217398915,335.1451801128425,0.0,0.05183031448398759,167.88417731712028,1.0281501059302069e-16,0.0,0.00016644465072502762,55.969947953976416,8.414400768663164e-16,2.017561129863293e-16,2.3572334077325344e-12,1.556099714533638e-16,1.857030393971738e-15,1.2980926072913903,1.8379565168449486e-11,0.00020520572895115844,500000.0,629542.5948373008
0.0001722111474098869,0.0001094355066276408,-2.4424270690229015,335.69993458474283,0.0,0.05207245556354247,168.66850559593678,1.0727425131875045e-16,0.0,0.00016722225376270358,56.231430683268805,8.548708802748249e-16,2.02682165582926e-16,2.367157398275726e-12,0.0,6.794538075257196e-16,1.3041570902905288,1.8956961173250732e-11,0.00020522202361900803,500000.0,633546.0932527349
0.00017227960352845628,0.00010927133113787429,-2.353617257371942,336.23476440473013,0.0,0.05230751626393568,169.42990000720587,1.117730493726052e-16,0.0,0.00016797711957974667,56.485267621302775,8.690462857450335e-16,2.0357933897085583e-16,2.3767371851717182e-12,0.0,2.5110010482262583e-15,1.310044246965946,1.9529879281783842e-11,0.0002052377911098328,500000.0,637435.0043821629
0.00017234805964702566,0.00010911333132470954,-2.26201511443945,336.7488977801222,0.0,0.0525350725558641,170.1669870711698,1.1629539876669077e-16,0.0,0.00016870788647332854,56.731000871498864,8.839588250773815e-16,2.044457713715048e-16,2.3859541537769967e-12,9.646389298908153e-17,1.4918817093594209e-15,1.315743457472777,2.0096156592883996e-11,0.0002052530077209775,500000.0,641201.7169123014
0.00017241651576559505,0.00010896169521360386,-2.167712788339561,337.2415880523254,0.0,0.05275470644222842,170.87841284572292,1.2082412592039186e-16,0.0,0.0001694132121107505,56.96817905082399,8.995960791693653e-16,2.052796264735271e-16,2.3947900466196874e-12,0.0,0.0,1.321244253032691,2.0653558091733787e-11,0.0002052676503083527,500000.0,644838.716583475
0.0001724410489337279,0.00010890893606421955,-2.1332784990892946,337.4127996283571,0.0,0.05283141125635646,171.1268709094437,1.224452127214924e-16,0.0,0.0001696595397649076,57.05101106688953,9.053733190014087e-16,2.055701860386611e-16,2.397860454652776e-12,0.0,1.8314547645849082e-15,1.3231653487569608,2.085072098523484e-11,0.00020527275384101633,500000.0,646109.1468401621
0.00017245370974000067,0.0001088820402578063,-2.115378917265206,337.5000324598933,0.0,0.05287057141927605,171.2537164077114,1.2328092714183625e-16,0.0,0.00016978529762343587,57.093299363725826,9.083900028997536e-16,2.057183801266248e-16,2.3994246883545654e-12,2.93031712468686e-17,1.9391117244977995e-15,1.3241461273266213,2.095187465819996e-11,0.00020527535730806263,500000.0,646757.7775960861
0.00017245515140120447,0.00010887899207113146,-2.113335195789608,337.50991667509544,0.0,0.0528750120052421,171.26810011668312,1.2337604259679498e-16,0.0,0.00016979955799895297,57.09809466638065,9.087350187194346e-16,2.0573517820650587e-16,2.3996019206770555e-12,5.1822740488084005e-18,1.7963845409745783e-15,1.3242573432050264,2.0963366145799406e-11,0.0002052756524423071,500000.0,646831.3307823146
0.00017245659306240827,0.00010887594683162296,-2.111290347525626,337.5197906422467,0.0,0.05287944879429495,171.2824715271437,1.2347114805859285e-16,0.0,0.0001698138061814128,57.10288586890501,9.090803428876921e-16,2.0575196058876837e-16,2.399778971699529e-12,0.0,1.791216277058508e-15,1.324368463990453,2.097485206571187e-11,0.0002052759473064613,500000.0,646904.8208706535
0.0001724580347236121,0.00010887290454090405,-2.1092443742251943,337.5296539876278,0.0,0.052883881782697276,171.29683062698783,1.2356624333909036e-16,0.0,0.0001698280421588138,57.10767296726318,9.094259751871052e-16,2.0576872725123123e-16,2.399955841260777e-12,8.98852051141014e-18,1.8189929587451856e-15,1.324479489589302,2.0986332278454332e-11,0.00020527624190032204,500000.0,646978.2470856374
0.0001724594763848159,0.00010886986520059576,-2.107197277150085,337.5395065861769,0.0,0.05288831096671469,171.31117740412066,1.2366132824157964e-16,0.0,0.00016984226591916483,57.11245595742294,9.097719153998936e-16,2.0578547816903406e-16,2.4001325291998335e-12,0.0,1.6295053890254603e-15,1.3245904199080556,2.099780660566268e-11,0.00020527653622368604,500000.0,647051.6091309431
0.00017246240518463106,0.00010886369973563386,-2.1030350513446265,337.55948918259406,0.0,0.052897297323479586,171.3402855334318,1.238544647110885e-16,0.0,0.00016987112446012874,57.12216015055111,9.104756558289028e-16,2.0581945982742853e-16,2.4004909187786205e-12,2.4763550050015667e-17,1.7991975669053134e-15,1.324815486069807,2.102109850507345e-11,0.00020527713332108873,500000.0,647200.4490118246
0.0001724643907788977,0.00010885952676503118,-2.1002106181619924,337.5730114286915,0.0,0.05290338071293791,171.35999052588673,1.2398537679633406e-16,0.0,0.00016989066049165701,57.1287294855409,9.109534814929801e-16,2.0584246073911024e-16,2.400733463341719e-12,7.619583805933903e-17,2.0025264650770588e-15,1.3249678464970862,2.103687485641663e-11,0.00020527753748988506,500000.0,647301.2050762331
0.00017246637637316438,0.00010885535940471531,-2.09738406108302,337.5865136159846,0.0,0.05290945685451091,171.37967204185315,1.2411626744921958e-16,0.0,0.0001699101732479964,57.135290993838126,9.114318894038761e-16,2.0586543159328418e-16,2.400975662034226e-12,0.0,1.5835823693874836e-15,1.3251200254024584,2.1052639501567e-11,0.000205277941143867,500000.0,647401.8395837835
0.00017246836196743102,0.00010885119765890097,-2.094555383174135,337.5999955371583,0.0,0.052915525738473926,171.39933004982615,1.2424713613419758e-16,0.0,0.00016992966269791218,57.14184466493955,9.119108789733714e-16,2.0588837234177543e-16,2.4012175144370295e-12,0.0,1.826790615520633e-15,1.3252720225423231,2.1068392446501248e-11,0.00020527834428250594,500000.0,647502.3519907716
0.00017247034756169766,0.00010884704153179662,-2.0917245874929593,337.61345699542596,0.0,0.05292158735510907,171.4189645183299,1.243779823144899e-16,0.0,0.0001699491288101983,57.148390488351616,9.123904496098816e-16,2.059112829329195e-16,2.4014590201315804e-12,5.2120353010723755e-17,2.0084554059840952e-15,1.325423837673308,2.108413355554133e-11,0.00020527874690527372,500000.0,647602.7417737396
0.0001724723331559643,0.00010884289102760445,-2.0888916767379015,337.6268979807791,0.0,0.052927641694706144,171.43857541591814,1.245088054414006e-16,0.0,0.00016996857155367827,57.154928453590635,9.128706007182964e-16,2.059341633125457e-16,2.401700178699906e-12,0.0,6.850631387348853e-16,1.3255754705522702,2.1099862657433833e-11,0.00020527914901164243,500000.0,647703.0087695057
0.00017247431875023095,0.0001088387461505212,-2.086056653452096,337.6403185629404,0.0,0.05293368874756815,171.4581627111701,1.2463960495934868e-16,0.0,0.00016998799089720066,57.16145855018144,9.133513316990483e-16,2.0595701342861328e-16,2.4019409897244497e-12,0.0,9.474415587380194e-16,1.3257269209362585,2.1115579669593947e-11,0.00020527955060108474,500000.0,647803.1529688213
0.0001724763043444976,0.00010883460690473883,-2.0832195202918498,337.6537187540302,0.0,0.05293972850400389,171.47772637268764,1.2477038031437895e-16,0.0,0.00017000738680963658,57.16798076765636,9.138326419477704e-16,2.0597983323237874e-16,2.402181452787971e-12,2.1281833812766515e-16,4.334643564394851e-15,1.3258781885824984,2.113128457106527e-11,0.00020527995167307408,500000.0,647903.1742514491
0.00017247958481136347,0.00010882778066643034,-2.078527582274233,337.6758129706402,0.0,0.052949690976982954,171.50999629248014,1.2498638425615467e-16,0.0,0.0001700393800302331,57.1787390520703,9.146290982041684e-16,2.0601746806126322e-16,2.4025779664397705e-12,1.909797773817649e-17,1.5947504670443948e-15,1.3261277019369964,2.1157204546932444e-11,0.00020528061316249678,500000.0,648068.1530641761
0.00017248286527822934,0.00010882096982928556,-2.0738299050527953,337.69785137991096,0.0,0.052959633463959564,171.54220147597428,1.252023182656119e-16,0.0,0.00017007130906961391,57.189475754419064,9.154271311586003e-16,2.0605501981694423e-16,2.4029735273012563e-12,0.0,0.0,1.3263767147457513,2.1183091139335216e-11,0.00020528127323570398,500000.0,648232.7950444656
0.0001724861457450952,0.00010881417441211186,-2.069126501320283,337.7198337256267,0.0,0.05296955592136785,171.57434178203522,1.2541817987231266e-16,0.0,0.00017010317378785456,57.20019082765053,9.162267380046857e-16,2.0609248829333062e-16,2.4033681334982523e-12,2.4160592394043934e-16,3.271061493291345e-15,1.3266252259174929,2.1208943993281056e-11,0.00020528193189033145,500000.0,648397.0990518045
0.00017248942621196105,0.00010880739443367468,-2.0644173836634003,337.74175983105505,0.0,0.052979458305687704,171.60641706972848,1.2563396658616408e-16,0.0,0.00017013497404522873,57.21088422477935,9.170279159041774e-16,2.06129873281507e-16,2.4037617831599765e-12,0.0,1.9885007630119081e-16,1.3268732343625151,2.1234762727568056e-11,0.00020528258912401906,500000.0,648561.0640996584
0.00017249270667882692,0.00010880062991269767,-2.0597025644211966,337.7636296732186,0.0,0.05298934057347391,171.63842719831968,1.2584967589550765e-16,0.0,0.000170166709702209,57.22155589888689,9.178306619853452e-16,2.0616717457378444e-16,2.4041544744189963e-12,0.0,0.0,1.3271207389926472,2.1260547037813837e-11,0.0002052832449344106,500000.0,648724.6894990681
0.0001724959871456928,0.00010879388086786393,-2.054982055884078,337.7854432609706,0.0,0.052999202681356355,171.67037202726996,1.2606530528683306e-16,0.0,0.00017019838061946153,57.23220580311972,9.186349733442626e-16,2.0620439196878583e-16,2.4045462054110174e-12,1.0691289948248798e-15,1.4090885881172118e-14,1.3273677387212155,2.1286296701302744e-11,0.00020528389931915425,500000.0,648887.974623381
0.00017249926761255866,0.0001087871473178165,-2.0502558705277725,337.80720053144654,0.0,0.05300904458597446,171.70225141623436,1.2628085225582472e-16,0.0,0.0001702299866578446,57.24283389068899,9.194408470417943e-16,2.0624152526988257e-16,2.404936974274809e-12,6.277901509708378e-16,8.573082250374228e-15,1.3276142324630928,2.131201147933775e-11,0.00020528455227590293,500000.0,649050.9187082316
0.00017250515822993828,0.00010877509507363634,-2.0417550188074385,337.84612771507506,0.0,0.053026666494892925,171.7593313965239,1.266676874306459e-16,0.0,0.00017028657720448046,57.26186345959453,9.20891837769093e-16,2.0630799251939623e-16,2.4056362431135494e-12,0.0,0.0,1.3280555790003021,2.1358098249139878e-11,0.000205285721175296,500000.0,649342.6531197927
0.0001725110488473179,0.00010876309295833356,-2.0332359762082115,337.8848725971718,0.0,0.053044222870751966,171.81619910986655,1.270542342852785e-16,0.0,0.00017034295730425632,57.28082226203371,9.223478390238908e-16,2.063741868695647e-16,2.406332392935516e-12,0.0,0.0,1.3284952842741329,2.1404070165698864e-11,0.00020528688544916722,500000.0,649633.2807236472
0.00017251693946469755,0.00010875114107884785,-2.02469881665582,337.92343447137347,0.0,0.05306171346415621,171.87285374857467,1.2744047831536192e-16,0.0,0.00017039912615641003,57.29971002873617,9.238088329744205e-16,2.0644010719667175e-16,2.4070254130435783e-12,0.0,0.0,1.3289333420395253,2.1449925417530726e-11,0.00020528804508403514,500000.0,649922.7964508081
0.00017252283008207717,0.00010873923954168246,-2.0161436142891143,337.96181267570125,0.0,0.05307913802647644,171.9292945071201,1.2782640494556983e-16,0.0,0.0001704550829623211,57.31852649115145,9.25274801455437e-16,2.0650575237254274e-16,2.407715292775745e-12,0.0,0.0,1.3293697460680252,2.149566224300233e-11,0.00020528920006646482,500000.0,650211.1953257542
0.0001725287206994568,0.0001087273884529019,-2.007570443186633,338.0000067718868,0.0,0.053096496309768315,171.98552058216092,1.2821199952938886e-16,0.0,0.0001705108269255364,57.33727138145799,9.267457259603949e-16,2.0657112127519204e-16,2.408402021505517e-12,0.0,0.0,1.329804490148074,2.1541279081714923e-11,0.0002052903503830674,500000.0,650498.4728137766
0.00017253876776191255,0.00010870729188732746,-1.9929067582862887,338.0647246748726,0.0,0.05312594903959951,172.0809223875735,1.2886886337973245e-16,0.0,0.0001706054107058862,57.36907684495829,9.2926592247737e-16,2.0668197413406426e-16,2.409566008376725e-12,0.0,5.808016754072979e-16,1.3305421438094878,2.1618801963867425e-11,0.00020529230156436212,500000.0,650985.8540955887
0.0001725488148243683,0.00010868734290865267,-1.978191391066518,338.12890337586083,0.0,0.05315520701615526,172.1756933705515,1.2952464577461966e-16,0.0,0.00017069936907280223,57.40067200216622,9.318003855230913e-16,2.067920145922568e-16,2.410720745606231e-12,0.0,0.0,1.3312749199061185,2.1695963230894355e-11,0.0002052942390677012,500000.0,651469.937281733
0.00017255886188682407,0.00010866754203424604,-1.963424717602829,338.19254075492336,0.0,0.05318426902266837,172.2698295902646,1.301792737286155e-16,0.0,0.00017079269811924353,57.432055539270834,9.343490162136101e-16,2.0690123723424306e-16,2.411866181191416e-12,0.0,0.0,1.332002787967304,2.177275508893436e-11,0.00020529616282762228,500000.0,651950.7001531114
0.00017256890894927983,0.00010864788977768059,-1.9486071173157404,338.25563460327453,0.0,0.05321313384854398,172.36332712550717,1.3083267412606568e-16,0.0,0.00017088539395762657,57.46322614900379,9.369117127369022e-16,2.0700963666516818e-16,2.4130022634425852e-12,0.0,9.37928862638132e-16,1.3327257176740186,2.1849169655280897e-11,0.00020529807277908134,500000.0,652428.1203955482
0.00017257895601173562,0.00010862838664869948,-1.9337389733964194,338.3181824537966,0.0,0.05324180028945059,172.45618207509204,1.3148477368901037e-16,0.0,0.00017097745272021578,57.49418253077056,9.394883703524714e-16,2.0711720749658801e-16,2.414128940988646e-12,0.0,1.9933171988439987e-16,1.333443678861947,2.1925198807858025e-11,0.00020529996885745814,500000.0,652902.1752723894
0.00017259761034414816,0.00010859257249228302,-1.906000640122091,338.43285863394516,0.0,0.0532944949340065,172.62686805553963,1.326918232883907e-16,0.0,0.00017114667514961848,57.55108655577325,9.443090937766222e-16,2.0731471802402055e-16,2.416195722626182e-12,-4.798780903680462e-37,4.075407693733215e-16,1.3347634352112578,2.2065312155805365e-11,0.00020530345228699973,500000.0,653773.3490816811
0.00017261078828815032,0.00010856758501920548,-1.8863026474890126,338.5127211059015,0.0,0.053331301075121185,172.746088780992,1.3354140456550546e-16,0.0,0.00017126487361408872,57.59083287309789,9.477429837821007e-16,2.0745249360831145e-16,2.417635931840805e-12,-5.899543164338462e-37,1.4306127132619222e-15,1.3356852584855774,2.2163446241684704e-11,0.00020530588389902648,500000.0,654381.6529563792
0.00017262396623215245,0.00010854285768057626,-1.8665205119197,338.59162699534915,0.0,0.05336775740772532,172.86417644656262,1.3438821847634341e-16,0.0,0.00017138194873412315,57.63020144605315,9.512000860154838e-16,2.0758880550718124e-16,2.4190595994341484e-12,-9.796876862052963e-38,1.20527850151514e-15,1.33659832085889,2.2260859192428393e-11,0.00020530829118916365,500000.0,654984.0065160271
0.0001726371441761546,0.00010851839157928127,-1.8466551369342865,338.6695713132291,0.0,0.053403861293073895,172.98112250499855,1.3523209727282553e-16,0.0,0.00017149789203575714,57.66918942511916,9.546801289089885e-16,2.0772364190732132e-16,2.4204666135278028e-12,2.4475855654628383e-21,2.133963069334945e-15,1.3375025562432195,2.2357533048968997e-11,0.00020531067401687858,500000.0,655580.3605938512
0.00017265709563088586,0.0001084818494041773,-1.816422512732525,338.78573804023296,0.0,0.05345784613122976,173.15598777573314,1.3650377209947065e-16,0.0,0.00017167125791999816,57.72748675985347,9.599919577376496e-16,2.079249505568688e-16,2.422564897816276e-12,6.6618176048076174e-21,3.4763388868437086e-15,1.3388546271671788,2.250245083012685e-11,0.0002053142347622222,500000.0,656471.7159486205
0.00017267704708561713,0.0001084459122696395,-1.7860043927228666,338.8996716872313,0.0,0.05351100809768764,173.3281876930816,1.3776774853178725e-16,0.0,0.0001718419813049813,57.78489550762944,9.653547166326044e-16,2.0812280990352372e-16,2.4246243750836053e-12,5.444365249129062e-21,3.29451693939414e-15,1.3401860893858673,2.264557064080891e-11,0.00020531773863900272,500000.0,657349.0383701258
0.00017269699854034838,0.00010841058384419097,-1.7554040365507755,339.0113551011184,0.0,0.05356333831302118,173.4976934952912,1.3902343977976397e-16,0.0,0.0001720100336755724,57.84140607973049,9.707673501190374e-16,2.08317180135876e-16,2.426644671114574e-12,1.682256857399714e-21,2.5754972497274646e-15,1.3414967205113246,2.278683018422792e-11,0.00020532118517764693,500000.0,658212.1612326219
0.00017271694999507965,0.0001083758677308405,-1.7246247524572214,339.1207713353366,0.0,0.05361482801572874,173.6644768025901,1.4027025757798133e-16,0.0,0.0001721753868953426,57.897009014786406,9.762287576629105e-16,2.0850802194530621e-16,2.4286254176098877e-12,2.8890421792645753e-21,3.028962056181319e-15,1.3427863011091006,2.2926167372449315e-11,0.00020532457391614597,500000.0,659060.919900316
0.00017275177776473802,0.00010831674429320766,-1.6704769275104445,339.3062884203289,0.0,0.05370266975942413,173.94901027280508,1.424237065486859e-16,0.0,0.00017245748062636888,57.991868004697395,9.858757618831594e-16,2.0883258904224943e-16,2.431987201928329e-12,2.5835395801427815e-21,2.879185595424648e-15,1.3449863344848658,2.316460661600326e-11,0.00020533034951687897,500000.0,660507.6276390646
0.0001727866055343964,0.00010825951575456242,-1.6158123141881846,339.4847601776139,0.0,0.05378787899124183,174.22501679950273,1.445451810228654e-16,0.0,0.00017273112052833508,58.08388424555969,9.956614611231048e-16,2.0914608436309537e-16,2.435225489269694e-12,0.0,2.187092303716445e-15,1.3471204369162677,2.339667453296089e-11,0.00020533594525030358,500000.0,661909.2244516129
0.00017282143330405478,0.00010820419979165583,-1.560649531426681,339.6561032947616,0.0,0.05387041189397076,174.4923544520874,1.466315411425056e-16,0.0,0.00017299616588763275,58.17301041994193,1.0055790298199356e-15,2.0944831124316197e-16,2.43833845899085e-12,4.580336447525164e-22,2.7459511418845636e-15,1.3491875109856768,2.362204999539046e-11,0.00020534135883372104,500000.0,663264.8862296271
0.00017285626107371317,0.0001081508134253254,-1.5050076109483395,339.82023753422175,0.0,0.05395022592626752,174.75088543252937,1.4867965384619522e-16,0.0,0.00017325248008778446,58.25920058814536,1.0156212406970005e-15,2.0973907875526279e-16,2.4413243531861293e-12,7.445414217179973e-22,2.713838293488057e-15,1.3511864912287601,2.384041719399109e-11,0.00020534658806283304,500000.0,664573.8127393575
0.00017289108884337157,0.00010809937300572126,-1.4489059838669922,339.97708578235006,0.0,0.05402727987885305,175.00047625739347,1.5068640034700088e-16,0.0,0.0001734999307899126,58.34241024888925,1.0257804728572177e-15,2.1001820198467882e-16,2.4441814790861973e-12,0.0,8.75538315870281e-16,1.3531163455419384,2.4051466445520283e-11,0.00020535163081429958,500000.0,665835.2286951627
0.00017292591661302993,0.00010804989419913367,-1.3923644672972502,340.1265740972497,0.0,0.05410153392778085,175.24099793038073,1.5264868366069396e-16,0.0,0.00017373839010380006,58.42259639683362,1.0360487209655736e-15,2.102855022889418e-16,2.4469082113167782e-12,0.0,8.94576322872227e-16,1.3549760765164909,2.425489505130143e-11,0.00020535648504802834,500000.0,667048.3847898757
0.00017297831026473183,0.00010797918795243862,-1.3065213097649508,340.33744022124944,0.0,0.05420788073477074,175.58547399553484,1.5551017917067332e-16,0.0,0.00017407991245025551,58.537439306312706,1.0516827304318693e-15,2.1066497126143725e-16,2.450761179181684e-12,8.849116698249884e-25,2.4652598394785856e-15,1.3576395903707035,2.4545923996357405e-11,0.00020536342819022407,500000.0,668780.9232612223
0.0001730307039164337,0.00010791300268412625,-1.2197986340031528,340.5312645993576,0.0,0.05430768025070218,175.90874275141948,1.5825384632411122e-16,0.0,0.00017440040932996834,58.64521203195513,1.0675143573366788e-15,2.1101673919391794e-16,2.454310559522697e-12,1.4185863394937246e-24,2.5198145256978893e-15,1.360139127774946,2.4818074972714438e-11,0.0002053699340161691,500000.0,670400.27889783
0.0001730830975681356,0.00010785138260512434,-1.1322683873594366,340.70783871235756,0.0,0.05440081617426279,176.21042747685385,1.6086966497283237e-16,0.0,0.00017469950725196323,58.74578898083637,1.0835117942861282e-15,2.1134028615000147e-16,2.45755174605172e-12,2.4670147797996406e-24,2.5686550070805713e-15,1.3624717758937972,2.5070432363446816e-11,0.0002053759967114819,500000.0,671904.2657070394
0.0001731644779723616,0.00010776481722569007,-0.9948838173608989,340.94745640841325,0.0,0.05453201550335052,176.6354078907012,1.646565413932715e-16,0.0,0.00017512084366013713,58.887470775561695,1.108609626275792e-15,2.1178575833717031e-16,2.4619652456188104e-12,2.4002652925937466e-24,2.6489193374247803e-15,1.3657577551924116,2.5421161114349324e-11,0.00020538452253904212,500000.0,674006.8614650132
0.00017322332614368727,0.00010770921749337157,-0.8945938658580257,341.094163133526,0.0,0.05461650527873107,176.90908786263364,1.6716868907278754e-16,0.0,0.00017539217695584106,58.97871137940797,1.1268827154374628e-15,2.12063836068883e-16,2.4646793679710857e-12,3.506118489990807e-24,2.683572007143164e-15,1.3678738685294367,2.5642088548472194e-11,0.00020539000371285138,500000.0,675346.9964449669
0.00017328217431501297,0.00010765953990867119,-0.7936345548624667,341.2183454305934,0.0,0.054692143139167135,177.15409556369954,1.6947721198862267e-16,0.0,0.00017563508383168844,59.0603930984661,1.1452011482822537e-15,2.123043356659329e-16,2.4669877697987587e-12,0.0,2.7196118941521876e-15,1.3697682857932827,2.5834472463640982e-11,0.00020539490423907166,500000.0,676533.2482417198
0.00017334102248633867,0.00010761582058998762,-0.6921165414413732,341.31983769167675,0.0,0.054758824364101934,177.37009177817544,1.7157090758980193e-16,0.0,0.00017584922798057057,59.132402843542266,1.1635108474697978e-15,2.1250679991789712e-16,2.4688867505453585e-12,1.613065328338996e-24,2.7488850662297518e-15,1.3714383841434452,2.5997466511650233e-11,0.00020539921927307297,500000.0,677563.6731083278
0.00017339987065766434,0.00010757808910600809,-0.5901518557796444,341.39850689828273,0.0,0.054816459688594596,177.5567873523937,1.73439557761663e-16,0.0,0.0001760343227281766,59.19464421534587,1.1817563890727764e-15,2.126708441593687e-16,2.4703733259138258e-12,1.0998447821963336e-24,2.7730190970836073e-15,1.3728819278228617,2.613035372690516e-11,0.0002054029448221271,500000.0,678436.6261187406
0.00017345871882899004,0.0001075463684202423,-0.4878536392306843,341.45425301312844,0.0,0.05486497562863102,177.71394424853574,1.7507401609164588e-16,0.0,0.00017619013207775084,59.24703785580753,1.1998813329086529e-15,2.1279615802840606e-16,2.4714452390475002e-12,0.0,2.7923523981215353e-15,1.3740970763059106,2.6232552927497803e-11,0.00020540607775560815,500000.0,679150.7678967941
0.00017355035116415973,0.00010750897890487867,-0.3281704339311589,341.4952732735239,0.0,0.05492223446195716,177.89942502038573,1.7713437579117866e-16,0.0,0.00017637402243861542,59.30887423133954,1.2277287543015502e-15,2.129136504829993e-16,2.4722854506244216e-12,1.3745836590156918e-24,2.8029113332235497e-15,1.3755312270399098,2.6329600794899795e-11,0.00020540977121034776,500000.0,679944.2696349877
0.0001736419834993294,0.0001074862294567126,-0.16838693477560882,341.4804756816253,0.0,0.05495711072280053,178.01240611028513,1.7858395904345422e-16,0.0,0.00017648603476766057,59.346540351579854,1.2549292495561567e-15,2.129361812128785e-16,2.4721146823994423e-12,1.6392398295380464e-24,2.7981967060445278e-15,1.376404804986949,2.6350259450848194e-11,0.0002054120183760601,500000.0,680347.9788571546
0.0001737336158344991,0.00010747810945911663,-0.008935232976245539,341.40997194438427,0.0,0.054969563765272046,178.05275580369695,1.7940665811545806e-16,0.0,0.0001765260384797475,59.35999230497355,1.2812688226281986e-15,2.1286369788641925e-16,2.4709351829855063e-12,1.3692930570618282e-24,2.7766493794499797e-15,1.376716791720767,2.6294441327104187e-11,0.0002054128202236416,500000.0,680361.4321382232
0.00017382524816966874,0.00010748456878706714,0.14975531961482325,341.28407273340787,0.0,0.054959650159717835,178.020657280995,1.7959459628269354e-16,0.0,0.0001764942151845747,59.349291160983206,1.3065392008177652e-15,2.1269660868782112e-16,2.468753561517446e-12,1.151970449854785e-24,2.738204163669327e-15,1.376468603605337,2.6162930191196338e-11,0.00020541218292238707,500000.0,679986.0507692418
0.00017391688050483843,0.00010750551820989197,0.307260868009922,341.103285105021,0.0,0.05492752281872425,177.9166057872974,1.7914825948358885e-16,0.0,0.00017639105588077865,59.31460202655579,1.3305413402975923e-15,2.1243577803989505e-16,2.4655807129597e-12,1.0148012847312959e-24,2.6839999745934257e-15,1.3756640699118154,2.595736159713535e-11,0.00020541011777140276,500000.0,679225.1202221418
0.0001740085128400081,0.00010754083002594338,0.4631656997595367,340.8683083442364,0.0,0.05487342916068001,177.74140268479684,1.7807642309521602e-16,0.0,0.00017621735505926256,59.25619206326304,1.3530886923141072e-15,2.1208251714336755e-16,2.4614317012089638e-12,9.73381248573065e-25,2.6150006284708625e-15,1.3743093868307275,2.5680184218501305e-11,0.00020540664108975503,500000.0,678083.749146685
0.0001741001451751778,0.00010759033891589173,0.6170647794490856,340.58002832700544,0.0,0.05479770835621956,177.49614653438414,1.7639587946024413e-16,0.0,0.00017597420186129043,59.17442751405475,1.3740101754281487e-15,2.1163856956782547e-16,2.4563256024420522e-12,9.201153068926944e-25,2.5326658592926743e-15,1.372413048514435,2.5334603614045846e-11,0.00020540177406786657,500000.0,676568.8089378107
0.00017419177751034747,0.00010765384302309619,0.7685661606403843,340.23951036672725,0.0,0.05470078768219662,177.18222128639462,1.7413096791688792e-16,0.0,0.00017566296837049204,59.06976976623901,1.393152798836466e-15,2.1110609216839493e-16,2.450285310258856e-12,8.7702568356078e-25,2.4385271678020197e-15,1.3699857557671307,2.492451031808606e-11,0.0002053955425793048,500000.0,674688.8545263179
0.00017428340984551716,0.00010773110525771055,0.9172932320753507,339.84799058467274,0.0,0.05458317803768853,176.8012817569938,1.7131292252799422e-16,0.0,0.00017528529521378174,58.942770509537304,1.4103838581626291e-15,2.1048763151180213e-16,2.443337305608652e-12,7.871754698726397e-25,2.334495207995353e-15,1.3670403037472016,2.445439510219298e-11,0.00020538797695406768,500000.0,672454.0276808784
0.0001743750421806868,0.00010782185480191288,1.0628867556485941,339.4068659836245,0.0,0.05444546871615729,176.35523669507208,1.6797906811861924e-16,0.0,0.0001748430747734463,58.794066090853164,1.4255926323022135e-15,2.0978609638502465e-16,2.4355113962190087e-12,7.803774032503908e-25,2.222184943981104e-15,1.363591451039234,2.392925381126067e-11,0.0002053791117181155,500000.0,669875.9449772243
0.0001744666745158565,0.00010792578878850529,1.2050066739678318,338.91768343882035,0.0,0.054288321543629225,175.8462297954964,1.6417190046282496e-16,0.0,0.00017433843236319877,58.62437118438841,1.4386915464121242e-15,2.0900472695498786e-16,2.426840430800655e-12,6.019691299834829e-25,2.103938613900856e-15,1.3596557728470986,2.335448539874871e-11,0.00020536898530479957,500000.0,666967.5729254992
0.00017455830685102617,0.00010804257413060466,1.3433336788892067,338.38212778170976,0.0,0.05411246449003173,175.27661900575,1.59938084807533e-16,0.0,0.00017377370571225397,58.434471892801824,1.4496167989061346e-15,2.0814706116285535e-16,2.4173599930522472e-12,8.450830988182748e-25,1.9806626699574718e-15,1.355251500991393,2.2735786385026707e-11,0.00020535763974283085,500000.0,663743.0926810721
0.00017464993918619586,0.00010817184948366485,1.4775705333321534,337.80200912904206,0.0,0.05391868485900833,174.64895446710864,1.5532740615892766e-16,0.0,0.00017315142309564833,58.22521839314379,1.4583284661274314e-15,2.072168989853502e-16,2.4071080803388736e-12,0.0,1.8565888964194e-15,1.3503983533490205,2.207904480383621e-11,0.00020534512032482525,500000.0,660217.7567174602
0.00017474157152136554,0.00010831322731875131,1.6074431375478422,337.17924962606514,0.0,0.053707822166448455,173.96595544742513,1.503917060397553e-16,0.0,0.0001724742804648151,57.99751724660896,1.4648101078241199e-15,2.0621826520485435e-16,2.396124772080628e-12,2.5253102395083563e-24,1.7268624131730587e-15,1.3451173554958094,2.1390236646685613e-11,0.0002053314752608819,500000.0,656407.739930873
0.00017483320385653522,0.00010846629608249702,1.7327013352722636,336.51586979404465,0.0,0.053480760822413265,173.23048663699356,1.4518384012361253e-16,0.0,0.00017174511794670007,57.75232349594963,1.4690679102642962e-15,2.0515537131774736e-16,2.384451893005489e-12,0.0,1.612872624774319e-15,1.3394306574244208,2.0675327486692897e-11,0.00020531675532220456,500000.0,652329.9877167579
0.00017492483619170488,0.00010863062241858368,1.8531194626334153,335.81397467212435,0.0,0.053238422729086084,172.44553417231984,1.3975668748098289e-16,0.0,0.00017096689607311666,57.49063267217745,1.4711294200473469e-15,2.0403257721947536e-16,2.3721326762367665e-12,1.608216561966394e-23,1.4500258812463897e-15,1.333361348158407,1.9940181568925997e-11,0.0002053010134797661,500000.0,648002.0634845473
0.00017501646852687456,0.00010880575342736615,1.9684966484932407,335.07573992716397,0.0,0.05298175990001643,171.61418172878538,1.341622366029664e-16,0.0,0.000170142672078404,57.21347282423298,1.4710419335131319e-15,2.0285435328504246e-16,2.3592114307779212e-12,0.0,1.4806032813847353e-15,1.3269332708989587,1.9190480203689545e-11,0.0002052843045425802,500000.0,643441.9978877053
0.00017510810086204424,0.00010899121894201777,2.078656877963937,334.30339808933206,0.0,0.052711747197166106,170.73958699482714,1.2845076791739238e-16,0.0,0.00016927557657532964,56.92189667584684,1.4688706117749621e-15,2.0162524338322615e-16,2.345733217508137e-12,1.2598198259407204e-22,7.417702276610926e-16,1.3201708411215631,1.8431650795288413e-11,0.00020526668479971507,500000.0,638668.1418276553
0.00017513815755927466,0.00010905422352073038,2.1136284553323863,334.0430141003166,0.0,0.05262043869178836,170.44383058144462,1.2656000530705127e-16,0.0,0.00016898235613154366,56.82329613262625,1.4677178030168663e-15,2.0121176883760884e-16,2.341198547525189e-12,6.70452148996757e-23,1.0084852300628265e-15,1.3178840311296174,1.818163004203602e-11,0.00020526071657761725,500000.0,637058.8147208253
0.00017514092836183723,0.00010906008439485709,2.116823083910609,334.018840798571,0.0,0.05261195562749649,170.41635317323156,1.2638538764634478e-16,0.0,0.00016895511432894685,56.814135596274575,1.4676007870124836e-15,2.0117340721406277e-16,2.3407778012267517e-12,0.0,1.2217760602007848e-15,1.3176715738207998,1.8158566179377303e-11,0.00020526016184106938,500000.0,636909.4229019446
0.00017514369916439982,0.00010906595411380557,2.1200127580200467,333.99463914277027,0.0,0.05260346158883323,170.38884021730254,1.2621072203972602e-16,0.0,0.0001689278372834388,56.80496320887273,1.4674819683100507e-15,2.0113500475575645e-16,2.3403566022142094e-12,8.610556338012027e-23,1.03509921390358e-15,1.317458841654471,1.813550025784529e-11,0.0002052596063431733,500000.0,636759.8586318583
0.00017514598205402784,0.00010907079686504893,2.1226370341205714,333.9746776876443,0.0,0.05259645504628482,170.36614539464946,1.2606677830412126e-16,0.0,0.00016890533705802131,56.79739711143388,1.4673827198243182e-15,2.011033340246341e-16,2.340009233225654e-12,1.6758781815631437e-22,9.549478679473741e-16,1.3172833636433159,1.811649454735972e-11,0.0002052591480924503,500000.0,636636.5016075707
0.00017514826494365582,0.00010907564560337977,2.1252579409081656,333.95469624975897,0.0,0.05258944108827347,170.34342655214047,1.2592280355479415e-16,0.0,0.0001688828130187068,56.789823006152346,1.4672822508178873e-15,2.0107163572190869e-16,2.339661558486933e-12,0.0,1.6104423883996398e-15,1.3171076999088962,1.8097487398857846e-11,0.0002052586893268967,500000.0,636513.0265948898
0.0001751505478332838,0.00010908050032110303,2.127875475463278,333.9346944197577,0.0,0.05258241973026842,170.32068373988773,1.25778798454626e-16,0.0,0.00016886026521517768,56.78224090973473,1.4671805627496654e-15,2.0103990990375027e-16,2.3393135787051808e-12,0.0,1.291052059106878e-15,1.316931850838685,1.8078478594776598e-11,0.00020525823004741432,500000.0,636389.4330291584
0.00017515283072291183,0.00010908536101051756,2.130489635632187,333.91467217442346,0.0,0.05257539098774535,170.29791700801871,1.256347636434144e-16,0.0,0.00016883769369713163,56.77465083889275,1.4670776570855362e-15,2.0100815662340267e-16,2.338965294587802e-12,4.638770503872718e-22,4.30176173063203e-17,1.3167558168202713,1.8059467955684002e-11,0.00020525777025490598,500000.0,636265.7210861136
0.0001751551136125398,0.00010909022766391763,2.1331004196460097,333.8946296783359,0.0,0.052568354876184484,170.27512640666825,1.2549069974673758e-16,0.0,0.00016881509851427362,56.76705281034056,1.4669735352948951e-15,2.0097637593624258e-16,2.338616706842203e-12,0.0,1.9289212908248185e-16,1.3165795982412987,1.8040455450039462e-11,0.0002052573099502742,500000.0,636141.8913013404
0.0001751573965021678,0.00010909510027359372,2.1357078256166684,333.8745670275279,0.0,0.05256131141106224,170.25231198597527,1.2534660739273126e-16,0.0,0.00016879247971631262,56.759446840793686,1.4668681988505721e-15,2.009445679058769e-16,2.3382678161756447e-12,2.9646209453871395e-21,0.0,1.316403195489448,1.80214412163555e-11,0.00020525684913442216,500000.0,636017.9440789421
0.0001751596793917958,0.00010909997883183211,2.1383118514627397,333.85448421425014,0.0,0.05255426060786753,170.2294737960843,1.2520248721639197e-16,0.0,0.00016876983735296313,56.75183294696955,1.4667616492295506e-15,2.0091273259958594e-16,2.3379186232953256e-12,0.0,6.624250768786668e-15,1.3162266089524322,1.8002425385662356e-11,0.00020525638780825362,500000.0,635893.8796241403
0.00017516350479772008,0.00010910816707731697,2.1426677977995827,333.82078663883254,0.0,0.052542429268475,170.1911510155351,1.2496092643075556e-16,0.0,0.00016873184317190484,56.739056733813456,1.4665803898983527e-15,2.0085932565213528e-16,2.3373328101535484e-12,0.0,1.883392879536372e-14,1.315930294439843,1.7970557327758846e-11,0.00020525561362895586,500000.0,635685.7245746831
0.00017516733020364432,0.00010911637196788556,2.1470142380453106,333.7870326861046,0.0,0.052530577440654695,170.15276186976467,1.247192922540128e-16,0.0,0.0001686937831946752,56.72625839553497,1.4663957352166018e-15,2.0080584259800018e-16,2.3367461537327336e-12,0.0,1.9245139807729964e-14,1.3156334667865743,1.7938685049616405e-11,0.00020525483802351626,500000.0,635477.2424536522
0.00017517115560956859,0.00010912459346715519,2.1513511628661046,333.75322248063827,0.0,0.05251870519729491,170.11430659485762,1.2447758763459552e-16,0.0,0.00016865565765533484,56.713438010841,1.4662076922146637e-15,2.007522837517396e-16,2.3361586573608416e-12,0.0,8.779124127346988e-15,1.3153361278180462,1.7906808864642254e-11,0.00020525406099618947,500000.0,635268.4345349418
0.00017517498101549285,0.00010913283153870798,2.155678563142145,333.7193562171361,0.0,0.0525068126113064,170.0757854269491,1.2423581551188993e-16,0.0,0.00016861746678799465,56.7005956584553,1.4660162679556107e-15,2.0069864943534281e-16,2.3355703243657424e-12,2.2112326535065144e-21,0.0,1.315038279360063,1.7874929199703802e-11,0.00020525328255123235,500000.0,635059.3022265139
0.00017517880642141712,0.00010914108614609143,2.159996429891161,333.6854341186737,0.0,0.05249489975560826,170.03719860222097,1.239939788228151e-16,0.0,0.0001685792108268113,56.687731417117185,1.4658214695337798e-15,2.0064493997380103e-16,2.3349811580751513e-12,0.0,0.0,1.3147399232387968,1.7843046448532752e-11,0.00020525250269290283,500000.0,634849.8469903326
0.0001751858582608186,0.00010915634608995178,2.167931067103008,333.6227556741504,0.0,0.052472886451006936,169.96589549983187,1.235480122989715e-16,0.0,0.00016850851911438206,56.66396008263333,1.4654535546643118e-15,2.0054573491111047e-16,2.333892902932697e-12,0.0,6.464915633558385e-15,1.314188602491019,1.7784266193682595e-11,0.0002052510613946206,500000.0,634462.8908746131
0.00017519291010022008,0.00010917166187305768,2.1758332216408602,333.55988937030185,0.0,0.05245080497058586,169.89437156513054,1.2310185479230345e-16,0.0,0.00016843760846317238,56.64011512612509,1.4650742428914032e-15,2.0044627768984977e-16,2.3328018482321294e-12,0.0,4.52048499447694e-15,1.3136355742518306,1.7725478946939483e-11,0.00020524961533458546,500000.0,634074.850976301
0.00017519996193962156,0.00010918703326617921,2.183702838741359,333.4968363891008,0.0,0.0524286557713999,169.82262827857645,1.2265552469586727e-16,0.0,0.0001683664803409479,56.616197041154415,1.4646835794817078e-15,2.003465704016465e-16,2.3317080148112016e-12,0.0,0.0,1.3130808499682527,1.7666686966469626e-11,0.00020524816453951398,500000.0,633685.736032372
0.00017520701377902304,0.00010920246003969165,2.1915398644955784,333.43359789508577,0.0,0.052406439310649554,169.75066712105894,1.2220904037287238e-16,0.0,0.00016829513621589978,56.59220632142656,1.4642816100730064e-15,2.002466151470136e-16,2.330611423504397e-12,3.999200687704292e-25,2.13693704314886e-15,1.3125244410906163,1.7607892486472045e-11,0.00020524670903614123,500000.0,633295.5547427601
0.00017522168756869575,0.00010923473728619475,2.207742809629368,333.30141880608085,0.0,0.052359996679979655,169.60023515883094,1.2127956088939368e-16,0.0,0.00016814599413571938,56.542054667834925,1.463409135387049e-15,2.0003783804688057e-16,2.328320836983722e-12,1.937316189810882e-24,1.351015105103753e-14,1.3113612902721656,1.7485551883103825e-11,0.00020524366538300472,500000.0,632480.2676040748
0.000175249870880932,0.00010929739293705756,2.238464988978501,333.0453481437133,0.0,0.05227000014868499,169.30872804310258,1.1949330122942756e-16,0.0,0.00016785698655394599,56.44487077373054,1.4615982176767272e-15,1.9963393264790776e-16,2.3238888545685406e-12,0.0,0.0,1.3091073361576082,1.7250646316051023e-11,0.0002052377636001518,500000.0,630901.823989078
0.0001752943501977472,0.00010939801758606357,2.2858795744398193,332.6354845086037,0.0,0.05212589732887449,168.84196549626796,1.1667381036608403e-16,0.0,0.00016739422627253583,56.28925947138549,1.4583849332946024e-15,1.9898896211934808e-16,2.316809923619113e-12,0.0,0.0,1.3054982943671412,1.688038486520656e-11,0.0002052283031557322,500000.0,628378.2675813077
0.0001753239637594565,0.00010946616860557216,2.316714884203142,332.3588396891229,0.0,0.052028600198391464,168.52681087244977,1.1479827390620654e-16,0.0,0.00016708177394876878,56.18419186949084,1.4560095672025506e-15,1.9855466862086117e-16,2.3120418631333632e-12,1.1520353759100416e-23,2.3085809043639807e-14,1.3030614960089284,1.663441100016993e-11,0.00020522190818805404,500000.0,626677.029523387
0.0001753535773211658,0.0001095352240906345,2.3469610957440747,332.0792867865824,0.0,0.05193025864600482,168.20827319435048,1.129255439044402e-16,0.0,0.00016676596757878476,56.07799641043541,1.453449911182289e-15,1.9811665184332237e-16,2.3072316009467888e-12,5.6943375774086175e-24,2.8344026362564716e-14,1.3005985396302406,1.6389039816657695e-11,0.0002052154385132996,500000.0,624959.6716741809
0.0001753831908828751,0.0001096051665293374,2.3766155252851133,331.796912513349,0.0,0.0518309064801601,167.88646197184693,1.1105687294761804e-16,0.0,0.0001664469157334732,55.97070960309221,1.4507098405457664e-15,1.9767506548601784e-16,2.3023806644166168e-12,0.0,4.7856461590304436e-14,1.298110271969375,1.6144413435584276e-11,0.00020520889612547834,500000.0,623226.8297494538
0.00017541280444458439,0.0001096759783436603,2.405675715917175,331.5118033538851,0.0,0.05173057741463485,167.56148640836503,1.0919348180535748e-16,0.0,0.0001661247266799007,55.862367854168255,1.4477933013146314e-15,1.9723006227310646e-16,2.297490574180391e-12,3.014293299764412e-23,4.981816279608933e-14,1.2955975373951774,1.5900668655956706e-11,0.00020520228301762887,500000.0,621479.1358450345
0.0001754655879232243,0.00010980429458592538,2.4559924554112276,330.99710986722954,0.0,0.051549432522310146,166.97474038629483,1.0588893467876531e-16,0.0,0.00016554301172416944,55.6667559456254,1.4421698081132975e-15,1.9642888533702832e-16,2.2886820689971142e-12,1.5795512926956376e-25,8.483562525699734e-16,1.2910607746920246,1.5468809243051097e-11,0.00020519032661280365,500000.0,618329.1629550518
0.0001755183714018642,0.00010993521647647638,2.504403449637072,330.47448728216193,0.0,0.05136547991460611,166.37889969453494,1.0261133148259617e-16,0.0,0.0001649522800812416,55.46811201705604,1.4360216020783585e-15,1.9561818471699984e-16,2.279762477577641e-12,0.0,5.238676859721307e-16,1.286453691344882,1.5040867857535068e-11,0.00020517816310501683,500000.0,615137.5210171433
0.0001755711548805041,0.00011006864319054259,2.5509002470333733,329.9444183211758,0.0,0.05117890735709868,165.77457253059728,9.936669726004691e-17,0.0,0.00016435313473360847,55.266638831958204,1.4293724104676089e-15,1.9479879893080426e-16,2.270740213068542e-12,7.007210718481727e-24,3.763771122628389e-16,1.2817809899809502,1.4617495427663578e-11,0.00020516580370543146,500000.0,611907.686540796
0.00017562393835914402,0.00011020447350161109,2.5954767569353105,329.4073818834998,0.0,0.05098990084493644,165.16236135753647,9.616063119185982e-17,0.0,0.00016374617297848265,55.06253724205189,1.4222464025776729e-15,1.939715532654539e-16,2.2616235860056096e-12,0.0,0.0,1.2770473288881716,1.4199290686500556e-11,0.0002051532595678295,500000.0,608643.0841295626
0.00017567672183778393,0.00011034260593256017,2.6381291332948846,328.86385233004455,0.0,0.050798644274910515,164.54286184184363,9.299829040665476e-17,0.0,0.0001631319853748094,54.85600583318961,1.4146680470882345e-15,1.931372583532496e-16,2.2524207908582675e-12,0.0,0.0,1.2722573138029887,1.3786800775293575e-11,0.00020514054177045392,500000.0,605347.0806041422
0.0001757295053164238,0.00011048293887576105,2.6788556789785134,328.3142989128415,0.0,0.050605319175305606,163.91666197809025,8.98843868079848e-17,0.0,0.00016251115487538222,54.64724063352628,1.4066619903964737e-15,1.9229670900948348e-16,2.2431398950669436e-12,0.0,6.962897129333956e-15,1.2674154911419364,1.3380522178555865e-11,0.00020512766130184915,500000.0,602022.9802284848
0.00017578228879506371,0.00011062537068927838,2.7176567818212973,327.75918533419707,0.0,0.05041010448204193,163.28434136411576,8.682318892525353e-17,0.0,0.00016188425610826147,54.4364348718783,1.3982529557224136e-15,1.9145068327792499e-16,2.233788830017197e-12,2.2628921261758228e-23,0.0,1.26252634239744,1.2980901759444505e-11,0.00020511462904883958,500000.0,598674.0208634228
0.00017583507227370362,0.00011076979979650546,2.7545348510300314,327.1989692869232,0.0,0.05021317632308905,162.64647050247873,8.381852444647227e-17,0.0,0.00016125185468421138,54.2237787448382,1.389465644712729e-15,1.9059994155785155e-16,2.2243753823862156e-12,0.0,2.1823105798801968e-14,1.257594278736515,1.2588338207616875e-11,0.00020510145578407995,500000.0,595303.370305713
0.00017592737275005818,0.0001110268531551186,2.8144146984315124,326.20842924247336,0.0,0.04986521562823028,161.51938914206147,7.871019487341636e-17,0.0,0.00016013443750750292,53.848027520932476,1.3732641981517425e-15,1.891031650902084e-16,2.2077873538301063e-12,0.0,4.948005176358815e-15,1.2488796040983328,1.1919868455806505e-11,0.00020507811319934023,500000.0,589366.3602414039
0.0001760196732264127,0.00011128916407240148,2.8684650614595286,325.20602347762957,0.0,0.04951344455483546,160.37996514874612,7.379994439382126e-17,0.0,0.0001590047835301595,53.46816145709015,1.356110659993041e-15,1.875980503579122e-16,2.1910714430061014e-12,2.076146529034518e-23,0.0,1.2400694953298848,1.1275587515344827e-11,0.00020505442778391312,500000.0,583388.416541971
0.00017611197370276727,0.00011155619677921456,2.9167384333845257,324.1940417235072,0.0,0.04915873183739931,159.23101247618655,6.909909257476881e-17,0.0,0.00015786568257751454,53.0851186812626,1.3381312285085341e-15,1.860882318681074e-16,2.174265660492669e-12,3.166797998718683e-23,0.0,1.2311857101244665,1.0656663409065523e-11,0.0002050304539583795,500000.0,577384.7544806793
0.0001762042741791218,0.00011182742104367424,2.959301813303032,323.17469759740993,0.0,0.04880191127404841,158.07523191515344,6.46155210411289e-17,0.0,0.000156719812282321,52.69979959467324,1.3194475773675304e-15,1.845771477868191e-16,2.157406330554653e-12,6.755547602005144e-23,0.0,1.2222491311917487,1.0063908647178446e-11,0.00020500624454680228,500000.0,571369.8008192794
0.00017629657465547636,0.00011210231344167692,2.9962353071778116,322.1501244323442,0.0,0.048443780028723606,156.91520559379018,6.03540081382152e-17,0.0,0.00015556973263219847,52.31306503828929,1.3001759364947373e-15,1.830680355100433e-16,2.1405280318578475e-12,0.0,0.0,1.2132797237333348,9.497815297908351e-12,0.00020498185066301133,500000.0,565357.173521613
0.0001763888751318309,0.00011238035849326995,3.0276307998216536,321.1223719308261,0.0,0.04808509739301346,155.75339296692124,5.631656523859826e-17,0.0,0.00015441788199332254,51.925734955720095,1.2804263852982877e-15,1.8156392952329445e-16,2.1236635578650307e-12,0.0,3.3956359101961617e-15,1.2042965044318275,8.958590600090217e-12,0.00020495732161728217,500000.0,559359.6705370126
0.00017648117560818544,0.00011266104968638134,3.053590667795385,320.0934035651811,0.0,0.047726583949606285,154.59212810637487,5.250277365052423e-17,0.0,0.00015326657442397108,51.53858748985339,1.2603023263977345e-15,1.8006766128247628e-16,2.106843894370995e-12,9.266705943326188e-22,8.562949646618858e-15,1.1953175204994615,8.44619220901218e-12,0.00020493270484163483,500000.0,553389.266467357
0.00017657347608454,0.00011294389039148359,3.0742265121233485,319.06509474083265,0.0,0.047368921103156415,153.43361818128605,4.891012503889678e-17,0.0,0.00015211799816786112,51.15235847621213,1.2399001224877e-15,1.7858186085270736e-16,2.090098212666355e-12,5.763998475889799e-21,6.305600505003365e-16,1.1863598379277012,7.960362344015904e-12,0.0002049080458344629,500000.0,547457.1163914985
0.00017666577656089456,0.0001132283946606111,3.0896579296456372,318.0392317187574,0.0,0.04701275095687109,152.2799430581561,4.553435486071954e-17,0.0,0.0001509742152576569,50.76774130962063,1.2193088884723388e-15,1.7710896011237232e-16,2.073453877239164e-12,3.295737285847308e-20,0.0,1.17743953839485,7.50066035069131e-12,0.00020488338812413133,500000.0,541573.5662413954
0.0001767580770372491,0.00011351408791095306,3.100011354080748,317.0175111604428,0.0,0.04665867650420962,151.1330559214158,4.2369754325299415e-17,0.0,0.00014983716213013955,50.38538715109058,1.1986104247757384e-15,1.7565119736127113e-16,2.056936466517077e-12,1.442342933262238e-26,1.5355604152894291e-16,1.1685717240641997,7.066493205285259e-12,0.00020485877324939928,500000.0,535748.1688080566
0.00017685037751360365,0.00011380050750247132,3.1054189674607278,316.0015403307649,0.0,0.04630726209413393,149.9947847805604,3.940945477638846e-17,0.0,0.00014870865112046706,50.00590543027621,1.1778792685960606e-15,1.7421062310474847e-16,2.040569804771304e-12,0.0,0.0,1.1597705292373686,6.657143813960729e-12,0.00020483424075425763,500000.0,529989.7046555172
0.00017694267798995818,0.00011408720322003536,3.1060176810945155,314.9928378050613,0.0,0.04595903412927654,148.86683473179042,3.664568599621913e-17,0.0,0.00014759037270445477,49.629864599469805,1.1571828393020982e-15,1.7278910673341022e-16,2.0243760033967013e-12,1.1591203731073862e-20,5.776439653825553e-16,1.151049137841542,6.271796695473919e-12,0.00020480982819554906,500000.0,524306.2069321407
0.00017703497846631273,0.0001143737376665049,3.1019481837757277,313.9928346101889,0.0,0.04561448196341428,147.75079086493236,3.4070009625785836e-17,0.0,0.00014648389838055594,49.25779310272342,1.1365816596964139e-15,1.713883439280958e-16,2.00837551009597e-12,0.0,1.606035650469017e-16,1.1424198059059716,5.9095611581148906e-12,0.00020478557116224537,500000.0,518704.9893297451
0.0001771272789426673,0.00011465968657103497,3.0933540590126305,313.0028757729016,0.0,0.04527405896899028,146.64812172108586,3.167352623045759e-17,0.0,0.00014539068409783712,48.89018052857408,1.1161296388816365e-15,1.7000986464986342e-16,1.9925871646804045e-12,1.2772800590147626e-21,0.0,1.1338938882966991,5.5694919015726996e-12,0.00020476150330513393,500000.0,513192.6765966611
0.00017721957941902182,0.00011494463901814949,3.0803809738336385,312.02422223747755,0.0,0.04493818374582096,145.5601832077733,2.9447054762105155e-17,0.0,0.00014431207413755567,48.52747891529326,1.095874402645832e-15,1.6865504154890772e-16,1.977028260223873e-12,0.0,0.0,1.1254818689887767,5.2506071195961086e-12,0.0002047376563754072,500000.0,507775.23702390876
0.00017731187989537638,0.0001152281976048424,3.063175939256475,311.05805308334544,0.0,0.04460724144236789,144.4882228787462,2.7381285524132757e-17,0.0,0.0001432493053562759,48.17010417770707,1.0758576575177306e-15,1.6732509863496546e-16,1.9617146083350527e-12,9.192834795626641e-20,2.175529612368158e-15,1.117193394158052,4.951904089281484e-12,0.0002047140602707107,500000.0,502458.0163026198
0.0001774041803717309,0.00011550997853295322,3.0418866388899746,310.10546800034905,0.0,0.04428158516320553,143.43338449307393,2.5466909259234973e-17,0.0,0.00014220351170588018,47.818437627124815,1.0561155753584717e-15,1.6602112008970688e-16,1.9466606074277843e-12,0.0,0.0,1.1090373074324074,4.672372725439085e-12,0.00020469074308736832,500000.0,497245.7722509233
0.00017749648084808547,0.00011578961164309584,3.01666082530646,309.1674899239873,0.0,0.043961537439818114,142.39671277906444,2.3694724406489087e-17,0.0,0.00014117572895662217,47.47282755955534,1.0366791885478389e-15,1.647440591232104e-16,1.931879313022329e-12,9.669462867539346e-19,1.717688208083665e-14,1.1010216867266789,4.411006826268526e-12,0.00020466773117770775,500000.0,492142.709884577
0.00017758878132444002,0.0001160667403955426,2.987645773950683,308.2450679472518,0.0,0.04364739174450977,141.37915833866978,2.2055724590051098e-17,0.0,0.00014016689955954163,47.13359089075885,1.0175747882034724e-15,1.6349474677902255e-16,1.9173825092461165e-12,0.0,0.0,1.0931538821640738,4.1668135110972104e-12,0.00020464504921149994,500000.0,487152.5167106692
0.00017768108180079455,0.00011634102180422852,2.954987819196852,307.33907993450117,0.0,0.04333941402977526,140.38158263167227,2.0541167535904853e-17,0.0,0.00013917787758769317,46.80101481789625,9.988243188625797e-16,1.622739005662291e-16,1.903180780756608e-12,1.4482435907254178e-17,2.0156613097142497e-13,1.0854405546136243,3.938820736324724e-12,0.00020462272024049244,500000.0,482278.3970540772
0.0001777733822771491,0.00011661212632876041,2.9188319076700924,306.4503360255256,0.0,0.0430378442749584,139.40476298985627,1.914262827683438e-17,0.0,0.00013820943370764736,46.475358491175264,9.804457639528536e-16,1.610821329519073e-16,1.889283584453988e-12,8.867097462943898e-25,3.8457515961639326e-17,1.0778877144614618,3.7260837984489136e-12,0.00020460076576522872,500000.0,477523.10709302506
0.00017786568275350364,0.00011687973772951313,2.879321238226986,305.57958155645645,0.0,0.04274289803164103,138.44939761628132,1.7852038290960748e-17,0.0,0.00013726226013579428,46.15685468052957,9.62453517054871e-16,1.5991995957168733e-16,1.875699320425877e-12,5.789334503160736e-20,4.682708897258614e-16,1.0705007602635626,3.5276896815438296e-12,0.00020457920580330212,500000.0,472888.98806683253
0.0001779579832298582,0.00011714355289147345,2.8365969547365006,304.7274999612724,0.0,0.0424547679476046,137.5161105280301,1.6661712846640882e-17,0.0,0.0001363369755385791,45.84571142345343,9.448587363813885e-16,1.5878780712683816e-16,1.8624354016086923e-12,8.1390691228968e-20,5.074761675186416e-16,1.063284516965415,3.3427608358479574e-12,0.0002045580589583923,500000.0,468377.99841981713
0.00017805028370621276,0.00011740328162162226,2.7907978743496606,303.89471589889814,0.0,0.042173625266051215,136.605456408883,1.5564368342833252e-17,0.0,0.00013543412984358616,45.54211364280698,9.276696803117738e-16,1.5768602098273435e-16,1.8494983217570166e-12,0.0,0.0,1.0562432734221614,3.1704577176540494e-12,0.0002045373424894692,500000.0,463991.7451443639
0.0001781425841825673,0.0001176586464234137,2.7420602555289753,303.0817984368788,0.0,0.04189962128805945,135.71792534703326,1.4553131128176e-17,0.0,0.00013455420893670322,45.246224726296276,9.108920223263326e-16,1.5661487242228983e-16,1.83689372142687e-12,4.487216757578104e-19,2.5281697212326767e-15,1.0493808190311469,3.0099804119877457e-12,0.0002045170723796476,500000.0,459731.51397390204
0.00017823488465892184,0.00011790938225171335,2.6905176097061236,302.2892641359606,0.0,0.04163288879334883,134.85394743733647,1.3621539273689454e-17,0.0,0.00013369763922493563,44.95818806079081,8.945291444094054e-16,1.5557456551882174e-16,1.824626451736808e-12,0.0,0.0,1.0427004793168988,2.86056960540747e-12,0.00020449726340425798,500000.0,455598.2981340877
0.0001783271851352764,0.00011815523625202948,2.636300554570515,301.5175799867956,0.0,0.041373543413473504,134.01389722927144,1.2763538693861346e-17,0.0,0.00013286479204619874,44.67812851520388,8.785824086774288e-16,1.5456524363510952e-16,1.8127006356930327e-12,0.0,0.0,1.03620515032308,2.7215068892253344e-12,0.0002044779291977387,500000.0,451592.8255457087
0.00017841948561163093,0.00011839596748782986,2.5795367014555257,300.76716626375196,0.0,0.041121684952549704,133.19809800497208,1.1973474804731455e-17,0.0,0.0001320559879106368,44.406153866721276,8.630514074434612e-16,1.5358699555563427e-16,1.8011197269056197e-12,5.863549038051478e-19,1.2549007341854922e-15,1.0298973316905442,2.592114553039135e-12,0.00020445908231900037,500000.0,447715.584561957
0.0001785117860879855,0.00011863134665874054,2.5203505645361277,300.03839723490546,0.0,0.04087739865255861,132.40682587770502,1.1246080578155598e-17,0.0,0.0001312715005639694,44.1423561671692,8.479341923029568e-16,1.5263986129934224e-16,1.7898865656082747e-12,0.0,0.0,1.0237791583470515,2.471754758546971e-12,0.00020444073431506306,500000.0,443966.84518039925
0.0001785228269950358,0.00011865913369799055,2.513114335487804,299.95268757649615,0.0,0.040848687920757965,132.3138284308975,1.116303160721676e-17,0.0,0.0001311793005258548,44.11135227901669,8.461534498002496e-16,1.525286496490402e-16,1.7885662640182379e-12,0.0,0.0,1.0230600953591582,2.4579335083468766e-12,0.0002044385734594683,500000.0,443527.0338407485
0.0001785338679020861,0.00011868684066190902,2.505845390159622,299.86729211111316,0.0,0.04082008669096763,132.2211856737143,1.1080800863408004e-17,0.0,0.00013108745213607,44.08046663881421,8.443785756858813e-16,1.5241788316372036e-16,1.7872509748794255e-12,3.2801079921766763e-19,2.7185915497239435e-16,1.022343774857104,2.4442318107072393e-12,0.00020443641991208788,500000.0,443089.06119751354
0.00017854490880913642,0.00011871446719040644,2.4985439325517826,299.78221146273415,0.0,0.04079159507160844,132.12889795735583,1.0999380377210486e-17,0.0,0.0001309959557428045,44.04969936364647,8.42609562957731e-16,1.523075617986667e-16,1.7859407014839044e-12,0.0,0.0,1.021630199556398,2.4306486826101642e-12,0.00020443427369000767,500000.0,442652.9273277055
0.00017856727726078402,0.00011877018944757098,2.4836526391620226,299.6108087776362,0.0,0.040734208565951835,131.94301629457308,1.0836876846468959e-17,0.0,0.00013081166792650695,43.98772933672266,8.390435480160233e-16,1.520854191310865e-16,1.783301525620592e-12,0.0,0.0,1.020192949089601,2.403489292721986e-12,0.00020442994805004928,500000.0,441774.97322449327
0.00017858964571243162,0.00011882557714205794,2.468630416160478,299.440705745194,0.0,0.0406772732420047,131.7585960614342,1.0677601973471629e-17,0.0,0.0001306288290087921,43.926246527489035,8.35501498459359e-16,1.518651026464737e-16,1.7806829752294993e-12,0.0,2.7071063668534336e-15,1.0187669985025554,2.376804783631561e-12,0.0002044256526844706,500000.0,440904.5663730625
0.00017861201416407923,0.00011888062736391823,2.453478936476138,299.27190739152053,0.0,0.04062078991102205,131.57563988575592,1.0521492267293353e-17,0.0,0.00013044744159494405,43.86525181201842,8.319833478023017e-16,1.5164661161358338e-16,1.7780850739185974e-12,0.0,3.561418125021491e-15,1.017352368113736,2.3505874137538658e-12,0.0002044213877286438,500000.0,440041.70633819315
0.00017863438261572683,0.00011893533724050084,2.438199861891785,299.10441845374766,0.0,0.040564759345350906,131.39415026932875,1.036848546035829e-17,0.0,0.00013026750816530234,43.80474602436847,8.284890260865861e-16,1.5142994516925544e-16,1.7755078436756696e-12,0.0,0.0,1.0159490772671722,2.3248295338415438e-12,0.00020441715331501675,500000.0,439186.3919053236
0.00017865675106737444,0.00011898970393619548,2.422794843432192,298.93824343087095,0.0,0.04050918227935011,131.21412959082727,1.0218520484380126e-17,0.0,0.00013008903107814503,43.744729957551925,8.250184600328569e-16,1.5121510233308597e-16,1.7729513049079019e-12,4.394703009891872e-25,4.754896313847051e-15,1.0145571443549328,2.2995236183109736e-12,0.0002044129495731654,500000.0,438338.6211705546
0.00017869119033382043,0.00011907273145811669,2.3988342795945035,298.6849733948669,0.0,0.04042450205980693,130.939840360088,9.993438195714786e-18,0.0,0.0001298170937465661,43.65328623599662,8.19721319092254e-16,1.5088788534451903e-16,1.7690556626473374e-12,4.474281882112381e-25,0.0,1.0124363201756563,2.2614283109497224e-12,0.00020440653759880667,500000.0,437048.1059244422
0.00017872562960026642,0.00011915492880687372,2.374584989182766,298.4348440715101,0.0,0.04034090087179512,130.6690462377382,9.775211557850444e-18,0.0,0.00012954862155449326,43.56300772868446,8.144800154265982e-16,1.505649840808834e-16,1.7652091753163223e-12,2.5353218807201304e-40,0.0,1.010342520427351,2.224360424991264e-12,0.00020440019908077154,500000.0,435775.45647674514
0.0001787600688667124,0.00011923628614042678,2.350052847811016,298.18787049461827,0.0,0.040258380895976234,130.4017542873462,9.563633659958747e-18,0.0,0.0001292836215049257,43.4738967904982,8.092942399092614e-16,1.5024639346603676e-16,1.7614118966880162e-12,0.0,2.1958964396156807e-15,1.008275799726033,2.188294183425773e-12,0.0002043939344536031,500000.0,434520.6595691645
0.0001787945081331584,0.00011931679381800046,2.3252436701539736,297.9440671201554,0.0,0.0401769441235388,130.13797095880074,9.358503777349796e-18,0.0,0.00012902209999244828,43.38595557172944,8.041636684147703e-16,1.4993210786682317e-16,1.757663872706624e-12,1.3265249323067337e-24,0.0,1.006236207942719,2.153204473110116e-12,0.0002043877441370113,500000.0,433283.6995471841
0.0001788492872543409,0.00011944307562293374,2.285225564000282,297.5628387612182,0.0,0.04004964686442638,129.72564009139782,9.045030921106957e-18,0.0,0.00012861330466531562,43.248490936586286,7.961158769654956e-16,1.4944105925985217e-16,1.7518038349519578e-12,0.0,1.3874851647121104e-15,1.0030480358402512,2.0993426035487027e-12,0.00020437805191212213,500000.0,431352.8942606014
0.0001789040663755234,0.0001195671469920689,2.2445439369924727,297.1897183349861,0.0,0.03992510101665322,129.32222136656432,8.746627822100105e-18,0.0,0.00012821334506338562,43.113997469802285,7.882054660557202e-16,1.4896085931299526e-16,1.7460686243159871e-12,1.0998025431847805e-23,0.0,0.9999287730690015,2.0477945004898758e-12,0.00020436855027292412,500000.0,429467.0861550541
0.0001789588454967059,0.0001196889721967568,2.203221250878955,296.82475457133154,0.0,0.03980331189482565,128.9277319995124,8.462577661630715e-18,0.0,0.0001278222382542595,42.982480910658765,7.8043093347561995e-16,1.4849147776642932e-16,1.7404583147275538e-12,0.0,1.3497736575510474e-15,0.9968785527382378,1.9984689402878582e-12,0.00020435924069056694,500000.0,427626.1779759331
0.00017901362461788842,0.00011980851672803269,2.161279588773961,296.46799258505297,0.0,0.039684283821515794,128.54218599213152,8.192198284992959e-18,0.0,0.00012743999811976815,42.853945927165746,7.727907113094676e-16,1.4803288172270405e-16,1.7349729395668314e-12,2.6959093779101853e-22,0.0,0.9938974831115908,1.9512785364150025e-12,0.00020435012455329883,500000.0,425830.06040906766
0.00017906840373907093,0.00011992574727530566,2.118740659383115,296.1194740385189,0.0,0.03956802019042176,128.1655943375034,7.934840746391612e-18,0.0,0.00012706663555873225,42.72839618424396,7.652831741174896e-16,1.4758503589806894e-16,1.7296124943902866e-12,8.807463378296606e-21,0.0,0.990985649188357,1.906139625338568e-12,0.00020434120317005234,500000.0,424078.61319748434
0.00017912318286025344,0.00012004063170660015,2.075625801331244,295.779237289802,0.0,0.03945452352574685,127.79796521230256,7.689887950853185e-18,0.0,0.0001267021586777145,42.60583440786828,7.57906646128286e-16,1.4714790285530006e-16,1.7243769394880664e-12,-2.43756110896596e-35,0.0,0.9881431141911742,1.8629721539801945e-12,0.00020433247777368096,500000.0,422371.70617853955
0.00017921554239913278,0.000120228932800095,2.001686687983598,295.22443567912205,0.0,0.0392694339904702,127.19843830506665,7.303359521671354e-18,0.0,0.00012610777242739709,42.40596155313827,7.45761413680206e-16,1.464350285293502e-16,1.7158321910499882e-12,1.3306644446494043e-28,7.856829929932484e-18,0.9835075287634987,1.7944429690599628e-12,0.0002043182134297374,500000.0,419594.2655719241
0.00017930790193801212,0.0001204103358240591,1.926268064497993,294.69342492557587,0.0,0.03909221815535982,126.62441524140452,6.947813021241709e-18,0.0,0.00012553867133737416,42.214591279293714,7.339752351850402e-16,1.4575229577564362e-16,1.7076417129067547e-12,1.1366981779788383e-22,0.0,0.979069140899759,1.7309564519894614e-12,0.00020430451460719465,500000.0,416942.3251766784
0.00017940026147689146,0.0001205847085807204,1.849465321787993,294.1863311432319,0.0,0.03892287403686469,126.07588959826033,6.62084240707085e-18,0.0,0.00012499484903966495,42.03172144498855,7.225394136982128e-16,1.4509949414864312e-16,1.6998047498419275e-12,0.0,0.0,0.9748279009364228,1.6721929505251475e-12,0.00020429138589574003,500000.0,414415.11524229334
0.00017949262101577077,0.00012075192755209,1.7713711156203191,293.7032590493351,0.0,0.03876139490783709,125.55283958734718,6.32024433086442e-18,0.0,0.00012447628393280678,41.857344786350055,7.11445098654172e-16,1.4447640465554784e-16,1.692320359305279e-12,3.3034923748988324e-22,0.0,0.9707836404048782,1.6178571135383795e-12,0.00020427883140056445,500000.0,412011.8239993506
0.0001795849805546501,0.00012091187762992907,1.692075469279703,293.2442936002477,0.0,0.03860776993130091,125.05523010801275,6.044002371119855e-18,0.0,0.00012398294121711805,41.69144960137196,7.006833501296206e-16,1.4388280207717802e-16,1.6851874383245704e-12,3.1127708684238314e-21,1.180931023252642e-16,0.966936087904339,1.5676764794058639e-12,0.00020426685478156715,500000.0,409731.60802605306
0.00017967734009352945,0.00012106445189269039,1.611665872026889,292.80950129522716,0.0,0.03846198471091808,124.5830145302866,5.790273664052535e-18,0.0,0.00012351477466245774,41.53402034435439,6.902451862917772e-16,1.4331845691473055e-16,1.678404746762334e-12,0.0,0.0,0.9632848828884973,1.5214000885297088e-12,0.00020425545928418789,500000.0,407573.60099694575
0.0001797696996324088,0.00012120955139631309,1.530227380356123,292.3989313578144,0.0,0.03832402179342819,124.1361363223488,5.557376405816327e-18,0.0,0.0001230717282217391,41.38503816847642,6.801216233474795e-16,1.427831372096787e-16,1.6719709284527572e-12,9.40409746405815e-21,3.439086770064718e-16,0.9598295882492291,1.4787971650572998e-12,0.00020424464776730428,500000.0,405536.9215222407
0.0001798620591712881,0.00012134708495500235,1.4478427274829229,292.0126169659697,0.0,0.03819386114806019,123.71453060342304,5.343777321895543e-18,0.0,0.00012265373757050784,41.244481443506174,6.703037141165667e-16,1.4227661026201843e-16,1.6658845313034414e-12,0.0,0.0,0.9565697023236781,1.439655863400636e-12,0.0002042344227320505,500000.0,403620.68060730863
0.00017995441871016744,0.00012147696892142122,1.3645924397201963,291.6505764529349,0.0,0.038071480615720174,123.31812559873067,5.148079692286772e-18,0.0,0.00012226073154941874,41.11232624085967,6.607825832801998e-16,1.4179864413651897e-16,1.6601440260547847e-12,5.779062404392707e-20,1.711547036864792e-15,0.9535046701440576,1.4037821150687612e-12,0.00020422478635013006,500000.0,401823.9885654955
0.00018010595147519414,0.00012167329878273564,1.2263352451127443,291.10917275173273,0.0,0.0378874832888805,122.7221365379999,4.862490025182527e-18,0.0,0.00012166985281025368,40.913632848586424,6.457813000803392e-16,1.4107572034880222e-16,1.651470767790173e-12,2.6990381847257556e-20,3.453680002766706e-16,0.9488964396014911,1.351543354055421e-12,0.00020421025606254733,500000.0,399132.83951703744
0.00018025748424022083,0.00012184853882025669,1.0862934116045742,290.63306524862367,0.0,0.03772425114537351,122.19340839066803,4.616761328387584e-18,0.0,0.00012114565825427499,40.737363188442096,6.315173119420153e-16,1.40428066372565e-16,1.6437170376250098e-12,3.011886923183579e-20,4.061326971615064e-16,0.9448082753081989,1.306934994386577e-12,0.000204197321888588,500000.0,396757.28701907763
0.00018040901700524755,0.00012200244314803423,0.9447891762427524,290.22211916439153,0.0,0.03758166522003291,121.73155581835144,4.406682123234921e-18,0.0,0.00012068776584718866,40.58338879466152,6.179537187251784e-16,1.3985472406756602e-16,1.6368753978596017e-12,4.0014324273758915e-20,3.078713274712154e-16,0.9412371977999107,1.2693658674309358e-12,0.00020418598865314444,500000.0,394693.6298180822
0.00018056054977027425,0.00012213481381858103,0.8021333114928674,289.8761264878867,0.0,0.03745960355433052,121.33618378644042,4.2286918846578164e-18,0.0,0.00012029578394161589,40.45157796891001,6.050548750585063e-16,1.39354780427105e-16,1.630938361372262e-12,0.0,0.0,0.9381801526404342,1.2383377958163142e-12,0.0002041762595631658,500000.0,392938.34320084745
0.00018071208253530094,0.00012224549922421526,0.6586265517314613,289.59481344051784,0.0,0.03735794376302116,121.00689587782676,4.079804938849667e-18,0.0,0.00011996931951953366,40.34179855194966,5.927864905980413e-16,1.3892737485712506e-16,1.6258984936406721e-12,1.918132519372638e-20,2.2108878077574336e-15,0.9356340747039985,1.2134372220487512e-12,0.0002041681363644026,500000.0,391488.1136126791
0.00018086361530032764,0.0001223343926735087,0.5145610037074697,289.3778469715504,0.0,0.03727656510835739,120.7433010116274,3.9575440962001815e-18,0.0,0.00011970798485339053,40.25392016355616,5.811157038349384e-16,1.3857170471865844e-16,1.6217484934828576e-12,1.802373410680546e-19,2.632498586544939e-15,0.9335959401249184,1.194328106921183e-12,0.00020416161947241774,500000.0,390339.8656474608
0.00018101514806535433,0.00012240143116658928,0.3702215356294334,289.2248401365839,0.0,0.03721535009597181,120.5450186124697,3.859884765682834e-18,0.0,0.00011951140263107182,40.18781592587749,5.700111297587924e-16,1.382870290564469e-16,1.618481253163598e-12,1.190451358655358e-19,0.0,0.9320628062668789,1.1807459731795391e-12,0.0002041567080746763,500000.0,389490.7816472349
0.00018116668083038102,0.0001224465943971361,0.22588714913890764,289.1353560465128,0.0,0.03717418559718676,120.4116822457793,3.785209815063619e-18,0.0,0.00011937920956000295,40.14336367538157,5.594428802890705e-16,1.380726706243178e-16,1.616089898092165e-12,0.0,1.2769801331737313e-15,0.9310318398312225,1.1724930000302227e-12,0.00020415340019925985,500000.0,388938.31377366435
0.00018131821359540775,0.0001224699039746937,0.08183231970749899,289.1089107180939,0.0,0.037152963527664035,120.34294181614243,3.732273579825056e-18,0.0,0.00011931105854666725,40.12044669575594,5.493825653243894e-16,1.3792801645239071e-16,1.6145678074393139e-12,6.605191404830536e-20,2.592468961444666e-16,0.9305003338548772,1.1694341462330092e-12,0.00020415169275193317,500000.0,388680.1894916318
0.00018146974636043444,0.00012247142284538075,-0.06167169471108461,289.1449748636443,0.0,0.03715158112019761,120.33846445090175,3.700173201205302e-18,0.0,0.00011930661957263105,40.11895401248458,5.398032849665254e-16,1.3785251702851675e-16,1.6139086173397848e-12,8.112943411442527e-21,0.0,0.9304657145423648,1.1714941667412459e-12,0.00020415158152606235,500000.0,388714.41102717206
0.00018162127912546114,0.0001224512548997227,-0.2043555793480636,289.2429746525858,0.0,0.037169940813588424,120.39793414027793,3.6883266177518206e-18,0.0,0.00011936557933774872,40.138780272870164,5.306796188474203e-16,1.3784568413954703e-16,1.614106207654987e-12,0.0,2.8001230401579156e-16,0.9309255384832049,1.1786555247917748e-12,0.00020415306118760955,500000.0,389039.2491388766
0.00018177281189048783,0.00012240954476814902,-0.3459507275771917,289.4022914828009,0.0,0.037207949763448364,120.52105015282366,3.696457266882992e-18,0.0,0.00011948763968920179,40.17982521777133,5.21987614409613e-16,1.3790708746570525e-16,1.6151546725592434e-12,0.0,2.2325889129383893e-16,0.9318774804000853,1.1909571138602853e-12,0.0002041561252348798,500000.0,389653.2313314
0.00018192434465551452,0.00012234647780372978,-0.4861880482744906,289.62226075823156,0.0,0.0372655189763941,120.70752423100413,3.724585294189988e-18,0.0,0.00011967251484112548,40.24199274665318,5.137047760759028e-16,1.3803634992942282e-16,1.6170482750265712e-12,0.0,1.5531420301580882e-16,0.9333193114648848,1.2084937334547604e-12,0.00020416076593259572,500000.0,390555.1244930685
0.00018207587742054122,0.000122262280244797,-0.6247968190623368,289.90216969212236,0.0,0.03734256207038483,120.957076575827,3.7730246857680205e-18,0.0,0.00011991992739366924,40.32518957892604,5.058100588911936e-16,1.3823314174988827e-16,1.6197813853569297e-12,6.714014932259058e-20,5.137817805315941e-16,0.9352488682515449,1.2314162834918359e-12,0.00020416697422095676,500000.0,391743.91194046603
0.00018222741018556794,0.00012215721954699025,-0.761503590379274,290.2412541758669,0.0,0.03743899366204295,121.26943062322542,3.842385882283022e-18,0.0,0.00012022960315417066,40.42932351247359,4.982838705115074e-16,1.3849717321507963e-16,1.6233484038041758e-12,7.926628064351913e-20,9.663101995387192e-17,0.9376640123466864,1.2599326267467855e-12,0.00020417473960071154,500000.0,393218.7648188759
0.00018237894295059464,0.00012203160487568315,-0.8960311454089827,290.6386947196186,0.0,0.037554727376084236,121.64430659638967,3.933583777427515e-18,0.0,0.00012060126474477304,40.55430127410146,4.911080844635088e-16,1.3882818614480166e-16,1.6277436671264848e-12,0.0,0.0,0.9405625804957689,1.2943090722714868e-12,0.000204184049994781,500000.0,394979.00766179396
0.00018253047571562133,0.00012188578775102664,-1.0280975221247062,291.0936114625982,0.0,0.037689673466672166,122.08141380109132,4.047851151601851e-18,0.0,0.00012103462396381097,40.70002595091939,4.84266066931444e-16,1.3922594397032549e-16,1.6329613386589405e-12,2.022648579397287e-20,5.994993341050304e-16,0.9439423250299794,1.3348724323279471e-12,0.0002041948915864945,500000.0,397024.0778066318
0.00018268200848064802,0.00012172016283648207,-1.1574151071307186,291.60505829754635,0.0,0.03784373603795768,122.580441622729,4.186757523079184e-18,0.0,0.00012152937286005416,40.866393988897585,4.777427194819844e-16,1.3969022035405344e-16,1.638995281408465e-12,6.487720231595927e-20,0.0,0.9478008442547416,1.3820125994325634e-12,0.00020420724863450104,500000.0,399353.4783618445
0.00018283354124567472,0.00012153516885922773,-1.2836898090766078,292.1720160818744,0.0,0.03801680984995005,123.14104918019076,4.352233320007486e-18,0.0,0.00012208517347528326,41.053291743627,4.715245405420868e-16,1.402207862715607e-16,1.645838913637499e-12,0.0,0.0,0.9521355024526266,1.4361855634153753e-12,0.00020422110326467563,500000.0,401966.7242736856
0.00018298507401070141,0.00012133128964892078,-1.4066203231441543,292.79338495269695,0.0,0.03820877669468406,123.76285358789004,4.546599305932269e-18,0.0,0.00012270164620697196,41.26059156706644,4.655997085444025e-16,1.4081739546763474e-16,1.6534850463695156e-12,0.0,2.708424071059298e-16,0.956943339124569,1.497916795183293e-12,0.00020423643523946852,500000.0,404863.281052936
0.00018313660677572814,0.00012110905527982493,-1.5258975011188154,293.46797578481795,0.0,0.038419501326729895,124.44541677424716,4.772601217342426e-18,0.0,0.00012337835673979452,41.48814741303138,4.599581895293347e-16,1.414797681826095e-16,1.6619257022268095e-12,1.50057393173193e-20,0.0,0.962220967069413,1.5678048821147572e-12,0.00020425322170517304,500000.0,408042.49570828007
0.00018328813954075483,0.00012086904329946117,-1.6412038417511186,294.1945007960475,0.0,0.03864882693218725,125.188230805269,5.033449483674707e-18,0.0,0.0001241148014950485,41.73578994430583,4.545918719230789e-16,1.4220757304588116e-16,1.671151915037356e-12,0.0,5.667784033623565e-18,0.9679644589047629,1.6465252723979737e-12,0.00020427143691771854,500000.0,411503.51935529953
0.00018343967230578152,0.00012061188002434294,-1.7522131196010633,294.97156333384135,0.0,0.03889657012200444,125.99070166738123,5.332863720659359e-18,0.0,0.00012491039155254152,42.00332112609339,4.494947312136045e-16,1.4300040704168291e-16,1.681153509745014e-12,2.871728668885654e-24,7.574509461160547e-18,0.9741692216746746,1.7348339560713912e-12,0.00020429105194783365,500000.0,415245.22100119805
0.00018359120507080822,0.00012033824188025188,-1.8585901728585843,295.7976468866286,0.0,0.03916251543875698,126.85213147428968,5.6751214534250954e-18,0.0,0.00012576443501002022,42.290508294064246,4.446630271733443e-16,1.438577734557459e-16,1.691918862325784e-12,7.68762960070454e-22,0.0,0.9808298592718163,1.833570849434748e-12,0.0002043120343667901,500000.0,419266.0920315522
0.00018374273783583491,0.00012004885676115743,-1.959990873193867,296.6711033777259,0.0,0.0394464093708579,127.77169907836416,6.065110234114673e-18,0.0,0.00012667611776080216,42.5970776904951,4.4009553598377193e-16,1.4477905772564097e-16,1.703434639651455e-12,0.0,2.596045845793235e-17,0.9879400225232868,1.9436625995522805e-12,0.00020433434791435745,500000.0,423564.1409833608
0.0001838942706008616,0.00011974450537736073,-2.056062301867207,297.5901408188149,0.0,0.03974795387478873,128.7484390884479,6.5083819613556505e-18,0.0,0.0001276444826914976,42.92270746913628,4.35793819103549e-16,1.4576350113699194e-16,1.7156855195582407e-12,1.430863735433516e-20,9.475324189365493e-19,0.9954922469547993,2.066124460577234e-12,0.00020435795215107352,500000.0,428136.7782823664
0.00018404580336588833,0.00011942602255920353,-2.1464431652629283,298.5528104158035,0.0,0.040066799415134746,129.7812193257814,7.01120750187739e-18,0.0,0.00012866840733123815,43.267020179370924,4.3176252977572436e-16,1.468101723770971e-16,1.7286538918077786e-12,2.0122748674373286e-20,0.0,1.0034777784782534,2.202060768121464e-12,0.00020438280209752744,500000.0,432980.69075286813
0.00018419733613091502,0.00011909429847823343,-2.2307644748203526,299.55699325706024,0.0,0.0404025375438295,130.86871678737472,7.580629282921757e-18,0.0,0.00012974658002115125,43.629574752780776,4.280097570945251e-16,1.4791793690985838e-16,1.742319541161976e-12,0.0,1.467696296865736e-16,1.0118863875387893,2.3526635753354224e-12,0.00020440884786413272,500000.0,438091.7059123672
0.00018434886889594172,0.0001187502797431813,-2.3086505238429473,300.600386740876,0.0,0.040754693054257635,132.00939223230034,8.224508619699884e-18,0.0,0.0001308774747185636,44.00985803061534,4.245474058129649e-16,1.4908542432064362e-16,1.7566593144404586e-12,0.0,1.5553153499506635e-16,1.0207061726141669,2.519208728182423e-12,0.0002044360342755752,500000.0,443464.64630280307
0.00018450040166096841,0.00011839497032311444,-2.379720197412019,301.68049092697174,0.0,0.041122715763427,133.20146356325643,8.951563359105661e-18,0.0,0.00013205932460680562,44.4072758896232,4.213916077780944e-16,1.503109937060129e-16,1.7716467742173173e-12,7.400726493427958e-20,0.0,1.0299233543990869,2.703048713329885e-12,0.0002044643004950652,500000.0,449093.1744122915
0.0001846519344259951,0.0001180294322447255,-2.4435886504356517,302.7945950335405,0.0,0.041505971996577955,134.44287824428415,9.771390444948381e-18,0.0,0.00013329009474943195,44.8211440465521,4.1856315792597435e-16,1.5159269746873049e-16,1.7872518427523571e-12,9.817068051316232e-20,2.457619360374782e-16,1.0395220625369812,2.905601446656596e-12,0.0002044935796546037,500000.0,454969.62912507943
0.00018472721269082262,0.00011784438227372814,-2.47252022506759,303.35979992763026,0.0,0.04170180834943074,135.07721661696223,1.0216363672424125e-17,0.0,0.00013391899397330927,45.03262249704879,4.1728755258818777e-16,1.5224959578161774e-16,1.7952233466470236e-12,0.0,1.668517101329915e-16,1.0444268127328769,3.0136350946480757e-12,0.00020450847910530702,500000.0,457978.3321360468
0.00018476971260220936,0.00011773896906048172,-2.488009225013836,303.68214097256435,0.0,0.04181391703721773,135.44035064943904,1.0479343106943397e-17,0.0,0.00013427901430476587,45.153685680072506,4.166072224362871e-16,1.526262145864113e-16,1.799785742838433e-12,0.0,0.0,1.0472345913469945,3.076895888699306e-12,0.00020451698976395124,500000.0,459702.51659914997
0.00018479714758526494,0.00011767057733291782,-2.4976788426099437,303.8914167519566,0.0,0.041886867779789214,135.676647213911,1.065376388330174e-17,0.0,0.0001345132847389711,45.23246324337978,4.1618374322127067e-16,1.5287150279377484e-16,1.802754125577066e-12,3.435182913585199e-20,1.0153900648339042e-16,1.0490616534810135,3.1186213632396254e-12,0.00020452252047523586,500000.0,460825.17255972186
0.0001848156903734334,0.00011762420399348158,-2.504066779799951,304.0333773947901,0.0,0.04193642894925655,135.83718203230652,1.077376371103353e-17,0.0,0.00013467244304791456,45.285983030463484,4.1590461598187946e-16,1.5303824234441145e-16,1.8047705720395353e-12,0.0,3.288235927446369e-17,1.0503029203125351,3.1472224644084783e-12,0.00020452627464382647,500000.0,461588.19179218763
0.00018483423316160183,0.0001175777133139799,-2.510334868395765,304.17574614298894,0.0,0.04198619404148612,135.99837738351906,1.0895491792640765e-17,0.0,0.00013483225622592114,45.33972302881396,4.1563128420429067e-16,1.5320574520495445e-16,1.8067951370666944e-12,0.0,0.0,1.05154929443159,3.176148995760933e-12,0.00020453004159301643,500000.0,462354.6032753637
0.00018485277594977028,0.00011753110752322674,-2.51648240602808,304.31851720303234,0.0,0.042036161416404066,136.1602279551815,1.1018969558869631e-17,0.0,0.00013499271900617468,45.393681467371394,4.1536381245073954e-16,1.5337400599774305e-16,1.8088277448516004e-12,8.80777420091172e-20,2.104950693809563e-16,1.0528007347625703,3.20540375171756e-12,0.00020453382116806488,500000.0,463124.3855126669
0.0001848713187379387,0.00011748438886306435,-2.5225086916972255,304.46168438275294,0.0,0.042086329408949553,136.3227283539933,1.114421865104937e-17,0.0,0.0001351538260416197,45.44785654809413,4.151022666228115e-16,1.535430192383964e-16,1.8108683185134164e-12,3.136619034455825e-20,1.2603249250965844e-16,1.054057199604087,3.2349894544069568e-12,0.00020453761321264909,500000.0,463897.5160624323
0.00018488986152610717,0.00011743755958834007,-2.528413025967324,304.60524111788584,0.0,0.04213669632884535,136.48587310497453,1.1271260887962799e-17,0.0,0.0001353155719042216,45.502246445709844,4.1484671398154697e-16,1.537127793502193e-16,1.8129167800891262e-12,0.0,0.0,1.0553186466231992,3.2649087618630715e-12,0.00020454141756885163,500000.0,464673.97157105285
0.00018492243134344923,0.00011735504456073884,-2.5384864619064236,304.8583175460791,0.0,0.042225640573655666,136.77397463872913,1.1498814084457504e-17,0.0,0.00013560120310481888,45.598294972123114,4.144125612070264e-16,1.5401274837064114e-16,1.8165336926594727e-12,1.0468930243251292e-18,1.5589766316256251e-15,1.0575462685280985,3.318276850413177e-12,0.00020454812911923305,500000.0,466045.7687403851
0.0001849550011607913,0.00011727220765651102,-2.54817772724807,305.11254070442084,0.0,0.04231518374868797,137.0640161876493,1.1732087469732173e-17,0.0,0.00013588875768587595,45.69499026912232,4.139974933149868e-16,1.543149725688312e-16,1.820174259773837e-12,3.140312911512738e-18,4.514862711813788e-15,1.0597888907706219,3.372697032079092e-12,0.0002045548772836136,500000.0,467427.62070749875
0.00018498757097813338,0.00011718906138418158,-2.5574830618580067,305.3678747319469,0.0,0.04240531611624865,137.35596621037186,1.1971202669988712e-17,0.0,0.0001361782043764824,45.79232182131236,4.1360190593395053e-16,1.5461941947192457e-16,1.82383803419929e-12,2.139880479454575e-18,2.5431668994842195e-15,1.0620462694706736,3.4281837651368286e-12,0.00020456166117002305,500000.0,468819.3925401321
0.00018502014079547544,0.00011710561837448887,-2.5663987211532864,305.624283460197,0.0,0.04249602768683524,137.64979234987217,1.2216282710475596e-17,0.0,0.00013646951109706084,45.89027884136939,4.13226208160811e-16,1.5492605560979723e-16,1.827524557938654e-12,0.0,0.0,1.0643181544413969,3.484751454561756e-12,0.00020456847987093774,500000.0,470220.94534598594
0.0001850527106128175,0.00011702189137984,-2.5749209774963275,305.88173029974274,0.0,0.04258730821540357,137.94546142135883,1.2467451946432583e-17,0.0,0.00013676264494736203,45.98885026600515,4.1287082271271377e-16,1.5523484651739044e-16,1.831233362083171e-12,2.6418725649669285e-18,5.7429581392850255e-15,1.0666042890955707,3.5424144211683683e-12,0.0002045753324631721,500000.0,471632.1360265578
0.00018508528043015957,0.00011693789327373442,-2.5830461224507952,306.140178120292,0.0,0.042679147197630864,138.24293940025586,1.2724835979645026e-17,0.0,0.00013705757219455235,46.08802475196042,4.1253618606506476e-16,1.5554575670946085e-16,1.83496396666688e-12,1.1087509558217417e-17,1.6051046026016904e-14,1.0689044103527134,3.6011868402544708e-12,0.00020458221800777842,500000.0,473052.8170188042
0.00018511785024750163,0.00011685363705011076,-2.5907704692890077,306.3995892435832,0.0,0.042771533866276475,138.54219141044155,1.2988561565676288e-17,0.0,0.00013735425826155799,46.18779067208393,4.1222274857951904e-16,1.5585874966901619e-16,1.8387158805249418e-12,1.203992684157598e-17,7.128880751901349e-15,1.0712182485481518,3.661082740661925e-12,0.00020458913554995877,500000.0,474482.8362105713
0.00018519193959060988,0.00011666108061111482,-2.6068294424045555,306.99307830643284,0.0,0.04298367466863812,139.22934210797467,1.3612780991517721e-17,0.0,0.0001380355169697688,46.41687592220471,4.1159119494207925e-16,1.5657829799032688e-16,1.8473273639335473e-12,1.3077980631406873e-24,4.115476799418026e-17,1.0765313474609153,3.8015910385510335e-12,0.00020460498547595761,500000.0,477769.7656349321
0.00018526602893371812,0.00011646741321556488,-2.620752896835037,307.59089398003255,0.0,0.04319845685845918,139.92504862725474,1.427200059488032e-17,0.0,0.0001387252581376285,46.64881354891573,4.1107750693812245e-16,1.5730796458393608e-16,1.8560403570717783e-12,0.0,0.0,1.081910600606437,3.9481437545469564e-12,0.00020462098418952835,500000.0,481102.26309737825
0.00018534011827682636,0.00011627279464060668,-2.6324989844256708,308.1925629091902,0.0,0.043415737878389274,140.6288492103137,1.4967762114342398e-17,0.0,0.000139423023966534,46.883449609362664,4.1068780621459743e-16,1.5804725687169827e-16,1.86484840719053e-12,0.0,0.0,1.0873524376387091,4.100893685586182e-12,0.0002046371195223144,500000.0,484478.2651675503
0.00018541420761993457,0.00011607738773130509,-2.642026769211227,308.7975980607984,0.0,0.04363536754657039,141.34025740251457,1.5701618696397853e-17,0.0,0.00014012833217296578,47.12062192720969,4.1042860010476186e-16,1.587956517827089e-16,1.8737447393987018e-12,0.0,0.0,1.0928530972552777,4.259985552591219e-12,0.0002046533788701399,500000.0,487895.57577739854
0.00018548829696304282,0.00011588135832492718,-2.649296370326188,309.4054986972407,0.0,0.04385718788265347,142.05876148903545,1.6475125667156916e-17,0.0,0.00014084067542980655,47.36015990477203,4.1030678207337465e-16,1.5955259492062504e-16,1.8827222503462825e-12,2.8558681023465113e-19,1.674106573615637e-16,1.0984086228401049,4.425554293738827e-12,0.00020466974919079346,500000.0,491351.8621884855
0.00018556238630615106,0.00011568487516890341,-2.654269101496965,310.01575035091264,0.0,0.044081032946304374,142.78382397179303,1.7289830640836484e-17,0.0,0.00014155952084775797,47.601884348630506,4.1032962924581744e-16,1.6031749976294347e-16,1.891773502486731e-12,2.6745059802747656e-19,1.8830207809696425e-16,1.1040148584191127,4.597723211449241e-12,0.00020468621700357736,500000.0,494844.6510996731
0.00018568553320810272,0.00011535775316953843,-2.6573527044949983,311.03384351292607,0.0,0.04445710081429611,144.00195549282745,1.8739242611735067e-17,0.0,0.00014276720747224438,48.00799026566038,4.107084983715471e-16,1.6160480632023904e-16,1.9069599500636034e-12,0.0,0.0,1.1134335394782406,4.898783854825135e-12,0.0002047137667341499,500000.0,500723.7825627038
0.00018580868011005438,0.00011503065674236366,-2.653826228201819,312.0544601544561,0.0,0.044837428720893927,145.2338859776764,2.0313474626640778e-17,0.0,0.0001439885747409905,48.418696540490075,4.115456984492782e-16,1.6290933436831178e-16,1.922290694309977e-12,0.0,1.0088368870775261e-17,1.1229589151238233,5.218779003037175e-12,0.00020474148061612194,500000.0,506683.5466304222
0.00018589871370107886,0.00011479200412755398,-2.6469786637092203,312.8007386583678,0.0,0.04511766108780331,146.14159438311384,2.154709939724186e-17,0.0,0.0001448884999799403,48.72131226630152,4.124707840633605e-16,1.6387208372015106e-16,1.933567214228178e-12,0.0,2.3058703248371927e-17,1.1299773821920718,5.464865262042024e-12,0.00020476180620362586,500000.0,511083.7308413985
0.00018598874729210333,0.00011455413274608526,-2.6364651085830686,313.54592230058495,0.0,0.04539930470791385,147.05387411942405,2.285314862698317e-17,0.0,0.00014579295735276608,49.02545200202291,4.136786359386974e-16,1.648408882963237e-16,1.9448825826132314e-12,1.570830044822818e-19,6.468689635888998e-17,1.1370311951212668,5.721252625982897e-12,0.00020478215389878624,500000.0,515513.61173571745
0.00018607878088312778,0.00011431737478337378,-2.622237743349355,314.2889330086249,0.0,0.045681962559226505,147.96943918996743,2.4233659755637083e-17,0.0,0.00014670067188963428,49.33068701657219,4.1518626499630076e-16,1.6581428751941502e-16,1.9562193471671127e-12,1.4839222105074404e-19,1.8345694656556133e-16,1.1441104104923325,5.987924165332928e-12,0.0002048024944510107,500000.0,519966.9515374096
0.00018616881447415225,0.00011408206653004263,-2.6042541154041294,315.02866758919663,0.0,0.045965219344961575,148.88694440393442,2.5690387955812548e-17,0.0,0.00014761030993410356,49.636568844460704,4.170111693825254e-16,1.6679074423343182e-16,1.967559312986123e-12,0.0,1.3501908185111553e-16,1.1512046271925878,6.264798131595477e-12,0.000204822797760158,500000.0,524437.1724155805
0.0001862588480651767,0.00011384854788705918,-2.582477620051735,315.7639992460235,0.0,0.04624864172972406,149.80498614127296,2.722474663335547e-17,0.0,0.00014852047990149316,49.94262954080806,4.1917121617047364e-16,1.6776864513845592e-16,1.9788835574079474e-12,1.8536219070454006e-19,0.0,1.1583029923302204,6.551721255191075e-12,0.00020484303291481634,500000.0,528917.3579786943
0.00018634888165620117,0.00011361716176984086,-2.5568780734331558,316.49377942211123,0.0,0.04653177877917459,150.72210377678888,2.883773790271323e-17,0.0,0.00014942973369077168,50.24838215611481,4.2168449341983505e-16,1.6874630228074995e-16,1.990172453983651e-12,8.088818176010613e-19,4.1657185359694555e-16,1.165394212245535,6.848461903469651e-12,0.00020486316823889,500000.0,533400.2581631506
0.00018643891524722562,0.00011338825348119218,-2.527432255067982,317.21683990000815,0.0,0.04681416252957773,151.6367815249365,3.052988509413618e-17,0.0,0.00015033656851352921,50.55332135128665,4.2456913891629343e-16,1.697219547600831e-16,2.001405702017881e-12,3.737554685660707e-19,1.2832411524810607e-15,1.1724665667750067,7.1547034363474334e-12,0.00020488317134595096,500000.0,537878.2966557326
0.0001865289488382501,0.00011316217007252179,-2.4941243921163867,317.931995131897,0.0,0.0470953086707135,152.5474506518041,3.230116809542061e-17,0.0,0.0001512394290869979,50.85692413507565,4.2784314905001494e-16,1.7069377155387778e-16,2.0125623608527342e-12,0.0,2.7959170097020816e-16,1.179507926354516,7.47003755375793e-12,0.0002049030092006962,500000.0,542343.5806905203
0.00018661898242927454,0.00011293925966799502,-2.456946629915892,318.638044825977,0.0,0.04737471738004663,153.45249217701988,3.415095691774122e-17,0.0,0.00015213671031279142,51.1586507648533,4.3152416502397195e-16,1.7165985353785264e-16,2.023620890623767e-12,4.178348437906876e-18,0.0,1.1865057729106774,7.793958443723163e-12,0.00020492264818776408,500000.0,546787.9137754056
0.000186709016020299,0.00011271987073172816,-2.4158995162787833,319.3337768077325,0.0,0.04765187434059805,154.35024017066215,3.6077943265331847e-17,0.0,0.00015302676054553617,51.45794584574853,4.3562923360650653e-16,1.7261823954586733e-16,2.0345592009288096e-12,1.1976129923364936e-17,7.497621884876145e-15,1.1934472253527781,8.125857432632566e-12,0.00020494205418845047,500000.0,551202.8118321454
0.00018679904961132346,0.00011250435128252735,-2.370992485691879,320.01797019227075,0.0,0.04792625194460121,155.2389856520544,3.808007225113347e-17,0.0,0.00015390788545824094,51.754239630444815,4.4017454322435006e-16,1.7356690560981595e-16,2.045354707409643e-12,4.556546865506945e-18,1.699148629298606e-14,1.2003190697185653,8.465018371289534e-12,0.0002049611926655239,500000.0,555579.5229143542
0.00018688908320234793,0.0001122930480691144,-2.322244316910754,320.68939885474884,0.0,0.048197310672991836,156.11698105808637,4.0154478435540196e-17,0.0,0.0001547783524723253,52.04694950884816,4.451751381514001e-16,1.7450378371492528e-16,2.055984395688699e-12,0.0,0.0,1.2071077937236485,8.810614117109416e-12,0.00020498002875598,500000.0,559909.0504360757
0.00018697911679337238,0.00011208630571132867,-2.2696835519645036,321.34683514308296,0.0,0.04846450064841295,156.9824452733372,4.2297428157754065e-17,0.0,0.00015563639574461556,52.33548168505127,4.506446138031845e-16,1.7542673350088544e-16,2.0664248924790537e-12,6.687170559768069e-17,0.0,1.213799625654724,9.161704159763504e-12,0.00020499852737146238,500000.0,564182.1798445532
0.0001870157623925972,0.00011200354172543857,-2.247207017280987,321.6101374511415,0.0,0.04857201682899275,157.33070468748255,4.318824466572701e-17,0.0,0.0001559816690003394,52.45158590388896,4.530078540126842e-16,1.7579791605317748e-16,2.070614797522938e-12,5.3799183959842744e-17,1.341666530121773e-14,1.2164923926423536,9.30594013521528e-12,0.0002050059519826215,500000.0,565903.1311417462
0.00018701957800047798,0.00011199497179566244,-2.244830895985182,321.6374047331685,0.0,0.04858316792741951,157.3668246019693,4.3281592972397034e-17,0.0,0.00015601747920377981,52.46362771607147,4.532585268856721e-16,1.7583640704508203e-16,2.0710489667897647e-12,2.52989544434157e-17,7.0221735275403944e-15,1.2167716744345352,9.320997551406804e-12,0.00020500672140219022,500000.0,566081.6674438561
0.0001870233936083588,0.00011198641094509808,-2.2424480323342393,321.66464369729783,0.0,0.048594310620190574,157.40291728986182,4.3375051862332255e-17,0.0,0.00015605326241408148,52.47566045133506,4.535100718183954e-16,1.7587486715249996e-16,2.0714827345834306e-12,0.0,0.0,1.2170507457087294,9.336062031258327e-12,0.00020500749012396745,500000.0,566260.0779036436
0.00018702583519516816,0.00011198093767876014,-2.2409197149171587,321.68205886192874,0.0,0.04860143633879253,157.4259984556968,4.343491352421055e-17,0.0,0.00015607614566992385,52.483355349506525,4.536714919558761e-16,1.7589946124966055e-16,2.0717600887611892e-12,2.3554750280334073e-17,6.492398240508443e-15,1.2172292109529448,9.345705379499381e-12,0.00020500798165751265,500000.0,566374.1754270091
0.00018702827678197754,0.00011197546814730896,-2.239388639541771,321.6994621914132,0.0,0.04860855858667953,157.44906837959397,4.349482017921027e-17,0.0,0.00015609901778022237,52.491046499792475,4.538332696725928e-16,1.7592404258054254e-16,2.072037277330404e-12,3.110779806907454e-17,6.231736618440393e-15,1.2174075892736835,9.355351545244452e-12,0.00020500847290353628,500000.0,566488.2206193062
0.00018703071836878693,0.0001119700023574767,-2.2378548076581484,321.7168534313485,0.0,0.04861567735255422,157.47212702501665,4.355477171060189e-17,0.0,0.00015612187870875412,52.49873389001216,4.539954051624073e-16,1.7594861112215013e-16,2.072314299815291e-12,0.0,0.0,1.217585880388459,9.365000450578156e-12,0.00020500896386133562,500000.0,566602.2128822161
0.0001870331599555963,0.00011196454031599213,-2.2363182204512655,321.7342324585226,0.0,0.048622792625167686,157.49517435542236,4.361476799677239e-17,0.0,0.00015614472841928972,52.50641750798291,4.541578986183286e-16,1.7597316684006345e-16,2.072591155740113e-12,1.0918848581911291e-17,1.2732015809513777e-14,1.2177640840146895,9.374652004128406e-12,0.00020500945453020777,500000.0,566716.1518494489
0.00018703560154240568,0.00011195908202958132,-2.23477887884936,321.7515992797427,0.0,0.04862990439323518,157.51821033426015,4.36748089124021e-17,0.0,0.0001561675668755912,52.514097341519175,4.54320750232179e-16,1.7599770969379855e-16,2.072867844629094e-12,1.2425131986724958e-16,2.985337244145156e-14,1.2179421998697606,9.384306143632096e-12,0.0002050099449094498,500000.0,566830.0373848302
0.00018704076219453679,0.00011194755752669482,-2.2315161961438905,321.78826622661535,0.0,0.048644924575867284,157.566862738913,4.380186048613537e-17,0.0,0.00015621580210907363,52.53031728908482,4.546661404265898e-16,1.7604954212096422e-16,2.0734521154210355e-12,1.0899857144489338e-16,0.0,1.2183183837828222,9.404719914168494e-12,0.00020501098044174135,500000.0,567070.5743108502
0.0001870459228466679,0.00011193604989309391,-2.228241223849143,321.82487827021373,0.0,0.048659928944360914,157.6154639217042,4.392910966852771e-17,0.0,0.00015626398655991258,52.54652016008627,4.550131333193737e-16,1.761013165512383e-16,2.0740356333595747e-12,0.0,0.0,1.2186941716451978,9.425144845453774e-12,0.00020501201467033309,500000.0,567310.8698049379
0.000187051083498799,0.00011192455919217983,-2.2249539703782246,321.8614354041413,0.0,0.04867491739244537,157.66401353708446,4.4056555244557474e-17,0.0,0.00015631211988550777,52.56270583932279,4.553617306601385e-16,1.761530326077852e-16,2.07461839394871e-12,5.859593260281734e-17,0.0,1.2190695607846667,9.445580809584767e-12,0.00020501304758859063,500000.0,567550.9224531307
0.00018705624415093008,0.00011191308548730698,-2.22165444494218,321.8979374249767,0.0,0.048689889813695174,157.71251123930784,4.418419599913441e-17,0.0,0.00015636020174306816,52.578874211528124,4.5571193417067e-16,1.7620468990597902e-16,2.0752003926908117e-12,1.9629429772260446e-16,0.0,1.2194445485275816,9.46602758326537e-12,0.00020501407918988043,500000.0,567790.7304909413
0.0001870614048030612,0.00011190162884178031,-2.218342657764642,321.9343839875447,0.0,0.04870484610136658,157.76095668244454,4.4312030710101584e-17,0.0,0.00015640823178962867,52.59502516137472,4.560637455454938e-16,1.762562880530402e-16,2.0757816250868887e-12,0.0,1.6423164774094754e-14,1.2198191321991338,9.486484873414326e-12,0.0002050151094675696,500000.0,568030.2919009114
0.00018706927765386024,0.00011188418412324295,-2.213266751889349,321.98987768394227,0.0,0.048727631395532926,157.83476133941272,4.4507420240341343e-17,0.0,0.00015648140360684145,52.61963047481504,4.566035538211048e-16,1.7633488892764376e-16,2.0766668396866904e-12,0.0,4.567698624630062e-14,1.2203897951465572,9.517713257985973e-12,0.00020501667864643744,500000.0,568395.2761971139
0.00018707715050465926,0.00011186677947866652,-2.2081623717727012,322.0452406657166,0.0,0.048750378512783826,157.9084423381058,4.47032538431345e-17,0.0,0.0001565544528260882,52.64419456252856,4.57147113769046e-16,1.7641334975948719e-16,2.077550244304169e-12,3.759935858717667e-16,2.5444932847715453e-14,1.2209595019592625,9.54896463563242e-12,0.00020501824470589634,500000.0,568759.6753169154
0.0001870850233554583,0.00011184941513207603,-2.203029555632738,322.10047202830316,0.0,0.048773087073138405,157.98199844820354,4.489952700582679e-17,0.0,0.00015662737822760646,52.668717014345816,4.576944310323403e-16,1.7649166908155943e-16,2.0784318229525708e-12,0.0,0.0,1.2215282431244718,9.580238123372118e-12,0.00020501980762241293,500000.0,569123.4826456376
0.00018709289620625732,0.00011183209130719496,-2.197868341338828,322.1555709177056,0.0,0.048795756696681715,158.05542843858152,4.5096235153913236e-17,0.0,0.00015670017859082132,52.693197419829275,4.582455110990619e-16,1.76569845420083e-16,2.079311559640281e-12,0.0,6.612612377109514e-14,1.2220960091228759,9.611532860217184e-12,0.00020502136737246245,500000.0,569486.6916505331
0.00018711114731629052,0.00011179208771995035,-2.1857944310924657,322.2827886709309,0.0,0.048848158321361634,158.22516442966426,4.5553897976963296e-17,0.0,0.00015686845917672903,52.74978473334281,4.595375454184407e-16,1.7675051832431389e-16,2.0813438219455644e-12,9.573680720669672e-16,2.385148492700673e-14,1.2234084200874165,9.684158222154406e-12,0.0002050249709288799,500000.0,570326.3573864747
0.00018712939842632372,0.00011175230588196036,-2.173568611445987,322.40927900238484,0.0,0.0489003439038333,158.3942006424814,4.601381463639101e-17,0.0,0.0001570360459846751,52.80613875177294,4.608498932860422e-16,1.7693039635687446e-16,2.0833658998293563e-12,2.3890840391089933e-15,1.2639031612427963e-14,1.2247154203162083,9.75688197923753e-12,0.00020502855704890692,500000.0,571162.6903510434
0.00018714764953635689,0.00011171274856109948,-2.161191395347256,322.535031221231,0.0,0.04895230869609612,158.56252169504717,4.64759245941487e-17,0.0,0.00015720292376450787,52.8622543470072,4.621826131407688e-16,1.771094609477792e-16,2.0853775938378966e-12,1.2159137397546112e-15,2.7672267198291014e-14,1.22601689087379,9.829692906157368e-12,0.00020503212544007476,500000.0,571995.6086072309
0.00018716590064639008,0.00011167341851569354,-2.1486633170459717,322.6600345215,0.0,0.04900404794437278,158.73011218873515,4.694016564943628e-17,0.0,0.00015736907724961442,52.91812638538539,4.635357586164401e-16,1.7728769348851755e-16,2.0873787044666295e-12,0.0,3.029030948849509e-14,1.2273127126966856,9.902579516204579e-12,0.00020503567581026856,500000.0,572825.0298168944
0.00018718415175642328,0.00011163431849412042,-2.1359849317007176,322.784278017552,0.0,0.04905555689011605,158.8969567110832,4.7406473889996904e-17,0.0,0.00015753449115971316,52.9737497286347,4.649093784226187e-16,1.7746507534469642e-16,2.0893690321985646e-12,2.865653057132038e-15,0.0,1.22860276661495,9.975530095147163e-12,0.00020503920786777745,500000.0,573650.8713152532
0.0001872145834420589,0.00011156964254126774,-2.1145124580259163,322.98972108906065,0.0,0.049140917209780005,159.17345048797873,4.8188408471515605e-17,0.0,0.00015780861413424165,53.06592841117045,4.672453827277436e-16,1.7775889725309741e-16,2.0926631600582124e-12,3.6870211737435815e-15,0.0,1.2307406365022384,1.0097276878228428e-11,0.00020504505566380188,500000.0,575019.68421332
0.00018724501512769456,0.0001115056263305269,-2.0926264811275765,323.192971612569,0.0,0.04922560191872027,159.4477558997755,4.8975591874668144e-17,0.0,0.00015808056750781811,53.157377527151674,4.696385989355964e-16,1.780502155006512e-16,2.0959258305735474e-12,0.0,1.1403066559014275e-13,1.2328615857920895,1.0219112083230748e-11,0.00020505085039068747,500000.0,576377.9305418654
0.00018727544681333022,0.00011144228240172007,-2.0703299237642794,323.39397974529186,0.0,0.04930958891811753,159.71980136729223,4.976769550022337e-17,0.0,0.00015835028031506283,53.24807321320358,4.720891560848182e-16,1.7833894326659296e-16,2.0991561203110676e-12,5.305615037900081e-15,1.1285302826636327e-13,1.2349650610295944,1.034097797658289e-11,0.00020505659070578388,500000.0,577725.2253387748
0.00018730587849896584,0.00011137962320336204,-2.0476258594932144,323.59269596564036,0.0,0.04939285611071308,159.98951531521533,5.0564377193951535e-17,0.0,0.00015861768159448198,53.33799160724077,4.745971403187734e-16,1.7862499366525632e-16,2.102353107242488e-12,2.0984672746689973e-14,0.0,1.2370505087893655,1.046281546114513e-11,0.0002050622752714735,500000.0,579061.1832935164
0.0001873363101846015,0.0001113176610879384,-2.024517511326334,323.7890710002177,0.0,0.04947538141241103,160.25682620891712,5.136528123386583e-17,0.0,0.0001588827004247426,53.427108860741896,4.771625933607669e-16,1.7890827979592553e-16,2.105515871240375e-12,3.0506741251266914e-15,8.920438192718056e-16,1.2391173759599532,1.0584564058610445e-11,0.0002050679027558087,500000.0,580385.4187857363
0.00018736674187023715,0.00011125640830747006,-2.0010082526776576,323.983055807595,0.0,0.04955714276251371,160.5216625906287,5.217003834749871e-17,0.0,0.0001591452659607242,53.515401150809105,4.797855110572219e-16,1.7918871477425093e-16,2.108643494564238e-12,0.0,5.134702878554881e-15,1.2411651100246093,1.0706161947207689e-11,0.00020507347183311433,500000.0,581697.5460238776
0.0001874234842641433,0.00011114413350312425,-1.956114848934993,324.3382054846006,0.0,0.04970747760014335,161.00861812446027,5.367953788691718e-17,0.0,0.00015962804608291478,53.67774447752194,4.848294098668304e-16,1.7970369602832759e-16,2.1143782147952884e-12,1.5607337899434733e-15,0.0,1.2449302854436761,1.0932270638259157e-11,0.00020508369532440916,500000.0,584110.4523430824
0.0001874802266580495,0.00011103444467070131,-1.9098642236989285,324.6845623368249,0.0,0.04985493760461764,161.48626179519073,5.51984873692859e-17,0.0,0.00016010159418676934,53.836983375325346,4.900720863302937e-16,1.8020790145781291e-16,2.1199816879409703e-12,1.743477884408319e-15,0.0,1.2486234608632432,1.1157214211778055e-11,0.0002050937026990577,500000.0,586477.4245750717
0.00018753696905195565,0.00011092741809820869,-1.8622824692387707,325.0218171841347,0.0,0.04999938130316696,161.95413535575287,5.672412156846517e-17,0.0,0.00016056545595449114,53.992965071844395,4.955121302231588e-16,1.807007719855781e-16,2.1254480691674874e-12,1.8397602917708654e-15,0.0,1.2522410930840755,1.1380557881711257e-11,0.0002051034855844988,500000.0,588795.9744524158
0.00018759371144586184,0.00011082312854003382,-1.8133975182997217,325.3496656567279,0.0,0.05014066833921672,162.4117841736679,5.82535202510084e-17,0.0,0.00016101918065185137,54.14553799975114,5.011474813069937e-16,1.8118175227381063e-16,2.130771578279643e-12,2.2171988395248163e-15,0.0,1.2557796668549752,1.1601854152219222e-11,0.00020511303572819383,500000.0,591063.6278901224
0.000187650453839768,0.00011072164910759356,-1.7632391401880616,325.6678087554824,0.0,0.05027865976235273,162.85875817063265,5.978361427115373e-17,0.0,0.00016146232205973882,54.29455211000827,5.06975400821559e-16,1.816502919441091e-16,2.13594651212533e-12,1.1232534557408031e-15,2.2812246003996476e-15,1.25923570213785,1.1820644241183787e-11,0.0002051223450130764,500000.0,593277.9304709844
0.00018770719623367418,0.00011062305116858855,-1.7118389319903518,325.97595338785175,0.0,0.05041321831219318,163.29461274246196,6.13111931436327e-17,0.0,0.00016189443938622054,54.43985917856348,5.12992447168204e-16,1.8210584680111943e-16,2.140967256682819e-12,0.0,4.763367672699513e-15,1.262605761220913,1.2036459634514174e-11,0.00020513140547197406,500000.0,595436.452868249
0.00018776393862758033,0.00011052740424688726,-1.659230302132149,326.2738128728425,0.0,0.05054420870638764,163.71890969200282,6.283291401105605e-17,0.0,0.00016231509819149728,54.58131311736832,5.191944544109307e-16,1.825478800689322e-16,2.1458282992612237e-12,1.7707085927447565e-15,6.677629394160059e-16,1.2658864559320642,1.2248823762698039e-11,0.00020514020930208313,500000.0,597536.7963066286
0.00018784945059816183,0.00011038898564446295,-1.5777434427061157,326.7026487023003,0.0,0.05073458050129869,164.33555193344228,6.510743329520303e-17,0.0,0.00016292645301936232,54.78689195542746,5.288793566649859e-16,1.831873269790552e-16,2.1528404181971586e-12,5.916783950649656e-22,5.092598717336326e-16,1.2706543783557214,1.2561274058178093e-11,0.00020515297529162744,500000.0,600586.9491039003
0.0001879349625687433,0.00011025764448626011,-1.4937205407409286,327.10656866349547,0.0,0.05091610331363603,164.92353138980937,6.734844172888409e-17,0.0,0.00016350939083182689,54.98291507111389,5.389529236621107e-16,1.8379310486401836e-16,2.159459683546213e-12,0.0,5.560672627697712e-16,1.2752006780510625,1.2863120586228619e-11,0.0002051651159423611,500000.0,603491.71776983
0.0001880204745393248,0.00011013359189883779,-1.4072985377557952,327.48469179635197,0.0,0.051088348758828436,165.4814604649595,6.954316322196693e-17,0.0,0.00016406253593072165,55.168919861666915,5.49391101992281e-16,1.843635117697442e-16,2.165668916721656e-12,1.379826287168437e-16,4.1305360201607744e-16,1.2795146260243142,1.315268942224551e-11,0.00020517660711821324,500000.0,606243.4640543573
0.00018810598650990628,0.0001100170269047829,-1.3186229467130555,327.8361848968055,0.0,0.05125090637013842,166.00800959963897,7.167849220650381e-17,0.0,0.00016458457015713663,55.3444630729138,5.601658146233645e-16,1.8489691751475855e-16,2.171451783763471e-12,0.0,6.694399782609566e-16,1.2835859420271214,1.3428318657199986e-11,0.00020518742591464547,500000.0,608834.8574459428
0.00018819149848048778,0.00010990813567346409,-1.2278474690078234,328.1602668177653,0.0,0.05140338591297921,166.50191476792273,7.374113536377647e-17,0.0,0.00016507424032357509,55.509123298464424,5.712449884206385e-16,1.8539177371410825e-16,2.176792890234094e-12,8.62058479777462e-16,3.9585125320457914e-16,1.2874048525195723,1.368837665000436e-11,0.0002051975507722557,500000.0,611258.9205341885
0.00018827701045106925,0.00010980709088434102,-1.1351335650504948,328.45621218022916,0.0,0.05154541953315749,166.96198443571595,7.571775748577044e-17,0.0,0.0001655303651127729,55.66250329956626,5.825926493267047e-16,1.8584662325624678e-16,2.1816778683595823e-12,5.65052880306207e-17,5.919422235845549e-16,1.2909621444738428,1.3931280591989344e-11,0.00020520696157477186,500000.0,613509.0712928316
0.00018836252242165075,0.0001097140511232798,-1.040649965204806,328.7233549097778,0.0,0.05167666383305993,167.38710628575225,7.759513822567042e-17,0.0,0.0001659518417450366,55.804232247113326,5.941690765927946e-16,1.8626010951398985e-16,2.1860934603704098e-12,0.0,1.271392340896214e-15,1.2942492173723616,1.4155515448420077e-11,0.0002052156397427213,500000.0,615579.1640254282
0.00018844803439223222,0.00010962916027695617,-0.9445721119196221,328.96109177964854,0.0,0.051796801910125014,167.7762538204911,7.936034114538065e-17,0.0,0.0001663376525245732,55.93396792294839,6.059310149568529e-16,1.866309853166958e-16,2.190027599474193e-12,2.0972891270906624e-15,4.54747849958844e-16,1.297258134261885,1.43596526141495e-11,0.00020522356832773303,500000.0,617463.529591083
0.00018862224522868393,0.00010948194510105101,-0.7446648837875659,329.3522861974597,0.0,0.05200602559070917,168.4539665932064,8.255819918561738e-17,0.0,0.00016700955423188722,56.1599067166015,6.302704977319221e-16,1.8725016155464206e-16,2.196509412190555e-12,0.0,6.53075126929248e-16,1.302498258443992,1.470797570895734e-11,0.00020523734039643536,500000.0,620707.003130041
0.00018872163720719699,0.00010941368922526955,-0.6285992884631647,329.5183825696228,0.0,0.05210341351165423,168.76942476241365,8.411358799315221e-17,0.0,0.00016732230749680194,56.265075515274525,6.442511575506911e-16,1.8751902352864118e-16,2.199263453493841e-12,0.0,6.99448081168707e-16,1.3049374038258796,1.4863175179844483e-11,0.00020524373474532868,500000.0,622188.4609661758
0.00018882102918571001,0.00010935702548958007,-0.5114544931490558,329.6423539780924,0.0,0.052184446133304266,169.03190617370723,8.545349788147637e-17,0.0,0.0001675825382542671,56.35258269491012,6.581947137364418e-16,1.8772510548566373e-16,2.201318344937482e-12,2.33628312726502e-15,5.831000754417189e-16,1.3069669290822494,1.4984934498451878e-11,0.00020524904688558486,500000.0,623394.9801953514
0.00018892042116422307,0.0001093120456739467,-0.39354375549329235,329.7238480450683,0.0,0.052248889265695674,169.2406522335284,8.656436100304494e-17,0.0,0.00016778949441525654,56.42217535233151,6.720134361906082e-16,1.8786754974931695e-16,2.202666683985304e-12,0.0,7.483247169146083e-16,1.30858096871286,1.507216179477372e-11,0.0002052532656739597,500000.0,624322.4764424234
0.0001890198131427361,0.00010927881020831168,-0.2751840935173757,329.7626544082,0.0,0.05229657375553826,169.3951150093198,8.743495793494491e-17,0.0,0.00016794263274543303,56.47367081543117,6.856180827823981e-16,1.8794577184714973e-16,2.2033038597831987e-12,0.0,7.099125782273068e-16,1.3097752860635596,1.5124091904383972e-11,0.00020525638366646734,500000.0,624968.0649411468
0.00018911920512124916,0.0001092573478603121,-0.15669451635287243,329.7587066226983,0.0,0.052327396891354155,169.4949617813407,8.805664736685875e-17,0.0,0.0001680416233779873,56.50695816067451,6.989191018933036e-16,1.879594663722783e-16,2.203228093427044e-12,1.0231704711444866e-15,6.91134370741159e-16,1.3105473085212664,1.5140301028856094e-11,0.00020525839716993466,500000.0,625330.0876910151
0.0001892185970997622,0.00010924765565706992,-0.038394170744101494,329.7120827225076,0.0,0.0523413231329662,169.540077405865,8.842354205576329e-17,0.0,0.00016808635215651542,56.52199900095298,7.118279206750927e-16,1.8790861002483668e-16,2.202440449060604e-12,0.0,7.66714043967209e-16,1.3108961457863881,1.512071435590705e-11,0.00020525930625699135,500000.0,625408.127093666
0.00018931798907827522,0.00010924969898900109,0.07939951184453109,329.62300465984043,0.0,0.05233838422977705,169.5305646985625,8.853262372832505e-17,0.0,0.00016807692101509996,56.51882761339731,7.242582327663793e-16,1.8779346172994168e-16,2.2009448190837353e-12,0.0,7.116229774824267e-16,1.3108225928371486,1.5065606673199406e-11,0.00020525911475219026,500000.0,625203.0071788725
0.00018941738105678828,0.00010926341186762968,0.19637261427394306,329.4918367794376,0.0,0.052318678765732915,169.4667429609186,8.83837933917609e-17,0.0,0.00016801364651738515,56.497550448109024,7.361272288553554e-16,1.8761455998854014e-16,2.198747885478921e-12,2.49810224729629e-15,6.156627109458844e-16,1.310329118535765,1.4975596325327576e-11,0.00020525783019329386,500000.0,624716.7831672223
0.0001895167730353013,0.00010928869734868475,0.3122164750742805,329.31908331098833,0.0,0.05228237111967539,169.3491446130037,8.797985606880851e-17,0.0,0.00016789705651817886,56.45834500557858,7.473567552239514e-16,1.8737271764493394e-16,2.195859056986088e-12,0.0,7.773469260150931e-16,1.3094198395927819,1.4851632124667884e-11,0.00020525546376616916,500000.0,623952.7192656979
0.00018961616501381436,0.00010932542813470415,0.4266293806750597,329.1053847536887,0.0,0.052229689832584,169.17850990490038,8.732644198956536e-17,0.0,0.00016772788492023426,56.40145807355827,7.578743913040708e-16,1.8706901377809918e-16,2.1922903819526893e-12,0.0,7.622790960786639e-16,1.3081004796754234,1.4694974601490753e-11,0.00020525203021127901,500000.0,622915.2544845006
0.0001897155569923274,0.00010937344735161655,0.5393181921508545,328.85151316486224,0.0,0.05216092540832965,168.95577979337912,8.643186733831646e-17,0.0,0.0001675070646121313,56.32720335225775,7.676144192516673e-16,1.86704783161134e-16,2.1880564382566827e-12,4.9306566470138256e-15,4.857522995630595e-16,1.306378314329542,1.4507170901838503e-11,0.00020524754770306905,500000.0,621609.9570153016
0.00018981494897084045,0.00010943256948099943,0.6499998538539384,328.5583666683969,0.0,0.05207642759935169,168.68208715021208,8.530693843138714e-17,0.0,0.00016723571875181298,56.23595852333393,7.765186525661101e-16,1.862816032128519e-16,2.183174202755666e-12,0.0,6.779506503864811e-16,1.304262103001686,1.4290025093922135e-11,0.00020524203770541047,500000.0,620043.4686428013
0.00018991434094935348,0.00010950258143232466,0.7584027873353881,328.2269630757729,0.0,0.051976602230377714,168.35874647374018,8.396470729616875e-17,0.0,0.00016691515056636716,56.12816181988906,7.845371020887013e-16,1.8580127900890733e-16,2.1776629027204224e-12,0.0,7.428254854934888e-16,1.3017620094881512,1.404556460033461e-11,0.00020523552480594562,500000.0,618223.439922572
0.00019001373292786654,0.00010958324374579995,0.8642681648658723,327.85843267834906,0.0,0.05186190760834227,167.98724226051635,8.242018724031295e-17,0.0,0.00016654683182354844,56.00430814975915,7.916284709704127e-16,1.8526582626146118e-16,2.171543851451299e-12,4.06186549846914e-15,4.674607872016416e-16,1.2988895120237176,1.3776003383623819e-11,0.00020522803653131682,500000.0,616158.4571599317
0.00019011312490637957,0.00010967429191512328,0.9673510160662987,327.45401055360475,0.0,0.051732850572508135,167.5692162112767,8.069003813962237e-17,0.0,0.0001661323901472964,55.86494483018574,7.977604757305447e-16,1.8467745286609547e-16,2.1648402704647335e-12,0.0,5.680470815544246e-16,1.2956573043572917,1.3483703496762503e-11,0.0002052196031452165,500000.0,613857.9628546174
0.00019021251688489262,0.00010977543781566122,1.0674212068300943,327.01502821090406,0.0,0.05158998224648239,167.10645347106006,7.879223172359018e-17,0.0,0.00016567359537586636,55.710667000487874,8.029099924613129e-16,1.8403853907575333e-16,2.157577100948441e-12,3.075395287921417e-16,4.92538190649931e-16,1.2920791893594834,1.3171135673160577e-11,0.00020521025743217326,500000.0,611332.170405735
0.00019031190886340565,0.00010988637122179995,1.1642642631478974,326.5429047992871,0.0,0.05143389355741279,166.60086811566316,7.674570667973041e-17,0.0,0.00016517234517275526,55.54211278347414,8.070630309769975e-16,1.8335161678277478e-16,2.1497808073129182e-12,0.0,6.623833456005352e-16,1.2881699668028694,1.2840839944134625e-11,0.00020520003447012725,500000.0,608591.9746764654
0.00019041130084191868,0.0001100067613968782,1.2576820191030333,326.03913799886385,0.0,0.05126521058886641,166.05448809880673,7.457002357529099e-17,0.0,0.0001646306501029901,55.359958267064336,8.102145457253233e-16,1.8261934814265403e-16,2.141479175649715e-12,4.786296674462745e-15,1.9380788781379306e-16,1.2839453169723587,1.249538750446811e-11,0.00020518897139463875,500000.0,605648.8598271882
0.00019051069282043174,0.00011013625874019937,1.3474931204152483,325.5052947589904,0.0,0.051084589830889746,165.46943986672764,7.228502903157778e-17,0.0,0.00016405061837951155,55.16491237503611,8.12368098027183e-16,1.818445039018693e-16,2.1327011097634578e-12,0.0,9.921831689972025e-16,1.2794216817041415,1.2137344461712517e-11,0.00020517710715776166,500000.0,602514.8058578417
0.00019061008479894477,0.00011027449647594045,1.4335333643125163,324.943001785486,0.0,0.05089271338925417,164.8479328398186,6.991053734730547e-17,0.0,0.00016343444047805562,54.95771169344739,8.13535387422601e-16,1.8102994171435037e-16,2.1234764273195325e-12,1.2033356563260223e-14,0.0,1.2746161443965376,1.1769238171545513e-11,0.00020516448228408924,500000.0,599202.194761722
0.00019070947677745783,0.00011042109236878438,1.515655892253625,324.3539361930873,0.0,0.050690284212345456,164.19224395257328,6.746603647613876e-17,0.0,0.00016278437380946178,54.73911531649684,8.137356718789157e-16,1.8017858474556143e-16,2.1138356585122403e-12,2.4089200435320924e-16,3.7011299270633477e-16,1.269546310471839,1.1393526925766591e-11,0.00020515113862683502,500000.0,595723.7180895994
0.00019080886875597086,0.00011057565045120554,1.5937312327343962,323.73981612121713,0.0,0.050478021392157374,163.5047024319766,6.497042403547807e-17,0.0,0.0001621027276286433,54.50989977187835,8.129950978295251e-16,1.7929340080000377e-16,2.103809849489097e-12,0.0,3.907798194664424e-16,1.2642301896815968,1.1012573168673082e-11,0.00020513711912634527,500000.0,592092.2864878528
0.00019095994241843028,0.0001108249044110871,1.704405896665818,322.76232300515863,0.0,0.05013819761639676,162.40397681346988,6.111960268547977e-17,0.0,0.0001610114402060235,54.142935138419546,8.101416814274547e-16,1.778898826723566e-16,2.0879039687628125e-12,0.0,3.193025680995297e-16,1.255719299547762,1.0428494042905784e-11,0.0002051146140369764,500000.0,586308.9808940564
0.00019111101608088968,0.00011109013218307047,1.8051563849623609,321.7372314514279,0.0,0.04977993746870903,161.24353294916926,5.725104124933746e-17,0.0,0.00015986094659312377,53.75606137977885,8.053267170599461e-16,1.7642563962453695e-16,2.071291649052862e-12,0.0,2.8113733463748287e-16,1.2467466636170972,9.844707674323417e-12,0.00020509080513455018,500000.0,580248.3708131879
0.00019121664541768923,0.00011128425605241439,1.86957845774163,320.99558322920143,0.0,0.04951988253452563,160.40118607225406,5.456381721765587e-17,0.0,0.00015902582243811325,53.475236160783396,8.008789137640193e-16,1.7537134829379314e-16,2.059315687322098e-12,0.0,2.58836258571599e-16,1.2402335766115415,9.440168404314865e-12,0.00020507346799090352,500000.0,575870.5055712343
0.00019132227475448878,0.00011148492003635955,1.9289802759984611,320.23589057458565,0.0,0.049252966809668786,159.5366159892187,5.190936351939634e-17,0.0,0.00015816866563042435,53.18700207391922,7.95608186911159e-16,1.7429595009719277e-16,2.0470853325965097e-12,0.0,2.3045215279315795e-16,1.233548658168577,9.040861351296221e-12,0.00020505562459329713,500000.0,571394.7038905044
0.00019142790409128836,0.00011169159182175992,1.9833266762425004,319.4602912389372,0.0,0.04898006131110871,158.6526440403844,4.930165918993215e-17,0.0,0.0001572922733187093,52.892299709736896,7.895760568645079e-16,1.732028597956613e-16,2.034637104896811e-12,0.0,2.1025296196717026e-16,1.226713723095696,8.648498803104252e-12,0.0002050373286640681,500000.0,566835.9986495689
0.0001915335334280879,0.00011190373636062156,2.032600851955227,318.67090153303053,0.0,0.048702022185043166,157.75204339879232,4.6752834876815933e-17,0.0,0.00015639939489736466,52.59205360057231,7.828457545911311e-16,1.7209540017671886e-16,2.022006745588167e-12,0.0,2.195717861860762e-16,1.2197502137674985,8.26457363698942e-12,0.00020501863341974798,500000.0,562209.0492703265
0.00019163916276488746,0.00011212081775796576,2.0768033521657574,317.8698079823783,0.0,0.04841968699567125,156.83752704887226,4.4273200658405935e-17,0.0,0.00015549272008828365,52.287168212823545,7.754813046949147e-16,1.709767880215618e-16,2.0092290733775945e-12,1.31496003940999e-16,1.6730210695575955e-16,1.212679107175886,7.890362868057528e-12,0.00020499959135903285,500000.0,557528.0783573949
0.00019174479210168702,0.00011234230104468548,2.1159509392277105,317.05905995128614,0.0,0.04813387147282493,155.91173725142625,4.1871321611929574e-17,0.0,0.00015457486849614944,51.97852443474199,7.675466674074324e-16,1.6985012208029636e-16,1.9963378602144304e-12,4.1564139379474164e-17,1.4015593386110873e-16,1.2055208334725536,7.52693524873053e-12,0.00020498025407559106,500000.0,552806.8180199969
0.00019185042143848657,0.00011256765382862896,2.150075441552861,316.2406630415946,0.0,0.04784536671649475,154.97723648856663,3.955410541222619e-17,0.0,0.00015364838063100685,51.66697655761689,7.591049963838642e-16,1.6871837331829886e-16,1.983365726395806e-12,0.0,1.6964094574023743e-16,1.198295205954592,7.175161736743718e-12,0.00020496067209122823,500000.0,548058.4653195596
0.00019195605077528612,0.0001127963478256883,2.1792226394471017,315.41657319756376,0.0,0.04755493684103035,154.03649983284345,3.732689734861127e-17,0.0,0.00015271571034283484,51.35334973176222,7.502180168298497e-16,1.6758437731226213e-16,1.9703440539064887e-12,2.7126544712440607e-16,1.1493074430300588e-16,1.1910213620620318,6.835727755092224e-12,0.00020494089470777225,500000.0,543295.646313426
0.00019206168011208567,0.00011302786027398192,2.2034511471459957,314.588691586258,0.0,0.04726331703707743,153.0919086694909,3.519359402907299e-17,0.0,0.0001517792185976233,51.03843787361232,7.409454984546976e-16,1.6645082849352236e-16,1.957302917091376e-12,1.0259261638823323e-16,4.234470308313715e-17,1.1837177148377995,6.509147037304703e-12,0.00020492096987877976,500000.0,538530.3883329151
0.00019216730944888522,0.0001132616752303141,2.2228312736179117,313.7588602575753,0.0,0.04697121203186861,152.1457457089718,3.3156776231945433e-17,0.0,0.00015084116853269133,50.723002002982554,7.313448105868921e-16,1.653202761368805e-16,1.9442710298160494e-12,1.7290247144510593e-15,0.0,1.176401914364347,6.195776561440727e-12,0.00020490094410178015,500000.0,533774.1000313775
0.00019227293878568477,0.0001134972847460453,2.2374438786749424,312.9288586696253,0.0,0.046679294928936056,151.20019122867834,3.1217848790568125e-17,0.0,0.0001499037217305319,50.40776899011135,7.214705642442374e-16,1.6419512206614906e-16,1.931275708164717e-12,0.0,2.3030173510114843e-16,1.1690908187042282,5.8958316733098144e-12,0.0002048808623300693,500000.0,529037.5588727948
0.00019237856812248433,0.00011373418992367285,2.2473792859165,312.10040045771973,0.0,0.0463882064018771,150.25732046094998,2.9377178010528214e-17,0.0,0.00014896893562950337,50.09343068486642,7.113743451259247e-16,1.630776198695365e-16,1.9183428474356445e-12,1.969693119813461e-14,0.0,1.161800473704004,5.609401778467036e-12,0.00020486076790229962,500000.0,524330.9044492921
0.00019248419745928388,0.00011397190185780265,2.2527361938223893,311.27513170986765,0.0,0.046098554212448205,149.31910203287856,2.7634224662086793e-17,0.0,0.00014803876197661431,49.78064339660023,7.011045288175759e-16,1.6196987546456331e-16,1.9054969121238297e-12,1.3977142153414403e-21,7.295135861057593e-17,1.1545461009308287,5.336465817932745e-12,0.0002048407024885621,500000.0,519663.6391933847
0.00019258982679608343,0.00011420994246599974,2.253620665825039,310.45462917354314,0.0,0.04581091302260626,148.3873973561751,2.598767447944288e-17,0.0,0.00014711504622274762,49.47002769074132,6.907061642458183e-16,1.608738487488575e-16,1.8927609375527964e-12,6.088688721640971e-17,6.488782260706159e-17,1.1473420929546672,5.076906783687425e-12,0.00020482070605188892,500000.0,515044.63319211244
0.00019269545613288298,0.00011444784521528598,2.2501451651911353,309.6403989764492,0.0,0.045525824467852465,147.46396086594248,2.44355634036391e-17,0.0,0.00014619952775954615,49.1621684683972,6.802209164027567e-16,1.5979135643120947e-16,1.880156541831722e-12,7.854399102305617e-17,5.837937369548349e-17,1.1402020151946928,4.830525764410242e-12,0.00020480081682409764,500000.0,510482.13353330124
0.00019280108546968253,0.00011468515574892219,2.2424276262416263,308.83387609895607,0.0,0.04524379746423748,146.5504410143751,2.2975394102767553e-17,0.0,0.00014529384090456967,48.85761529763828,6.696870625153003e-16,1.5872407568883637e-16,1.867703946889943e-12,0.0,5.270877964886777e-17,1.1331386136025394,4.597055296271272e-12,0.0002047810712946762,500000.0,505983.7780346534
0.00019290671480648208,0.00011492143241781513,2.23059057728408,308.03642440380116,0.0,0.044965308720577045,145.64838192998192,2.160424226353983e-17,0.0,0.0001443995165461983,48.55688296665682,6.591395348611772e-16,1.576735484879224e-16,1.8554220074066953e-12,0.0,4.742159929455444e-17,1.1261638274915535,4.376171595318537e-12,0.0002047615042113528,500000.0,501556.6125103979
0.00019301234414328164,0.00011515624672221112,2.2147603275563137,307.24933699835736,0.0,0.04469080342828479,144.75922565205076,2.0318852850709045e-17,0.0,0.00014351798435890888,48.260452228702185,6.486100016902146e-16,1.5664118655278498e-16,1.8433282464684168e-12,0.0,4.329724160248788e-17,1.1192888068138371,4.167505755614784e-12,0.00020474214859105062,500000.0,497207.11071083345
0.0001931179734800812,0.00011538918367065458,2.1950662180935288,306.47383686764783,0.0,0.04442069610094231,143.88431485011625,1.911572660368326e-17,0.0,0.00014265057549946378,47.968770708708774,6.381269780158776e-16,1.5562827683897363e-16,1.831438896806781e-12,0.0,3.843853272795587e-17,1.1125239331873722,3.970653875998208e-12,0.00020472303573997963,500000.0,492941.19636933575
0.00019322360281688074,0.0001156198420630776,2.1716399295097246,305.7110778494707,0.0,0.044155371537620024,143.02489594426837,1.799119656656354e-17,0.0,0.00014179852570049217,47.68225394355778,6.277159596582788e-16,1.5463598733458257e-16,1.8197689465542162e-12,2.376845877364521e-17,3.417073823285858e-17,1.105878844022472,3.785186108319805e-12,0.00020470419528166437,500000.0,488764.26704877283
0.0001933292321536803,0.00011584783470400645,2.1446148454347287,304.9621459339038,0.0,0.043895185886761674,142.18212255120113,1.6941494575745437e-17,0.0,0.0001409629786869833,47.40128653093588,6.173995750310943e-16,1.5366537310573514e-16,1.8083321885703199e-12,0.0,2.8822005523526814e-17,1.0993624591668778,3.6106546737398372e-12,0.00020468565519176797,500000.0,484681.21937967744
0.00019343486149047987,0.0001160727885515251,2.114125473626789,304.2280608039602,0.0,0.043640467789590506,141.35705918784933,1.596280817373541e-17,0.0,0.00014014498984815166,47.126223364069375,6.071977497004081e-16,1.5271738251545625e-16,1.7971412724867794e-12,1.347632690861406e-16,3.3158369950757604e-17,1.0929830095425448,3.4466008158771094e-12,0.00020466744183866696,500000.0,480696.47522044904
0.00019354049082727942,0.00011629434480788695,2.080306923788793,303.50977757577533,0.0,0.0433915195834346,140.55068516913107,1.5051328832754726e-17,0.0,0.00013934553010175045,46.85739093117047,5.971278787692557e-16,1.517928635431651e-16,1.7862077586839204e-12,0.0,4.17007118184596e-18,1.0867480672832728,3.292560920035834e-12,0.00020464958002875392,500000.0,476814.0083737112
0.00019364612016407897,0.00011651215895799161,2.043294443623076,302.8081886195903,0.0,0.04314861854673466,139.7638986406689,1.4203292151951336e-17,0.0,0.00013856548989223547,46.595088659883096,5.872050030099808e-16,1.508925700983509e-16,1.7755421734742732e-12,1.2453849052552727e-15,1.2342565781554812e-16,1.0806645769159922,3.1480716210785714e-12,0.00020463209305552157,500000.0,473037.37140459876
0.00019375174950087852,0.00011672590076116838,2.003222995282511,302.1241257523793,0.0,0.04291201816995148,138.99752069553196,1.3415010882299784e-17,0.0,0.000137805683272161,46.33959028974002,5.774419855859509e-16,1.500171682707815e-16,1.7651540648734263e-12,0.0,0.0,1.0747388871917276,3.0126742027782843e-12,0.00020461500275160757,500000.0,469369.7227960894
0.00019385737883767808,0.00011693525420214446,1.9602269054061572,301.45836201361476,0.0,0.04268194943783632,138.25229952748182,1.2682901166506723e-17,0.0,0.00013706685201990364,46.09114525678995,5.678496868257035e-16,1.491672424776925e-16,1.7550520583859722e-12,0.0,1.887442276642811e-17,1.068976783198765,2.885918069804233e-12,0.0002045983295429855,500000.0,465813.85300407576
0.00019396300817447763,0.00011713991740619225,1.9144395389304405,300.81161399732343,0.0,0.042458622110628716,137.52891458110318,1.2003503001649577e-17,0.0,0.00013634966975416317,45.849980077185755,5.584371346851514e-16,1.4834330153055486e-16,1.7452439123313448e-12,0.0,1.7469216326460984e-17,1.0633835184517844,2.767363878707002e-12,0.0002045820925045829,500000.0,462372.21078752505
0.00019406863751127718,0.00011733960252255493,1.8659930178272073,300.1845442169586,0.0,0.042242225994396775,136.82798066661783,1.1373495713991525e-17,0.0,0.00013565474601345592,45.61629971899888,5.492116893480323e-16,1.475457844366955e-16,1.735736572331249e-12,0.0,1.6026748492728622e-17,1.0579638467079011,2.656585765382205e-12,0.0002045663094167716,500000.0,459046.92885819724
0.00019417426684807673,0.00011753403558057419,1.8150179898293224,299.57776331306445,0.0,0.04203293219136065,136.15005200984396,1.0789709064803724e-17,0.0,0.00013498263027135975,45.3902889524122,5.401792006712785e-16,1.4677506599676953e-16,1.7265362246145464e-12,1.509596695998894e-17,1.594660381321437e-17,1.052722053281242,2.553173218214297e-12,0.00020455099682217172,500000.0,455839.84845710127
0.00019427989618487628,0.0001177229563233475,1.761643437873542,298.99183221206243,0.0,0.04183089432174208,135.49562620990352,1.0249130577381268e-17,0.0,0.00013433381586031175,45.172113669157454,5.313441575182124e-16,1.4603146222152869e-16,1.7176483478229286e-12,0.0,1.2384972451404962e-17,1.04766198564422,2.456732469131697e-12,0.0002045361700822217,500000.0,452752.5429445095
0.00019438552552167583,0.0001179061180231576,1.7059965214039519,298.4272643418707,0.0,0.041636249710293914,134.86514808255373,9.748909681686259e-18,0.0,0.0001337087437819899,44.96192216382156,5.227098283696065e-16,1.4531523549013896e-16,1.7090777630662927e-12,3.0996412622432917e-17,1.3150045250496985e-17,1.0427870831444488,2.3668874643138996e-12,0.00020452184343305708,500000.0,449786.34050261707
0.00019449115485847539,0.00011808328728193143,1.648202447121117,297.88452788600233,0.0,0.041449120532592296,134.25901337320838,9.286359261864231e-18,0.0,0.00013310780638848478,44.759846371709756,5.142783929094489e-16,1.446265994133762e-16,1.7008286820532148e-12,0.0,4.806997299011446e-18,1.038100405714098,2.2832805321334823e-12,0.0002045080300403579,500000.0,446942.3458822582
0.00019459678419527494,0.00011825424381965037,1.588384371215986,297.36404796390735,0.0,0.04126961491725995,133.67757232719927,8.858955081782853e-18,0.0,0.00013253135092194235,44.56600305911449,5.060510644500533e-16,1.4396572343962214e-16,1.692904753164717e-12,1.583329047494304e-16,2.753880137286601e-17,1.0336046614754102,2.2055727703650096e-12,0.00020449474205286628,500000.0,444221.46100107156
0.0001947024135320745,0.00011841878025371327,1.5266633287125193,296.8662087681654,0.0,0.04109782800080847,133.121133106567,8.46433350835831e-18,0.0,0.00013197968290205536,44.380494962419945,4.98028203237853e-16,1.4333273721759806e-16,1.6853091053606495e-12,0.0,0.0,1.02930223315958,2.1334441971607666e-12,0.00020448199065430236,500000.0,441624.4044289496
0.00019486173752307468,0.00011865438350545848,1.4302301130864055,296.15888518849124,0.0,0.04085349874427407,132.32972021312858,7.926288970417637e-18,0.0,0.00013119505599645985,44.116650333720784,4.863128158843471e-16,1.4243094217835903e-16,1.674479104145975e-12,3.485440302711689e-17,1.0725842255803838e-17,1.0231829714037761,2.03454366846748e-12,0.00020446379485993273,500000.0,437942.61156360933
0.00019502106151407487,0.00011887432577589824,1.330135973588708,295.5048749371669,0.0,0.04062715533047949,131.59656571573464,7.45091961436976e-18,0.0,0.00013046818794896928,43.8722281392528,4.750575096292678e-16,1.4159299270939312e-16,1.6644091395147388e-12,0.0,7.484899333106114e-18,1.0175141677815382,1.94670225597373e-12,0.00020444687454480113,500000.0,434545.0388338708
0.00019518038550507506,0.00011907805479241361,1.226768105165394,294.9050293795124,0.0,0.04041898631003137,130.92228036110254,7.032048056599237e-18,0.0,0.00012979968426943622,43.647431992378706,4.642555180871688e-16,1.4081893901715493e-16,1.6551044745191607e-12,0.0,6.7231568831047876e-18,1.012300544630667,1.869060494390557e-12,0.00020443125712978576,500000.0,431432.3219737769
0.00019533970949607525,0.00011926507908570796,1.120502628184641,294.3600370240711,0.0,0.040229136259457794,130.3073324576153,6.664192547492301e-18,0.0,0.00012919000925071912,43.44241801975781,4.538979333552075e-16,1.4010871686944897e-16,1.646568641370655e-12,1.3606249586876032e-16,2.858183482390251e-17,1.0075457229454579,1.8008491218846575e-12,0.00020441696622564636,500000.0,428604.5623713459
0.00019549903348707544,0.00011943496624837918,1.0117050027122028,293.870436035817,0.0,0.040057711438258835,129.75206619931248,6.3425154877732716e-18,0.0,0.0001286395041355558,43.25730097027662,4.4397419731801056e-16,1.394621687687499e-16,1.6388036711929404e-12,0.0,3.0370087550419217e-18,1.0032523640591222,1.7413848726571484e-12,0.00020440402192678113,500000.0,426061.4240653296
0.00019565835747807563,0.00011958734127918745,0.9007305425677214,293.4366257331958,0.0,0.03990478481043067,129.25671793131568,6.0627743542745854e-18,0.0,0.0001281484032425217,43.09215963768632,4.344725255257437e-16,1.3887906236170876e-16,1.6318102968230174e-12,0.0,5.674424025618126e-18,0.9994222954092337,1.6900659651653993e-12,0.0002043924410774341,500000.0,423802.2186260253
0.0001958176814690758,0.00011972188502066911,0.787925024196834,293.05887703017504,0.0,0.039770400458187825,128.82143044652327,5.8212745650308166e-18,0.0,0.00012771684814013491,42.947041626896294,4.253802701005464e-16,1.383591062193168e-16,1.6255881299559265e-12,0.0,5.543815122452857e-18,0.9960566210808084,1.6463675499606665e-12,0.0002043822375091838,500000.0,421825.9786316866
0.00019597700546007598,0.00011983833269642602,0.6736253978172785,292.7373417183421,0.0,0.039654577416111655,128.44626540496893,5.614823855741998e-18,0.0,0.00012734489995972327,42.82196749439307,4.1668422543352485e-16,1.3790196316598744e-16,1.6201358138990678e-12,0.0,5.2873800124158115e-18,0.9931558178336823,1.6098372624620763e-12,0.00020437342224763631,500000.0,420131.520323067
0.00019613632945107617,0.00011993647256379387,0.5581605801745934,292.4720605656576,0.0,0.03955731294302213,128.13121393189076,5.440689671517987e-18,0.0,0.00012703254990262096,42.7169342814702,4.083708836751883e-16,1.3750726137568313e-16,1.6154511528099132e-12,2.5464959612671797e-17,5.369750283949506e-18,0.9907198170475502,1.5800910074212178e-12,0.00020436600368820807,500000.0,418717.49597930466
0.00019629565344207636,0.00012001614469806879,0.441852293476056,292.2629702997105,0.0,0.0394785852463762,127.87620544245964,5.296561213098997e-18,0.0,0.00012677972798922913,42.63191845625407,4.0042664917709964e-16,1.3717460333369528e-16,1.6115312182069206e-12,1.243383107602899e-17,0.0,0.9887480729554005,1.5568090662836798e-12,0.00020435998774235366,500000.0,417582.43661624193
0.00019645497743307655,0.00012007723991568425,0.3250159273451897,292.1099095178984,0.0,0.03941835567994922,127.68111476040015,5.1805163439062476e-18,0.0,0.0001265863101165971,42.56687828694029,3.9283801977977173e-16,1.3690357273015755e-16,1.6083724337433582e-12,0.0,0.0,0.9872396176852106,1.5397325794436238e-12,0.00020435537795545546,500000.0,416724.7855846125
0.00019661430142407674,0.00012011969883679168,0.20796141753757355,292.0126234670756,0.0,0.039376570439005484,127.54576760890669,5.090992782199153e-18,0.0,0.00012645212350226176,42.521755672378895,3.855917405242419e-16,1.366937394929805e-16,1.6059706393280326e-12,2.2839179275561285e-16,2.5859536948011428e-17,0.9861931037161054,1.5286604259056617e-12,0.00020435217559693325,500000.0,416142.923489566
0.00019677362541507693,0.00012014351108656271,0.09099412619059455,291.9707678842907,0.0,0.039353161774556625,127.46994454383506,5.026763316420936e-18,0.0,0.0001263769505837072,42.49647745333864,3.7867493423856483e-16,1.365446630596025e-16,1.6043211355558237e-12,0.0,4.855974730842908e-18,0.9856068342900794,1.5234465542618324e-12,0.00020435037972300985,500000.0,415835.18513441493
0.00019693294940607712,0.00012014871463574509,-0.02558428059248708,291.9839117369894,0.0,0.03934804874334028,127.4533833830048,4.986915212912678e-18,0.0,0.00012636053142683822,42.49095622239826,3.720752135281608e-16,1.3645589393676879e-16,1.6034187092134397e-12,0.0,4.8697122123498655e-18,0.9854787821955393,1.5239976860372913e-12,0.0002043499872128917,500000.0,415799.86858503043
0.0001970922733970773,0.00012013539527998802,-0.14147497464196485,292.05153895856154,0.0,0.03936113750733267,127.49578017641247,4.9708338724873155e-18,0.0,0.00012640256468787655,42.50509064740028,3.657807787350624e-16,1.3642697362314925e-16,1.6032576405117067e-12,1.506949235585481e-19,4.9296034508003294e-18,0.9858065972690618,1.5302714589378577e-12,0.00020435099277934073,500000.0,416035.236746728
0.00019725159738807747,0.00012010368625420475,-0.256381140176444,292.17304924288624,0.0,0.03939232119608485,127.59678876034873,4.978190493576875e-18,0.0,0.00012650270717130157,42.53876532280075,3.597805059272786e-16,1.3645743300557725e-16,1.603831692663908e-12,0.0,4.953272804650376e-18,0.9865876029477962,1.5422749298875373e-12,0.00020435338895460277,500000.0,416539.51174958044
0.00019741092137907766,0.00012005376797541404,-0.370007189899358,292.3477579220959,0.0,0.039441479344309666,127.7560189357082,5.008933390598989e-18,0.0,0.00012666057202377902,42.59185016234624,3.540640282482643e-16,1.3654678925156216e-16,1.605134084387782e-12,1.1682749961015207e-18,5.216816923648719e-18,0.9878187821840225,1.5600634255397823e-12,0.00020435716605257375,500000.0,417310.8623323142
0.00019757024537007785,0.00011998586790620903,-0.4820580314256422,292.5748949433635,0.0,0.039508476915063685,127.97303330398633,5.063282723761754e-18,0.0,0.0001268757255972873,42.66419934424501,3.4862181345674776e-16,1.3669454121472089e-16,1.6071574458232603e-12,0.0,5.288863067470582e-18,0.9894967529808515,1.5837396953998058e-12,0.00020436231210808195,500000.0,418347.38434284524
0.00019772956936107804,0.00011990026053015779,-0.5922383944528136,292.85360297495544,0.0,0.03959316291664795,128.24734278727908,5.141728476010562e-18,0.0,0.00012714768300753126,42.75564981760518,3.4344524026601303e-16,1.3690016339748161e-16,1.6098937582725976e-12,0.0,5.398687493823862e-18,0.9916177337525378,1.6134533112909665e-12,0.00020436881279424832,500000.0,419647.0744354001
0.00019788889335207823,0.00011979726742886931,-0.7002522307762614,293.18293468531397,0.0,0.03969536862023702,128.5784008549903,5.245031431659984e-18,0.0,0.00012747590241015316,42.86601937770965,3.3852667590994056e-16,1.3716309851218176e-16,1.6133342781297473e-12,2.2227504157762213e-18,5.969918371895395e-18,0.9941774986849629,1.6494002330087083e-12,0.0002043766513189442,500000.0,421207.7970194476
0.00019804821734307842,0.00011967725744826721,-0.8058021988924878,293.5618492448873,0.0,0.03981490538521791,128.9655964798615,5.374226839573635e-18,0.0,0.00012785977801716127,42.99510431766711,3.338595570853094e-16,1.3748274860922599e-16,1.6174694453689926e-12,0.0,6.25145318911028e-18,0.9971713232711489,1.6918225054114616e-12,0.00020438580830153135,500000.0,423027.24449521507
0.0001982075413340786,0.00011954064693946918,-0.9085892451407742,293.98920809288916,0.0,0.039951562099720964,129.4082458475594,5.5306303817402564e-18,0.0,0.00012829863187760346,43.14267666451873,3.294384760679993e-16,1.3785846481358183e-16,1.6222887769897212e-12,0.0,6.114549650632731e-18,1.000593920209189,1.7410079450549874e-12,0.00020439626163113822,500000.0,425102.8907802709
0.0001983668653250788,0.00011938790005775954,-1.0083122942921237,294.4637700157818,0.0,0.04010510224476748,129.90558284711145,5.715846001306931e-18,0.0,0.00012879170444954252,43.30848100889861,3.252592734679822e-16,1.3828953567318935e-16,1.627780745861458e-12,7.730003223498568e-18,7.154387845899477e-18,1.0044393658736057,1.797289736795342e-12,0.00020440798630786696,500000.0,427431.9381278861
0.00019852618931607898,0.00011921952910114587,-1.1046680639001196,294.98418560119404,0.0,0.04027526059226349,130.45674837532226,5.931775096316684e-18,0.0,0.0001293381439961824,43.49223093929439,3.2131913877883747e-16,1.3877517414123975e-16,1.6339326454970079e-12,2.6640130133935105e-18,8.672700761430743e-18,1.0087010176163265,1.8610458086398615e-12,0.00020442095426854762,500000.0,430011.257266407
0.00019868551330707917,0.00011903609486768214,-1.1973510174473436,295.54899113382,0.0,0.04046173955007723,131.06077849804984,6.180626433484835e-18,0.0,0.0001299369948486556,43.69360509520251,3.1761671952462845e-16,1.3931450320428808e-16,1.640730441414707e-12,0.0,7.288943991062685e-18,1.0133714222288148,1.932697830417705e-12,0.00020443513419892404,500000.0,432837.3209162124
0.00019884483729807934,0.000118838207008204,-1.2860534719934336,296.15660200553253,0.0,0.04066420517169858,131.71659152501996,6.464925964277781e-18,0.0,0.00013058718459166526,43.912242858074414,3.1415223934768626e-16,1.399065402059545e-16,1.6481586099350395e-12,3.15409753752164e-17,6.10451237782961e-18,1.0184422160035973,2.0127096627683406e-12,0.00020445049133445157,500000.0,435906.1307928314
0.00019900416128907953,0.00011862652434843009,-1.3704658779709504,296.80530575424643,0.0,0.040882282853555656,132.42297407292355,6.787525535744149e-18,0.0,0.00013128751024608478,44.147739704972096,3.1092762480359887e-16,1.405501799116406e-16,1.6561999654944947e-12,3.921363074258988e-17,1.362246875019309e-17,1.0239040169731277,2.1015850577683925e-12,0.0002044669872522359,500000.0,439213.1383336447
0.00019916348528007971,0.00011840175515162536,-1.4502772884066621,297.4932548319945,0.0,0.041115552750005516,133.17856621402305,7.151609268236586e-18,0.0,0.00013203662354490628,44.399642257346734,3.0794663993363236e-16,1.4124417641485474e-16,1.6648354778519487e-12,0.0,2.0195743717025912e-17,1.0297463100777347,2.1998643854536396e-12,0.00020448457965705375,500000.0,442753.1594571168
0.0001993228092710799,0.00011816465729031476,-1.525176034100961,298.2184591875946,0.0,0.041363544944326536,133.98184583441372,7.56069609588223e-18,0.0,0.00013283301542562476,44.66744306632862,3.052150268432642e-16,1.419871239686917e-16,1.674044080910013e-12,2.0883564604154542e-17,0.0,1.0359573262225659,2.308120116773005e-12,0.00020450322216484243,500000.0,446520.2837581346
0.0001994821332620801,0.00011791603829263497,-1.5948506251342254,298.9787788637324,0.0,0.041625734424085466,134.831112358631,8.018636643191233e-18,0.0,0.00013367499989439953,44.95057518676695,3.027406494881082e-16,1.4277743693472204e-16,1.6838024752888647e-12,1.8102664532944487e-16,0.0,1.0425239164350757,2.4269507880669454e-12,0.00020452286408756653,500000.0,450507.7788631657
0.00019964145725308028,0.00011765675522586416,-1.658990896932533,299.77191678405075,0.0,0.041901535921100234,135.72447003566415,8.529602320163986e-18,0.0,0.0001345606974553792,45.248406605049205,3.00533636636824e-16,1.436133289775284e-16,1.6940849272738886e-12,1.6451970024218852e-16,9.83069651594685e-17,1.0494314226312729,2.5569731623169854e-12,0.00020454345022396134,500000.0,454707.9908202974
0.00019980078124408047,0.00011738771437680979,-1.7172894170937278,300.59541189963755,0.0,0.04219029868957959,136.6598110247078,9.098064149013041e-18,0.0,0.00013548801834148072,45.560234600156434,2.986065185243411e-16,1.444927918759576e-16,1.7048630672997971e-12,0.0,1.5883809010306986e-16,1.0566635468335286,2.698812223652372e-12,0.00020456492066123195,500000.0,459112.24160825356
0.00019996010523508066,0.00011710987068672363,-1.7694431609926142,301.4466327238011,0.0,0.04249130131018061,137.63479856484568,9.728758415483582e-18,0.0,0.00013645464582840117,45.88528013270014,2.969743500128699e-16,1.454135740152088e-16,1.7161056917025591e-12,4.238660294708352e-16,0.0,1.0642022210373505,2.8530887008361964e-12,0.00020458721059335807,500000.0,463710.7248739538
0.00020011942922608085,0.00011682422689565792,-1.8151554859038401,302.3227718987497,0.0,0.042803746624291414,138.64685056657265,1.0426635938823674e-17,0.0,0.00013745801996682268,46.222682374593404,2.956548109927983e-16,1.463731593880215e-16,1.7277785721267196e-12,1.4987889287015492e-16,1.1415854408568896e-17,1.072027480339847,3.0204038399427113e-12,0.00020461025016251357,500000.0,468492.40223792446
0.00020027875321708101,0.00011653183234909836,-1.854138400239874,303.22084175965864,0.0,0.043126756920262244,139.69312401936054,1.1196792013152164e-17,0.0,0.00013849532212367057,46.57149351077824,2.9466827342251995e-16,1.473687468774035e-16,1.7398442776607087e-12,0.0,3.758658753183507e-17,1.0801173423778951,3.2013209772549982e-12,0.000204633964330029,500000.0,473444.90179598046
0.0002004380772080812,0.00011623378141902403,-1.8861151321292837,304.13767113868073,0.0,0.043459369510368676,140.770500664868,1.2044372906118696e-17,0.0,0.00013956346077817808,46.93067396289883,2.940378211047502e-16,1.4839723098206294e-16,1.7522620154232779e-12,1.146461893526147e-16,1.787333598297486e-17,1.088447696552366,3.3963440916554945e-12,0.0002046582727850718,500000.0,478554.42118938314
0.0002005974011990814,0.00011593121149124203,-1.9108230041082925,305.0699038962929,0.0,0.043800532854805715,141.8755744420198,1.2974455593840013e-17,0.0,0.00014065905907461652,47.29908820368808,2.937892065742764e-16,1.494551843289363e-16,1.764987495989491e-12,0.0,4.826654690219503e-17,1.0969922069525675,3.605892697673531e-12,0.00020468308989907448,500000.0,483805.6383531356
0.00020075672519008158,0.00011562530047124784,-1.9280166026004417,306.0139994303569,0.0,0.044149103405983964,143.00464126520552,1.399189782647284e-17,0.0,0.00014177844468813854,47.67550134917967,2.9395072763937594e-16,1.5053884248716076e-16,1.7779728306716961e-12,0.0,1.693243279626663e-16,1.1057222333205372,3.830273409959164e-12,0.00020470832473413398,500000.0,489181.6330484651
0.00020091604918108177,0.0001153172637630346,-1.9374712203373232,306.9662353672625,0.0,0.04450384336098514,144.15369174409528,1.5101156272089328e-17,0.0,0.0001429176426070347,48.05857673160891,2.945530044178353e-16,1.5164409199033241e-16,1.7911664681822265e-12,1.2673729391823196e-15,7.712526592877258e-17,1.114606774760129,4.0696482942265766e-12,0.000204733881114035,500000.0,494663.8225449195
0.00020107537317208196,0.00011500835067827187,-1.9389865588981998,307.92271307257647,0.0,0.04486341952236403,145.31840749353103,1.630607098986466e-17,0.0,0.00014407237147425346,48.446874669188524,2.9562863650449987e-16,1.5276646251480903e-16,1.804513178606155e-12,2.7235160530816978e-15,0.0,1.12361244120483,4.324000413427403e-12,0.00020475965776685067,500000.0,500231.91582759324
0.00020119352385615372,0.00011477945637729362,-1.9348807803384516,308.63235837727154,0.0,0.04513235579284543,146.18952850161122,1.7263173497158174e-17,0.0,0.0001449360230350216,48.73729273125842,2.967520585326169e-16,1.5360700341757842e-16,1.8144750061019998e-12,1.9390098146813895e-16,3.712472539335155e-16,1.1303480118669402,4.522165229812436e-12,0.00020477885286178586,500000.0,504403.6162145831
0.00020131167454022549,0.0001145513137007699,-1.9262548698841222,309.3403888893028,0.0,0.04540255214501389,147.06473118557267,1.8275360095872825e-17,0.0,0.0001458037212732128,49.029071559954225,2.981687753162947e-16,1.5445221354920448e-16,1.8244634404259637e-12,0.0,6.929188076201937e-17,1.137115142342162,4.728260793482374e-12,0.0002047980658850712,500000.0,508600.88602431933
0.00020142982522429725,0.0001143244596278678,-1.9130607532209978,310.0450461910151,0.0,0.045673365129812266,147.94193133636588,1.934303574384468e-17,0.0,0.00014667339985088542,49.32151631271338,2.998931097827223e-16,1.5529988942402127e-16,1.834452177928835e-12,4.840316608339642e-16,4.177140520718025e-17,1.1438977173753158,4.942018975421833e-12,0.00020481725062189898,500000.0,512813.6125481321
0.000201547975908369,0.0001140994361580846,-1.8952620257661918,310.74453168253814,0.0,0.04594412469338333,148.81895856844204,2.0466121100510737e-17,0.0,0.0001475429069925195,49.61390341708201,3.0193926318052325e-16,1.5614772421918146e-16,1.8444139291739886e-12,0.0,1.0371322176912042e-16,1.1506789553882963,5.163078258158885e-12,0.00020483635966636837,500000.0,517031.1780204062
0.00020166612659244077,0.00011387678887292196,-1.8728348993858686,311.437011182188,0.0,0.046214135538341826,149.6935607289859,2.1643978188994468e-17,0.0,0.0001484100098564408,49.90548204068382,3.043210746597221e-16,1.5699331205617523e-16,1.8543204820592627e-12,6.026356711895857e-16,0.0,1.1574414425725743,5.390975958075417e-12,0.00020485534454401362,500000.0,521242.4780990204
0.00020178427727651253,0.00011365706537079293,-1.8457691405847967,312.12062026500314,0.0,0.04648267885810187,150.56340951559486,2.2875335038253825e-17,0.0,0.00014927240010432659,50.19547596406614,3.070517463793263e-16,1.5783415373262424e-16,1.8641427799523046e-12,6.286259371477717e-16,8.897230675862584e-17,1.1641671763255041,5.625141212454251e-12,0.00020487415585420082,500000.0,525435.9472959767
0.0002019024279605843,0.0001134408136049155,-1.8140689754172632,312.7934702086462,0.0,0.04674901442744638,151.4261072477944,2.4158212679594612e-17,0.0,0.00015012770061465612,50.483085838216816,3.101435394398773e-16,1.5866766398004594e-16,1.873851014007387e-12,0.0,1.1775315558919236e-16,1.1708376176081692,5.864888948782488e-12,0.00020489274342907102,500000.0,529599.5911415156
0.00020202057864465606,0.00011322858013011698,-1.777753943649907,313.45365444724837,0.0,0.04701238305776902,152.27919481977457,2.548985642923344e-17,0.0,0.00015097347336728164,50.76749183588162,3.136074433491496e-16,1.594911801592744e-16,1.883414729871708e-12,6.485824714856301e-16,0.0,1.177433752436512,6.1094151498183915e-12,0.00020491105650876469,500000.0,533721.025176382
0.00020213872932872782,0.00011302090825113142,-1.7368597056972115,314.09925584169525,0.0,0.047272009439081254,153.12016090596242,2.686667313478775e-17,0.0,0.0001518072285700563,51.04785672055753,3.1745282049545464e-16,1.6030197246571021e-16,1.8928029495386055e-12,6.930209483587169e-16,1.2564957652308785e-16,1.1839361630594931,6.357793820814898e-12,0.00020492904393438257,500000.0,537787.5216979175
0.00020225688001279958,0.00011281833607291711,-1.691438783954482,314.72835466461544,0.0,0.04752710537826221,153.94645245000785,2.828417711989151e-17,0.0,0.00015262643505786183,51.32332934335592,3.216870292961802e-16,1.610972557614831e-16,1.9019843085718825e-12,0.0,1.5156582553359304e-16,1.1903251090606866,6.6089759410490435e-12,0.0002049466543590219,500000.0,541786.06433307
0.00020237503069687134,0.00011262139446599893,-1.641561210517659,315.3390370369143,0.0,0.04777687342332746,154.75548640413155,2.973694832647733e-17,0.0,0.0001534285319313241,51.5930485567167,3.263150328623329e-16,1.6187420299818789e-16,1.910927208116696e-12,8.891744808189589e-16,0.0,1.196580618127761,6.861790668980317e-12,0.0002049638364755313,500000.0,545703.4099685629
0.00020249318138094313,0.00011243060496287686,-1.587315077820107,315.9294040498275,0.0,0.048020510854445836,155.54466265649071,3.121860607194542e-17,0.0,0.00015421094137332478,51.85614752418913,3.313390019745295e-16,1.6262996014197093e-16,1.9195999807450214e-12,9.580140993690874e-16,1.6471355974916333e-16,1.202682586007818,7.114949166798939e-12,0.00020498053925916226,500000.0,549526.1582777135
0.0002026113320650149,0.00011224647759849697,-1.5288069728369253,316.4975814351064,0.0,0.048257214020681116,156.31137807831692,3.272180136578694e-17,0.0,0.000154971082575671,52.111758403526835,3.367579220549094e-16,1.6336166253994422e-16,1.9279710691148617e-12,0.0,1.8080682899966205e-16,1.2086108851208728,7.367051236382171e-12,0.00020499671222356597,500000.0,553240.8283845166
0.00020272948274908665,0.00011206950870760393,-1.466162267070851,317.04172943743265,0.0,0.04848618299578114,157.05304160447196,3.423823038760742e-17,0.0,0.00015570638669039995,52.35901737430841,3.4256721472122634e-16,1.6406645259331719e-16,1.9360092162042807e-12,4.9076745542655235e-15,0.0,1.214345481163796,7.616594883933841e-12,0.00020501230568850722,500000.0,556833.9417171705
0.00020284763343315842,0.00011190017869402409,-1.3995252798273856,317.56005345163646,0.0,0.04870662651737483,157.7670902322317,3.575867182293777e-17,0.0,0.00015641431269130344,52.597069971680526,3.4875838585815323e-16,1.6474149887542703e-16,1.943683665526432e-12,1.1252580760387553e-15,1.728318144334004e-16,1.2198665568140938,7.861989138544659e-12,0.00020502727105726207,500000.0,560292.1115406189
0.00020296578411723018,0.00011173894979044159,-1.3290592694109717,318.0508146736304,0.0,0.04891776716342687,158.45100578813478,3.727305013749079e-17,0.0,0.00015709236399702017,52.82507667616207,3.5531871322395354e-16,1.6538401579824377e-16,1.950964369309717e-12,0.0,1.7904844979019744e-16,1.225154641372354,8.101569881630108e-12,0.0002050415611010463,500000.0,563602.1371782423
0.0002031609784064491,0.00011149150275285152,-1.204748743527796,318.7967820168552,0.0,0.0492441966258275,159.50835944726134,3.973246408796827e-17,0.0,0.00015814065135192764,53.17758177885131,3.669177359793106e-16,1.663670285727192e-16,1.9620528936497346e-12,0.0,1.923701815728477e-16,1.2333301763614495,8.48004272288131e-12,0.00020506356923766065,500000.0,568711.7357186311
0.000203356172695668,0.00011126921679809245,-1.0714206151309515,319.4559290927878,0.0,0.049539914551384054,160.46623482417198,4.209306652759341e-17,0.0,0.00015909031340338663,53.49692238465015,3.7936985352031715e-16,1.672421795474027e-16,1.9718635922763486e-12,3.2541865602988024e-17,2.0840738589701812e-16,1.240736538074309,8.830048867254126e-12,0.000205083417242227,500000.0,573326.1521603492
0.00020355136698488695,0.00011107375082121785,-0.9301339160630508,320.0219060262587,0.0,0.04980191182841418,161.3148849800163,4.429949618037564e-17,0.0,0.00015993168678792315,53.779849017234454,3.925335635271636e-16,1.6799869922871956e-16,1.9802835015763224e-12,2.199366009833486e-16,2.1983748077158645e-16,1.2472983624745564,9.143758681378546e-12,0.00020510092977785413,500000.0,577393.7835480426
0.00020367862631514075,0.00011096145235807267,-0.8342909329088117,320.3380650800103,0.0,0.04995326945679126,161.80515668745397,4.562828382940533e-17,0.0,0.00016041775464862548,53.943297903977566,4.014162727628289e-16,1.684234181093395e-16,1.9849761296115235e-12,5.681269127023145e-17,2.3240201977525286e-16,1.2510891787841738,9.325178334109615e-12,0.0002051110153379809,500000.0,579729.0203110744
0.00020380588564539458,0.00011086151580866255,-0.7359139206051817,320.6109419640554,0.0,0.050088481528199676,162.2431309491169,4.6852658143202215e-17,0.0,0.00016085197348917788,54.089311643684624,4.104708208512416e-16,1.6879126960560324e-16,1.989011158853092e-12,0.0,2.436183169083926e-16,1.254475627458982,9.486101116881135e-12,0.00020512000502985207,500000.0,581800.7161860972
0.0002039331449756484,0.00011077424053955249,-0.6353695147452115,320.83940369504177,0.0,0.05020696239125254,162.62691074773312,4.795827400081816e-17,0.0,0.0001612324625583449,54.21725780059282,4.1963589758749636e-16,1.691001988016354e-16,1.992367811617353e-12,9.907507422528621e-16,2.265890602220844e-16,1.257443040624192,9.624805081971761e-12,0.00020512786635850348,500000.0,583598.8319491679
0.0002040604043059022,0.00011069987828009997,-0.533038789131034,321.0225109540967,0.0,0.0503082079215667,162.95486314121175,4.8931800934331925e-17,0.0,0.00016155760291573415,54.32659197745717,4.2884573941655456e-16,1.6934845911965303e-16,1.995028681423179e-12,0.0,2.608691997856987e-16,1.2599787922534318,9.739783767357202e-12,0.00020513457183078622,500000.0,585114.7560849234
0.00020418766363615603,0.00011063863145651297,-0.42931460599691085,321.1595271393781,0.0,0.05039180080811078,163.2256363859551,4.9761273970215346e-17,0.0,0.00016182605440829805,54.416863524193865,4.380310513141138e-16,1.695346329033935e-16,1.99697991970887e-12,0.0,2.622840615283246e-16,1.2620724305674196,9.829779593242536e-12,0.00020514009919835255,500000.0,586341.4051018062
0.00020431492296640982,0.00011059065190410628,-0.32459867763408995,321.24992551342734,0.0,0.05045741489539385,163.4381740020811,5.043641979598512e-17,0.0,0.0001620367696149728,54.48772022700445,4.471201096602176e-16,1.6965764817198277e-16,1.998211382648145e-12,3.6568837352698516e-16,2.549117048562002e-16,1.263715786787291,9.893813063952477e-12,0.0002051444316509585,500000.0,587273.305953296
0.00020444218229666365,0.0001105560399386808,-0.21929864695589157,321.29339434637717,0.0,0.05050481854366928,163.59172565782103,5.094891156560367e-17,0.0,0.0001621890046377317,54.53891193706311,4.5603993907324e-16,1.6971679143062692e-16,1.9987167378543067e-12,0.0,2.675776955096058e-16,1.2649030592935455,9.931205700773436e-12,0.00020514755795621357,500000.0,587906.6593972837
0.00020456944162691748,0.00011053484378139759,-0.11382519574782578,321.28984001795135,0.0,0.050533876964520746,163.68585473505684,5.1292563019155585e-17,0.0,0.0001622823266022528,54.57029309274796,4.647175223453144e-16,1.6971171618212223e-16,1.9984935296648244e-12,8.941796680988275e-18,2.6241045813704697e-16,1.2656308721233267,9.941595688841964e-12,0.00020514947254606403,500000.0,588239.3833030472
0.00020469670095717127,0.00011052705935277292,-0.00858907934927591,321.2393880844524,0.0,0.05054455347463834,163.72044239078565,5.1463481248583616e-17,0.0,0.00016231661768456495,54.58182407366947,4.730810430493002e-16,1.6964244688628415e-16,1.9975432007708037e-12,8.386005059054858e-16,2.402560426820469e-16,1.2658983063739622,9.924946084594524e-12,0.00020515017555008456,500000.0,588271.1349577837
0.0002048239602874251,0.00011053263045354846,0.09600190882306824,321.1423822849997,0.0,0.05053690962316773,163.69568796994272,5.146016825115441e-17,0.0,0.00016229207552031236,54.573571338299224,4.810611426634177e-16,1.6950937837417242e-16,1.9958710688033585e-12,0.0,2.668853163089319e-16,1.2657069033949426,9.881544531581226e-12,0.00020514967277430522,500000.0,588003.3116552356
0.00020495121961767892,0.00011055144933559802,0.19954594730482475,320.99938139306124,0.0,0.05051110418439879,163.61210574284613,5.1283552570942606e-17,0.0,0.00016220920997017768,54.54570633628504,4.885921446706314e-16,1.6931327046227475e-16,1.9934862582592523e-12,0.0,2.7618251153943427e-16,1.2650606395615993,9.811995886691993e-12,0.0002051479756242875,500000.0,587439.0292968274
0.00020507847894793272,0.00011058335765015215,0.30165008169420093,320.8111539404597,0.0,0.05046739104590575,163.47051806491686,5.093694615535551e-17,0.0,0.00016206883633830294,54.4985032280093,4.95613191547569e-16,1.6905523817389224e-16,1.99040158964072e-12,1.6965920206870476e-15,2.1676539780906102e-16,1.2639658733855705,9.717206322708573e-12,0.00020514510097373298,500000.0,586583.0795569574
0.00020520573827818655,0.00011062814775261243,0.4019329541556997,320.5786710911475,0.0,0.05040611604927288,163.27204514368626,5.0425934375655986e-17,0.0,0.00016187206522697754,54.43233547306973,5.020692558082839e-16,1.6873673753946136e-16,1.986633428547796e-12,0.0,2.375685278450443e-16,1.2624312663925656,9.598360765904116e-12,0.00020514107098201876,500000.0,585441.8670822544
0.00020533299760844035,0.00011068556434278128,0.500027369125585,320.3030976534652,0.0,0.05032771285583685,163.01809164754692,4.9758210660585856e-17,0.0,0.00016162028926021047,54.347671365847404,5.079120012448229e-16,1.683595475714929e-16,1.9822014979579167e-12,0.0,2.682992007985674e-16,1.260467679580247,9.456894330179301e-12,0.0002051359128647391,500000.0,584023.327969907
0.00020546025693869417,0.00011075530641942859,0.5955826708120907,319.9857813648303,0.0,0.050232697922501145,162.71033043203295,4.894336124567148e-17,0.0,0.00016131516694962248,54.24506861010408,5.131004757400069e-16,1.679257485235585e-16,1.9771286574393713e-12,1.748924554074814e-15,1.9889951770481785e-16,1.2580880475886607,9.294458572325234e-12,0.0002051296586213428,500000.0,582336.8312977393
0.000205587516268948,0.00011083702952267095,0.6882668659078877,319.62824084873364,0.0,0.05012166469102776,162.3506837183593,4.7992605962324926e-17,0.0,0.0001609586040343001,54.12516804420282,5.17601618410371e-16,1.6743769718718281e-16,1.971440653754864e-12,0.0,2.1039584996323875e-16,1.2553072331713426,9.112884209077825e-12,0.00020512234472438214,500000.0,580393.0662664245
0.0002057147755992018,0.0001109303482315697,0.7777684916231318,319.23215221341604,0.0,0.049995277110670276,161.94130211241398,4.6918505885453094e-17,0.0,0.00016055273267970277,53.98868664636963,5.213905695387594e-16,1.6689799953552698e-16,1.9651658478828533e-12,0.0,2.024156386153519e-16,1.252141864968634,8.914141421433598e-12,0.0002051140117759457,500000.0,578203.9169782822
0.00020584203492945562,0.000111034838881168,0.8637982022963452,318.79933460783093,0.0,0.04985426262367575,161.4845418840857,4.57346513046288e-17,0.0,0.00016009988895182773,53.83640995997801,5.244507817718156e-16,1.6630948143622346e-16,1.9583349237613477e-12,0.0,2.1629875283772875e-16,1.248610161829815,8.700299076889135e-12,0.00020510470413741174,500000.0,575782.3276627656
0.00020596929425970945,0.0001111500424616815,0.9460900517141305,318.33173500925045,0.0,0.04969940474807299,160.98294094190763,4.445534282157383e-17,0.0,0.0001596025889978702,53.669184083872594,5.267739406790253e-16,1.656751579368148e-16,1.950980584152342e-12,1.4805929987272164e-15,1.471469331241039e-16,1.244731747047301,8.473484356841017e-12,0.00020509446953871445,500000.0,573142.161143468
0.00020609655358996324,0.00011127546766287894,1.024402493449323,317.8314124905817,0.0,0.04953153539137824,160.4391939362274,4.309527618750835e-17,0.0,0.00015906350436282516,53.48790737215704,5.28359709459011e-16,1.6499820175728842e-16,1.9431372389363532e-12,0.0,2.270924009509189e-16,1.2405274558525623,8.23584383377294e-12,0.00020508335867346227,500000.0,570298.0532674666
0.00020622381292021707,0.00011141059402677633,1.0985190836265168,317.3005220863052,0.0,0.04935152702631336,159.85612691518574,4.166924022948219e-17,0.0,0.00015848543686281823,53.29352198489537,5.292153168215282e-16,1.6428191154780594e-16,1.9348406909741245e-12,5.4716573884070965e-17,1.5731061727649906e-16,1.2360191394542996,7.989507067074931e-12,0.0002050714247858307,500000.0,567265.265710676
0.00020635107225047087,0.00011155487517154,1.1682488933472461,316.7412985984262,0.0,0.04916028485477067,159.2366719428243,4.0191836730373386e-17,0.0,0.0001578712934208472,53.087005426187844,5.293550106605905e-16,1.6352968043774358e-16,1.9261278244220204e-12,0.0,1.541238558079658e-16,1.2312294687838343,7.736553558535933e-12,0.0002050587232551798,500000.0,564059.53986126
0.0002064783315807247,0.00011170774205032348,1.2334266470862665,316.1560405233112,0.0,0.04895873907850872,158.5838420627249,3.8677229719894697e-17,0.0,0.0001572240612450878,52.86936219744135,5.287994033555146e-16,1.6274496539575448e-16,1.9170363000060257e-12,2.475572056310485e-16,1.2626636426313195e-16,1.226181740912148,7.478983792838073e-12,0.00020504531118401283,500000.0,560696.9540192808
0.00020660559091097852,0.00011186860621093221,1.2939126039508333,315.54709428752307,0.0,0.04874783738354912,157.90070695388297,3.713892935029513e-17,0.0,0.0001565467836935043,52.64161568142014,5.275747363687722e-16,1.6193125782929285e-16,1.907604261262345e-12,8.376041880885223e-16,6.463535832936291e-17,1.2208996908193388,7.218694660500994e-12,0.00020503124699437742,500000.0,557193.7859431105
0.00020673285024123232,0.00011203686302486873,1.349592200105907,314.916838981363,0.0,0.048528537732264905,157.19036958321118,3.558961326896149e-17,0.0,0.00015584253712653767,52.40480035855712,5.257120918639069e-16,1.6109205580006588e-16,1.897870055201479e-12,0.0,1.389195629672978e-16,1.215407310870087,6.957459567473484e-12,0.00020501659003725433,500000.0,553566.3825253609
0.00020686010957148614,0.00011221189485700208,1.4003754756123816,314.26767171460165,0.0,0.04830180154338,156.45594411449025,3.4040986643223214e-17,0.0,0.0001551144090054866,52.15995444214514,5.23246577646127e-16,1.6023083816877004e-16,1.8878719702841174e-12,0.0,1.7442564988947423e-16,1.2097286800040636,6.696913235079534e-12,0.00020500140021889314,500000.0,549831.0380071233
0.00020698736890173997,0.00011239307415000912,1.4461963114424334,313.60199372928685,0.0,0.04806858732576026,155.70053528726584,3.2503680575897095e-17,0.0,0.00015436547744824346,51.908113003585,5.202165094921513e-16,1.593510409167002e-16,1.8776479940155945e-12,0.0,1.0478642758076385e-16,1.2038878042920709,6.4385410590240085e-12,0.00020498573764746243,500000.0,546003.8818943332
0.00020711462823199377,0.00011257976640090387,1.487011501286604,312.9221974417095,0.0,0.04782984481740909,154.92721943211924,3.0987187301860765e-17,0.0,0.00015359879240733313,51.6503016431749,5.166626122077041e-16,1.58456035815238e-16,1.8672355918838035e-12,0.0,9.213111301334122e-17,1.1979084701447416,6.183672781185062e-12,0.00020496966230275628,500000.0,542100.7775416712
0.0002072418875622476,0.0001127713330104036,1.5227996861775044,312.23065444312994,0.0,0.047586509666601405,154.13902724202254,2.9499829302185166e-17,0.0,0.00015281735858898375,51.38753074635093,5.126272575723426e-16,1.5754911155157275e-16,1.856671508798255e-12,2.0084972744320095e-16,8.861975828376637e-17,1.1918141110994114,5.9334800475509225e-12,0.00020495323373101906,500000.0,538137.2318638618
0.0002073691468925014,0.00011296713398935306,1.5535601780888362,311.52970451315883,0.0,0.04733949867837494,153.33892837495569,2.804875856565698e-17,0.0,0.000152024120187768,51.12079035044135,5.081537537760027e-16,1.5663345736064164e-16,1.845991593655934e-12,1.7302909768463747e-16,0.0,1.185627688766441,5.688977436519278e-12,0.0002049365107663424,500000.0,534128.3164434474
0.00020749640622275522,0.00011316653050974264,1.5793116978457102,310.82164569228235,0.0,0.04708970563698069,152.52981792212614,2.663998179288548e-17,0.0,0.00015122194747085215,50.85104563338365,5.032856972966474e-16,1.5571214916340865e-16,1.8352306471787034e-12,0.0,0.0,1.1793715882005118,5.451026435310318e-12,0.00020491955127952192,500000.0,530088.6000802357
0.00020762366555300904,0.00011336888729111562,1.600091054038726,310.10872538002593,0.0,0.04683799770343743,151.71450473901712,2.5278407000664148e-17,0.0,0.00015041362520913407,50.5792330234792,4.980663946378301e-16,1.5478813814056392e-16,1.8244222927364076e-12,9.807186484175799e-16,3.9208444857891485e-16,1.1730675276754394,5.220341825833406e-12,0.00020490241195471448,500000.0,526032.0925044529
0.00020775092488326284,0.00011357357481595748,1.6159517797875003,309.3931326077346,0.0,0.04658521237759108,150.89570160503322,2.396790716055662e-17,0.0,0.0001496018429212328,50.30625691877378,4.9253835819505e-16,1.5386424167391107e-16,1.8135988695097555e-12,4.8751328009661e-23,5.680859427014017e-17,1.166736482597855,4.997500070101543e-12,0.0002048851480938098,500000.0,521972.1991353708
0.00020787818421351666,0.00011377997137043978,1.626962754063241,308.6769913233352,0.0,0.04633215500567464,150.07601714998046,2.2711396418697148e-17,0.0,0.00014878918686919105,50.03298699547275,4.867428776919393e-16,1.5294313649861583e-16,1.8027913470393083e-12,0.0,4.2897372341009605e-17,1.16039862308215,4.782949038331764e-12,0.0002048678134479544,500000.0,517921.6861029523
0.0002080054435437705,0.00011398746490960752,1.6332068255172267,307.96235467505073,0.0,0.046079596806990065,149.25794946219995,2.1510914951645824e-17,0.0,0.00014797813372142957,49.760256076993265,4.807196662402246e-16,1.5202735394200787e-16,1.792029259950097e-12,2.202194011998965e-16,9.681355247494229e-17,1.1540732645281162,4.577018779446957e-12,0.00020485046007532708,500000.0,513892.6549105057
0.0002081327028740243,0.00011419545474832659,1.6347794526851234,307.25120031102944,0.0,0.04582827338800448,148.44388127541026,2.0367718834905284e-17,0.0,0.0001471710457808586,49.4888585293331,4.74506578088237e-16,1.5111927706322092e-16,1.7813406614533648e-12,0.0,0.0,1.1477788304052585,4.379932851390733e-12,0.0002048331382239748,500000.0,509896.52609417995
0.00020825996220427811,0.00011440335308125241,1.6317873781138932,306.5454265790671,0.0,0.04557888370795578,147.63607661807598,1.9282371731949807e-17,0.0,0.00014637016766298142,49.21954914402276,4.681393935874569e-16,1.5022113950260007e-16,1.7707520940933534e-12,1.1910939378328664e-16,6.424097050832294e-17,1.1415328263454656,4.191819853619251e-12,0.00020481589623827786,500000.0,505944.03096467175
0.00020838722153453194,0.0001146105863366822,1.6243473455569444,305.84684962478195,0.0,0.045332089457363646,146.8366788002868,1.825483580931771e-17,0.0,0.00014557762430002905,48.95304246698258,4.61651665810789e-16,1.4933502586951701e-16,1.7602885761251146e-12,3.251530093081035e-16,1.1439991016208874e-16,1.1353518245774181,4.012724924983663e-12,0.0002047987804874405,500000.0,502045.2106871667
0.00020851448086478574,0.00011481659637048494,1.6125848707135684,305.15720131224987,0.0,0.045088514809294,146.04770960801892,1.728455980019582e-17,0.0,0.00014479542014212104,48.690012529902155,4.550746225634532e-16,1.4846287347103983e-16,1.7499736018712541e-12,0.0,0.0,1.1292514576965607,3.842620908933331e-12,0.0002047818353142817,500000.0,498209.42182628653
0.00020864174019503956,0.000115020841507639,1.5966330772670407,304.47812781972175,0.0,0.044848746502324933,145.27106957180848,1.637056256487753e-17,0.0,0.00014402543942364641,48.43109293981181,4.484371171635721e-16,1.4760647518702631e-16,1.7398291543937166e-12,0.0,3.5647746868851966e-17,1.1232464207424995,3.68141900272548e-12,0.00020476510300250972,500000.0,494445.34737713955
0.00020876899952529336,0.00011522279743983758,1.5766316000943847,303.8111889239921,0.0,0.044613334214337115,144.50853917749282,1.5511510971379392e-17,0.0,0.00014326944736362722,48.17687728272477,4.4176562127464034e-16,1.4676748332345803e-16,1.7298757288437983e-12,0.0,1.5852025153040745e-17,1.1173504805605456,3.528978794416082e-12,0.00020474862376062801,500000.0,490761.01259622164
0.00020889625885554719,0.00011542195798810514,1.5527255599950538,303.1578579017081,0.0,0.04438279118746466,143.76178089047372,1.4705791298225257e-17,0.0,0.0001425290921726203,47.92791979849466,4.3508425320234444e-16,1.4594741426471622e-16,1.7201323649165757e-12,6.449871930597957e-17,2.920727377653294e-17,1.1115764914534634,3.3851175422714995e-12,0.00020473243572063145,500000.0,487163.80484131473
0.000209023518185801,0.00011561783573970474,1.52506461339506,302.5195219637511,0.0,0.044157595066178605,143.03234187037094,1.3951573739308526e-17,0.0,0.00014180590774408777,47.68473628583848,4.2841483538539377e-16,1.451476537649217e-16,1.7106166869160718e-12,0.0,1.4401815279160088e-17,1.105936416171368,3.24961866805807e-12,0.00020471657494968955,500000.0,483660.49665616854
0.0002091507775160548,0.0001158099625690112,1.493802080037666,301.8974831198276,0.0,0.04393818891233819,142.3216572588877,1.324686984134051e-17,0.0,0.00014110131691407382,47.44780519845919,4.217769752542614e-16,1.4436946273246638e-16,1.7013449500224669e-12,0.0,1.5290637806291307e-17,1.1004413513337399,3.122239418106067e-12,0.00020470107547305972,500000.0,480257.27135466423
0.00020927803684630864,0.00011599789005222705,1.4590941473699945,301.29295943616154,0.0,0.04372498236323479,141.63105393086352,1.2589582935203985e-17,0.0,0.00014041663518009744,47.21756889558788,4.1518816415492993e-16,1.4361398337582651e-16,1.692332091449707e-12,0.0,1.7315121033434632e-17,1.0951015564328357,3.002717704691079e-12,0.00020468596930654328,500000.0,476959.7505180504
0.00020940529617656246,0.00011618118978569225,1.4210991501010426,300.70708663702055,0.0,0.04351835290131514,140.9617546070707,1.1977551806238438e-17,0.0,0.00013975307477868368,46.994435013125475,4.0866388960255354e-16,1.4288224558673584e-16,1.68359178529381e-12,0.0,1.6997482744137683e-17,1.0899264856341282,2.8907781390926895e-12,0.00020467128649689426,500000.0,473773.0228535259
0.00020953255550681626,0.00011635945361726598,1.379976923659327,300.14091998264036,0.0,0.04331864720706262,140.31488223637797,1.1408587983380325e-17,0.0,0.00013911174902995124,46.77877792458733,4.022177567172273e-16,1.4217517345366892e-16,1.6751364999880047e-12,7.248943959235509e-17,1.5948650027144558e-17,1.0849248216595142,2.7861372952048923e-12,0.00020465705516869943,500000.0,470701.67388897017
0.00020965981483707008,0.00011653229379997091,1.3358882288530545,299.5954363756713,0.0,0.04312618256926666,139.6914645638072,1.0880507119033812e-17,0.0,0.00013849367686649734,46.570940264021566,3.958616152786361e-16,1.4149359181494516e-16,1.6669775573931354e-12,1.681717772711768e-24,1.474327439552886e-17,1.080104511107858,2.6885082529794553e-12,0.00020464330157635963,500000.0,467749.81606336316
0.00020978707416732388,0.00011669934307683376,1.288994245786483,299.0715366240399,0.0,0.04294124832951911,139.09243880944985,1.0391154970079248e-17,0.0,0.0001378997874721964,46.37123448588631,3.896056893964506e-16,1.4083823276898462e-16,1.6591251926573666e-12,0.0,1.3677740693196683e-17,1.0754728006327132,2.597604462902756e-12,0.0002046300501599077,500000.0,464921.11878401396
0.0002099143334975777,0.00011686025470549906,1.2394561329532663,298.5700478276657,0.0,0.04276410734034942,138.51865639157216,9.938428525123246e-18,0.0,0.0001373309249648079,46.17994443965878,3.834587073133639e-16,1.4020974207402276e-16,1.6515886140823755e-12,8.842180883692963e-18,1.2742690801219942e-17,1.071036273461712,2.5131430048526462e-12,0.00020461732360350972,500000.0,462218.8381317003
0.00021004159282783153,0.00011701470243067934,1.187434647274542,298.09172585823615,0.0,0.04259499741901187,137.97088763563218,9.520292832724124e-18,0.0,0.00013678785306461632,45.9973269397476,3.7742802933368766e-16,1.3960868537887025e-16,1.64437606233554e-12,0.0,1.1893812426162776e-17,1.0668008858070273,2.434847293019784e-12,0.00020460514289561305,500000.0,459645.845941798
0.00021016885215808533,0.00011716238041196213,1.1330898215666343,297.6372578860499,0.0,0.042434132781371224,137.4498264188362,9.134794071004433e-18,0.0,0.00013627125969916174,45.82361331391505,3.7151977229965025e-16,1.3903555423643313e-16,1.6374948684431401e-12,7.15728510557304e-18,1.1147712152771886e-17,1.0627720027774181,2.3624492880536176e-12,0.0002045935273898174,500000.0,457204.65800655395
0.00021029611148833916,0.00011730300311398638,1.0765806952324923,297.2072649242766,0.0,0.04228170544254796,136.95609470702783,8.780069370299877e-18,0.0,0.0001357817615012264,45.65901091580445,3.6573892940764715e-16,1.384907718651339e-16,1.6309515100855433e-12,0.0,1.0445062194477495e-17,1.0589544334577843,2.2956912785555694e-12,0.00020458249486564735,500000.0,454897.46120557695
0.00021042337081859298,0.00011743630516553782,1.018065094645923,296.8023043495247,0.0,0.04213788657296027,136.4902469470979,8.454353878573497e-18,0.0,0.00013531990816358333,45.503704589300824,3.600894845265971e-16,1.3797469861521256e-16,1.6247516657917189e-12,5.461824856678456e-17,9.947905547032259e-18,1.0553524648715982,2.2343272778351893e-12,0.00020457206158851628,500000.0,452726.1393855566
0.00021055063014884678,0.0001175620411935618,0.9576994578027903,296.42287240085204,0.0,0.042002827800280855,136.0527742842113,8.155985500374922e-18,0.0,0.0001348861866200604,45.35785807448797,3.545745203883792e-16,1.374876371367964e-16,1.6189002667023367e-12,0.0,9.146551447177476e-18,1.0519698945888076,2.1781241063345555e-12,0.00020456224236823942,500000.0,450692.2979055036
0.0002106778894791006,0.00011767998563763836,0.8956387018747156,296.0694065739372,0.0,0.041876662449432646,135.64410857832166,7.883407698354324e-18,0.0,0.00013448102502761953,45.22161534669143,3.4919632029528913e-16,1.3702983722550775e-16,1.613401545631753e-12,2.7821275539827875e-16,9.574785291886452e-18,1.0488100617818163,2.1268621783838248e-12,0.00020455305061555122,500000.0,448797.2866563637
0.0002108051488093544,0.00011778993254971402,0.832036123016026,295.74228804357784,0.0,0.04175950671447563,135.2646262001012,7.635170749928584e-18,0.0,0.00013410479652972804,45.09510188198181,3.439564631945297e-16,1.366015003167645e-16,1.6082590832247097e-12,0.0,6.1096838460904025e-18,1.0458758765758922,2.080336082353747e-12,0.00020454449839618486,500000.0,447042.22171872645
0.00021099818888542187,0.00011794103256886982,0.7329527368650679,295.29709308743094,0.0,0.04159921149662975,134.74540959847914,7.30210957256882e-18,0.0,0.00013359003196272118,44.92200322186664,3.3627419395182944e-16,1.3600833814235166e-16,1.601145029968229e-12,0.0,7.894463948507429e-18,1.041861256244048,2.018377994487381e-12,0.00020453277008699816,500000.0,444649.0700770307
0.00021119122896148934,0.00011807273875651708,0.63119176559065,294.91417746308497,0.0,0.04146015882561016,134.29500040725557,7.01776762963038e-18,0.0,0.00013314348481539693,44.77184387167746,3.289134313880811e-16,1.3548369712175548e-16,1.5948653348760865e-12,1.6801757939022523e-17,7.51065247857587e-18,1.0383786597878695,1.9662799138247705e-12,0.00020452256998873615,500000.0,442582.26897045
0.0002113842690375568,0.00011818458385877039,0.5272657536788362,294.59419694496853,0.0,0.04134256123928784,133.9140870724705,6.778466345673592e-18,0.0,0.00013276583763068827,44.64485334851075,3.2187303936790423e-16,1.3502776519602383e-16,1.5894251802167323e-12,1.576300408920414e-17,7.177511155035579e-18,1.0354334103219418,1.9235186082531403e-12,0.00020451392403162834,500000.0,440843.2202150397
0.00021157730911362428,0.00011827619870363414,0.42167839187115774,294.3375620629833,0.0,0.041246565486840185,133.6031449413303,6.58105128664541e-18,0.0,0.00013245756167991395,44.54119012565887,3.151501682589057e-16,1.3464056580707445e-16,1.5848272647929346e-12,2.0489348568313585e-17,6.626999585832385e-18,1.0330291832652516,1.8896483748315964e-12,0.0002045068522055437,500000.0,439432.53045061196
0.00021177034918969174,0.00011834731052124049,0.3149249964379574,294.1444503357073,0.0,0.04117225790313387,133.36245367061736,6.4228680880862834e-18,0.0,0.00013221893422193207,44.46094743630037,3.0874071062536113e-16,1.3432197667306975e-16,1.5810720100576745e-12,0.0,6.237587789337926e-18,1.0311681409442655,1.8642995345274463e-12,0.00020450136881447427,500000.0,438350.10253992147
0.0002119633892657592,0.00011839774138579868,0.20749307430002079,294.01481694710634,0.0,0.04111966873627044,133.19211124426735,6.3017397573719926e-18,0.0,0.0001320500524005185,44.40415794674015,3.026397034840021e-16,1.3407174446710492e-16,1.5781577250040064e-12,0.0,7.153107281547041e-18,1.0298510409778556,1.847176441140464e-12,0.0002044974826859529,500000.0,437595.20800501556
0.00021215642934182668,0.00011842740678091193,0.09986296142783042,293.94840368082157,0.0,0.04108877546057176,133.0920447046526,6.215944736521955e-18,0.0,0.0001319508438836261,44.370797334050685,2.9684168355301857e-16,1.3388949551482839e-16,1.5760807313547382e-12,7.46920624804705e-17,7.327461602504913e-18,1.0290773192523577,1.8380552108489596e-12,0.00020449519733390628,500000.0,437166.5410273558
0.00021234946941789415,0.00011843631428551865,-0.007491466752024123,293.94474594318154,0.0,0.04107950510989415,133.0620177105694,6.1641953354797986e-18,0.0,0.00013192107435656218,44.36078680578639,2.9134099947294826e-16,1.3377474289595605e-16,1.5748354506196443e-12,5.992807059539305e-17,5.031305183227617e-18,1.0288451483604781,1.8367812958412523e-12,0.0002044945110720472,500000.0,437062.2545223921
0.0002125425094939616,0.00011842456239213581,-0.1141020556144986,294.00317785702896,0.0,0.04109173564842986,133.101634977506,6.1456179510438426e-18,0.0,0.00013196035192418554,44.37399458029918,2.8613208697002717e-16,1.3372689001681107e-16,1.5744144539895188e-12,0.0,5.886724352981783e-18,1.0291514719337662,1.8432669548911084e-12,0.00020449541707818353,500000.0,437279.97875850374
0.00021273554957002908,0.00011839233946773039,-0.21950566433771446,294.1228355024135,0.0,0.041125296394375725,133.2103436500171,6.1597364333198745e-18,0.0,0.0001320681284715233,44.41023634426654,2.812097146504414e-16,1.3374523068974036e-16,1.5748084760058023e-12,1.442894295823901e-16,1.023314456942568e-17,1.0299920152539104,1.8574886508843676e-12,0.0002044979034124782,500000.0,437816.8230304215
0.00021292858964609655,0.00011833992284886011,-0.3232435483281809,294.3026586024134,0.0,0.04117996752776792,133.38743170760108,6.206458520304521e-18,0.0,0.00013224369808331277,44.46927472123608,2.7656920733591636e-16,1.3382894594777986e-16,1.576006393509169e-12,2.1784547419918483e-16,5.963770638826507e-18,1.0313612729268686,1.879484387850762e-12,0.0002045019529929122,500000.0,438669.3613202971
0.00021312162972216402,0.00011826767804658555,-0.4248608580103231,294.5413906749522,0.0,0.04125547872736022,133.6320235494241,6.2860643936435044e-18,0.0,0.00013248619266657515,44.550817799641855,2.7220665184183683e-16,1.3397709776423603e-16,1.577995171839653e-12,0.0,1.362469522524918e-18,1.033252474743635,1.9093508643635667e-12,0.0002045075435306589,500000.0,439833.60253945016
0.00021331466979823148,0.00011817605803262611,-0.5239062732108779,294.83757753752803,0.0,0.04135150698335843,133.94307290951966,6.399196627500698e-18,0.0,0.0001327945749265737,44.65451677084318,2.6811908865887663e-16,1.341886198039587e-16,1.5807597803300353e-12,0.0,1.292957300922229e-17,1.0356575309000482,1.9472403390398394e-12,0.00020451464742827138,500000.0,441304.9457018246
0.00021350770987429895,0.0001180656025770305,-0.6199318213380762,295.18956455531844,0.0,0.04146767363315723,134.31935325520683,6.546851165833332e-18,0.0,0.00013316762884756143,44.77996272810809,2.643046924514318e-16,1.3446230539861516e-16,1.5842830791659372e-12,0.0,7.706621970708382e-18,1.0385669577566685,1.993357110489759e-12,0.00020452323164452558,500000.0,443078.12108715577
0.00021370074995036642,0.00011793693760126945,-0.7124929169181062,295.5954927609266,0.0,0.04160354067464462,134.75944584543547,6.73036857309176e-18,0.0,0.0001336039478535166,44.92668268545318,2.607629438592383e-16,1.3479679293291277e-16,1.588545679980409e-12,0.0,7.454704253505212e-18,1.0419697855050394,2.0479533386897627e-12,0.00020453325753086346,500000.0,445147.1181055327
0.0002138937900264339,0.00011779077450099225,-0.8011486563145168,296.05329398326074,0.0,0.04175860642459236,135.26172566778004,6.951424162351648e-18,0.0,0.0001341019208657198,45.094134889258186,2.574947940297021e-16,1.35190548811118e-16,1.5935257830433548e-12,1.0199928838662595e-16,1.8884094033004975e-17,1.0458534494315033,2.111324045397942e-12,0.000204544680645094,500000.0,447505.1007107728
0.00021408683010250135,0.000117627909384345,-0.8854624031673305,296.56068525503616,0.0,0.041932300603802895,135.82434551861928,7.212015314697862e-18,0.0,0.0001346597165194377,45.28170351084797,2.5450282175803483e-16,1.3564184829839728e-16,1.5991989944418735e-12,2.3664396323942212e-17,7.766701616071438e-18,1.0502036668240025,2.183801010352986e-12,0.0002045574505485993,500000.0,450144.3115652252
0.00021427987017856882,0.00011744922216602262,-0.9650026958601988,297.1151627292734,0.0,0.042123978944941125,136.44521853721517,7.514444174727537e-18,0.0,0.00013527526584776513,45.488692823628774,2.5179138151745007e-16,1.3614875455760841e-16,1.6055381271932997e-12,0.0,7.044748469400472e-18,1.0550043019243112,2.265745251884628e-12,0.00020457151059411827,500000.0,453055.9662826485
0.0002144729102546363,0.00011725567545205326,-1.0393445102891565,297.7139954153301,0.0,0.04233291743569884,137.12199955859052,7.861293654247397e-18,0.0,0.0001359462437943959,45.714320986430394,2.49366739111416e-16,1.3670909619226837e-16,1.6125129908720247e-12,3.4663448146023e-17,1.404210955183804e-17,1.0602372217471363,2.3575378000484284e-12,0.00020458679771219346,500000.0,456230.1394339327
0.00021466595033070376,0.00011704831314407094,-1.1080709113825749,298.3542191247949,0.0,0.04255830633105591,137.85206571846678,8.255394280792916e-18,0.0,0.0001366700499848617,45.95771357749721,2.472371899826975e-16,1.373204437435897e-16,1.620090175128224e-12,0.0,1.17109311738635e-17,1.065882146116095,2.4595684225406653e-12,0.00020460324220545372,500000.0,459655.6444382613
0.00021485899040677123,0.00011682825868561747,-1.1707751176612147,299.0326309582943,0.0,0.042799244092817976,138.6324968226292,8.699779030315151e-18,0.0,0.00013744378926421944,46.21789704994272,2.45413153202487e-16,1.3798008568053283e-16,1.6282328333886527e-12,0.0,1.3590572119706378e-17,1.071916495878224,2.572221957808542e-12,0.00020462076756103624,500000.0,463319.9097560703
0.0002150520304828387,0.00011659671286818695,-1.2270630001608884,299.7457847533345,0.0,0.043054731440809894,139.46005607795087,9.197623059447864e-18,0.0,0.000138264252593298,46.49379230777564,2.4390723185064733e-16,1.3868500448895441e-16,1.6369004739969416e-12,2.0771780394161297e-19,1.5081690019534764e-17,1.0783152439148629,2.695861963244095e-12,0.0002046392902924622,500000.0,467208.8543729095
0.00021524507055890616,0.00011635495111150399,-1.2765560307884083,300.48998796423615,0.0,0.043323665727515476,140.33117187108274,9.752165154457034e-18,0.0,0.00013912789898362816,46.78420863120144,2.4273422809898473e-16,1.3943185357469348e-16,1.6460487670500361e-12,0.0,1.6493010168718438e-17,1.0850507742531699,2.8308114052858115e-12,0.0002046587198233103,500000.0,471306.7661270265
0.00021543811063497363,0.00011610432013067192,-1.318894686452612,301.26130047964665,0.0,0.04360483587625484,141.24192137249892,1.0366607736769544e-17,0.0,0.00014003083924207525,47.08783821046837,2.419110989656259e-16,1.402169358199615e-16,1.6556293762022611e-12,2.9991208603564895e-18,1.8931010101675734e-17,1.0920927552914101,2.9773302236479587e-12,0.0002046789584260093,500000.0,475596.1870146338
0.0002156311507110411,0.00011584623390259674,-1.3537423039281566,302.05553590932647,0.0,0.04389691815107309,142.18801683454197,1.1043992501815715e-17,0.0,0.00014096882238637205,47.403251577851165,2.4145683653145907e-16,1.41036184738621e-16,1.6655898256923028e-12,0.0,2.083425901828399e-17,1.0994080338544532,3.1355897265883473e-12,0.00020469990122990166,500000.0,480057.8102010168
0.00021577328129034415,0.00011565230473507971,-1.374429895971709,302.6523907654117,0.0,0.044118111132533756,142.90449197659436,1.1584575459496172e-17,0.0,0.00014167915409549472,47.642113137033135,2.4137022833651883e-16,1.4165863607216464e-16,1.6731333486463313e-12,0.0,2.2517944183741217e-17,1.1049478714901178,3.2596535990560757e-12,0.00020471570601872415,500000.0,483440.5526990704
0.0002159154118696472,0.00011545574255293312,-1.3907753934473364,303.25742708871167,0.0,0.04434382639204442,143.63561545956625,1.2161698079549372e-17,0.0,0.00014240400854298644,47.88585822300391,2.4150368386848065e-16,1.422952911698615e-16,1.6808280246981046e-12,3.126451960721692e-18,2.497889557333128e-17,1.11060097115753,3.3900860116279257e-12,0.00020473178495885252,500000.0,486896.00303961686
0.00021605754244895026,0.00011525717186527194,-1.4026765102838041,303.8687294588345,0.0,0.04457341415675781,144.37928258649774,1.2776100381541423e-17,0.0,0.00014314129907865957,48.13378516285363,2.418663925735177e-16,1.4294411962877905e-16,1.6886485033029447e-12,0.0,2.6667736956065967e-17,1.1163510591875105,3.5268078050773557e-12,0.00020474808903602108,500000.0,490414.3970122001
0.00021619967302825328,0.00011505723093792864,-1.4100424969557979,304.48431914390903,0.0,0.04480619032522243,145.13327746545355,1.3428287514688091e-17,0.0,0.00014388882881079493,48.3851552130141,2.4246777557806744e-16,1.4360297354370783e-16,1.696568207005854e-12,0.0,2.8807422286831987e-17,1.122181002143284,3.6696815987362545e-12,0.00020476456735927202,500000.0,493985.37079323095
0.00021634180360755633,0.00011485657006674096,-1.4127953087679381,305.10215807792673,0.0,0.04504143711328317,145.8952751016358,1.4118477050839504e-17,0.0,0.00014464429268031583,48.63919325673635,2.433173426823558e-16,1.4426958873247585e-16,1.7045593648892835e-12,6.572091986714773e-18,3.244293057412302e-17,1.1280728229968482,3.8185043555402365e-12,0.00020478116726441715,500000.0,497597.96413414326
0.0002164839341868594,0.00011465584966364025,-1.4108708097084932,305.7201537500998,0.0,0.04527840412243029,146.6628448578563,1.4846542767362174e-17,0.0,0.0001454052808915882,48.89508895775767,2.4442452062249967e-16,1.4494158739151218e-16,1.7125930623562192e-12,0.0,3.4837800131069404e-17,1.1340077278855953,3.972999997803759e-12,0.0002047978344422945,500000.0,501240.630878585
0.00021662606476616244,0.0001144557381859653,-1.404219975836354,306.33616493827685,0.0,0.045516309828288117,147.43345527589048,1.561195743957847e-17,0.0,0.00014616928369243397,49.15199836766541,2.4579845477995213e-16,1.4561648227487717e-16,1.7206393069922002e-12,0.0,3.375230590888826e-17,1.1399661433913708,4.132812567828044e-12,0.00020481451308987584,500000.0,504901.25694574363
0.0002167681953454655,0.00011425690991134339,-1.3928100821706852,306.94800829315915,0.0,0.04575434351768251,148.20448035083135,1.6413735277229996e-17,0.0,0.00014693369759468598,49.409046017667954,2.4744778461999896e-16,1.4629168246231974e-16,1.7286671114566477e-12,5.340068773960398e-17,3.773528990599092e-17,1.1459277650542294,4.2974994962691585e-12,0.00020483114608445217,500000.0,508567.186373296
0.00021691032592476855,0.00011406004254505057,-1.3766258671756106,307.55346586977487,0.0,0.04599166771945562,148.97320740475254,1.7250374180720822e-17,0.0,0.00014769583318033764,49.66532754355034,2.493803921227215e-16,1.4696450099510662e-16,1.7366445949891628e-12,9.604853243473965e-17,5.636374350462955e-17,1.151871618252171,4.466526123053299e-12,0.00020484767518320234,500000.0,512225.25634455925
0.00021705245650407157,0.00011386581465665997,-1.3556706594933137,308.1502936526851,0.0,0.046227421160421917,149.73684666136722,1.8119801114528292e-17,0.0,0.00014845292459410167,49.91991287771519,2.5160312413783214e-16,1.476321642528115e-16,1.7445391045554269e-12,0.0,6.453795356502222e-17,1.1577761322330942,4.639261228557894e-12,0.0002048640412494461,500000.0,515861.84188296786
0.00021719458708337463,0.0001136749029576797,-1.3299674404197699,308.736231034081,0.0,0.04646072225632716,150.49254255362487,1.9019322001543983e-17,0.0,0.00014920214075405162,50.17185001895784,2.541214921833544e-16,1.4829182360166716e-16,1.7523173558041174e-12,0.0,1.6619398110396428e-17,1.1636192275459525,4.814973966899123e-12,0.00020488018450501573,500000.0,519462.91049135703
0.00021733671766267768,0.00011348797943673576,-1.2995598153948344,309.3090111970575,0.0,0.04669067313649867,151.23738676000306,1.9945579293394105e-17,0.0,0.0001499405982761406,50.42016937856132,2.569393545729989e-16,1.4894056831020838e-16,1.7599455935685949e-12,5.633371064932259e-16,0.0,1.1693784168383066,4.992832615333155e-12,0.00020489604480744807,500000.0,523014.086842205
0.00021747884824198073,0.00011330570836686321,-1.2645128747991665,309.8663724305455,0.0,0.04691636419695155,151.96843295254968,2.0894519835356318e-17,0.0,0.00015066537609578,50.663888697061935,2.6005858711787956e-16,1.4957544205154344e-16,1.7673897714956373e-12,1.163105903328192e-15,2.0864054245568848e-16,1.1750309188892534,5.171905428338207e-12,0.00020491156195082957,500000.0,526500.7276634782
0.00021762097882128378,0.0001131287431995759,-1.2249139224186842,310.4060703293244,0.0,0.047136879169497735,152.68271321632554,2.1861375565763702e-17,0.0,0.00015137353174647178,50.90201851823364,2.634787498266954e-16,1.5019345754251724e-16,1.7746157501045565e-12,0.0,4.57278276117635e-16,1.180553785565749,5.351163891553594e-12,0.00020492667598899324,500000.0,529908.0067107779
0.0002177631094005868,0.00011295772336534683,-1.1808730408062067,310.92589064847846,0.0,0.04735130068033659,153.37725605431174,2.2840659812308932e-17,0.0,0.00015206211921033841,51.13356819164126,2.6719675862132044e-16,1.5079162237171708e-16,1.7815895120424045e-12,0.0,0.0,1.1859240410378475,5.5294885375000655e-12,0.00020494132757897102,500000.0,533221.0091802678
0.00021790523997988986,0.00011279327100703809,-1.1325234541401876,311.42366238833216,0.0,0.04755871625413172,154.04910583527618,2.3826181597547408e-17,0.0,0.00015272820819936146,51.35755235625384,2.712065726629539e-16,1.5136694275494901e-16,1.7882773926449617e-12,8.433686950532447e-15,0.0,1.1911188321510056,5.70567746438844e-12,0.00020495545834161495,500000.0,536424.8343054389
0.00021804737055919292,0.0001126359876728511,-1.0800217439965651,311.89727252889844,0.0,0.04775822470990802,154.6953435111474,2.4811080628817057e-17,0.0,0.00015336890469489848,51.572997847291646,2.7549890934945835e-16,1.519164790771138e-16,1.7946463235548954e-12,2.571918910928758e-16,9.134833510829183e-17,1.1961155886143566,5.8784579976181e-12,0.0002049690112359802,500000.0,539504.7078825817
0.00021818950113849597,0.00011248645099817337,-1.0235477990832529,312.34468026729985,0.0,0.047948942882358084,155.31310838766422,2.5787884155179734e-17,0.0,0.00015398137253171308,51.77895095421879,2.8006099858491663e-16,1.5243733404759468e-16,1.8006640866699387e-12,0.0,8.047929488390559e-17,1.2008921913328734,6.0465012095624656e-12,0.0002049819309439718,500000.0,542446.1001025761
0.00021833163171779902,0.00011234521141071852,-0.9633045154721712,312.7639312830382,0.0,0.04813001258519677,155.89962068007668,2.6748587354575457e-17,0.0,0.00015456285576037572,51.974484940459774,2.848763903750082e-16,1.5292668800356244e-16,1.8062995751213187e-12,3.589112456687861e-16,8.93751085036173e-17,1.2054271468097586,6.208439073976135e-12,0.00020499416426028816,500000.0,545234.8483668551
0.00021847376229710205,0.00011221278889493149,-0.8995172634057914,313.1531723908505,0.0,0.048300607722921274,156.4522045487979,2.7684756839227458e-17,0.0,0.00015511070148537803,52.15870772312385,2.8992482836247982e-16,1.5338183811603428e-16,1.811523057587883e-12,0.0,9.362646996439821e-17,1.2096997652597314,6.3628842341032645e-12,0.00020500566048264226,500000.0,547857.2843056932
0.0002186158928764051,0.00011208966985117609,-0.8324330981266079,313.51066609826495,0.0,0.04845994144850338,156.96831128413237,2.858765606620965e-17,0.0,0.00015562238285101853,52.33076960242947,2.9518220053825764e-16,1.5380021291783883e-16,1.816306441986957e-12,0.0,9.774988491521332e-17,1.2136903398750263,6.508452076972565e-12,0.00020501637179719219,500000.0,550300.3625893978
0.00021875802345570816,0.00011197630408597808,-0.7623197017341004,313.8348046861396,0.0,0.04860727325666197,157.44554228238454,2.944839096297325e-17,0.0,0.00015609552182048255,52.4898709215779,3.0062057708609374e-16,1.541793939599885e-16,1.820623534317876e-12,8.300639743398183e-20,1.0201516383584113e-16,1.217380324478332,6.64378451491315e-12,0.000205026253653791,500000.0,552551.7891227151
0.0002189001540350112,0.00011187310197129064,-0.6894640551786305,314.1241235608815,0.0,0.048741915894309824,157.88167142975257,3.025807285025045e-17,0.0,0.00015652791136782168,52.635269529191845,3.062083434167802e-16,1.5451714678178436e-16,1.8244502881922126e-12,0.0,1.0582394011218707e-16,1.2207525065966778,6.767574823890351e-12,0.0002050352651252681,500000.0,554600.1462885881
0.00021904228461431426,0.00011178043181087581,-0.6141708530098036,314.3773137672964,0.0,0.048863241965576135,158.27466649693926,3.1007994278496336e-17,0.0,0.00015691753668913407,52.766287911942754,3.119104334911986e-16,1.5481144417277588e-16,1.8277650404906618e-12,6.152250332636538e-18,1.0939262861058097e-16,1.223791172886112,6.878592906856772e-12,0.00020504336924487285,500000.0,556435.0130681656
0.0002191844151936173,0.00011169861744972348,-0.5367606772199637,314.59323351105957,0.0,0.04897069010980552,158.62270915059824,3.16898123819022e-17,0.0,0.00015726259504242131,52.88231986605261,3.176886647521638e-16,1.550604853209528e-16,1.8305487286843975e-12,0.0,1.1249674918107045e-16,1.2264822638616528,6.975710213069617e-12,0.00020505053331626297,500000.0,558047.0777863298
0.00021932654577292034,0.00011162793615938602,-0.45756794695826347,314.77091845779984,0.0,0.04906377063544991,158.92421320237264,3.2295733857609385e-17,0.0,0.00015756151384014073,52.98283658123687,3.2350217193248467e-16,1.5526271698491762e-16,1.8327850855887926e-12,0.0,1.1498532839667408e-16,1.2288135150001736,7.057923512895526e-12,0.00020505672919078765,500000.0,559428.2411373324
0.0002194686763522234,0.00011156861682914822,-0.3769386669308287,314.9095905794507,0.0,0.049142070499655036,159.17784073857746,3.281869484514986e-17,0.0,0.00015781296664058017,53.06739201808712,3.293079327259004e-16,1.5541685157029382e-16,1.834460807639065e-12,8.55066102788061e-19,1.1718105780519729e-16,1.2307745814562743,7.1243765321411415e-12,0.00020506193350724666,500000.0,560571.7072493344
0.00021961080693152645,0.00011152083848979843,-0.2952280012649889,315.00866537819644,0.0,0.049205257532923506,159.38251580460184,3.3252529737311086e-17,0.0,0.00015801588671492643,53.13562747023595,3.350613746777933e-16,1.5552188165941106e-16,1.835565693190833e-12,0.0,1.1880107681248492e-16,1.2323571438710716,7.1743792002433106e-12,0.00020506612788970474,500000.0,561472.0608045663
0.0002197529375108295,0.00011148472919246477,-0.21279770977004314,315.06775736933207,0.0,0.049253083821641834,159.53743536153524,3.3592121551281e-17,0.0,0.00015816947790994631,53.18727521712397,3.4071704822150257e-16,1.5557709112157336e-16,1.836092747909793e-12,2.2016737564972453e-18,1.1946994584649608e-16,1.2335549930896226,7.207422793914781e-12,0.0002050692990997704,500000.0,562125.3285407219
0.00021989506809013253,0.00011146036525961889,-0.13001348360170445,315.0866837239385,0.0,0.049285388178167175,159.64207728728957,3.38335279258243e-17,0.0,0.0001582732225805027,53.22216119144826,3.462293476576783e-16,1.5558206338447664e-16,1.836038254985302e-12,2.1893351848511372e-18,1.198405624908013e-16,1.2343640920261822,7.223191653847567e-12,0.00020507143914045667,500000.0,562529.0237713583
0.00022003719866943558,0.00011144777091962383,-0.04724221978937886,315.06546599031816,0.0,0.049302097647320714,159.69620525652226,3.397407826390762e-17,0.0,0.00015832688642763282,53.2402066060521,3.515532591818499e-16,1.5553668607822425e-16,1.8354018086526976e-12,0.0,1.1978434729012437e-16,1.234782613396119,7.221570052759155e-12,0.00020507254530969762,500000.0,562682.1729137362
0.00022017932924873863,0.0001114469183304678,0.03515072386579161,315.0043298484353,0.0,0.049303228018618625,159.6998704000137,3.401243741850231e-17,0.0,0.00015833052014369687,53.24142850713529,3.566451133224362e-16,1.5544115184601726e-16,1.8341863102972368e-12,1.3701657190240413e-18,1.1848474611863712e-16,1.2348109525463422,7.20264435561668e-12,0.00020507262020256687,500000.0,562585.3234210982
0.00022032145982804169,0.00011145772799249409,0.11680425104853256,314.90370289717197,0.0,0.04928888333499829,159.6534097135556,3.394863355602077e-17,0.0,0.00015828445783491,53.22593924380255,3.6146331846536543e-16,1.552959552292327e-16,1.832397927222027e-12,1.3885644945444961e-18,1.1693571436885146e-16,1.234451715152712,7.166700408079708e-12,0.00020507167166220955,500000.0,562240.532961423
0.00022046359040734474,0.00011148006954397049,0.1973641845641013,314.7642105145907,0.0,0.04925925441067437,159.5574412572705,3.3784049246171824e-17,0.0,0.00015818931226182576,53.19394486759202,3.659690526645168e-16,1.5510188603843779e-16,1.8300460149745298e-12,0.0,1.1528949026358674e-16,1.2337096801008298,7.114216174928827e-12,0.00020506971268047022,500000.0,561651.3401274551
0.0002206057209866478,0.00011151376292745831,0.27648581949912016,314.58666986576367,0.0,0.049214616392245135,159.41285625587855,3.352137644869418e-17,0.0,0.00015804596700733927,53.14574249882823,3.7012689251843324e-16,1.548600191760665e-16,1.827143004910581e-12,9.676047169466878e-19,1.1229923260832025e-16,1.232591738404728,7.04584997144876e-12,0.00020506676125016095,500000.0,560822.7173867897
0.00022074785156595082,0.00011155857990941948,0.3538363348336849,314.3720821652125,0.0,0.049155325417352985,159.2208082758047,3.316453763800926e-17,0.0,0.00015785556574659536,53.081716718439694,3.739053604916341e-16,1.545717011617428e-16,1.8237042593983946e-12,4.415179921535737e-19,1.091745621930475e-16,1.231106809523482,6.962424761843453e-12,0.0002050628401718174,500000.0,559761.0073778251
0.00022088998214525387,0.00011161424593050666,0.4290970301571567,314.12162333120637,0.0,0.04908181444337662,158.98269971388692,3.271857666007748e-17,0.0,0.00015761949885154924,53.00233506350641,3.7727737549908204e-16,1.5423853358650523e-16,1.8197478977025763e-12,0.0,1.059530552908027e-16,1.2292657368909223,6.8649091253089394e-12,0.00020505797681859555,500000.0,558473.8440141563
0.00022103211272455692,0.00011168044225957961,0.5019653585970746,313.83663319715083,0.0,0.04899458833429391,158.70016588317714,3.2189524108271964e-17,0.0,0.00015733938761322447,52.908142721715734,3.8022059563694916e-16,1.5386235397140468e-16,1.8152945961227044e-12,9.023008517655018e-20,1.0197893131240016e-16,1.2270811648658966,6.754395607857613e-12,0.00020505220286364892,500000.0,556970.0601670713
0.00022117424330385998,0.00011175680842074203,0.5721567321555509,313.518603467957,0.0,0.048894218306602774,158.37505702261967,3.15842429123469e-17,0.0,0.00015701706640564988,52.79975653367193,3.8271764639405045e-16,1.5344521439980064e-16,1.8103673663797818e-12,1.0846672685700793e-19,9.787669419742431e-17,1.224567399629802,6.632077241806992e-12,0.00020504555397488568,500000.0,555259.5839402319
0.00022131637388316303,0.00011184294485969014,0.6394060812704617,313.16916462501797,0.0,0.04878133584468498,158.00941858815838,3.0910260367473574e-17,0.0,0.00015665456314596104,52.67785842226066,3.8475623225064354e-16,1.5298935836267712e-16,1.8049913165368568e-12,6.086382739444842e-20,9.334473710761865e-17,1.2217402567959994,6.49922303910165e-12,0.000205038069482426,500000.0,553353.3257240378
0.00022145850446246606,0.00011193841581352028,0.7034691568257845,312.79007199497227,0.0,0.048656626201992674,157.60547020224232,3.017559301577697e-17,0.0,0.0001562540784244036,52.54318837474484,3.8632913400490577e-16,1.524971962803214e-16,1.7991933989003668e-12,1.092213835520527e-20,8.896593963337332e-17,1.218616898645866,6.357153259153538e-12,0.00020502979202437232,500000.0,551263.0583210966
0.0002216006350417691,0.00011204275234668603,0.7641235654426793,312.3831911959741,0.0,0.04852082160716896,157.16558364754724,2.938857053093538e-17,0.0,0.0001558179636867484,52.396537106217096,3.874340981540412e-16,1.5197128017871417e-16,1.7930021493886935e-12,0.0,8.43916690650932e-17,1.2152156639746619,6.207215159062517e-12,0.00020502076717651292,500000.0,549001.2924563495
0.00022174276562107216,0.0001121554555152604,0.8211695397708181,311.95048318756585,0.0,0.04837469429348511,156.6922602883732,2.855766452084596e-17,0.0,0.00015534869884928986,52.23873853224827,3.8807362819016248e-16,1.5141427799896655e-16,1.7864474227661098e-12,0.0,7.966901161962974e-17,1.2115558935121389,6.0507599731488275e-12,0.00020501104307178977,500000.0,546581.1499728345
0.00022188489620037521,0.00011227599962200681,0.8744304478071406,311.49398913613027,0.0,0.04821904946605208,156.18810829046282,2.7691327325607143e-17,0.0,0.00015484886971399312,52.07066217433264,3.882546904033994e-16,1.5082894795800603e-16,1.7795601279393213e-12,0.0,7.509066982459583e-17,1.2076577537845288,5.889121600388139e-12,0.0002050006700150331,500000.0,544016.2369004991
0.00022202702677967827,0.00011240383552567043,0.923753048322061,311.01581529636803,0.0,0.04805471831484346,155.65581998919023,2.6797845014323393e-17,0.0,0.00015432114553074033,51.89320561479758,3.879883487762641e-16,1.502181133744004e-16,1.772371967225815e-12,0.0,7.037197643586989e-17,1.2035420621237427,5.7235974890927485e-12,0.00020498970009818812,500000.0,541320.518434024
0.0002221691573589813,0.000112538393969498,0.9690075081884874,310.5181180962762,0.0,0.04788255117281245,155.09814972771284,2.5885207631042982e-17,0.0,0.0001537682570255096,51.70728710839147,3.8728934450684824e-16,1.495846383549069e-16,1.7649151831350761e-12,0.0,6.641637409566279e-17,1.1992301153103582,5.555432054072176e-12,0.00020497818682082514,500000.0,538508.1976643164
0.00022231128793828435,0.00011267908889604464,1.0100871952889878,310.0030895993813,0.0,0.047703410907961534,154.51789245291548,2.4960999119582877e-17,0.0,0.00015319297517984862,51.51383844650761,3.8617563632720847e-16,1.4893140463066558e-16,1.7572223157823851e-12,4.442832139209661e-21,6.030854176623243e-17,1.1947435240759086,5.385802776231655e-12,0.00020496618472047088,500000.0,535593.5996895299
0.0002224534185175874,0.00011282532071785367,1.0469082678569976,309.4729434962856,0.0,0.04751816662647129,153.9178633189066,2.403230803611339e-17,0.0,0.00015259809100926124,51.31379815731024,3.846679172607173e-16,1.482612898263526e-16,1.7493259735918862e-12,2.581647529856022e-21,5.609206923896456e-17,1.1901040553956417,5.215809118175259e-12,0.00020495374901663625,500000.0,532591.0624800097
0.00022259554909689045,0.00011297647951645565,1.079409080304297,308.92990176389503,0.0,0.04732768775145874,153.30087850722288,2.310565983995248e-17,0.0,0.0001519863965478698,51.10810511149197,3.827891230900564e-16,1.4757714737472827e-16,1.7412586194599276e-12,2.2279812509828036e-20,4.6405071000215205e-17,1.1853334841889536,5.046464349666098e-12,0.000204940935272123,500000.0,529514.8356250047
0.0002227376796761935,0.0001131319481455507,1.1075494334790355,308.3761820864715,0.0,0.0471328385286768,152.66973742994986,2.2186968869095212e-17,0.0,0.00015136066720413533,50.89769258907377,3.8056394505272317e-16,1.4688178830027543e-16,1.733052374052531e-12,0.0,6.94675042963598e-17,1.18045345571263,4.878689686697315e-12,0.00020492779907387213,500000.0,526378.9877843243
0.00022287981025549653,0.00011329110521767628,1.1313096894278472,307.8139861320369,0.0,0.046934472997474774,152.02720643988576,2.128150997540656e-17,0.0,0.00015072364561069917,50.68348284862941,3.7801835874713055e-16,1.4617796488728843e-16,1.7247388374211484e-12,1.7962628564487857e-19,0.0,1.1754853596066548,4.713311359555637e-12,0.00020491439573579553,500000.0,523197.3234479634
0.00022302194083479959,0.00011345332795685175,1.1506897735046635,307.24548874956537,0.0,0.046733430453196494,151.37600413253514,2.0393907674942068e-17,0.0,0.0001500780270524047,50.466382227201024,3.7517917891258834e-16,1.454683562782134e-16,1.7163489296750819e-12,0.0,3.5812193991680667e-16,1.17045021624816,4.551059638845748e-12,0.00020490078002527285,500000.0,519983.3093555267
0.00022316407141410264,0.00011361799490287747,1.1657080880724395,306.6728281332613,0.0,0.04653053141576657,150.71878828773336,1.952814116736288e-17,0.0,0.00014942644651989276,50.247276786841795,3.720736476551925e-16,1.4475555615617616e-16,1.7079127510352585e-12,1.910171655201181e-18,0.0,1.165368575783127,4.39256988080267e-12,0.00020488700591430383,500000.0,516750.01070878905
0.0002233062019934057,0.00011378448845634393,1.1764003618101078,306.09809695939475,0.0,0.046326574108458585,150.05814446377386,1.868756208200366e-17,0.0,0.00014877146740152318,50.027028512077116,3.687290615270929e-16,1.4404206245288515e-16,1.6994594612077397e-12,0.0,3.440646761946398e-15,1.160260429935339,4.238385284688746e-12,0.0002048731263557932,500000.0,513510.03707259824
0.00022344833257270874,0.00011395219725656702,1.1828184532805306,305.5233345596585,0.0,0.04612233144121837,149.39657622603053,1.787492279408424e-17,0.0,0.00014811557179580286,49.80647205228082,3.6517244097852045e-16,1.4333026883210033e-16,1.6910171776780586e-12,2.4150572283635918e-17,0.0,1.1551451364534264,4.088961000530557e-12,0.0002048591930850665,500000.0,510275.4978137509
0.00022359046315201177,0.00011412051838791044,1.1850291357224847,304.9505199288858,0.0,0.045918548484586465,148.7364969641892,1.7092413214301413e-17,0.0,0.0001474611523987152,49.58641199366861,3.614302439787897e-16,1.4262245795893427e-16,1.6826128922294228e-12,0.0,3.7268027833305875e-14,1.1500413558409863,3.9446692321927696e-12,0.00020484525644626594,500000.0,507057.96635474474
0.00022373259373131482,0.00011428885941192924,1.183112863016487,304.38156595922305,0.0,0.04571594041350167,148.0802232326734,1.6341703752798113e-17,0.0,0.0001468105059013416,49.36762063910071,3.5752812403981996e-16,1.4192079679029103e-16,1.674272404783732e-12,0.0,2.6768835035322245e-15,1.1449669998645207,3.805805230484524e-12,0.0002048313652429972,500000.0,503868.4534337954
0.00022387472431061788,0.00011445664022534416,1.1771625540399226,303.8183143957977,0.0,0.04551519089596192,147.42996953008054,1.562399266715758e-17,0.0,0.0001461658278140385,49.15083626762776,3.5349073201448507e-16,1.412273331580071e-16,1.6660202734670503e-12,4.357669367428239e-25,2.6619921283792574e-17,1.1399391911873002,3.672593997991862e-12,0.00020481756661235677,500000.0,500717.3879769162
0.00022401685488992093,0.00011462329474647034,1.1672824003438456,303.26253164270327,0.0,0.045316950894360386,146.78784441759444,1.494005509213013e-17,0.0,0.00014552920861808815,48.93676184043063,3.4934155937179066e-16,1.4054399382052314e-16,1.6578797796535114e-12,2.4291726241259105e-20,0.0,1.1349742333569912,3.5451966492335097e-12,0.00020480390592086123,500000.0,497614.6052047903
0.00022415898546922398,0.0001147882724343569,1.153586704789016,302.7159054624091,0.0,0.04512183784697348,146.15584786710295,1.429029249911571e-17,0.0,0.00014490263113655708,48.72606411672441,3.451028200216416e-16,1.3987258392849452e-16,1.64987290664927e-12,0.0,1.7236134737448255e-16,1.1300875903009326,3.4237175608305024e-12,0.00020479042668090008,500000.0,494569.3414190704
0.000224301116048527,0.00011495103964598997,1.1361987632666641,302.1800424706598,0.0,0.044930435193673596,145.53586972494827,1.3674781799202384e-17,0.0,0.0001442879690112428,48.51937314159696,3.407953673912685e-16,1.3921478758047431e-16,1.6420203306401527e-12,0.0,1.870441408859409e-15,1.1252938744477665,3.3082112116437117e-12,0.00020477717048627812,500000.0,491590.23467039614
0.00022444324662783006,0.0001151110808381711,1.1152497993687402,301.6564663226389,0.0,0.044743292209797426,144.9296891738261,1.3093322951652241e-17,0.0,0.00014368698616919998,48.31728206661449,3.364386431963295e-16,1.3857216932065612e-16,1.6343414225082185e-12,1.3719017825121395e-20,0.0,1.1206068425668194,3.198688772590592e-12,0.00020476417696522627,500000.0,488685.33050564514
0.00022458537720713312,0.00011526789962207854,1.09087795952664,301.1466164902178,0.0,0.04456092411125322,144.33897507317312,1.2545483949978769e-17,0.0,0.0001431013371601981,48.12034726330145,3.320506541071406e-16,1.3794617651306995e-16,1.626854259116927e-12,0.0,0.0,1.116039398399991,3.0951244654603485e-12,0.00020475148374912196,500000.0,485862.09201161
0.00022472750778643617,0.00011542101967942758,1.0632273710248183,300.6518476042524,0.0,0.04438381239421003,143.76528705948664,1.2030642563968524e-17,0.0,0.0001425325682475938,47.929088689969745,3.276479723780089e-16,1.3733814242999731e-16,1.6195756426919946e-12,0.0,1.4699895599769037e-15,1.1116036011695163,2.9974615328886645e-12,0.00020473912645516118,500000.0,483127.4135181261
0.00022486963836573922,0.00011556998554936439,1.032447263650749,300.1734293450261,0.0,0.04421240537427533,143.21007729277173,1.1548024646332364e-17,0.0,0.00014198211913980942,47.74399047395688,3.232457566118847e-16,1.3674928988118166e-16,1.612521126990481e-12,2.2701968685763773e-20,0.0,1.1073106790816216,2.905617781913643e-12,0.00020472713868130337,500000.0,480487.6373740885
0.00022501176894504227,0.0001157143632953952,0.9986911595792591,299.71254675705273,0.0,0.04404711889176321,142.6746927409429,1.1096738889494827e-17,0.0,0.00014145132525515016,47.56550167320949,3.1885778912032313e-16,1.3618073527658816e-16,1.6057050490256705e-12,0.0,0.0,1.1031710469896674,2.8194906627272837e-12,0.00020471555201186553,500000.0,477948.57307746424
0.0002251538995243453,0.00011585374106194787,0.962116131771251,299.27030092940447,0.0,0.04388833715134895,142.16037789961035,1.0675807915257029e-17,0.0,0.00014094142041826694,47.39403718301747,3.1449652664779905e-16,1.356334930295327e-16,1.5991405651892731e-12,0.0,2.621647459296799e-15,1.0991943274237452,2.7389618822679293e-12,0.00020470439603217534,500000.0,475515.5181883705
0.00022529603010364835,0.00011598772953019492,0.9228821281518578,298.84771002705224,0.0,0.04373641366658099,141.66827785150707,1.028419568672181e-17,0.0,0.00014045353989335595,47.22997875597884,3.1017316149887797e-16,1.3510848017875844e-16,1.592839690698353e-12,8.304995840921815e-20,0.0,1.0953893742463996,2.663901544194613e-12,0.00020469369835075964,500000.0,473193.2805691736
0.0002254381606829514,0.00011611596228267276,0.8811513631869194,298.4457105517681,0.0,0.04359167228198479,141.19944157713653,9.920831368532601e-18,0.0,0.0001399887236664143,47.0736761057177,3.058976903858801e-16,1.3460652112452506e-16,1.5868133413843827e-12,8.538949555009967e-21,0.0,1.091764298250767,2.594171807615341e-12,0.00020468348462763568,500000.0,470986.20136901556
0.00022558029126225446,0.00011623809608595792,0.8370877729226005,298.06515881766177,0.0,0.04345440824779453,140.7548254360556,9.584629879764075e-18,0.0,0.00013954791989667038,46.92544806748933,3.016789886443483e-16,1.3412835241888488e-16,1.5810713769355045e-12,4.092981431123331e-20,0.0,1.0883264940781336,2.529630122318072e-12,0.00020467377860738177,500000.0,468898.1783868026
0.0002257224218415575,0.0001163538111002354,0.7908565304450702,297.70683259945105,0.0,0.043324889325027524,140.33529674631825,9.274509405761032e-18,0.0,0.00013913198846533646,46.785583791510405,2.9752488782390457e-16,1.3367462752628905e-16,1.5756226447989406e-12,0.0,6.43070341875475e-16,1.0850826678944399,2.4701320324226394e-12,0.00020466460215577407,500000.0,466932.6894469801
0.00022586455242086054,0.00011646281102410231,0.7426236184264263,297.37143291229097,0.0,0.0432033569009224,139.94163739756186,8.989406118299233e-18,0.0,0.00013874170455771857,46.65434394750531,2.9344225498986573e-16,1.332459214887223e-16,1.5704750240435853e-12,1.3316025756065272e-19,0.0,1.0820388653269306,2.41553359697712e-12,0.00020465597529888553,500000.0,465092.81546544225
0.0002260066830001636,0.00011656482318254351,0.6925554566187294,297.0595858520442,0.0,0.04309002709708162,139.5745474404159,8.728286357618085e-18,0.0,0.00013837776222184675,46.53196192135857,2.8943707234851293e-16,1.32842735446226e-16,1.5656354685666852e-12,3.321917562856289e-19,0.0,1.0792004992177175,2.3656934471468147e-12,0.00020464791626364283,500000.0,463381.26287359634
0.00022614881357946664,0.00011665959856557317,0.6408185798407212,296.771844471762,0.0,0.04298509185470812,139.23464860175318,8.490156563836725e-18,0.0,0.00013804077785358208,46.41864498704445,2.8551451605810974e-16,1.3246550097010991e-16,1.5611100491073433e-12,9.00952319215183e-20,0.0,1.0765723768039623,2.3204745224021015e-12,0.0002046404415189392,500000.0,461800.3851775413
0.0002262909441587697,0.00011674691182443777,0.5875793618027833,296.5086906747336,0.0,0.042888719983497636,138.92248768219005,8.274071246547472e-18,0.0,0.00013773129356498443,46.3145754393001,2.816790333280804e-16,1.3211458416715086e-16,1.5569039936081052e-12,2.771441432658828e-19,4.782255052985566e-16,1.0741587259875873,2.2797455121839492e-12,0.0002046335658165081,500000.0,460352.2034688326
0.00022643307473807275,0.0001168265612316074,0.5330037806629111,296.270537094939,0.0,0.04280105816275206,138.63853979884544,8.079139254542642e-18,0.0,0.0001374497803992676,46.219911674710495,2.7793441713003874e-16,1.3179028952486687e-16,1.5530217255405956e-12,2.680554865452918e-18,2.1724787058189153e-15,1.0719632204085265,2.243382037401007e-12,0.00020462730223086976,500000.0,459038.4257182277
0.00022657520531737578,0.00011689836861015506,0.4772572221046965,296.05772894060647,0.0,0.042722231885129705,138.38321144229943,7.904528582988815e-18,0.0,0.00013719664136154912,46.13478921085047,2.742838780297546e-16,1.3149286346981738e-16,1.5494668998779203e-12,5.634086167699395e-18,1.8271309849632868e-15,1.069989003081357,2.2112676025085924e-12,0.00020462166219775924,500000.0,457860.4647176886
0.00022671733589667883,0.00011696217923759137,0.42050431643142855,295.87054576403887,0.0,0.0426523463350328,138.15684332179248,7.749469930019765e-18,0.0,0.00013697221423965308,46.0593216348294,2.7073011279958284e-16,1.3122249763105135e-16,1.5462424364538028e-12,0.0,0.0,1.068238708394574,2.1832943395913466e-12,0.00020461665555053036,500000.0,456819.45453850465
0.00022685946647598188,0.00011701786172873201,0.36290880600130626,295.70920312716567,0.0,0.042591487194984186,137.95971297719706,7.613259199856226e-18,0.0,0.0001367767741936806,45.99360147408152,2.672753695948577e-16,1.309793317923495e-16,1.5433505504985979e-12,1.2484383493805583e-17,0.0,1.066714482306546,2.1593635715965826e-12,0.00020461229055410694,500000.0,455916.2654021301
0.00022700159705528494,0.00011706530790152936,0.3046334371250108,295.5738541842143,0.0,0.04253972137479384,137.79203714091824,7.495259140045989e-18,0.0,0.00013661053609765705,45.93770098378653,2.639215095838827e-16,1.3076345650798594e-16,1.5407927801933904e-12,3.440471844584493e-17,1.9417800144701998e-16,1.0654180006079077,2.139386225295132e-12,0.00020460857393613706,500000.0,455151.51695874403
0.000227143727634588,0.00011710443262904263,0.2458398718021046,295.4645911821996,0.0,0.04249709765976046,137.6539738375062,7.39490027104246e-18,0.0,0.00013647365662114533,45.89167284684733,2.606700650131641e-16,1.305749153924326e-16,1.5385700111342814e-12,0.0,0.0,1.0643504851559116,2.1232831051851017e-12,0.0002046055109150942,500000.0,454525.58995277993
0.00022728585821389102,0.00011713517368018689,0.18668861766905592,295.3814468200183,0.0,0.04246364727520684,137.54562421226095,7.311681225696639e-18,0.0,0.00013636623604216974,45.855550783518254,2.5752229375786285e-16,1.304137070824528e-16,1.5366824976375022e-12,0.0,2.516305981719246e-15,1.0635127180133301,2.1109850398162423e-12,0.00020460310522513693,500000.0,454038.6361744307
0.00022742798879319407,0.00011715749155147276,0.12733897140516454,295.32439547710476,0.0,0.042439384365518876,137.46703408295772,7.245168606477953e-18,0.0,0.0001362883197856431,45.8293500687258,2.544792304496707e-16,1.3027978685820634e-16,1.5351298808470753e-12,3.7691567783664555e-17,1.8109273612931875e-17,1.0629050534465216,2.1024329305427103e-12,0.00020460135913759472,500000.0,453690.5867145618
0.00022757011937249712,0.0001171713692913949,0.06794897100650579,295.29335432496384,0.0,0.04242430638687377,137.41819521187236,7.19499646065345e-18,0.0,0.00013623989968447828,45.81306795614204,2.5154173431715414e-16,1.3017306794674282e-16,1.5339112036400492e-12,0.0,0.0,1.0625274277607974,2.097577697150151e-12,0.00020460027347900977,500000.0,453481.1585534396
0.00022771224995180017,0.00011717681231855112,0.008675354228381789,295.28818429806904,0.0,0.04241839441360771,137.39904629823485,7.160865434856955e-18,0.0,0.00013622091496352906,45.80668400905293,2.48710533886811e-16,1.3009342248964392e-16,1.5330249223564114e-12,0.0,7.930588225580412e-18,1.0623793669741683,2.096380135687165e-12,0.000204599847645728,500000.0,453409.85946561355
0.00022785438053110323,0.0001171738482340164,-0.05032648120361891,295.3086909426584,0.0,0.04242161335919318,137.40947369397583,7.142541664270947e-18,0.0,0.0001362312529492018,45.81016033897702,2.4598626870928833e-16,1.300406821946431e-16,1.5324689154104017e-12,2.187865382153147e-21,7.874236105581432e-18,1.062459992351536,2.0988107005081514e-12,0.00020460007961509028,500000.0,453475.99129620456
0.00022799651111040625,0.00011716252662800001,-0.10890251871461355,295.35462513873154,0.0,0.042433912113413,137.44931184806532,7.139855431498924e-18,0.0,0.00013627074950998684,45.82344175380103,2.4336952827753157e-16,1.3001463868417525e-16,1.5322404888663885e-12,0.0,8.301418832711527e-18,1.0627680238403585,2.104849201986477e-12,0.00020460096595332832,500000.0,453678.6516347256
0.0002281386416897093,0.00011714291888036673,-0.1669001685048438,295.4256836961343,0.0,0.042455223598067256,137.51834348696232,7.152699613965374e-18,0.0,0.00013633918923536053,45.84645581793881,2.4086088829534916e-16,1.300150435443646e-16,1.5323363790865015e-12,2.470311789478897e-18,0.0,1.0633017814658927,2.1144844302143933e-12,0.0002046025018203191,500000.0,454016.73392728786
0.00022828077226901236,0.00011711511795415382,-0.22416832101410053,295.5215098331997,0.0,0.0424854647442191,137.61629954091617,7.181027923238319e-18,0.0,0.00013643630536271735,45.87911282776149,2.3846094443811564e-16,1.3004160808712587e-16,1.532752752581298e-12,0.0,6.516713204924143e-18,1.0640591847613572,2.1277137005213057e-12,0.0002046046809713975,500000.0,454488.926085906
0.0002284229028483154,0.0001170792381807488,-0.2805574114375118,295.6416935480974,0.0,0.0425245363947045,137.7428588281889,7.22485292695582e-18,0.0,0.0001365617794642992,45.92130570632208,2.3617034372545867e-16,1.3009400284255923e-16,1.5334852032199385e-12,0.0,1.1186376755635982e-17,1.0650377503263138,2.1445423188127433e-12,0.0002046074957564802,500000.0,455093.70766294765
0.00022856503342761847,0.00011703541503493789,-0.33591949829946277,295.78577189351256,0.0,0.042572323136362056,137.89764751163005,7.284243830545199e-18,0.0,0.00013671524090843037,45.97290982218613,2.3398981359819897e-16,1.3017185679773984e-16,1.5345287469819384e-12,1.882122361094575e-18,4.632211957134285e-18,1.0662345876248651,2.1649829623271613e-12,0.0002046109371167999,500000.0,455829.3456666717
0.00022870716400692152,0.00011698380489761462,-0.39010835893463225,295.9532291664691,0.0,0.04262869306716487,138.08023834439032,7.359323982894787e-18,0.0,0.00013689626611169923,46.03378273796438,2.3192018875814927e-16,1.3027475639843705e-16,1.5358778144580474e-12,0.0,9.71792032610711e-18,1.0676463931534574,2.189054970083052e-12,0.0002046149945795987,500000.0,456693.8891031806
0.00022884929458622455,0.00011692458480355365,-0.4429796045438348,296.14349702528875,0.0,0.042693497504169856,138.290149723933,7.450268058029722e-18,0.0,0.00013710437760108116,46.10376389493521,2.2996243579008083e-16,1.3040224433429465e-16,1.537526241333477e-12,0.0,1.411620272310519e-17,1.0692694431264305,2.21678353546016e-12,0.00020461965625117275,500000.0,457685.16233846697
0.0002289914251655276,0.00011685795217128192,-0.4943908174702625,296.3559545504411,0.0,0.04276657063897167,138.5268445760068,7.557298853544326e-18,0.0,0.00013733904290748024,46.18267424097853,2.281176755412738e-16,1.3055381813039992e-16,1.5394672571137166e-12,2.7843559800633405e-18,2.3207470340003746e-18,1.0710995848468121,2.248198792522604e-12,0.0002046249088087087,500000.0,458800.7573906688
0.00022913355574483065,0.00011678412451171418,-0.5442017131901874,296.58992826811345,0.0,0.04284772914817396,138.789729092911,7.680683636390195e-18,0.0,0.00013759967331481362,46.27031580993335,2.2638720318592237e-16,1.307289285697222e-16,1.5416934723819296e-12,0.0,7.88675211128904e-18,1.0731322269504961,2.2833347871393635e-12,0.0002046307374913986,500000.0,460038.0252761392
0.0002292756863241337,0.00011670333911187963,-0.5922743292149579,296.844692154325,0.0,0.04293677176725144,139.07815135318006,7.820729957003384e-18,0.0,0.00013788562249153103,46.36647126142219,2.2477250584964623e-16,1.3092697797349102e-16,1.5441968649068783e-12,0.0,2.4416852194193575e-17,1.0753623287335405,2.322228322798501e-12,0.00020463712609136668,500000.0,461394.06654274074
0.00022941781690343676,0.00011661585268976242,-0.6384732429523599,297.1194676405968,0.0,0.04303347883706944,139.3913998526993,7.977780843854753e-18,0.0,0.0001381961850343262,46.47090339114817,2.232752776139849e-16,1.311473183696683e-16,1.546968764951181e-12,7.05429149496662e-18,1.2693115472876752e-19,1.0777843887946492,2.3649176710778773e-12,0.00020464405694498616,500000.0,462865.72114112356
0.00022955994748273978,0.00011652194101600183,-0.6826658204575726,297.4134236467268,0.0,0.04313761183325762,139.72870198028286,8.152209283943661e-18,0.0,0.00013853059495678568,46.583354622676666,2.2189743166263927e-16,1.3138924958267433e-16,1.5499998401617365e-12,4.484539302213406e-20,0.0,1.080392433248232,2.4114411375761175e-12,0.00020465151092520997,500000.0,464449.557805462
0.00022970207806204284,0.00011642189849795956,-0.7247224974874666,297.7256766618689,0.0,0.04324891288959434,140.08922247385013,8.344411889960505e-18,0.0,0.00013888802415880252,46.70354649274873,2.2064110927128495e-16,1.3165201728054105e-16,1.5532800804569029e-12,0.0,6.155864554917028e-17,1.0831800037874457,2.4618354739062517e-12,0.00020465946743558207,500000.0,466141.86312304536
0.0002298442086413459,0.0001163160377214693,-0.7645170940783587,298.0552908990614,0.0,0.04336710432752922,140.47206189648426,8.55480165009263e-18,0.0,0.00013926758091570255,46.83117914322297,2.1950868528134892e-16,1.3193481102018525e-16,1.5567987833578902e-12,4.9526289342927475e-18,1.2739186691486944e-17,1.0861401459009716,2.5161341288817838e-12,0.00020466790440664212,500000.0,467938.63049387326
0.00022998633922064894,0.00011620468894542327,-0.801927163763293,298.4012785578173,0.0,0.043491888204969756,140.87625517488692,8.783799663600032e-18,0.0,0.00013966830842923063,46.965930833819286,2.1850276964275413e-16,1.3223676232429585e-16,1.5605445402454722e-12,0.0,0.0,1.08926539757224,2.5743653240670855e-12,0.00020467679829544132,500000.0,469835.5492130058
0.000230128469799952,0.00011608819954425409,-0.8368343776198417,298.76260021380875,0.0,0.04362294589842967,141.30077024589494,9.031825752422453e-18,0.0,0.0001400891834856729,47.10745749088885,2.1762620454452065e-16,1.325569428630283e-16,1.564505224054748e-12,0.0,2.0762633409410453e-16,1.092547778814199,2.636549981284779e-12,0.00020468612408899912,500000.0,471827.9939010865
0.00023027060037925502,0.00011596693339332671,-0.8691249435016712,299.13816537448287,0.0,0.04375993773358679,141.74450685980486,9.29928787789389e-18,0.0,0.0001405291152694424,47.2553923084612,2.1688205660883388e-16,1.328943627455442e-16,1.5686679789521343e-12,2.3385723842320918e-17,1.3115859740167778e-16,1.0959787824165343,2.702699449686038e-12,0.0002046958553124806,500000.0,473911.01455718034
0.00023041273095855807,0.00011584127019227084,-0.8986900600180003,299.5268332328016,0.0,0.04390250268020538,142.20629559217522,9.586570259898821e-18,0.0,0.00014098694438335505,47.409345418794736,2.162736035774767e-16,1.3324796902647673e-16,1.5730192125672285e-12,1.7845369710324062e-17,0.0,1.0995493663048528,2.7728130898307663e-12,0.00020470596404292195,500000.0,476079.3275153787
0.00023055486153786113,0.00011571160472141665,-0.9254264036119548,299.92741363636173,0.0,0.044050258128142554,142.68489711826902,9.894020184317564e-18,0.0,0.00014146144212929187,47.56890365048721,2.158043148856505e-16,1.336166444264937e-16,1.5775445913753474e-12,0.0,1.4969832740932224e-16,1.103249947930618,2.846875701422617e-12,0.0002047164209293697,500000.0,478327.30757930066
0.00023069699211716418,0.00011557834602669674,-0.9492366476596739,300.3386683137963,0.0,0.0442027997618211,143.17900180644892,1.022193341276578e-17,0.0,0.00014195131010508186,47.73363039292,2.1547782550022863e-16,1.3399920638377538e-16,1.5822290398463389e-12,1.9536436953283613e-17,4.1966905710088525e-17,1.1070704011272527,2.9248547741609064e-12,0.00020472719522024777,500000.0,480648.9816632969
0.00023083912269646723,0.00011544191652861316,-0.9700300116397507,300.75931240003337,0.0,0.04435970155112705,143.68722968867837,1.0570538234881536e-17,0.0,0.0001424551801752567,47.90306558642376,2.152979023933589e-16,1.3439440646218899e-16,1.5870567439891439e-12,1.3750550729608746e-17,0.0,1.1110000558820539,3.006697690328221e-12,0.00020473825479885255,500000.0,483038.0242836693
0.00023098125327577026,0.00011530275105123497,-0.9877228367474906,301.18801627852224,0.0,0.04452051587701468,144.20813086735882,1.0939978220115666e-17,0.0,0.00014297161487439796,48.07672585791152,2.152684030542192e-16,1.3480093017082763e-16,1.5920111599282335e-12,0.0,2.8556228102513415e-16,1.1150277014818841,3.0923287833428493e-12,0.00020474956622780087,500000.0,485487.75521749584
0.0002311233838550733,0.00011516129576772329,-1.002239183939136,301.62340776228024,0.0,0.04468477381012368,144.7401864177942,1.1330293724128512e-17,0.0,0.0001434991083018653,48.25410482174612,2.1539322548665034e-16,1.3521739728923447e-16,1.5970750281429633e-12,1.0211651820743156e-16,6.311368440875244e-17,1.1191415934910955,3.181646349631187e-12,0.0002047610948031919,500000.0,487991.1396600405
0.00023126551443437637,0.00011501800705944842,-1.0135114509742134,302.06407467635256,0.0,0.04485198556053044,145.28180984497484,1.1741402424245574e-17,0.0,0.0001440360875660879,48.43467356540912,2.1567624926104445e-16,1.356423627258674e-16,1.6022303939854088e-12,8.983532133017588e-17,0.0,1.123329465015485,3.2745197649191187e-12,0.00020477280461930357,500000.0,490540.7912826367
0.00023140764501367942,0.00011487335028643016,-1.0214810025039374,302.5085678398975,0.0,0.0450216411162515,145.83134915175572,1.2173078890486224e-17,0.0,0.0001445809148350058,48.61788133899898,2.1612126724120993e-16,1.3607431803095299e-16,1.6074586350708827e-12,0.0,6.298146289807652e-16,1.1275785426935998,3.370786427361461e-12,0.00020478465864440153,500000.0,493128.97848928336
0.00023154977559298247,0.0001147277984677785,-1.02609880495929,302.9554044352814,0.0,0.04519321108705222,146.38708957205043,1.2624933632477037e-17,0.0,0.00014513189004583538,48.803156466435,2.1673190780236962e-16,1.3651169354675271e-16,1.6127404960860882e-12,1.4383085907458607e-16,1.1262103552610756e-16,1.1318755678299934,3.470249101642993e-12,0.00020479661880832935,500000.0,495747.6341434382
0.0002316919061722855,0.00011458183087166629,-1.0273260634028625,303.4030718779355,0.0,0.04536614776887666,146.94725701863413,1.3096392057703719e-17,0.0,0.00014568725432330726,48.98990749490058,2.1751154758409252e-16,1.3695286128114205e-16,1.6180561315085427e-12,2.250712978136671e-16,0.0,1.1362068230538833,3.572673306130311e-12,0.000204808646102403,500000.0,498388.3692318584
0.00023183403675158855,0.0001144359315153043,-1.0251348504776465,303.8500321562032,0.0,0.045539886442550845,147.51002228979257,1.3586673743326451e-17,0.0,0.0001462451941502344,49.17752459727403,2.1846321506925352e-16,1.3739613859133708e-16,1.6233851566648362e-12,0.0,1.804420359886707e-15,1.1405581648452654,3.6777850101828984e-12,0.00020482070069196637,500000.0,501042.4906791846
0.0002319761673308916,0.00011429058757678403,-1.0195087153241815,304.2947265710474,0.0,0.045713846917868936,148.07350607081398,1.409477250312408e-17,0.0,0.000146803846326132,49.3653812395474,2.1958948557188092e-16,1.3783979268213812e-16,1.6287067074572682e-12,0.0,6.246900648321133e-16,1.1449150622068194,3.7852687361144e-12,0.00020483274204180453,500000.0,503701.02342839073
0.00023211829791019466,0.00011414628772195871,-1.0104432680685476,304.7355809785516,0.0,0.04588743533136533,148.6357847571799,1.4619437824177903e-17,0.0,0.0001473613037404908,49.552836122186854,2.2089236848840672e-16,1.382820459506124e-16,1.6339995089807514e-12,1.132078577261645e-15,0.0,1.149262641689236,3.894766094706193e-12,0.0002048447290544747,500000.0,506354.73715034104
0.0002322604284894977,0.0001140035203508897,-0.9979467263457305,305.1710114740325,0.0,0.04606004620279494,149.19489711568804,1.5159158686348912e-17,0.0,0.00014791562197674488,49.73923540084631,2.2237318824448296e-16,1.3872108217296254e-16,1.639241953125347e-12,2.1927546920860925e-15,1.2034165594677203e-14,1.1535857388954784,4.005875068284587e-12,0.0002048566202214524,500000.0,508994.17763031536
0.00023240255906880076,0.00011386277176885676,-0.9820404302350351,305.5994308391447,0.0,0.04623106475264468,149.7488517913113,1.5712150343613273e-17,0.0,0.0001484648267547405,49.92391518903648,2.2403246058239586e-16,1.3915505367825848e-16,1.6444121851652432e-12,0.0,2.62789793816489e-14,1.1578689565244058,4.1181496528242975e-12,0.00020486837378679975,500000.0,511609.70347922697
0.0002325446896481038,0.00011372452428883988,-0.9627592898383931,306.0192552133417,0.0,0.04639986947848335,150.2956356523586,1.627634436654458e-17,0.0,0.00014900692220441814,50.106204340270324,2.258697662583046e-16,1.395820892608156e-16,1.6494881991582693e-12,0.0,0.0,1.162096728896183,4.23110075218493e-12,0.00020487994792290409,500000.0,514191.5273130177
0.00023268682022740684,0.00011358925427819725,-0.9401521091460293,306.42890999544557,0.0,0.04656583497804635,150.8332229343889,1.6849383883326132e-17,0.0,0.00014953989993151043,50.28542749650039,2.278836247493181e-16,1.4000030327356388e-16,1.6544479416368065e-12,1.5015757614165492e-14,0.0,1.1662533926535694,4.344197202049138e-12,0.0002048913009170614,500000.0,516729.75961567776
0.0002328289508067099,0.00011345743015700367,-0.9142819527969182,306.8268386328592,0.0,0.04672833500962539,151.35958515371863,1.7428622719691968e-17,0.0,0.0001500617488455293,50.4609083931265,2.3007137104303234e-16,1.4040780474164416e-16,1.659269423171478e-12,1.2208466405407977e-16,1.837234766644698e-16,1.1703232634139602,4.456868306048236e-12,0.00020490239136813476,500000.0,519214.46138311346
0.00023297108138601295,0.00011332951035721589,-0.8852263478132149,307.21151018341635,0.0,0.046886745776106124,151.8727017439726,1.80111320090844e-17,0.0,0.00015057046570532501,50.631973405054794,2.324290383592312e-16,1.4080270850195156e-16,1.6639308371885898e-12,0.0,0.0,1.17429071801184,4.5685078396138425e-12,0.00020491317839254613,500000.0,521635.69846729515
0.000233113211965316,0.000113205941258743,-0.8530773666360926,307.58142673926835,0.0,0.04704044940507639,152.37057132990847,1.8593713535595332e-17,0.0,0.00015106406629648172,50.79795530521368,2.3495125108551656e-16,1.4118314608631029e-16,1.6684106850181255e-12,1.753879240079131e-16,5.727863845747591e-17,1.1781402816690654,4.678477712587032e-12,0.00020492362183756685,500000.0,523983.5990977785
0.00023325534254461903,0.00011308715511976851,-0.8179416287551668,307.93513157572204,0.0,0.04718883759433726,152.8512235350553,1.9172919334006982e-17,0.0,0.00015154059713765972,50.95819720103508,2.376311318182469e-16,1.4154727719457177e-16,1.6726879059589805e-12,0.0,4.4146670074065443e-17,1.1818567192922584,4.7861136277675276e-12,0.00020493368249988985,500000.0,526248.415634094
0.00023339747312392208,0.00011297356801580979,-0.7799402001312697,308.27121769699136,0.0,0.04733131538982352,153.31273121875512,1.974507847663347e-17,0.0,0.00015199814761257034,51.112056614091955,2.404602260521283e-16,1.4189330214000478e-16,1.676742011134953e-12,2.1522917016440068e-16,4.7152236444291995e-17,1.185425130090441,4.8907316441738085e-12,0.00020494332234773392,500000.0,528420.5895570935
0.00023353960370322513,0.00011286557780185649,-0.739208366279488,308.5883363581634,0.0,0.04746730506034496,153.75322302700158,2.0306331894616276e-17,0.0,0.00015243486241315495,51.258909664350725,2.434284482651747e-16,1.422194744792998e-16,1.6805532197998004e-12,0.0,6.412375449617856e-17,1.1888310446190298,4.991635554933312e-12,0.0002049525047445934,500000.0,530490.8184650857
0.0002336817342825282,0.0001127635621154912,-0.6958952646905265,308.8852052877148,0.0,0.047596250025571836,154.17089611581798,2.085267491603121e-17,0.0,0.0001528489541539294,51.39815531194568,2.4652405335933214e-16,1.4252411364123422e-16,1.6841025964890759e-12,0.0,4.517711908807783e-17,1.1920605231579462,5.088125138804311e-12,0.0002049611946722388,500000.0,532450.123959081
0.00023382386486183124,0.0001126678764413369,-0.6501633848113727,309.16061673473206,0.0,0.04771761878737472,154.5640288854714,2.1380006565350235e-17,0.0,0.00015323871599705834,51.52921960256595,2.497336370346172e-16,1.4280561773354624e-16,1.6873721872136487e-12,2.1062654575850062e-16,5.3167693328960824e-17,1.1951002541735025,5.179505120739374e-12,0.00020496935895026507,500000.0,534289.9198913753
0.00023396599544113427,0.00011257885225609201,-0.602187945417994,309.4134454604158,0.0,0.04783090881316052,154.93099355911582,2.1884184835760903e-17,0.0,0.00015360253412311748,51.65155986097764,2.530421678353755e-16,1.4306247625658004e-16,1.6903451528539496e-12,0.0,1.7236832338803318e-16,1.197937651577368,5.265094713482672e-12,0.000204976966449551,500000.0,536002.0804120371
0.00023410812602043732,0.00011249679527204128,-0.5521561380017733,309.64265633345786,0.0,0.047935650319351486,155.27026843795997,2.2361087179888213e-17,0.0,0.0001539388998811645,51.76466877670417,2.5643305278194185e-16,1.4329328243033651e-16,1.693005897914822e-12,0.0,1.722860389744114e-16,1.2005609494844,5.344237493997342e-12,0.0002049839882970756,500000.0,537579.006426631
0.00023425025659974037,0.00011242198379698604,-0.500266239495186,309.8473114315647,0.0,0.04803140990155903,155.58044965992696,2.28066750552924e-17,0.0,0.0001542464214465874,51.868078324178846,2.598882377754088e-16,1.434967449428625e-16,1.6953401927668373e-12,1.6745268149764829e-15,0.0,1.2029592931314497,5.416311418531953e-12,0.0002049903980695027,500000.0,539013.6894622562
0.00023439238717904343,0.00011235466722821986,-0.44672661107575845,310.0265767703031,0.0,0.048117793957658084,155.86026228756214,2.321706096174901e-17,0.0,0.00015452383481392263,51.96136345927908,2.6338834311435105e-16,1.4367169909877374e-16,1.6973352875101481e-12,2.900371194580532e-15,1.329475274529652e-16,1.2051228246098789,5.480738755553035e-12,0.00020499617197295816,500000.0,540299.772310389
0.00023453451775834648,0.00011229506469680707,-0.3917545894951463,310.17972854023617,0.0,0.0481944518517801,156.10857055670866,2.358857619101629e-17,0.0,0.00015477001395759995,52.04414553607393,2.6691283334497866e-16,1.4381711711827459e-16,1.6989800156823035e-12,0.0,6.838192878619912e-16,1.2070427621090674,5.53699567144195e-12,0.00020500128900655728,500000.0,541431.6054171845
0.0002346766483376495,0.00011224336387918963,-0.3355752398525479,310.30615794824985,0.0,0.04826107876712874,156.32438711708798,2.391783709972916e-17,0.0,0.00015498397999339335,52.11609538748842,2.7044021936012127e-16,1.4393211717892557e-16,1.7002648860551932e-12,0.0,6.957361223694101e-17,1.2087114713652287,5.584620978861849e-12,0.000205005731107213,500000.0,542404.2966139741
0.00023481877891695256,0.00011219971999091028,-0.2784200400104094,310.4053756993663,0.0,0.04831741819993465,156.50688111075073,2.4201808154019757e-17,0.0,0.0001551649091875989,52.1769360185323,2.739482894601241e-16,1.4401597139443294e-16,1.7011821609471446e-12,3.2725347748303117e-16,4.885946790134852e-17,1.2101225281245906,5.623224212222234e-12,0.0002050094832735808,500000.0,543213.7552446787
0.0002349609094962556,0.00011216425497296049,-0.22052550063269807,310.4770158609086,0.0,0.04836326405520394,156.65538496053898,2.4437859928529143e-17,0.0,0.00015531213968722883,52.22644486946661,2.774143650204918e-16,1.4406811241656882e-16,1.7017259197772924e-12,0.0,9.340132851272273e-17,1.2112707706322774,5.652492528728002e-12,0.00020501253366744294,500000.0,543856.7296001185
0.00023510304007555866,0.00011213705687947125,-0.16213171135977186,310.5208385684645,0.0,0.04839846231041092,156.7693997590713,2.4623820233629917e-17,0.0,0.00015542517686278779,52.26445561240671,2.808155755159327e-16,1.4408813846713596e-16,1.7018921068074688e-12,2.5769483782871624e-16,1.5105349484077817e-18,1.2121523413003277,5.672196269541408e-12,0.00020501487369110704,500000.0,544330.8361555663
0.00023524517065486172,0.0001121181794749381,-0.1034808384836238,310.5367316786765,0.0,0.04842291221801732,156.84859916396007,2.4758016628105202e-17,0.0,0.0001555036971701092,52.29085944992658,2.84129146818532e-16,1.4407581681877293e-16,1.7016785622001016e-12,2.822086729552343e-16,1.2222899704478873e-16,1.2127647168257993,5.6821930223168016e-12,0.00020501649803959647,500000.0,544634.580325743
0.00023538730123416474,0.00011210764204700598,-0.04481559917306327,310.5247114616968,0.0,0.04843656702508351,156.89283172879504,2.4839308831084678e-17,0.0,0.00015554755046135935,52.305605892172046,2.873326959795976e-16,1.4403108564538177e-16,1.701085035791921e-12,0.0,8.596026698522295e-17,1.2131067262140998,5.682430038432517e-12,0.00020501740472676414,500000.0,544767.3685534669
0.0002355294318134678,0.00011210542943736448,0.013622272091936413,310.4849222566173,0.0,0.0484394341976846,156.90212163012782,2.4867110015155914e-17,0.0,0.00015555676070580274,52.30870299922608,2.9040452528384253e-16,1.439540541572908e-16,1.7001131833228427e-12,1.2523001250742896e-15,0.0,1.2131785564000817,5.672944958131059e-12,0.00020501759508493415,500000.0,544729.5113979813
0.00023567156239277085,0.00011211149228973625,0.0715935405444745,310.4176351967432,0.0,0.04843157514771274,156.8766677826498,2.4841396247311305e-17,0.0,0.00015553152511255715,52.30021708612293,2.933239082328013e-16,1.438450010156176e-16,1.6987665452074931e-12,3.858903776305025e-15,5.947217628967526e-16,1.2129817454065384,5.653864858991103e-12,0.0002050170737381671,500000.0,544522.2177668326
0.0002358136929720739,0.00011212574751057009,0.1288629450776675,310.32324617872763,0.0,0.04841310446935229,156.81684136615007,2.4762704164753375e-17,0.0,0.00015547221167869655,52.28027189837476,2.960713604277866e-16,1.437043711294628e-16,1.6970505082745082e-12,7.199690482744694e-16,1.1619177031725812e-15,1.2125191632224688,5.625403680531017e-12,0.00020501584854970957,500000.0,544147.5807060695
0.00023595582355137696,0.0001121480789372368,0.18520064581123408,310.20227244668,0.0,0.048384188698845323,156.72318180815228,2.4632116806436185e-17,0.0,0.00015537935520637975,52.249047272645896,2.9862888877621605e-16,1.4353277083081986e-16,1.6949722511180284e-12,0.0,5.763337112655335e-17,1.211794980740516,5.5878579093307245e-12,0.000205013930544423,500000.0,543608.5538594959
0.00023609795413067998,0.00011217833820722164,0.24038360715172902,310.0553482235751,0.0,0.04834504461760383,156.5963912876619,2.4451238017477298e-17,0.0,0.00015525365185377015,52.20677730438845,3.0098021308859616e-16,1.4333096149821055e-16,1.6925406739318493e-12,2.533975841515349e-16,5.640055443222938e-17,1.2108146272595601,5.541600871026011e-12,0.00020501133380727631,500000.0,542908.9196961133
0.00023624008470998303,0.00011221634581776122,0.29419688312486825,309.88321978213895,0.0,0.04829593712879591,156.4373278571599,2.4222156357259648e-17,0.0,0.0001550959523159797,52.15374805482306,3.0311095494584054e-16,1.430998517932083e-16,1.6897663140239343e-12,0.0,6.064246795205013e-17,1.209584737303474,5.487075790566266e-12,0.000205008075359482,500000.0,542053.2506792783
0.0002363822152892861,0.0001122618923618451,0.3464348059316347,309.68673976016186,0.0,0.048237176745889045,156.24699730767028,2.3947400053270836e-17,0.0,0.00015490725375986192,52.090294838880176,3.050087898748355e-16,1.4284048864201764e-16,1.6866612484898937e-12,1.4664428907218796e-18,5.727801209900659e-17,1.2081130877212307,5.42478778458646e-12,0.00020500417501427318,500000.0,541046.8636408321
0.00023652434586858914,0.00011231473992555289,0.3969020734043298,309.4668606646057,0.0,0.04816911673619598,156.0265439163771,2.362988462820687e-17,0.0,0.0001546886906509637,52.01679914060084,3.066635601965071e-16,1.425540471012261e-16,1.6832389856650392e-12,5.05923336668019e-18,6.105379960059556e-17,1.206408526146813,5.355295028708808e-12,0.00020499965521450354,500000.0,539895.7679456205
0.0002366664764478922,0.00011237462363156798,0.4454147228132696,309.22462770117005,0.0,0.048092149965224526,155.77724022506032,2.3272854763404743e-17,0.0,0.00015444152461962065,51.93368520542782,3.080673471965427e-16,1.4224181928959882e-16,1.679514347051691e-12,0.0,5.4003821571465175e-17,1.2044808919653383,5.27919932817348e-12,0.00020499454085434136,500000.0,538606.608419574
0.00023680860702719525,0.00011244125331245188,0.4918009784101075,308.9611711159972,0.0,0.04800670549097252,155.5004760085695,2.2879822122006225e-17,0.0,0.0001541671335240269,51.84141636246794,3.092145024528416e-16,1.4190520257568198e-16,1.6755033415148384e-12,6.7722534713215474e-18,5.322555637082325e-17,1.2023409310164996,5.19713638051872e-12,0.00020498885908748813,500000.0,537186.6041502341
0.00023695073760649827,0.00011251431529539042,0.5359019666277873,308.6776981686215,0.0,0.04791324496066765,155.19774660338024,2.2454501070316495e-17,0.0,0.0001538669998788644,51.74049113341615,3.1010163931545496e-16,1.4154568720435928e-16,1.6712230336318231e-12,1.1826797071336959e-17,4.2396409598989666e-17,1.2000002053501184,5.109765982788112e-12,0.0002049826391245341,500000.0,535643.4841894053
0.00023709286818580133,0.00011259347427917066,0.577572298855997,308.3754847974807,0.0,0.04781225886377868,154.87064077058358,2.200074424678621e-17,0.0,0.00015354269882235632,51.63143918626679,3.1072758667952753e-16,1.4116484355622312e-16,1.666691408104206e-12,1.0991838104671094e-17,6.295813751001688e-17,1.1974709993819026,5.017762436528725e-12,0.00020497591202212322,500000.0,533985.4210971422
0.00023723499876510438,0.00011267837528435995,0.6166805224249196,308.0558670540937,0.0,0.04770426269417608,154.5208282645897,2.1522479623172504e-17,0.0,0.00015319588579156335,51.51481719091469,3.1109330821399296e-16,1.4076430922676767e-16,1.6619272320864787e-12,0.0,1.8624224610597305e-17,1.1947662237737626,4.92180528029885e-12,0.00020496871046656804,500000.0,532220.9632717844
0.00023737712934440743,0.00011276864565818467,0.6531094409584448,307.7202324121331,0.0,0.04758979307227862,154.1500472722093,2.102365052564919e-17,0.0,0.00015282828406917184,51.39120463154213,3.112017909853004e-16,1.4034577610708093e-16,1.6569499171947018e-12,5.799533103349744e-18,1.2097350348510436e-16,1.1918993183118793,4.822570633991623e-12,0.00020496106855444728,500000.0,530358.9670247236
0.00023751925992371049,0.00011286389711590772,0.6867563066990171,307.37001106697534,0.0,0.047469403875649185,153.76009187910253,2.0508159870287427e-17,0.0,0.00015244167235741295,51.261199628129866,3.1105790794637685e-16,1.3991097763318165e-16,1.6517793828563455e-12,0.0,0.0,1.1888841549963824,4.720723251141993e-12,0.0002049530215726125,500000.0,528408.5293271216
0.0002376613905030135,0.00011296372780087231,0.7175328904964459,307.0066673098069,0.0,0.04734366242353816,153.3527997109525,1.9979819717835675e-17,0.0,0.00015203787252520597,51.125414816218345,3.106682591216981e-16,1.394616763559929e-16,1.646435922541639e-12,4.228757750100924e-17,4.445049326233566e-16,1.1857349424820072,4.616909406898347e-12,0.00020494460577990785,500000.0,526378.9220427115
0.00023780352108231656,0.00011306772434614792,0.7453654360271394,306.63169106837836,0.0,0.04721314575696153,152.93003988411004,1.9442306927388415e-17,0.0,0.00015161873766212,50.98447332984207,3.1004099652299214e-16,1.389996519725284e-16,1.6409400742663103e-12,0.0,0.0,1.1824661329116128,4.511750719772391e-12,0.00020493585819273883,500000.0,524279.52840365976
0.00023794565166161962,0.00011317546392199072,0.7701945084869833,306.2465896450232,0.0,0.04707843705111462,152.4937013848319,1.8899125375988807e-17,0.0,0.0001511861405572546,50.83900492735004,3.0918563782981707e-16,1.385266899372241e-16,1.6353124965760141e-12,2.1471143274871293e-16,2.0196302270457396e-15,1.1790923320636015,4.405838928500735e-12,0.0002049268163763989,500000.0,522119.78229761426
0.00023808778224092267,0.00011328651625451689,0.791974742462224,305.85287981460993,0.0,0.04694012219196452,152.04568198043765,1.8353575017992878e-17,0.0,0.00015074196270547762,50.68964229455968,3.081128736989039e-16,1.380445707542148e-16,1.6295738510431938e-12,0.0,0.0,1.1756282136122045,4.299731685602747e-12,0.00020491751824384605,500000.0,519909.1110773342
0.00023822991282022572,0.00011340044560272649,0.8106745096098316,305.4520801085616,0.0,0.04679878654341668,151.58787774748032,1.7808727708242246e-17,0.0,0.00015028808392539194,50.53701755361337,3.0683437319277987e-16,1.3755506002057111e-16,1.6237446921057794e-12,1.421073521303626e-15,1.0874096589034413e-14,1.1720884381584868,4.193949250232938e-12,0.0002049080018633341,500000.0,517656.88193484925
0.00023837204339952875,0.00011351681268129872,0.8262754881326582,305.04570394544385,0.0,0.046655011927254464,151.12217328979858,1.7267409860057668e-17,0.0,0.00014982637266124302,50.38175900183069,3.053625914858964e-16,1.3705989931035326e-16,1.6178453649376065e-12,0.0,0.0,1.168487577595754,4.088972325767524e-12,0.00020489830527620242,500000.0,515372.35323883314
0.0002385141739788318,0.00011363517652103023,0.8387722211380633,304.6352520036541,0.0,0.046509373830254185,150.65043269076025,1.6732190885706024e-17,0.0,0.00014935867701280838,50.22448809532854,3.037105832785622e-16,1.3656079786805417e-16,1.6118959117421373e-12,1.1061407858101942e-14,6.882453843947467e-14,1.164840045151323,3.98524021664227e-12,0.0002048884663255216,500000.0,513064.62824840046
0.00023865630455813486,0.0001137550962556828,0.8481715222885085,304.2222071155056,0.0,0.04636243885137678,150.17449124648215,1.6205378224263738e-17,0.0,0.00014888681653940387,50.06581669300647,3.0189182514167343e-16,1.3605942530486044e-16,1.6059159868694846e-12,8.781365464759185e-17,8.107016232448764e-17,1.1611600314677684,3.883150937591006e-12,0.00020487852249669443,500000.0,510742.61691529804
0.0002387984351374379,0.0001138761328271069,0.854491909733701,303.80802810876503,0.0,0.04621476239936517,149.69614800498564,1.5689017195841514e-17,0.0,0.0001484125748630432,49.906344569218284,2.999200493149212e-16,1.3555740499518164e-16,1.5999247809389248e-12,6.504608838001746e-17,4.401305424530204e-17,1.1574614469143187,3.783060619148843e-12,0.00020486851077040788,500000.0,508414.99971989484
0.00023894056571674096,0.00011399785060571221,0.8577630103543754,303.3941440151871,0.0,0.04606688663613264,149.21715910740602,1.5184895104818236e-17,0.0,0.0001479376930667829,49.746657193835894,2.9780909063808544e-16,1.350563085192813e-16,1.593940953844173e-12,0.0,1.2704644836380653e-17,1.1537578701013922,3.6852845382082795e-12,0.00020485846748801722,500000.0,506090.19589991303
0.000239082696296044,0.00011411981892325935,0.8580249122487223,302.98194930654535,0.0,0.04591933866596608,148.73923192093895,1.4694549275921808e-17,0.0,0.000147463863877973,49.5873237762658,2.955727479042665e-16,1.3455765095425177e-16,1.5879825764520254e-12,0.0,2.3713598232798524e-17,1.1500625025156814,3.5900983308963365e-12,0.0002048484282293939,500000.0,503776.33706583903
0.00023922482687534704,0.00011424161351278907,0.8553274890121801,302.57279987210336,0.0,0.04577262896617098,148.26401995573812,1.4219278444229557e-17,0.0,0.00014699272662871578,49.428895570822554,2.9322466053805314e-16,1.3406288690281627e-16,1.582067080832202e-12,0.0,1.6476065227017277e-17,1.1463881292173168,3.4977396905770515e-12,0.0002048384277033235,500000.0,501481.2455885191
0.0002393669574546501,0.00011436281785199144,0.8497297252788821,302.16800930178437,0.0,0.045627250054025896,147.79311854702345,1.376015669479097e-17,0.0,0.00014652586297498902,49.27190443721152,2.907782010434678e-16,1.335734073412722e-16,1.576211218746248e-12,0.0,0.0,1.1427470854536317,3.4084104829165e-12,0.00020482849965032767,500000.0,499212.41686279717
0.00023950908803395315,0.00011448302441024957,0.8412990516563191,301.768845439332,0.0,0.045483675378272095,147.3280612644614,1.331804915608553e-17,0.0,0.0001460647933368239,49.11686164347267,2.8824638316527274e-16,1.330905372492837e-16,1.5704310279299337e-12,2.525746459838068e-18,2.1118860916199745e-17,1.1391512288962389,3.3222790458126075e-12,0.00020481867675744132,500000.0,496977.00516188995
0.0002396512186132562,0.00011460183580149988,0.8301106842325328,301.3765274121938,0.0,0.045342358420375074,146.8703170009839,1.2893628855980221e-17,0.0,0.0001456109740120938,48.96425689543845,2.856417853356743e-16,1.3261553389862843e-16,1.5647418056065713e-12,0.0,2.0099535133472202e-17,1.135611917131564,3.239482682227238e-12,0.00020480899058431266,500000.0,494781.81316274806
0.00023979334919255923,0.00011471886584436533,0.8162469703178201,300.9922232025462,0.0,0.04520373199114289,146.42128769439157,1.2487394322274232e-17,0.0,0.00014516579491765283,48.81455757715219,2.829764886904845e-16,1.3214958574527238e-16,1.559158088685892e-12,0.0,1.2809041640670269e-17,1.13213999004411,3.1601302918648535e-12,0.00020479947150002923,500000.0,492633.2849834509
0.00023993547977186228,0.00011483374053051812,0.7997967492014365,300.6170476668295,0.0,0.04506820770864784,145.98230663624864,1.209968754580312e-17,0.0,0.00014473057791272644,48.66820818708019,2.802620287968265e-16,1.316938118959406e-16,1.5536936401203372e-12,0.0,0.0,1.1287457567407118,3.0843050672514104e-12,0.0002047901486300874,500000.0,490537.50231897866
0.00024007761035116533,0.0001149460989033486,0.7808547358840489,300.2520609008719,0.0,0.04493617564206753,145.55463731822582,1.1730711831490005e-17,0.0,0.0001443065756551454,48.52562995350052,2.775093601097313e-16,1.3124926208174974e-16,1.5483614408527459e-12,8.237406818004894e-18,4.043818069472814e-17,1.125438986630376,3.0120671362303097e-12,0.00020478104981283543,500000.0,488500.1832372796
0.00024021974093046839,0.00011505559385055903,0.7595209308741315,299.89826692919866,0.0,0.04480800410446688,145.139472760883,1.1380549253570919e-17,0.0,0.00014389497093588536,48.38722061072976,2.747288320366976e-16,1.3081691706119998e-16,1.5431736867412973e-12,0.0,0.0,1.1222289042343851,2.943456243183242e-12,0.00020477220156459668,500000.0,486526.6833217704
0.00024036187150977144,0.0001151618928149159,0.735900057175162,299.5566127158311,0.0,0.04468403957725272,144.73793526894778,1.1049177387119678e-17,0.0,0.00014349687643644518,48.25335431753668,2.7193017539458194e-16,1.3039768939651123e-16,1.5381417898450944e-12,3.5625137270586133e-17,1.7505605427860287e-16,1.1191241872940887,2.878494261099554e-12,0.00020476362905265318,500000.0,484621.9988801158
0.0002405040020890745,0.0001152646784271591,0.7101010247268111,299.2279875015261,0.0,0.044564606749872795,144.35107655989978,1.0736485213121113e-17,0.0,0.0001431133348563278,48.124381700010254,2.6912249805161224e-16,1.2999242455654182e-16,1.5332763834881109e-12,0.0,0.0,1.1161329677651295,2.8171876293236422e-12,0.00020475535607531137,500000.0,482790.77196726756
0.00024064613266837752,0.0001153636490650679,0.6822364268824841,298.9132223709475,0.0,0.044450008659020046,143.9798782148446,1.044228798115642e-17,0.0,0.00014274531936004956,48.00063000187393,2.6631428854348884e-16,1.2960190227842778e-16,1.5285873305470364e-12,2.266747447229136e-16,9.01807353549631e-16,1.1132628353036287,2.759529656519108e-12,0.00020474740504829273,500000.0,481037.2968206524
0.00024078826324768057,0.00011545851934275403,0.6524220638642101,298.61309014828225,0.0,0.04434052691223114,143.62525240282318,1.0166341013409051e-17,0.0,0.00014239373429523238,47.88240332595901,2.6351342656587553e-16,1.2922683812993643e-16,1.5240837344356669e-12,0.0,0.0,1.1105208428666091,2.705502691833406e-12,0.0002047397969967127,500000.0,479365.5276378227
0.00024093039382698362,0.00011554902053523142,0.6207765102328635,298.3283052293602,0.0,0.04423642198054947,143.28804282867165,9.908352313068754e-18,0.0,0.00014205941613235358,47.76998295020628,2.6072719915640064e-16,1.2886788523082812e-16,1.5197739522541584e-12,1.5931083319708693e-15,5.170107755203663e-15,1.1079135140408911,2.6550800525447824e-12,0.00020473255155186278,500000.0,477779.086837864
0.00024107252440628668,0.00011563490094154816,0.5874206800779282,298.05952431699626,0.0,0.044137933547563256,142.96902586389822,9.667994172080244e-18,0.0,0.00014174313458587454,47.66362770468247,2.5796232180224694e-16,1.2852563611501534e-16,1.5156656096695776e-12,0.0,0.0,1.1054468517871852,2.608228021981144e-12,0.00020472568695218646,500000.0,476281.27518075187
0.00024121465498558973,0.00011571592619283566,0.552477488183015,297.8073459030559,0.0,0.044045280900016255,142.66891181137635,9.444913288362882e-18,0.0,0.00014144559386817585,47.56357439320925,2.55224963050105e-16,1.2820062460449463e-16,1.5117656170154271e-12,0.0,0.0,1.1031263482186586,2.564907168601281e-12,0.00020471922004763445,500000.0,474875.0800623094
0.00024135678556489276,0.00011579187950976022,0.5160714829906566,297.5723111007793,0.0,0.043958663347279686,142.38834626449722,9.238739969991598e-18,0.0,0.00014116743403701882,47.470038246483234,2.525207722954849e-16,1.2789332780745818e-16,1.508080186194876e-12,0.0,0.0,1.1009569951101044,2.5250742119078864e-12,0.00020471316630674583,500000.0,473563.1860165133
0.0002414989161441958,0.0001158625619112206,0.4783285083725023,297.3549045810026,0.0,0.043878260661811955,142.12791153385115,9.049096334266655e-18,0.0,0.0001409092324099578,47.38321339770915,2.498549098063495e-16,1.2760416803154965e-16,1.5046148481086923e-12,0.0,2.5312952095388394e-18,1.0989432949291382,2.4886831437843085e-12,0.00020470753982607698,500000.0,472347.9852863202
0.00024164104672349886,0.00011592779237767946,0.4393754143257116,297.15555513513067,0.0,0.04380423353115353,141.88812811127585,8.875603422148544e-18,0.0,0.00014067150501584496,47.303273370690576,2.4723207824367386e-16,1.273335146756886e-16,1.5013744702974758e-12,1.0229305984975616e-24,1.0398221347167957e-17,1.0970892721563188,2.4556864692314516e-12,0.00020470235334148746,500000.0,471231.5875799227
0.00024178317730280192,0.00011598740797478462,0.3993397991928757,296.97463616156307,0.0,0.04373672401036083,141.6694561352748,8.717887298610573e-18,0.0,0.0001404547080477067,47.2303715683774,2.446565551440796e-16,1.2708168612405944e-16,1.4983632744305988e-12,0.0,9.513664901562518e-18,1.09539848461585,2.4260362360500524e-12,0.00020469761824064338,500000.0,470215.8293563379
0.00024192530788210497,0.00011604126394195859,0.3583497660667639,296.81246637473157,0.0,0.04367585596559707,141.47229682786633,8.575584257410688e-18,0.0,0.0001402592392872767,47.16464175188868,2.4213222590770304e-16,1.2684895154363781e-16,1.4955848533390231e-12,0.0,9.87008579707685e-18,1.0938740345853988,2.399684885502982e-12,0.00020469334457621417,500000.0,469302.28300465795
0.000242067438461408,0.00011608923374814033,0.3165336932654284,296.669310688361,0.0,0.04362173550315108,141.29699388427701,8.448345245058723e-18,0.0,0.00014008543948276376,47.1061985038147,2.396626168646765e-16,1.2663553255063458e-16,1.4930421874074538e-12,0.0,9.76075103208753e-18,1.0925185795413175,2.376586026080007e-12,0.00020468954107946428,500000.0,468492.2657656173
0.00024220956904071105,0.00011613120911619515,0.274020025582167,296.54538108312624,0.0,0.04357445137952047,141.14383480128103,8.335839575295331e-18,0.0,0.00013993359366579422,47.05513767106434,2.37250928053615e-16,1.2644160477794038e-16,1.490737660187762e-12,2.1908481779910367e-39,1.1367879533670942e-17,1.0913343424294624,2.356695074341652e-12,0.00020468621517401816,500000.0,467786.84803969436
0.0002423516996200141,0.000116167100018595,0.2309370868330698,296.4408373889456,0.0,0.04353407538751642,141.01305212783976,8.237757969367488e-18,0.0,0.0001398039323913302,47.01153678180872,2.349000654287113e-16,1.26267299332999e-16,1.488673073075282e-12,-8.755272627015954e-39,8.193681363760155e-18,1.0903231213352274,2.3399697626903554e-12,0.00020468337298951668,500000.0,467186.8609152832
0.00024249383019931715,0.00011619683464751821,0.18741290805566505,296.35578803569314,0.0,0.04350066271325691,140.90482462144158,8.153814963081227e-18,0.0,0.00013969663288409815,46.975455430986756,2.326126722654559e-16,1.2611270411682062e-16,1.4868496588884623e-12,3.1440112185466815e-39,1.1074976385616605e-17,1.0894862984244442,2.326370541252424e-12,0.00020468101937486113,500000.0,466692.90294825175
0.0002426359607786202,0.00011622035936167338,0.1435750662391952,296.29029082063533,0.0,0.043474252260363194,140.81927829822206,8.08375074698694e-18,0.0,0.00013961182007970587,46.94693563039872,2.3039115957387836e-16,1.2597786499079694e-16,1.4852680942414641e-12,3.0429028022677104e-24,5.704377247874513e-18,1.0888248480629885,2.3158608774886103e-12,0.00020467915791083302,500000.0,466305.3462322126
0.00024277809135792323,0.00011623763861105303,0.09955053184511949,296.2443536780935,0.0,0.04345486693936066,140.7564873703839,8.027332515085084e-18,0.0,0.0001395495675540224,46.92600212122729,2.282377353629165e-16,1.2586278679966236e-16,1.4839285106556743e-12,0.0,1.467726492929146e-17,1.0883393440649771,2.3084074658567046e-12,0.00020467779092198476,500000.0,466024.3417189068
0.00024292022193722629,0.00011624865484047438,0.055465524503282314,296.21793541544713,0.0,0.04344251392108228,140.71647506701302,7.984355370669835e-18,0.0,0.00013950989833695513,46.91266264768479,2.2615443263746427e-16,1.257674342489597e-16,1.4828305043830943e-12,0.0,3.801531066765545e-19,1.088029966039381,2.303980346715669e-12,0.0002046769194877404,500000.0,465849.82372460066
0.00024306235251652934,0.00011625340837290396,0.011445375086394226,296.2109464028459,0.0,0.0434371848530919,140.69921433510422,7.954642814175711e-18,0.0,0.0001394927856074647,46.90690819072408,2.2414313604018726e-16,1.256917326289367e-16,1.4819731449225788e-12,0.0,2.3096855269152917e-17,1.0878965048104055,2.302552936448818e-12,0.000204676543452653,500000.0,465781.5135990148
0.0002432044830958324,0.00011625191727346253,-0.032385608733353256,296.2232492277211,0.0,0.043438856038610654,140.7046284191303,7.938046834271259e-18,0.0,0.00013949815326816555,46.908713161257864,2.22205607065728e-16,1.256355683893162e-16,1.4813549822260325e-12,0.0,0.0,1.0879383668987588,2.304101975941107e-12,0.00020467666143579084,500000.0,465818.92257685476
0.00024334661367513544,0.00011624421719452672,-0.07590427602663348,296.2546593229022,0.0,0.043447488578306256,140.73259132031907,7.934447630561355e-18,0.0,0.0001395258764006648,46.918035553274386,2.2034350778323189e-16,1.2559878957212183e-16,1.4809740526209525e-12,-2.1844648171121753e-39,3.9158025333274925e-17,1.0881545780728163,2.308607401641055e-12,0.00020467727083927866,500000.0,465961.3538386349
0.00024348874425443847,0.00011623036120183896,-0.11898876724753478,296.3049455695953,0.0,0.04346302847619104,140.7829281396774,7.943752993785348e-18,0.0,0.0001395757816056448,46.93481705819626,2.1855842301207548e-16,1.2558120610382902e-16,1.480827883505253e-12,0.0,0.0,1.0885437860009068,2.3160521410421845e-12,0.00020467836785607407,500000.0,466207.90380594204
0.00024363087483374152,0.00011621041958126504,-0.16151865154776274,296.373830870804,0.0,0.043485406711496644,140.85541531080446,7.965897354497865e-18,0.0,0.00013964764723367983,46.95898314249679,2.1685188090442434e-16,1.255825899533605e-16,1.4809134968909122e-12,-2.604856435096388e-40,5.4405870528011996e-17,1.0891042620514424,2.326421832882238e-12,0.00020467994747709438,500000.0,466557.46269480325
0.00024377300541304458,0.00011618447962568139,-0.2033750687198596,296.4609927007271,0.0,0.043514539278875365,140.94978073011364,8.000840499438398e-18,0.0,0.0001397412035143415,46.99044309111386,2.1522537188873875e-16,1.2560267516852549e-16,1.4812274118891664e-12,4.102192597523826e-40,0.0,1.089833902299803,2.339704473439549e-12,0.0002046820034978371,500000.0,467008.71437265666
0.00024391513599234763,0.00011615264540126204,-0.24444087754412672,296.56606363542227,0.0,0.04355032719983304,141.06570379386386,8.048565951523006e-18,0.0,0.0001398561325929128,47.029090019795596,2.1368036592238475e-16,1.2564115780055546e-16,1.4817656462481632e-12,3.806202196584996e-40,5.949155846024562e-17,1.090730227814664,2.355889989073489e-12,0.0002046845285246682,500000.0,467560.135570869
0.00024405726657165068,0.00011611503749213836,-0.28460081245332186,296.68863187652977,0.0,0.043592656508941764,141.20281535350503,8.10907900942139e-18,0.0,0.0001399920684861164,47.074800860213315,2.1221832799132526e-16,1.2569769572668294e-16,1.4825237170753066e-12,1.3665673954192054e-51,0.0,1.0917903843127277,2.374969735942587e-12,0.00020468751398098839,500000.0,468209.994523099
0.00024419939715095374,0.00011607179272213143,-0.3237416498612749,296.8282417731508,0.0,0.0436413982190206,141.360697602892,8.182404437899488e-18,0.0,0.00014014859697029548,47.1274363223603,2.108407317870198e-16,1.2577190838619312e-16,1.4834966408971794e-12,-1.4142397133712912e-40,4.1808491832855694e-17,1.0930111412866486,2.396935925708372e-12,0.0002046909501135226,500000.0,468956.349097245
0.00024434152773025676,0.00011602306385205331,-0.36175238563845813,296.98439435292147,0.0,0.04369640827003074,141.53888391275208,8.268583793746432e-18,0.0,0.0001403252554173008,47.18684083936602,2.095490714792016e-16,1.2586337644644017e-16,1.4846789332282552e-12,1.3731126052386616e-40,0.0,1.0943888907251276,2.4217809773648298e-12,0.00020469482599900767,500000.0,469797.0445056394
0.00024448365830955984,0.0001159690192509152,-0.398524424868336,297.15654787111197,0.0,0.043757527466965804,141.73685862950106,8.367672367779308e-18,0.0,0.00014052153259503172,47.252842500424435,2.0834487149128298e-16,1.2597164141472922e-16,1.4860646078365608e-12,4.73364481606368e-26,1.0391838643635306e-17,1.0959196455573426,2.4494967943174055e-12,0.00020469912955158083,500000.0,470729.7106819628
0.00024462578888886287,0.00011590984253922902,-0.43395178497013515,297.344118390474,0.0,0.04382458141254519,141.9540568572285,8.479735722601081e-18,0.0,0.0001407368684512908,47.325252978111344,2.0722969416662192e-16,1.2609620521498576e-16,1.4876471759114478e-12,3.0033207452395446e-25,1.0915102705707108e-17,1.0975990379672416,2.4800739670800407e-12,0.0002047038475311895,500000.0,471751.7594271485
0.0002447679194681659,0.00011584573220243859,-0.46793131312743413,297.54648040486194,0.0,0.04389738044106694,142.18986424343612,8.604845806582388e-18,0.0,0.00014097065390135952,47.403867456952966,2.0620514520167889e-16,1.262365297495322e-16,1.4894196453558366e-12,7.3820691246176e-25,1.0478689688813803e-17,1.0994223177368578,2.513500901606354e-12,0.00020470896555337925,500000.0,472860.3814350044
0.000244910050047469,0.00011577690117239572,-0.5003629186380089,297.7629675198087,0.0,0.04397571956029606,142.44361679080492,8.743076624075806e-18,0.0,0.00014122223064137922,47.488464570672036,2.0527287670577748e-16,1.2639203646827564e-16,1.4913745204415829e-12,3.3784550188294607e-23,2.4744455570740623e-17,1.1013843507908787,2.549762874538682e-12,0.00020471446810083069,500000.0,474052.5433165258
0.000245052180626772,0.00011570357637471979,-0.5311498206499436,297.99287320460513,0.0,0.044059378408746644,142.71460071882353,8.894499443366935e-18,0.0,0.0001414908910111661,47.578806356056845,2.044345877362349e-16,1.2656210596954584e-16,1.4935038020813676e-12,5.77623600350655e-23,1.1706914553356193e-17,1.1034796181267463,2.5888410186298885e-12,0.00020472033853704524,500000.0,475324.984751813
0.0002451943112060751,0.00011562599823984471,-0.5601988113603245,298.23545163009146,0.0,0.04414812123615061,143.0020524005209,9.059177527431055e-18,0.0,0.0001417758779314864,47.67463823186894,2.0369202214226688e-16,1.2674607765432329e-16,1.4957989889835316e-12,4.4819512060036286e-23,0.0,1.1057022153254705,2.63071123859055e-12,0.00020472655912257462,500000.0,476674.21590544266
0.0002453364417853781,0.00011554442017555993,-0.5874205346162272,298.4899186077727,0.0,0.044241696915297946,143.30515840081495,9.237160378400782e-18,0.0,0.00014207638494207595,47.77568901162794,2.030469635461166e-16,1.269432494631165e-16,1.498251079967655e-12,7.516955225079327e-24,1.3903321659900882e-17,1.108045852848142,2.6753430666551216e-12,0.00020473311103421675,500000.0,478096.51525055873
0.00024547857236468113,0.00011545910799888315,-0.6127297795136396,298.75545264579205,0.0,0.04433983899378128,143.62305564411622,9.428477490011956e-18,0.0,0.00014239155636780704,47.88167095948799,2.0250122728044082e-16,1.2715287771959531e-16,1.5008505777284538e-12,8.509686666280833e-23,1.1609225278477967e-17,1.1105038573318584,2.7226984556287153e-12,0.0002047399743875871,500000.0,479587.927953641
0.0002456207029439842,0.00011537033932517148,-0.6360457884086889,299.0311961385858,0.0,0.04444226579446536,143.95483173975722,9.633131622182677e-18,0.0,0.0001427204876413272,47.9922798987308,2.0205664911313332e-16,1.2737417711552739e-16,1.5035874943428381e-12,1.7929059463525003e-22,0.0,1.1130691741059653,2.772730539119753e-12,0.00020474712826353163,500000.0,481144.2649802194
0.00024576283352328724,0.00011527840291249756,-0.6572925781914339,299.31625670473386,0.0,0.044548680573701954,144.29952549446656,9.851091616508548e-18,0.0,0.0001430622258111392,48.107195382616396,2.0171507058707177e-16,1.2760632085591353e-16,1.5064513588194674e-12,4.589491704053125e-23,3.1147596592071505e-17,1.115734371154544,2.8253823372335856e-12,0.00020475455073878273,500000.0,482761.1030833443
0.0002459049641025903,0.00011518359795949771,-0.6763992734354891,299.60970868890223,0.0,0.044658771746401864,144.6561276414024,1.008228477321348e-17,0.0,0.00014341577026438316,48.22608093743155,2.0147832081861097e-16,1.278484410023581e-16,1.509431226990547e-12,1.8607109026331757e-23,4.040034540879087e-17,1.1184916447533515,2.8805854510967003e-12,0.000204762218921265,500000.0,484433.78584281594
0.00024604709468189335,0.00011508623335512426,-0.6933004496983234,299.91059484287985,0.0,0.0447722131870635,145.0235818152183,1.0326588854592452e-17,0.0,0.00014378007369354208,48.34858438756127,2.0134819462520653e-16,1.280996290388933e-16,1.5125156940423316e-12,4.585989471823749e-22,0.0,1.1213328270090992,2.938258749258349e-12,0.00020477010899045802,500000.0,486157.42592436675
0.00024618922526119637,0.00011498662687901007,-0.7079364848199831,300.2179281987918,0.0,0.044888664615720004,145.40078580219063,1.0583823775063149e-17,0.0,0.00014415404333584968,48.474338272261775,2.0132642688763865e-16,1.2835893669451634e-16,1.5156929099732385e-12,3.8954117208241875e-22,2.6095593815763614e-17,1.1242493955255295,2.998307064991715e-12,0.00020477819624319986,500000.0,487926.9087258484
0.00024633135584049945,0.00011488510435147681,-0.7202539157796547,300.5306941490257,0.0,0.04500777207749518,145.78659309355922,1.0853743067119252e-17,0.0,0.00014453654251331174,48.60296036351979,2.0141466309507148e-16,1.2862537704433523e-16,1.5189505982562654e-12,0.0,1.038282990947488e-16,1.1272324854139568,3.060619930140711e-12,0.00020478645514527633,500000.0,489736.8975789035
0.0002464734864198025,0.00011478199873259725,-0.7302057982209615,300.8478527447657,0.0,0.045129168524030885,146.17981476884242,1.1136025235755995e-17,0.0,0.0001449263924998732,48.73405429392027,2.0161442607803156e-16,1.2889792592371627e-16,1.5222760779647533e-12,9.32016821517522e-22,0.0,1.130272903855198,3.1250703699304903e-12,0.00020479485938910234,500000.0,491581.8406671317
0.00024661561699910556,0.000114677649170166,-0.7377520652608909,301.16834122062517,0.0,0.0452524745044371,146.5792217339081,1.1430265134231818e-17,0.0,0.00014532237474029855,48.86721030278403,2.0192707900411137e-16,1.2917552367332965e-16,1.5256562895967185e-12,1.8650546921582813e-21,0.0,1.1333611474044964,3.1915137856871486e-12,0.00020480338195775504,500000.0,493455.97980865766
0.0002467577475784086,0.0001145723999969376,-0.7428598818941333,301.4910767520697,0.0,0.04537729897261005,146.98354733597878,1.1735965518740712e-17,0.0,0.00014572323344275382,49.00200610796949,2.0235378479354582e-16,1.2945707724835623e-16,1.5290778248027151e-12,0.0,3.9490589762007483e-16,1.1364874222109331,3.2597869565663718e-12,0.00020481199519556528,500000.0,495353.3612408189
0.0002468998781577116,0.00011446659967801545,-0.7455039913933351,301.8149594594403,0.0,0.04550324021680584,147.3914903746438,1.2052528965855554e-17,0.0,0.0001461276785640016,49.138007909696775,2.0289546220696002e-16,1.2974146269875782e-16,1.5325269601867228e-12,0.0,2.492882581551795e-16,1.1396416672987908,3.3297071944361085e-12,0.0002048206708854109,500000.0,497267.84854503185
0.0002470420087370147,0.00011436059970985424,-0.7456670491126043,302.13887565553784,0.0,0.04562988691619818,147.80171852418047,1.2379250360799055e-17,0.0,0.00014653438920237853,49.27477153149582,2.0355273896469342e-16,1.300275280559588e-16,1.5359896953073394e-12,7.274985278834126e-21,0.0,1.1428135810291873,3.4010716868254915e-12,0.00020482938033278248,500000.0,499193.13780750055
0.0002471841393163177,0.00011425475347302824,-0.7433399383026804,302.4617013195971,0.0,0.04575681932769606,148.2128721778019,1.271531017778225e-17,0.0,0.0001469420174090768,49.411843701818285,2.043259023735347e-16,1.3031409661111678e-16,1.5394517949552562e-12,7.002898485469515e-21,1.1288273728902906e-15,1.1459926508240759,3.473657056403319e-12,0.00020483809445660228,500000.0,501122.77506873535
0.0002473262698956208,0.00011414941504154857,-0.7385220649080753,302.7823058339432,0.0,0.04588361060475883,148.6235687194937,1.3059768814008047e-17,0.0,0.0001473491924233551,49.54876347820079,2.0521484807729687e-16,1.3059997062681073e-16,1.54289883572884e-12,0.0,4.940774771056199e-16,1.1491681861964032,3.5472191922960573e-12,0.00020484678388669713,500000.0,503050.176182423
0.0002474684004749238,0.00011404493795216389,-0.7312216253489792,303.09955594834906,0.0,0.046009828248272724,149.03240722357074,1.3411562151901727e-17,0.0,0.00014775452533180033,49.685063814023266,2.0621902761046306e-16,1.308839354613155e-16,1.5463162568707678e-12,4.928026248765349e-21,0.0,1.1523293550874136,3.621493329538777e-12,0.00020485541906772406,500000.0,504968.6490619778
0.00024761053105422685,0.0001139416739379036,-0.7214558406709111,303.41231993865915,0.0,0.046135035687440255,149.437973575389,1.3769498720414162e-17,0.0,0.00014815661414512655,49.820273265673954,2.0733739566143944e-16,1.3116476409000514e-16,1.5496894152566681e-12,8.194886114750192e-21,1.602557349254163e-15,1.155465223460366,3.696194531305337e-12,0.00020486397036925295,500000.0,506871.4182651141
0.00024775266163352993,0.00011383997163081795,-0.7092511548606345,303.71947200496385,0.0,0.046258793986599954,149.8388459999896,1.413225870369556e-17,0.0,0.00014855404927941726,49.953917835712424,2.0856835804928159e-16,1.314412220457152e-16,1.5530036443572415e-12,0.0,2.5505791271093394e-16,1.1585647980484166,3.771018459171505e-12,0.00020487240820159843,500000.0,508751.6519678512
0.00024789479221283295,0.0001137401752395018,-0.6946433911427915,304.01989686307076,0.0,0.0463806636718106,150.23360097862766,1.4498394954635214e-17,0.0,0.00014894541942192898,50.08552294534743,2.0990972148985774e-16,1.317120727502904e-16,1.556244316924605e-12,4.475415586619518e-21,0.0,1.1616170721016434,3.8456425268102985e-12,0.00020488070313688563,500000.0,510602.49119455804
0.00024803692279213603,0.00011364262320804629,-0.6776778553643815,304.3124943916554,0.0,0.04650020666827156,150.6208195242787,1.4866336351208203e-17,0.0,0.00014932931775276363,50.21461552659208,2.1135864642896438e-16,1.3197608316382874e-16,1.559396911061855e-12,4.472959045100978e-20,1.0460175999555382e-14,1.164611073909694,3.919727507737316e-12,0.0002048888260346793,500000.0,512417.0809744919
0.00024817905337143906,0.00011354764686335157,-0.6584093958411564,304.59618458641745,0.0,0.04661698833768317,150.99909378109814,1.523439359181546e-17,0.0,0.0001497043484877663,50.3407262224201,2.129116041998168e-16,1.322320298133046e-16,1.562447079273588e-12,1.8772283636404116e-20,5.472318748876578e-15,1.1675359178293405,3.992919431277905e-12,0.00020489674817145075,500000.0,514188.6037195139
0.0002483211839507421,0.0001134555690582354,-0.6369024038577447,304.86991255701867,0.0,0.04673057960273135,151.36703390570662,1.560076754875186e-17,0.0,0.00015006913370081457,50.463391680878196,2.1456433977108737e-16,1.3247870508518997e-16,1.5653807200223764e-12,0.0,0.0,1.1703808574910077,4.064852031336008e-12,0.00020490444137312634,500000.0,515910.31421402417
0.0002485397049996737,0.00011332037307187608,-0.5996423109763956,305.26898107916435,0.0,0.04689803302053283,151.90944228189997,1.615638137031561e-17,0.0,0.00015060689118314764,50.644222114102526,2.1728823336377745e-16,1.3283715756531334e-16,1.5696322116691275e-12,1.135836323652802e-20,1.0865367520968302e-15,1.1745747982953785,4.17212304308979e-12,0.00020491575986685085,500000.0,518445.00050214917
0.00024875822604860526,0.00011319385014632058,-0.5575791330039636,305.6385316015903,0.0,0.04705546942564862,152.419404218613,1.6696242566172954e-17,0.0,0.00015111248043874175,50.81423541401416,2.202141213321266e-16,1.3316673508535098e-16,1.573527604362163e-12,9.500109320461122e-21,8.57645945467932e-16,1.1785178608820803,4.2741361799347584e-12,0.00020492637648235074,500000.0,520822.89351651934
0.00024897674709753687,0.00011307701123874404,-0.5110746241103008,305.97524744182573,0.0,0.04720148207206563,152.89236305844437,1.7212761402749777e-17,0.0,0.00015158138388136596,50.9719124626042,2.233157726845104e-16,1.3346349340426498e-16,1.5770215699412917e-12,9.087262967561577e-21,7.860213742240194e-16,1.182174812846429,4.369495863301817e-12,0.00020493620099308312,500000.0,523021.7417211167
0.0002491952681464684,0.00011297078297764429,-0.4605382202670567,306.2760936258162,0.0,0.04733475933651193,153.32407025854835,1.7698209749441844e-17,0.0,0.0001520093893974146,51.11583686241739,2.265626146640358e-16,1.3372376791106365e-16,1.5800722693524729e-12,1.0857901705966374e-20,1.0501918810507328e-15,1.1855128041477765,4.456836339730241e-12,0.00020494515004327888,500000.0,525020.7722826519
0.00024941378919540004,0.00011287599763804301,-0.4064233061661625,306.53835687279025,0.0,0.0474541037611815,153.71064707278038,1.8144932416586307e-17,0.0,0.00015239265149914736,51.24471550041051,2.299199864761723e-16,1.3394423057136655e-16,1.5826419662817253e-12,0.0,0.0,1.1885018440403177,4.534858384107462e-12,0.00020495314823065975,500000.0,526801.0156690591
0.0002495720301305349,0.00011281492006754093,-0.36528034146591226,306.7028379017203,0.0,0.04753121920418791,153.96043734654532,1.844006011364973e-17,0.0,0.00015264029993996043,51.32799165427142,2.323986027577792e-16,1.3407734265771005e-16,1.5841835900537451e-12,1.4286086155481511e-27,3.954752120164212e-17,1.1904332405065094,4.584857876741111e-12,0.00020495830844980662,500000.0,527943.9430755145
0.0002497302710656698,0.00011276046801220695,-0.3227171609032105,306.8450762627258,0.0,0.04760011025309527,154.18358766090037,1.8708381777352574e-17,0.0,0.0001528615368463184,51.402386464080024,2.348995506347613e-16,1.3418705478417636e-16,1.585444663148344e-12,7.95266318329452e-24,4.0878533845298536e-17,1.1921586548791188,4.628931830675146e-12,0.00020496291295801381,500000.0,528957.6229388154
0.00024988851200080463,0.000112712849988447,-0.2789404970614922,306.9644176378989,0.0,0.047660464160811,154.37908497854923,1.8947460679641476e-17,0.0,0.00015305535786723853,51.467562199113075,2.3740654477800283e-16,1.342725226623574e-16,1.5864158255065013e-12,0.0,3.903938523747941e-17,1.1936702542804845,4.666716266890268e-12,0.00020496694257226316,500000.0,529837.1344601283
0.00025004675293593953,0.00011267224120649681,-0.23416401278508692,307.06032600202724,0.0,0.04771201466333694,154.5460668273074,1.91550977491636e-17,0.0,0.0001532209079258263,51.5232313246908,2.3990276534851974e-16,1.3433303930982596e-16,1.5870893144663263e-12,2.4239231051215195e-23,4.3203575401105296e-17,1.1949613700132835,4.6978989922106876e-12,0.00020497038111497458,500000.0,530578.3115929863
0.0002502049938710744,0.00011263878258730917,-0.1886069054970617,307.13238762318116,0.0,0.047754544189745035,154.68382845857826,1.9329373734154213e-17,0.0,0.0001533574883163695,51.56915888870039,2.423710486654106e-16,1.3436804136877677e-16,1.5874590289099594e-12,0.0,4.147050112759348e-17,1.1960265529103842,4.722225025922179e-12,0.0002049732155276549,500000.0,531177.780983187
0.0002503632348062093,0.00011261258002688358,-0.14249243238603754,307.1803140257976,0.0,0.04778788561620151,154.79182852894698,1.946868642370306e-17,0.0,0.00015346456233721555,51.605164415750174,2.447940954612738e-16,1.3437711403681087e-16,1.5875205776228762e-12,0.0,4.132976289111797e-17,1.1968616172653435,4.739501067975871e-12,0.0002049754359574704,500000.0,531632.991979179
0.00025052147574134413,0.00011259370388159502,-0.09604640810865167,307.20394399484775,0.0,0.04781192357850293,154.8696933517341,1.9571781437748535e-17,0.0,0.00015354175950587075,51.6311233245707,2.4715468644631807e-16,1.3435999460916954e-16,1.587271312572889e-12,1.6394957718888853e-23,4.398366611904639e-17,1.1974636737057258,4.749598859423603e-12,0.0002049770358188145,500000.0,531942.2388720023
0.00025067971667647903,0.0001125821886760655,-0.04949568706688185,307.20324460707786,0.0,0.04782659532649744,154.91721966464817,1.9637776175767517e-17,0.0,0.00015358887830292203,51.646967850706844,2.494359004916951e-16,1.3431657454496532e-16,1.586710346689542e-12,0.0,4.175991340058623e-17,1.1978311505927954,4.752457420500272e-12,0.00020497801182960796,500000.0,532104.675051178
0.0002508379576116139,0.00011257803305233378,-0.0030666293645786793,307.1783112165942,0.0,0.04783189108639544,154.93437580342314,1.9666176473307974e-17,0.0,0.00015360588733561033,51.65268743778989,2.5162133321369217e-16,1.342468999806053e-16,1.585838555120901e-12,0.0,4.160190862305736e-17,1.1979638030961623,4.748083974712183e-12,0.0002049783640204557,500000.0,532120.3185031394
0.0002509961985467488,0.00011258119997000365,0.04301643558241434,307.12936635763555,0.0,0.047827853913379265,154.92130122446227,1.9656885186262144e-17,0.0,0.00015359292486456756,51.64832857839463,2.5369531172846225e-16,1.3415117065866154e-16,1.5846585595320804e-12,7.247911214002546e-24,4.276154902003557e-17,1.197862709502833,4.736553595980242e-12,0.00020497809571562518,500000.0,531990.0483622545
0.0002511544394818836,0.0001125916171514478,0.08853272075288672,307.0567575891108,0.0,0.04781457904193604,154.87830440053548,1.9610202192797728e-17,0.0,0.00015355029671755736,51.633994112497845,2.5564309917178335e-16,1.3402973729492398e-16,1.5831746958743647e-12,0.0,4.112048268857091e-17,1.197530254946588,4.718007581821182e-12,0.00020497721348642847,500000.0,531715.5926513815
0.0002513126804170185,0.0001126091777604069,0.13326644381791475,306.9609543328003,0.0,0.04779221275376823,154.8058591538386,1.9526815889165528e-17,0.0,0.0001534784726539767,51.6098420049779,2.57451082856428e-16,1.338830974479351e-16,1.581392966457343e-12,0.0,4.0899144877988945e-17,1.1969701030549338,4.692650602767655e-12,0.0002049757270783515,500000.0,531299.5075749314
0.0002514709213521534,0.00011263374130428231,0.17700822367637173,306.8425437558042,0.0,0.04776095078548783,154.70459949834196,1.9407786693559907e-17,0.0,0.00015337808125142886,51.57608362613467,2.591069415973048e-16,1.3371188997570283e-16,1.5793209772073886e-12,3.0525075350387793e-25,4.0318627839626944e-17,1.1961871560697643,4.660746731241413e-12,0.0002049736493132555,500000.0,530745.1487886903
0.0002516291622872883,0.00011266513475123288,0.21955639851895745,306.70222574924924,0.0,0.04772103630172119,154.57531307443622,1.9254523226444786e-17,0.0,0.00015324990339666425,51.532981562903714,2.605997889339741e-16,1.335168881761922e-16,1.5769678610921641e-12,8.629482590576485e-25,3.97236907805153e-17,1.1951875040835716,4.622614474685992e-12,0.00020497099596799572,500000.0,530056.6351450211
0.0002517874032224231,0.00011270315384996384,0.2607182516675555,306.5408070705488,0.0,0.04767275746730426,154.41893328496994,1.9068751949796855e-17,0.0,0.0001530948644890472,51.480846997134606,2.619202894269344e-16,1.3329899172964535e-16,1.5743441889503438e-12,0.0,3.8490432942199586e-17,1.1939783642347168,4.5786209651876935e-12,0.00020496778563118388,500000.0,529238.8055576282
0.000251945644157558,0.00011274756463588145,0.30031113111588364,306.35919473497,0.0,0.04761644466092339,154.23653026987122,1.885248127051326e-17,0.0,0.0001529140254925664,51.42003669667159,2.6306074567838216e-16,1.330592175882092e-16,1.5714618692416449e-12,4.764433529403045e-25,3.7911961616896786e-17,1.1925680109225527,4.529175481697322e-12,0.00020496403954030188,500000.0,528297.1697823744
0.0002521038850926929,0.00011279810510490148,0.33816345132170494,306.1583887534202,0.0,0.04755246737815262,154.0293008746731,1.8607961340209837e-17,0.0,0.00015270857299037513,51.35094967101747,2.6401515468589026e-16,1.3279868997692448e-16,1.5683340383969467e-12,0.0,3.6421701044413614e-17,1.1909656982433365,4.474722493997722e-12,0.0002049597814016712,500000.0,527237.8540093863
0.00025226212602782777,0.00011285448703548674,0.37411556950143254,305.9394743174479,0.0,0.047481230874505516,153.79855777690173,1.8337640884919292e-17,0.0,0.00015247980840441555,51.27402354624225,2.6477923332900325e-16,1.325186296770441e-16,1.5649749435123083e-12,1.1972456240270862e-24,3.6240771499304563e-17,1.189181575914675,4.4157344218651276e-12,0.00020495503719588975,500000.0,526067.5422086915
0.0002524203669629627,0.00011291639793902655,0.40802053147191075,305.7036135346007,0.0,0.04740317260065741,153.54571793926704,1.804412238274636e-17,0.0,0.00015222913654761784,51.189730715458275,2.6535041381708635e-16,1.3222034276569998e-16,1.5613998191592962e-12,0.0,3.343602431836414e-17,1.187226599994762,4.3527042994260646e-12,0.0002049498349713977,500000.0,524793.4141958852
0.0002525786078980975,0.00011298350311789487,0.4397446839892096,305.4520368195994,0.0,0.047318758483124494,153.272290562259,1.7730116854262308e-17,0.0,0.0001519580536797971,51.09857432240497,2.6572781070099953e-16,1.3190520898827347e-16,1.5576247601013908e-12,2.689878911430821e-24,3.552372405948048e-17,1.1851124397309782,4.286138524869735e-12,0.00020494420462888877,500000.0,523423.0813977553
0.0002527368488332324,0.00011305544780988354,0.4691681527119131,305.1860340479768,0.0,0.04722847910387029,152.9798647093486,1.7398399468288908e-17,0.0,0.00015166813523896227,51.001084135885264,2.659121616984627e-16,1.3157466993949724e-16,1.5536665916924289e-12,6.734214872521876e-25,3.265488411932034e-17,1.1828513818770505,4.216549864395494e-12,0.0002049381776993063,500000.0,521964.5212925718
0.00025289508976836727,0.00011313185939759647,0.4961851861607154,304.90694557661567,0.0,0.04713284583111404,152.6700967741174,1.70517670528431e-17,0.0,0.0001513610234159093,50.897812371503434,2.6590574520046735e-16,1.3123021721413135e-16,1.5495427396740686e-12,0.0,3.00356143906546e-17,1.1804562337879936,4.144450830441245e-12,0.0002049317871181269,500000.0,520426.01146779227
0.00025305333070350217,0.00011321234966189757,0.5207043702116666,304.61615323227994,0.0,0.047032386951017593,152.34469795022795,1.6692998474324572e-17,0.0,0.0001510384147316304,50.789329514349994,2.6571227780980413e-16,1.3087338069886162e-16,1.54527110098392e-12,1.5083155018164984e-24,3.0735544404873327e-17,1.17794022653701,4.0703476169770514e-12,0.00020492506699851026,500000.0,518816.0641839126
0.000253211571638637,0.00011329651705935073,0.5426487182787,304.31507136226986,0.0,0.04692764384639356,152.00542185369653,1.6324818644109578e-17,0.0,0.00015070204776571994,50.67622019246189,2.6533679560604946e-16,1.305057171346385e-16,1.540869917053734e-12,3.730499863565384e-24,3.0116650635095443e-17,1.1753169192100124,3.99473460685357e-12,0.00020491805240573346,500000.0,517143.3622589517
0.0002533698125737719,0.00011338394900461596,0.5619556447391467,304.0051380319985,0.0,0.04681916726441685,151.65405243345666,1.5949866636513036e-17,0.0,0.0001503536911705992,50.559079146394225,2.6478552286914576e-16,1.301287990906376e-16,1.5363576509265132e-12,2.9470424427140926e-25,2.6767008243840605e-17,1.1726001054292217,3.918089565486968e-12,0.0002049107791350631,500000.0,515416.6970003599
0.00025352805350890677,0.00011347422413981488,0.5785768277982224,303.68780645154436,0.0,0.04670751371084867,151.29239229171066,1.5570668460344955e-17,0.0,0.00014999513209201546,50.438507335408964,2.640657322001604e-16,1.2974420443328715e-16,1.5317528693623762e-12,5.7539362258195024e-24,2.469958768720931e-17,1.169803723045284,3.840869577190197e-12,0.00020490328349520654,500000.0,513644.9088298067
0.00025368629444404167,0.00011356691457421941,0.5924779729721555,303.36453669770793,0.0,0.046593242003276754,150.92225151935477,1.51896144887469e-17,0.0,0.00014962816510019755,50.315108215380945,2.6318559955319303e-16,1.293535064294432e-16,1.5270741309296144e-12,0.0,2.2617346277590997e-17,1.166941767811967,3.763507669850614e-12,0.00020489560209899002,500000.0,511836.8311367252
0.0002538445353791765,0.00011366158807922897,0.6036384868291964,303.03678779334814,0.0,0.0464769100104798,150.5454371342848,1.4808941726376214e-17,0.0,0.00014925458171872357,50.1894842176949,2.6215405768522842e-16,1.2895826453038208e-16,1.5223398808924959e-12,3.98338595033032e-23,2.910349818154963e-17,1.1640282117223761,3.686410230789224e-12,0.00020488777166284466,500000.0,510001.2378015839
0.0002540027763143114,0.00011375781022529631,0.6120510714438783,302.7060101933956,0.0,0.04635907159957819,150.16374319275,1.4430720713461328e-17,0.0,0.0001488761606206649,50.06223345252619,2.6098065113020135e-16,1.2856001586884298e-16,1.5175683535247957e-12,4.438070727280412e-23,2.7047664341794442e-17,1.1610769265492282,3.6099550750718004e-12,0.00020487982881634814,500000.0,508146.79472267686
0.00025416101724944626,0.00011385514644911404,0.6177212500112239,302.3736387205068,0.0,0.04624027380738003,149.77894162690686,1.405684707175102e-17,0.0,0.00014849465854470368,49.93394665422516,2.5967539558938446e-16,1.2816026754497444e-16,1.512777482301924e-12,1.5810483250530424e-22,4.70000321283886e-17,1.1581016130001545,3.5344902801670184e-12,0.00020487180992292237,500000.0,506282.0155872912
0.00025431925818458117,0.00011395316404107414,0.6206668352171641,302.0410859743742,0.0,0.046121054247234915,149.39277384521682,1.3689036827061224e-17,0.0,0.00014811180196755314,49.80520438102155,2.582486438060862e-16,1.277604897444494e-16,1.5079848182610001e-12,0.0,0.0,1.155115735771366,3.4603334209262357e-12,0.00020486375091223772,500000.0,504415.2220183108
0.00025447749911971607,0.00011405143404473097,0.6209173506389807,301.7097362380561,0.0,0.04600193875786614,149.0069431166441,1.3328825601941799e-17,0.0,0.00014772927955345713,49.676574476035796,2.5671095993111505e-16,1.2736210962363636e-16,1.5032074566570526e-12,9.30519924804801e-22,2.0004064664208911e-16,1.152132464661722,3.387771628523803e-12,0.0002048556871249562,500000.0,502554.50815424987
0.0002546357400548509,0.00011414953306164213,0.6185134150634992,301.38093989961556,0.0,0.045883439296217146,148.6231077452609,1.2977570938430619e-17,0.0,0.00014734873538732067,49.54860979179956,2.5507300382394607e-16,1.2696650596073642e-16,1.4984619719025095e-12,0.0,0.0,1.1491646217982852,3.3170619575974705e-12,0.00020484765317014246,500000.0,500707.70964763983
0.0002547939809899858,0.00011424704495655326,0.6135061001182095,301.05600837753315,0.0,0.04576605207234386,148.24287502884997,1.263645761077825e-17,0.0,0.00014697176298511183,49.421846176148684,2.5334542635416307e-16,1.2657500464363129e-16,1.4937643606508607e-12,8.313188750954957e-21,1.4792985941507353e-15,1.1462246349237928,3.248432198465168e-12,0.000204839682795391,500000.0,498882.3769600091
0.00025495222192512066,0.00011434356245929823,0.6059562685867019,300.7362095884403,0.0,0.04565025592091553,147.8677959839883,1.2306505053377286e-17,0.0,0.00014659990006418402,49.29680071364903,2.5153877631388833e-16,1.261888749151513e-16,1.4891299927781778e-12,0.0,0.0,1.1433244966106406,3.1820820735802035e-12,0.00020483180876955,500000.0,497085.7528683844
0.00025511046286025556,0.00011443868866139251,0.5959339067316474,300.422763826345,0.0,0.04553651090069247,147.4993608093915,1.1988576475964227e-17,0.0,0.0001462346240454965,49.17397021314667,2.496634192093151e-16,1.2580932622194465e-16,1.4845735699145702e-12,8.1655989146274e-20,1.1661417947124352e-14,1.1404757291830894,3.1181846486788203e-12,0.00020482406277775746,500000.0,495324.75377338653
0.0002552687037953904,0.00011453203840586077,0.5835174429485991,300.1168403981544,0.0,0.04542525711133612,147.13899505379598,1.1683389540701957e-17,0.0,0.00014587734825442653,49.053829930199996,2.477294679052863e-16,1.2543750574981148e-16,1.4801090911261265e-12,0.0,0.0,1.1376893550871838,3.0568880709492525e-12,0.00020481647532848366,500000.0,493605.9551673147
0.0002554269447305253,0.00011462323957195328,0.5687931038680143,299.8195539393681,0.0,0.0453169137133974,146.7880564403785,1.139152766855849e-17,0.0,0.00014552941877221716,48.936832508391134,2.4574672480493427e-16,1.2507449667186187e-16,1.475749825218134e-12,8.916488471740395e-19,1.0160609007397493e-13,1.1349758723365784,2.998317120114321e-12,0.00020480907567184073,500000.0,491935.57921567024
0.00025558518566566016,0.00011471193425410834,0.5518542205757859,299.5319625664574,0.0,0.045211878137481024,146.44783230739196,1.111345247613872e-17,0.0,0.00014519211189883776,48.82340712607408,2.437246351888217e-16,1.2472131692559795e-16,1.471508289201363e-12,9.605469870122745e-20,5.855241119658637e-16,1.132345234724051,2.9425755750646526e-12,0.00020480189172890887,500000.0,490319.48778630665
0.00025574342660079506,0.00011479777983648955,0.5328005960172284,299.25506539680237,0.0,0.04511052547043228,146.11953761663094,1.0849516101108141e-17,0.0,0.00014486663217844276,48.71395883242838,2.416722510481475e-16,1.243789182085538e-16,1.4673962323995747e-12,0.0,0.0,1.129806836421802,2.889747706134252e-12,0.00020479495003120334,500000.0,488763.17657281714
0.0002559016675359299,0.00011488044996776452,0.5117378948574192,298.9898003567955,0.0,0.045013207996074084,145.80431346901292,1.0599973335080096e-17,0.0,0.00014455411092756515,48.608868052577265,2.395982045679961e-16,1.240481857512933e-16,1.4634246255597081e-12,0.0,0.0,1.1273695005048108,2.839900404373145e-12,0.00020478827566946492,500000.0,487271.77155126526
0.0002560599084710648,0.00011495963544026053,0.48877703839675213,298.7370427149443,0.0,0.044920254876320835,145.5032260698812,1.036499363556611e-17,0.0,0.00014425560520930298,48.508490242635865,2.3751069036240764e-16,1.2372993841870882e-16,1.4596036543629904e-12,0.0,1.3038538269132283e-17,1.1250414709499403,2.7930850824395156e-12,0.000204781892251005,500000.0,485850.0282054929
0.00025621814940619966,0.00011503504497559867,0.4640336165475894,298.49760411042223,0.0,0.04483197195568629,145.21726609608532,1.014467283620289e-17,0.0,0.00014397209720589494,48.41315567870573,2.35417455605075e-16,1.2342492895805722e-16,1.4559427168327025e-12,1.2374918521289309e-21,1.3830276590186616e-16,1.1228304077422526,2.749339512221467e-12,0.0002047758218649428,500000.0,484502.33289445244
0.00025637639034133456,0.00011510640591944044,0.43762733210913346,298.2722317476468,0.0,0.04474864167509957,144.947348416882,9.939044264927652e-18,0.0,0.00014370449394203658,48.32316936382769,2.333257972018967e-16,1.231338445890662e-16,1.452450424140764e-12,0.0,0.0,1.12074338471702,2.7086896223441343e-12,0.00020477008505462782,500000.0,483232.705586067
0.0002565346312764694,0.00011517346485018583,0.40968147843337344,298.0616077141739,0.0,0.04467052307833893,144.69431211479295,9.748089087430308e-18,0.0,0.0001434536273055327,48.23881103493539,2.3124256509676894e-16,1.228573078848692e-16,1.4491346042643383e-12,0.0,7.698020735416064e-18,1.118786889721005,2.6711511516791082e-12,0.00020476470079642517,500000.0,482044.80364398897
0.0002566928722116043,0.0001152359881071825,0.3803224435302314,297.86634854534844,0.0,0.04459785189448618,144.45892075266417,9.571745845151091e-18,0.0,0.00014322025431204443,48.1603352518888,2.291741707805207e-16,1.2259587777050762e-16,1.4460023079500258e-12,0.0,0.0,1.1169668266773787,2.6367311885286323e-12,0.0002047596864840407,500000.0,480941.926631296
0.0002568511131467392,0.00011529376224287666,0.3496792376506262,297.6870050704474,0.0,0.0445308406820395,144.2418628404354,9.409919203335146e-18,0.0,0.00014300505756785917,48.08797155308771,2.2712660014516547e-16,1.2235005061444467e-16,1.4430598165184162e-12,1.4931099326424554e-21,1.4917864921620803e-16,1.115288519194807,2.6054295904227646e-12,0.00020475505791769144,500000.0,479927.0219796885
0.00025700935408187406,0.0001153465944023444,0.3178830458803973,297.52406247222973,0.0,0.04446967902240108,144.04375246187524,9.262487901368127e-18,0.0,0.00014280864589126494,48.02192466441542,2.251054299091233e-16,1.2212026144260345e-16,1.4403126511112247e-12,0.0,0.0,1.1137567154134123,2.577240287101789e-12,0.00020475082929751747,500000.0,479002.6912353213
0.00025716759501700896,0.00011539431263386237,0.28506680763607606,297.3779404725628,0.0,0.044414533751160404,143.86513002374355,9.129311867248345e-18,0.0,0.00014263155505529233,47.962374748997746,2.231158469148548e-16,1.2190688520689597e-16,1.437765583009122e-12,2.499686319621203e-21,2.2392137328103057e-16,1.1123755937973552,2.5521524348648917e-12,0.00020474701322065498,500000.0,478171.1965769331
0.0002573258359521438,0.00011543676613469755,0.2513648209155151,297.2489936332593,0.0,0.04436554921592198,143.7064630909453,9.010238484010577e-18,0.0,0.0001424742486157029,47.90947768563013,2.2116266964153418e-16,1.217102380410949e-16,1.4354226446632981e-12,0.0,0.0,1.1111487695923077,2.530151433155235e-12,0.0002047436206813962,500000.0,477434.4674370194
0.0002574840768872787,0.00011547382543617641,0.21691236894914065,297.1375117626415,0.0,0.04432284755051988,143.56814727473028,8.90510802745306e-18,0.0,0.000142337118791568,47.86336536488953,2.192503713170835e-16,1.2153057851524187e-16,1.433287141121182e-12,7.52196429835302e-21,5.773452705525776e-16,1.1100793016930721,2.5112198039841875e-12,0.00020474066107391473,500000.0,476794.107076698
0.00025764231782241355,0.00011550538253135938,0.18184536552305483,297.04372044766814,0.0,0.04428652895718512,143.45050714669108,8.813758328477377e-18,0.0,0.0001422204873714325,47.824145993846976,2.1738310408008652e-16,1.2136810887473425e-16,1.43136166158474e-12,0.0,0.0,1.109169699710685,2.495337944345725e-12,0.00020473814219712603,500000.0,476251.3990367901
0.00025780055875754845,0.00011553135094814172,0.1463000193737282,296.9677816436009,0.0,0.04425667198973914,143.35379715603312,8.736028694887921e-18,0.0,0.00014212460662271878,47.79190440187097,2.155647237186783e-16,1.2122297620665804e-16,1.4296480908881455e-12,2.12378737927396e-20,1.3779249012658116e-15,1.1084219310648054,2.4824847413343614e-12,0.00020473607026132948,500000.0,475807.313266802
0.0002579587996926833,0.00011555166577028655,0.11041251266079456,296.9097943649746,0.0,0.04423333383202018,143.2782025314945,8.671763127288862e-18,0.0,0.00014204966018591898,47.76670234131342,2.1379881457473224e-16,1.210952735290523e-16,1.4281476207216766e-12,0.0,0.0,1.107837427957441,2.4726380705691496e-12,0.00020473444989633612,500000.0,475462.5119318874
0.0002581170406278182,0.00011556628360888029,0.0743186961004939,296.86979536124693,0.0,0.0442165505666924,143.22384015197295,8.620812836984456e-18,0.0,0.00014199576393774687,47.748578777762994,2.120887142440174e-16,1.2098504081860814e-16,1.426860760457013e-12,6.429050888228439e-20,3.5234872979713646e-15,1.107417094104674,2.4657751510162536e-12,0.0002047332841608314,500000.0,475217.3546526765
0.00025827528156295305,0.00011557518252607267,0.03815378987478313,296.847759945219,0.0,0.044206337430902284,143.19075937476924,8.583038129475581e-18,0.0,0.00014196296681229294,47.73755016616842,2.1043753773811478e-16,1.208922659480818e-16,1.4257873474773334e-12,0.0,0.0,1.107161311140738,2.461872812629212e-12,0.0002047325745527922,500000.0,475071.90341166855
0.00025843352249808795,0.00011557836191286678,0.0020521009123262582,296.84360269484154,0.0,0.04420268905638682,143.1789428131165,8.558309647254278e-18,0.0,0.00014195125157186457,47.73361071005463,2.0884820081634683e-16,1.2081688551001613e-16,1.4249265569443009e-12,1.9397761789356554e-19,8.941132198098776e-15,1.1070699446298684,2.4609075985318038e-12,0.0002047323210208414,500000.0,475025.92665217805
0.0002585917634332228,0.00011557584232164328,-0.03385326675968341,296.85717846120406,0.0,0.04420557969313273,143.18830706098967,8.546509075346144e-18,0.0,0.00014196053552561715,47.73673260316278,2.0732344223155717e-16,1.2075878556090943e-16,1.424276910995116e-12,0.0,0.0,1.107142349670684,2.462855838397475e-12,0.00020473252197649285,500000.0,475078.9032665562
0.0002587500043683577,0.00011556766525452498,-0.06943068117625596,296.8882830620071,0.0,0.04421496341659125,143.21870336383242,8.547529232825628e-18,0.0,0.0001419906711944894,47.746866253060084,2.0586584467400253e-16,1.2071780227512235e-16,1.4238362873714548e-12,1.2209972011527593e-20,3.1427050846424054e-16,1.1073773760821524,2.4676934966388893e-12,0.00020473317430731223,500000.0,475230.02548043866
0.00025890824530349255,0.00011555389290815368,-0.10455026181810101,296.93665424644183,0.0,0.04423077431878583,143.26991823796288,8.561273639913955e-18,0.0,0.0001420414469253102,47.76394048763998,2.0447785418867141e-16,1.2069372251387766e-16,1.4236019275209458e-12,0.0,0.0,1.1077733731929962,2.475396040932584e-12,0.00020473427339099093,500000.0,475478.2015978545
0.00025906648623862745,0.00011553460787452148,-0.1390841603411364,297.00197271018084,0.0,0.04425292668628482,143.34167404694358,8.587655573124713e-18,0.0,0.00014211258746224021,47.78786274727477,2.031617978873945e-16,1.2068628429453397e-16,1.4235704442664447e-12,8.025062183459839e-21,1.96884944944284e-16,1.108328194298194,2.4859381271681756e-12,0.00020473581311050904,500000.0,475822.0582946141
0.00025922472717376235,0.0001155099127973537,-0.17290684061733608,297.08386308409194,0.0,0.04428131516819751,143.43362954575952,8.626596611097994e-18,0.0,0.00014220375448628333,47.81851926623607,2.0191989978362305e-16,1.2069517720675116e-16,1.4237378291627207e-12,0.0,0.0,1.1090392008666088,2.4992932263804693e-12,0.00020473778587057836,500000.0,476259.94239196164
0.0002593829681088972,0.0001154799299837667,-0.2058953617204094,297.1818949380605,0.0,0.044315814937947486,143.5453804047761,8.678024670694092e-18,0.0,0.00014231454713474267,47.85577524737422,2.007542945811136e-16,1.2072004278336213e-16,1.4240994596709505e-12,0.0,0.0,1.1099032665922546,2.515433146000784e-12,0.00020474018261555253,500000.0,476789.9222382297
0.0002595412090440321,0.00011544480097063097,-0.2379296685146357,297.29558386849334,0.0,0.04435628185341281,143.67645972846086,8.741871541900762e-18,0.0,0.0001424445025154912,47.89947503505181,1.9966703925041363e-16,1.2076047482364029e-16,1.4246501063100397e-12,2.914223852816755e-21,5.734003089751596e-17,1.1109167814050898,2.534327460808006e-12,0.00020474299284903736,500000.0,477409.7888829639
0.00025969944997916695,0.00011540468604440424,-0.26889289142109235,297.4243926852047,0.0,0.04440255262141606,143.8263385882056,8.818069940926707e-18,0.0,0.0001425930962352289,47.949442292778336,1.9866012223266158e-16,1.2081601969564147e-16,1.4253839399849984e-12,1.1647844570370218e-20,2.4934870414452323e-16,1.112075655590844,2.5559428690210636e-12,0.00020474620465551222,500000.0,478117.05716050445
0.00025985769091430185,0.00011535976371283931,-0.2986716549931502,297.56773268000444,0.0,0.044454444973522245,143.9944265917724,8.906550092050667e-18,0.0,0.0001427597429640498,48.00548019305453,1.9773547012467733e-16,1.2088617663997807e-16,1.4262945397223944e-12,0.0,0.0,1.1133753241940187,2.5802424625627556e-12,0.00020474980472434033,500000.0,478908.96675984026
0.0002600159318494367,0.0001153102301270887,-0.32715639484205883,297.724964966395,0.0,0.04451175786052395,144.18007251324286,9.007235846981014e-18,0.0,0.0001429437970599882,48.0673716273875,1.9689495169396453e-16,1.2097039810850364e-16,1.4273749010544174e-12,9.522088761013201e-21,1.836480570979929e-16,1.1148107518886954,2.6071849339444884e-12,0.0002047537783765287,500000.0,479782.4833762875
0.0002601741727845716,0.00011525629845282923,-0.354241684583301,297.89540192645615,0.0,0.04457427167338684,144.38256500869363,9.120040342125514e-18,0.0,0.00014314455327855673,48.13487944488576,1.9614037907968898e-16,1.210680901478625e-16,1.4286174453047376e-12,0.0,0.0,1.116376438512194,2.6367237062923777e-12,0.00020475810959461648,500000.0,480734.3001234374
0.00026033241371970644,0.0001151981981889156,-0.37982657297943406,298.0783087796415,0.0,0.04464174849909056,144.60113344488582,9.244861211377447e-18,0.0,0.00014336124759432856,48.20774672853125,1.9547350604080687e-16,1.211786128540565e-16,1.4300140300475043e-12,1.458390792407575e-20,2.526602784656599e-16,1.1180664254725534,2.6688060092039728e-12,0.00020476278105610672,500000.0,481760.83935946744
0.00026049065465484134,0.00011513617443188901,-0.40381493169363863,298.27290530158336,0.0,0.044713932420459054,144.83494887047016,9.38157538281953e-18,0.0,0.00014359305816381688,48.28569711896386,1.9489602311910062e-16,1.2130128093813497e-16,1.4315559610298544e-12,0.0,0.0,1.119874303257966,2.703371911656888e-12,0.00020476777417087106,500000.0,482858.2551142128
0.0002606488955899762,0.00011507048708472541,-0.426115811885042,298.4783676883585,0.0,0.04479054986947181,145.08312516039746,9.530033494916997e-18,0.0,0.0001438391064600725,48.368435196009926,1.9440954960245174e-16,1.2143536442591984e-16,1.4332340058572898e-12,6.669704766819977e-21,1.094227222773991e-16,1.121793220285439,2.740353315239841e-12,0.00020477306912297142,500000.0,484022.4362575226
0.0002608071365251111,0.00011500141000843884,-0.4466438090304079,298.6938305892789,0.0,0.04487131004362881,145.34472036458823,9.69005397167007e-18,0.0,0.00014409845860978912,48.45564692830752,1.9401562219699273e-16,1.215800895165945e-16,1.4350384097420902e-12,1.170583874669808e-24,1.2975741315731018e-17,1.1238158933288078,2.779672926760664e-12,0.00020477864491732744,500000.0,485249.0105982772
0.00026096537746024594,0.0001149292301154148,-0.4653194343085586,298.91838932091844,0.0,0.044955905394981815,145.6187382919606,9.861416806303237e-18,0.0,0.000144370126963749,48.54700020139642,1.9371568033519248e-16,1.21734639635712e-16,1.4369589136123182e-12,0.0,0.0,1.1259346197665527,2.821243224514535e-12,0.0002047844794316221,500000.0,486533.35008951987
0.00026112361839538084,0.00011485424640358742,-0.48206949082664086,299.151102279915,0.0,0.04504401220138362,145.9041303607844,1.0043857123284924e-17,0.0,0.00014465307193131045,48.64214543459715,1.9351104809870196e-16,1.2189815671360464e-16,1.4389847748747344e-12,6.98190553246324e-21,1.0487289098774023e-16,1.1281412918888707,2.8649654360292412e-12,0.0002047905494738884,500000.0,487870.57732495636
0.0002612818593305157,0.00011477676893086443,-0.4968274523245947,299.3909935701519,0.0,0.045135291229328016,146.1997977457086,1.0237058605525344e-17,0.0,0.00014494620410902614,48.740716296796165,1.9340291275887633e-16,1.22069742713162e-16,1.4411047911150924e-12,0.0,0.0,1.1304274134986474,2.9107285502811296e-12,0.00020479683084612154,500000.0,489255.5735088174
0.0002614401002656506,0.00011469711772962235,-0.5095338412769156,299.6370558511406,0.0,0.04522938849730313,146.50459385036103,1.044064688871003e-17,0.0,0.00014524838673204166,48.84233053077183,1.9339229999864622e-16,1.2224846143753008e-16,1.4433073270016978e-12,0.0,0.0,1.1327841190297772,2.958408384295311e-12,0.00020480329841423637,500000.0,490682.9880631964
0.0002615983412007855,0.00011461562166161792,-0.5201366031016889,299.88825341827726,0.0,0.04532593614788491,146.81732713217815,1.0654183039295892e-17,0.0,0.00014555843847470314,48.946590894948216,1.934800459479706e-16,1.2243334064465429e-16,1.4455803446327445e-12,1.099155116335449e-20,1.5472059407945678e-16,1.1352021953889504,3.007866730057206e-12,0.0002048099261846556,500000.0,492147.2500363182
0.00026175658213592034,0.00011453261721422277,-0.5285914729422619,300.1435255273213,0.0,0.04542455343593156,147.13676430330014,1.0877157252957115e-17,0.0,0.0001458751366240067,49.0530862305233,1.9366676623780006e-16,1.2262337449147343e-16,1.4479114375367918e-12,0.0,0.0,1.1376721067052078,3.058950609708889e-12,0.00020481668738775227,500000.0,493642.58146832214
0.00026191482307105524,0.00011444844723950239,-0.5348623306586865,300.40178996354314,0.0,0.045524847839157064,147.46163392786366,1.1108982929199166e-17,0.0,0.000146197220646046,49.16139266074987,1.9395282235819792e-16,1.2281752632783766e-16,1.4502878684979634e-12,0.0,0.0,1.1401840221444661,3.111491666318561e-12,0.00020482355456828788,500000.0,495163.012838628
0.0002620730640061901,0.00011436345963834956,-0.538921539477935,300.6619468571455,0.0,0.0456264162960294,147.79063043172496,1.134899129225503e-17,0.0,0.0001465233961613532,49.27107492771418,1.9433828569783413e-16,1.2301473185701852e-16,1.4526966113320817e-12,2.831998756636043e-20,3.4331687376086034e-16,1.1427278469129876,3.1653057190937942e-12,0.00020483049968290123,500000.0,496702.4007040558
0.00026223130494132493,0.00011427800599260678,-0.540750263864571,300.9228827524908,0.0,0.04572884657440958,148.1224185356717,1.1596426743889056e-17,0.0,0.00014685233934009926,49.38168787029925,1.9482289974332838e-16,1.2321390267530094e-16,1.4551243966882537e-12,5.876657494661404e-22,0.0,1.1452932565352973,3.2201925154870805e-12,0.00020483749420461726,500000.0,498254.4476265785
0.00026238954587645984,0.00011419244014891798,-0.5403387608705209,301.1834749148616,0.0,0.04583171877254843,148.45563811734726,1.1850443156652477e-17,0.0,0.00014718270172232913,49.49277804507395,1.9540604103193683e-16,1.2341393019637023e-16,1.4575577618906266e-12,0.0,0.0,1.1478697344469293,3.2759357125592454e-12,0.00020484450923424725,500000.0,499812.72442583187
0.0002625477868115947,0.00011410711675888373,-0.537686640085262,301.4425958679587,0.0,0.04593460695203762,148.78890950061358,1.2110101260452465e-17,0.0,0.00014751311546197036,49.60388548968355,1.9608667952052598e-16,1.2361368996665887e-16,1.4599831047695753e-12,1.7733940621055716e-20,1.6801795374926258e-16,1.1504466128921662,3.332303085590641e-12,0.0002048515156184181,500000.0,501370.69477916544
0.0002627060277467296,0.00011402238978093199,-0.5328030867292678,301.69911815562057,0.0,0.04603708090015621,149.12083916403247,1.237436738583157e-17,0.0,0.00014784219898636745,49.71454562596776,1.9686333919015253e-16,1.2381204635521367e-16,1.462386741360581e-12,0.0,0.0,1.1530131170624287,3.3890470630374363e-12,0.00020485848407389122,500000.0,502921.74216154363
0.00026286426868186443,0.00011393861095018947,-0.5257070420866002,301.9519193022752,0.0,0.0461387080166692,149.45002585246414,1.2642113754560942e-17,0.0,0.00014816856305547584,49.824291297471596,1.9773405978727332e-16,1.240078576140754e-16,1.4647549672732086e-12,0.0,6.451807827502959e-18,1.1555584123515967,3.4459055202359712e-12,0.00020486538531768082,500000.0,504459.1990514967
0.00026302250961699933,0.00011385612822350285,-0.5164273361956102,302.1998869503051,0.0,0.046239055317634135,149.77506706768065,1.291212045512763e-17,0.0,0.0001484908171968216,49.93265493331407,1.9869636067015422e-16,1.241999812931099e-16,1.4670741224533572e-12,7.387553005941132e-20,5.861072827646287e-16,1.1580716545419028,3.502602901622864e-12,0.00020487219020235412,500000.0,505976.37829822453
0.0002631807505521342,0.00011377528420759149,-0.5050027675656344,302.44192415347896,0.0,0.04633769154620036,150.09456590554836,1.3183079327675607e-17,0.0,0.00014880757648405896,50.039170827597374,1.9974720785279238e-16,1.2438727995758518e-16,1.4693306589807368e-12,4.1323462875377576e-20,1.9129705880010012e-16,1.1605420426695234,3.5588517013799906e-12,0.0002048788698557669,500000.0,507466.6065076717
0.0002633389914872691,0.00011369641457910224,-0.49148212504828054,302.6769547865546,0.0,0.04643418937777718,150.40713819886813,1.3453599831546985e-17,0.0,0.000149117468618565,50.1433775207176,2.0088298532682646e-16,1.2456862721875802e-16,1.471511211462836e-12,0.0,0.0,1.1629588742535333,3.6143542277381745e-12,0.00020488539582438393,500000.0,508923.259233159
0.00026349723242240393,0.00011361984650614996,-0.47592414634173835,302.903929014549,0.0,0.046528127704238836,150.71141991623486,1.3722216963344187e-17,0.0,0.00014941914126485214,50.24482026602836,2.0209947178932686e-16,1.2474291396781238e-16,1.473602669503899e-12,2.2026150835621624e-19,1.8960914988078944e-15,1.1653116025044208,3.668804739307209e-12,0.00020489174021919937,500000.0,510339.7976860407
0.00026365547335753883,0.00011354589708149317,-0.4583974119278765,303.1218288380163,0.0,0.04661909397942427,151.00607475947717,1.3987401378609072e-17,0.0,0.0001497112695828682,50.34305356270776,2.033918239235629e-16,1.2490905484351797e-16,1.4755922516546961e-12,2.8186303570430273e-19,1.4752999010002206e-15,1.1675898950680497,3.721891889109098e-12,0.00020489787586316064,500000.0,511709.8067660307
0.0002638137142926737,0.00011347487177798691,-0.43898016952462593,303.329673637941,0.0,0.04670668660593797,151.28980189483087,1.424757164467214e-17,0.0,0.00014999256389288507,50.437643733210315,2.0475456734503766e-16,1.2506599476357652e-16,1.4774675801810524e-12,0.0,0.0,1.169783693803647,3.7733014791357525e-12,0.000204903776438912,500000.0,513027.0340170772
0.0002639719552278086,0.00011340706293774905,-0.41776008228050093,303.5265255847672,0.0,0.04679051734064207,151.56134374463602,1.4501108535197547e-17,0.0,0.0001502617774003681,50.52817152089627,2.0618159621552963e-16,1.2521271561714977e-16,1.47921675591396e-12,1.0564482218041072e-19,4.046160521215696e-15,1.171883275029754,3.8227194458133075e-12,0.00020490941663554125,500000.0,514285.4289725811
0.0002641301961629435,0.00011334274830661512,-0.3948339079466561,303.7114950302634,0.0,0.046870213694535603,151.8194937609792,1.4746371171578194e-17,0.0,0.00015051771390297113,50.61423468164189,2.076661823908677e-16,1.2534824279646041e-16,1.480828432398228e-12,8.818040318121271e-19,6.353698901537556e-15,1.1738793096306184,3.869835089321086e-12,0.0002049147722929674,500000.0,515479.1827559013
0.00026428843709807833,0.00011328218962520294,-0.37030710618716567,303.88374579002226,0.0,0.046945421301833164,152.06310409948958,1.49817149505141e-17,0.0,0.00015075923539855583,50.69545054216253,2.092009948255573e-16,1.2547165189175648e-16,1.482291888531476e-12,2.4260577547388918e-19,0.0,1.1757629223905375,3.914344537439813e-12,0.00020491982054262307,500000.0,516602.76742457855
0.00026444667803321323,0.00011322563128857122,-0.34429336273573413,304.04250003555245,0.0,0.04701580623110527,152.2910931053185,1.5205510907435117e-17,0.0,0.00015098526950695152,50.771458495720694,2.1077812978025672e-16,1.2558207482421584e-16,1.4835970988350258e-12,0.0,0.0,1.1775257498759513,3.955954205083925e-12,0.00020492453994294178,500000.0,517650.97419258265
0.0002646049189683481,0.00011317329908653773,-0.3169140441797329,304.18704297101806,0.0,0.04708105721025915,152.50245252028762,1.5416165944825732e-17,0.0,0.00015119481661529026,50.84192240487589,2.1238915206756582e-16,1.256787063621832e-16,1.4847348004781268e-12,3.937758321602151e-18,1.768214005716766e-14,1.1791599961616612,3.994384332917839e-12,0.00020492891060814051,500000.0,518618.9504250742
0.000264763159903483,0.00011312539903527781,-0.2882975942141276,304.3167274015533,0.0,0.047140887738564174,152.6962543242704,1.5612143903542933e-17,0.0,0.0001513869566607751,50.90653288229395,2.1402514731583284e-16,1.2576080928387554e-16,1.4856965562229499e-12,5.219819372119899e-18,9.650600312425734e-15,1.1806584857289535,4.029372641156802e-12,0.00020493291432898325,500000.0,519502.2351975879
0.0002649214008386178,0.00011308211631040095,-0.2585788561820087,304.4309777825985,0.0,0.04719503805942989,152.87165712493123,1.5791986929339777e-17,0.0,0.00015156085546563357,50.96500942098555,2.156767850085515e-16,1.2582772068868218e-16,1.4864748124786565e-12,0.0,0.0,1.182014712871401,4.06067770513893e-12,0.00020493653468414946,500000.0,520296.7923261313
0.0002650796417737527,0.00011304361429227684,-0.22789832693077736,304.5292937021067,0.0,0.04724327696645928,153.02791200803568,1.5954336435596437e-17,0.0,0.00015171577053722283,51.01710234470784,2.173343917369244e-16,1.2587885609983172e-16,1.4870629516451138e-12,1.4901790609312284e-20,1.3646195041240137e-15,1.1832228869299535,4.088082218115992e-12,0.00020493975714087865,500000.0,520999.04038588115
0.0002652378827088876,0.0001130100337333131,-0.1964013636728062,304.6112530355115,0.0,0.04728540341771806,153.16436776638972,1.609795319776142e-17,0.0,0.00015185105625213567,51.06259455121058,2.1898803366049113e-16,1.2591371395261326e-16,1.487455337993487e-12,5.291859165684755e-18,0.0,1.1842779727234944,4.111395981324966e-12,0.00020494256914357388,500000.0,521605.8797562358
0.0002653961236440225,0.0001129814920549153,-0.16423734467100826,304.6765146202241,0.0,0.047321247936232255,153.2804754361198,1.622173618136159e-17,0.0,0.00015196616835359337,51.101303024560735,2.2062760692279438e-16,1.2593187971683058e-16,1.4876473564409143e-12,0.0,0.0,1.185175725623635,4.130458588375986e-12,0.00020494496018932942,500000.0,522114.7160988731
0.0002655543645791573,0.00011295808278051013,-0.1315587891690154,304.72482037439784,0.0,0.04735067377741943,153.3757920782463,1.632473966509624e-17,0.0,0.00015206066770060006,51.13308009585967,2.2224293457311907e-16,1.2593302865250994e-16,1.487635443673333e-12,0.0,3.0185225791066567e-17,1.185912720794136,4.145141719185896e-12,0.0002049469218895334,500000.0,522523.47984827415
0.0002657126055142922,0.00011293987511016203,-0.09852044627705606,304.7559968521336,0.0,0.047373577846907114,153.44998375168416,1.6406188150879904e-17,0.0,0.00015213422321545779,51.15781443439479,2.238238683195114e-16,1.2591692802441483e-16,1.487417111157712e-12,3.055473951976294e-22,3.0260741544150436e-17,1.1864863761783675,4.1553509663284385e-12,0.00020494844801678897,500000.0,522830.64144900435
0.00026587084644942707,0.00011292691364135052,-0.06527835985386479,304.769956169543,0.0,0.04738989135502394,153.5028276332749,1.6465488554243826e-17,0.0,0.00015218661398561626,51.17543175442498,2.2536039318705107e-16,1.2588343881437498e-16,1.486990959683532e-12,0.0,3.039452617519682e-17,1.1868949688915569,4.161027150444082e-12,0.00020494953453651765,500000.0,523035.2220199942
0.00026602908738456197,0.00011291921823894228,-0.03198892081189405,304.76669631729123,0.0,0.047399580198121266,153.53421325295068,1.6502239359345438e-17,0.0,0.00015221773048823862,51.18589522696488,2.2684273298078085e-16,1.2583251645364307e-16,1.4863566851986364e-12,7.90208653394127e-23,3.0357687715935955e-17,1.187137644771155,4.162147113268408e-12,0.0002049501796228262,500000.0,523136.799323478
0.0002661873283196968,0.00011291678405546578,0.0011920817814464403,304.74630088066095,0.0,0.04740264506137706,153.5441428267493,1.6516236550595406e-17,0.0,0.00015222757492036056,51.189205590806885,2.2826145440014925e-16,1.257642106815436e-16,1.4855150758483108e-12,0.0,3.0273784167064295e-17,1.1872144209517308,4.1587239533195575e-12,0.00020495038365847196,500000.0,523135.508991795
0.0002663455692548317,0.00011291958170101245,0.03411040125974143,304.70893816297183,0.0,0.04739912124217883,153.53273068476472,1.6507476176354168e-17,0.0,0.00015221626063174895,51.18540096180874,2.296075676881036e-16,1.25678664708534e-16,1.4844680002664443e-12,2.2085742008698778e-23,3.001548719316877e-17,1.187126181441844,4.150806704918842e-12,0.00020495014921898436,500000.0,523032.0409875084
0.00026650381018996657,0.00011292755756065221,0.06661425668126694,304.6548597059228,0.0,0.047389078197217605,153.50020180415942,1.6476153457873255e-17,0.0,0.00015218401067049482,51.17455634382304,2.308726217732193e-16,1.2557611358391253e-16,1.4832183872936349e-12,0.0,2.990201673894512e-17,1.1868746657811948,4.138479468307913e-12,0.0002049494810412038,500000.0,522827.63132961676
0.00026666205112510147,0.0001129406342559281,0.09855522958672801,304.5843982199777,0.0,0.047372618820270114,153.4468894698257,1.642265846732687e-17,0.0,0.00015213115546373245,51.156782848798294,2.320487919742172e-16,1.2545688174564283e-16,1.4817701974160717e-12,2.6361008458929892e-23,2.958464858968863e-17,1.1864624509526875,4.1218600145245415e-12,0.0002049483859766582,500000.0,522524.049211313
0.00026682029206023637,0.00011295871124555271,0.1297891247333322,304.4979649567228,0.0,0.047349878461537334,153.3732320979028,1.6347568525928485e-17,0.0,0.0001520581296683922,51.13222663778955,2.3312895851641897e-16,1.2532137985741327e-16,1.4801283863375608e-12,0.0,2.929419919293552e-17,1.1858929268216334,4.101097901542892e-12,0.00020494687293040403,500000.0,522123.5797257794
0.0002669785329953712,0.00011298166555892784,0.16017678614971273,304.3960465605188,0.0,0.04732102370321603,153.2797692696972,1.625163757269942e-17,0.0,0.00015196546823912816,51.101067598729664,2.3410677436767194e-16,1.2517010098494313e-16,1.4782988612111559e-12,2.430734221173921e-23,2.879547179000836e-17,1.1851702654697358,4.076372155502874e-12,0.0002049449527861565,500000.0,521629.0024819625
0.0002671367739305061,0.0001130093526547683,0.18958486103588768,304.27920143668695,0.0,0.047286250909373426,153.16713703453902,1.6135782823654835e-17,0.0,0.0001518538017714504,51.063517780475394,2.349767212095851e-16,1.2500361613544953e-16,1.4762884301566553e-12,0.0,2.844963423057312e-17,1.184299384876435,4.047888576079313e-12,0.0002049426383186964,500000.0,521043.5664417658
0.00026729501486564097,0.000113041607396019,0.217886505045926,304.1480556769486,0.0,0.04724578457101424,153.03606254923383,1.6001069100318962e-17,0.0,0.00015172385118714143,51.019819605684795,2.3573415268771614e-16,1.2482256923648616e-16,1.474104745771089e-12,3.8264447485483695e-23,2.778531801718357e-17,1.1832859074707625,4.0158767329415524e-12,0.0002049399440946732,500000.0,520370.9613571784
0.00026745325580077587,0.00011307824513134598,0.24496202335974662,304.0032985896311,0.0,0.04719987546952042,152.8873581291919,1.584869126180498e-17,0.0,0.0001515764218363944,50.97024388755724,2.3637532442039097e-16,1.2462767164306904e-16,1.4717562434029293e-12,0.0,2.748354745869912e-17,1.1821361141342432,3.980586726426665e-12,0.00020493688636303553,500000.0,519615.28623040335
0.0002676114967359107,0.00011311906287268763,0.27069944293242443,303.8456778875996,0.0,0.047148798683472284,152.72191479224335,1.567995521548242e-17,0.0,0.00015141239709698617,50.91508767744269,2.368974105889673e-16,1.2441969624056033e-16,1.4692520750091509e-12,6.913120515621324e-23,2.6470868759164292e-17,1.1808568942812057,3.942285788283984e-12,0.00020493348293641172,500000.0,518781.0152545169
0.0002677697376710456,0.00011316384055769226,0.29499501247297955,303.67599458902924,0.0,0.047092851465188865,152.5406953804513,1.5496257998137276e-17,0.0,0.00015123273155506788,50.85467197176231,2.372985072735698e-16,1.2419947121974967e-16,1.46660203944658e-12,0.0,2.6607914290329466e-17,1.1794556926761444,3.901254798493156e-12,0.0002049297530648314,500000.0,517872.96171276993
0.00026792797860618046,0.00011321234238540005,0.31775362791537254,303.4950976865159,0.0,0.0470323510140821,152.34472734768752,1.529906741459096e-17,0.0,0.0001510384438545839,50.78933930749942,2.375776230196433e-16,1.2396787361574296e-16,1.463816510063272e-12,1.6130371194195794e-22,2.451572023708948e-17,1.177940453666731,3.8577847916549255e-12,0.00020492571730321843,500000.0,516896.2403232337
0.00026808621954131537,0.00011326431821326911,0.3388891822861881,303.30387864016524,0.0,0.0469676321740913,152.13509530128965,1.5089901700988653e-17,0.0,0.00015083060930288063,50.71945127570515,2.37734657406395e-16,1.2372582269279399e-16,1.4609063604518233e-12,0.0,2.6794810167423114e-17,1.1763195635153718,3.812173521896666e-12,0.00020492139737409497,500000.0,515856.2285147248
0.0002682444604764502,0.00011331950500356855,0.3583248399287985,303.10326575029825,0.0,0.04689904508210771,151.91293338496462,1.4870309648582328e-17,0.0,0.00015061035231892306,50.64538598207817,2.3777036863116313e-16,1.2347427324957288e-16,1.4578828892065456e-12,4.546734724020913e-22,1.9767064078953565e-17,1.1746017915032636,3.764722149132507e-12,0.00020491681602692163,500000.0,514758.52711083816
0.0002684027014115851,0.00011337762830723974,0.3759932360556601,302.8942184641989,0.0,0.046826952793476685,151.6794175874402,1.4641851580521483e-17,0.0,0.00015037883880789576,50.56753548278976,2.376863313215367e-16,1.2321420892477982e-16,1.4547577444924302e-12,0.0,3.353351543517943e-17,1.1727962304603305,3.715732101893146e-12,0.0002049119968954625,500000.0,513608.92088061554
0.00026856094234671996,0.00011343840377354976,0.39183660353786604,302.6777216694138,0.0,0.04675172890942455,151.43575805734838,1.4406081520198187e-17,0.0,0.00015013726854198252,50.48630322238678,2.374848859369241e-16,1.229466355785609e-16,1.4515428491874489e-12,1.5414412520126722e-21,0.0,1.170912237343348,3.6655021633231446e-12,0.00020490696435450725,500000.0,512413.33938860544
0.00026871918328185486,0.00011350153867423516,0.4058068297985895,302.4547800221032,0.0,0.04667375522963386,151.1831914995646,1.4164530822649383e-17,0.0,0.0001498868676219036,50.40210149885055,2.371690812125535e-16,1.2267257481309211e-16,1.448250327302235e-12,6.617699656474947e-22,1.2810634581938335e-17,1.1689593744438869,3.614325816853123e-12,0.0002049017433772,500000.0,511177.81854223233
0.0002688774242169897,0.00011356673343132201,0.4178654470341966,302.2264123571107,0.0,0.046593419451270414,150.92297372201114,1.391869350553674e-17,0.0,0.00014962888108762635,50.31534897881811,2.367426111799702e-16,1.2239305768513633e-16,1.4448924323154229e-12,0.0,3.686504487317827e-17,1.1669473517596578,3.562488881006791e-12,0.00020489635939416396,500000.0,509908.4631991059
0.0002690356651521246,0.0001136336831384192,0.42798356022984974,301.993646220882,0.0,0.04651111293358826,150.65637239487327,1.3670013403495508e-17,0.0,0.0001493645657396678,50.2264682836187,2.362097482492428e-16,1.2210911867967972e-16,1.4414814779899757e-12,1.201391469614085e-21,7.383233937665283e-18,1.1648859710082464,3.5102674502370267e-12,0.00020489083815545777,500000.0,508611.411151956
0.0002691939060872595,0.00011370207906599552,0.43614171758805365,301.7575125639288,0.0,0.04642722854486834,150.38466007650513,1.3419873235478065e-17,0.0,0.00014909518322480018,50.135883664220216,2.355752738185131e-16,1.2182178997549569e-16,1.438029772158158e-12,0.0,1.6350939279292268e-17,1.1627850717029136,3.4579261488705517e-12,0.00020488520559631143,500000.0,507292.7987635647
0.00026935214702239436,0.00011377161014191108,0.44232972818566146,301.5190406267568,0.0,0.04634215860599954,150.1091075523747,1.3169585644061074e-17,0.0,0.00014882199343211136,50.04401878053823,2.3484440782180164e-16,1.215320960376765e-16,1.4345495538834958e-12,5.025599625442905e-21,0.0,1.1606544796488367,3.4057167088756656e-12,0.00020487948770749065,500000.0,505958.72848092706
0.00026951038795752926,0.00011384196439928464,0.4465464323124382,301.27925304468874,0.0,0.0462562929425218,149.83097752532916,1.292038612069612e-17,0.0,0.0001485462482373726,49.951294597869406,2.3402273845786647e-16,1.2124104857797143e-16,1.431052934328964e-12,0.0,1.5649194631749632e-16,1.1585039581557832,3.353876831403395e-12,0.00020487371041096291,500000.0,504615.2384050438
0.0002696686288926641,0.00011391283038460911,0.4487994296186437,301.03916120021256,0.0,0.046170017054484654,149.55151868748797,1.267342784078016e-17,0.0,0.00014826918562576321,49.85812741055386,2.331161532949753e-16,1.2094964189438235e-16,1.4275518415821421e-12,2.951110816895194e-20,0.0,1.156343162201561,3.302629392848186e-12,0.00020486789944148873,500000.0,503268.2740607637
0.000269826869827799,0.00011398389851990667,0.44910477101002194,300.7997608316548,0.0,0.04608371041104679,149.2719601961751,1.2429778248587421e-17,0.0,0.00014799202421516763,49.764927000337714,2.321307727537311e-16,1.2065884859947768e-16,1.4240579696124522e-12,0.0,7.171303079083606e-16,1.1541815957195234,3.2521818883768505e-12,0.0002048620802345935,500000.0,501923.6624414647
0.00026998511076293386,0.00011405486241355117,0.44748661885745966,300.5620279328472,0.0,0.0459977448744442,148.99350656893043,1.219041728600502e-17,0.0,0.00014771595819496332,49.67209493445007,2.310728868125303e-16,1.2036961575733185e-16,1.4205827314653581e-12,1.8722295290088643e-19,0.0,1.1520285721264367,3.2027261514215166e-12,0.00020485627782125575,500000.0,500587.08841356187
0.00027014335169806876,0.00011412542011533115,0.4439768829955331,300.3269149010301,0.0,0.0459124832557254,148.7173330052521,1.1956237039674231e-17,0.0,0.00014744215268786798,49.58002300594535,2.2994889561610887e-16,1.2008286142480107e-16,1.41713721672889e-12,0.0,4.0247736107649965e-15,1.1498931781498338,3.154438295423971e-12,0.00020485051672953605,500000.0,499264.0734037072
0.0002703015926332036,0.00011419527531190926,0.4386148319711257,300.095347068289,0.0,0.045828278002830077,148.4445811372166,1.1728042722583692e-17,0.0,0.00014717173953701784,49.48909181702688,2.2876525452766616e-16,1.197994715802402e-16,1.413732153255885e-12,1.3286194499504914e-18,0.0,1.147784240971548,3.1074788927528313e-12,0.0002048448208933114,500000.0,497959.9565653212
0.0002704598335683385,0.00011426413846016953,0.4314466980116319,299.86821930035006,0.0,0.04574547001942148,148.17635520316023,1.1506554719243662e-17,0.0,0.0001469058135124062,49.39966950341226,2.275284240012559e-16,1.195202974299677e-16,1.4103778730531013e-12,0.0,2.4367225134801182e-14,1.1457102986422367,3.061993242659408e-12,0.0002048392135681017,500000.0,496679.87783444533
0.00027061807450347335,0.00011433172785582887,0.42252525431932625,299.6463932548104,0.0,0.04566438761169493,147.91371863681385,1.1292411679500845e-17,0.0,0.00014664542892933215,49.31211059720459,2.262448245325031e-16,1.1924615311637262e-16,1.4070842822306827e-12,0.0,5.2471272651422285e-16,1.143679573708508,3.0181119553746503e-12,0.00020483371725401873,500000.0,495428.7637929458
0.00027077631543860826,0.00011439777063563566,0.4119093969296011,299.43069466094045,0.0,0.045585345559837974,147.65769105881114,1.1086174354096812e-17,0.0,0.0001463915966656861,49.226755023908446,2.2492079683597053e-16,1.1897781374003714e-16,1.4038608348574392e-12,0.0,4.865143569675058e-16,1.1416999499507974,2.975951491413418e-12,0.0002048283536257028,500000.0,494211.31518103107
0.0002709345563737431,0.00011446200371277232,0.3996637237440373,299.22191085403,0.0,0.04550864430724089,147.40924565118178,1.0888329952615202e-17,0.0,0.00014614528155892944,49.14392722712726,2.235625672177291e-16,1.1871601373040197e-16,1.4007165105116633e-12,1.643842993565736e-19,0.0,1.139778952082997,2.9356148577115373e-12,0.00020482314346901328,500000.0,493031.9963363651
0.000271092797308878,0.00011452417464539814,0.3858581092866761,299.0207886599539,0.0,0.04543456926170096,147.16930689340353,1.0699296935481253e-17,0.0,0.00014590740016155864,49.063935413798575,2.221762180307687e-16,1.1846144553108807e-16,1.397659795299503e-12,3.919191494005618e-27,1.3583870708703773e-17,1.1379237282473131,2.8971923978945287e-12,0.00020481810662422974,500000.0,491895.0265971243
0.00027125103824401285,0.00011458404243810549,0.3705672795423076,298.8280325915202,0.0,0.04536339020154148,146.93874863881302,1.051943015621306e-17,0.0,0.00014567881883402632,48.98707091289964,2.2076766304977764e-16,1.1821475855399623e-16,1.3946986661167902e-12,0.0,3.330001240588048e-17,1.1361410351409618,2.8607626171429594e-12,0.0002048132619355257,500000.0,490804.37348398357
0.00027140927917914775,0.0001146413782764949,0.35387039316460556,298.6443032616691,0.0,0.04529536077975423,146.71839250845454,1.0349026193695413e-17,0.0,0.00014546035215236866,48.91360763998182,2.1934262754853674e-16,1.1797655838833294e-16,1.391840577917265e-12,2.617688372746777e-21,0.0,1.1344372255972959,2.826393031994366e-12,0.00020480862720642653,500000.0,489763.7473792597
0.00027156752011428265,0.00011469596619594737,0.3358506313931543,298.4702159908348,0.0,0.045230718118125374,146.50900657639377,1.0188328711318282e-17,0.0,0.00014525276160478573,48.84380165887482,2.1790663279446505e-16,1.1774740624841485e-16,1.3890924537249941e-12,0.0,1.499575735897641e-17,1.1328182384205576,2.794141030172353e-12,0.00020480421916089521,500000.0,488776.5975339718
0.0002717257610494175,0.00011474760368616068,0.3165947964313185,298.3063396329305,0.0,0.045169682482947345,146.31130431928702,1.0037533741538253e-17,0.0,0.00014505675455021212,48.77789083148962,2.1646498461434914e-16,1.175278186252468e-16,1.3864606771200632e-12,0.0,9.792408268552056e-18,1.1312895902638729,2.7640547226562035e-12,0.00020480005340966787,500000.0,487846.1093096696
0.0002718840019845524,0.00011479610223295886,0.29619291863639113,298.15319562513446,0.0,0.045112457034258334,146.12594380411682,9.89679483414176e-18,0.0,0.0001448729834130175,48.71609454702225,2.1502276566140052e-16,1.1731826711073323e-16,1.383951086939519e-12,7.360967135850561e-21,4.3891986591819565e-17,1.1298563693487584,2.7361737719653104e-12,0.00020479614442148167,500000.0,486975.2025361867
0.00027204224291968725,0.00011484128779879682,0.27473787401773186,298.0112572367419,0.0,0.045059227640995556,145.95352708944205,9.766228020705451e-18,0.0,0.0001447020450893937,48.65861352233994,2.1358483101187186e-16,1.1711917837796668e-16,1.381568973951046e-12,0.0,0.0,1.128523230835546,2.7105302003740725e-12,0.000204792505498853,500000.0,486166.53082523047
0.00027220048385482215,0.00011488300124357868,0.2523250134175445,297.8809489864168,0.0,0.04501016275461532,145.7945998160308,9.64591652642055e-18,0.0,0.00014454448054149923,48.605629665504644,2.1215580672470028e-16,1.1693093429482842e-16,1.3793190792643843e-12,8.338757561522265e-21,6.352387408424321e-17,1.1272943936581283,2.6871491460418412e-12,0.00020478914875806414,500000.0,485422.4816754616
0.000272358724789957,0.00011492109868766875,0.22905180351713947,297.76264621582857,0.0,0.04496541333386319,145.64965096317897,9.53591517068877e-18,0.0,0.0001444007745558659,48.55730599453341,2.1074009099325021e-16,1.167538721441446e-16,1.377205594252091e-12,0.0,0.0,1.1261736386397965,2.66604957030144e-12,0.0002047860851130146,500000.0,484745.1772406047
0.0002725169657250919,0.00011495545181904336,0.20501747950376517,297.65667480938504,0.0,0.044925112813774995,145.5191127482906,9.436254417777802e-18,0.0,0.00014427135564383913,48.51378660392008,2.093418575142313e-16,1.1658828493209207e-16,1.3752321617653019e-12,2.4991152040227633e-20,1.4621750097379038e-16,1.1251643077167863,2.647244908706503e-12,0.00020478332426260927,500000.0,484136.47564285126
0.00027267520666022675,0.00011498594814640333,0.18032270873704437,297.5633110569999,0.0,0.04488937711263186,145.403360649407,9.346944065450916e-18,0.0,0.00014415659606391437,48.47519667214613,2.0796506071015564e-16,1.164344217692653e-16,1.3734018784515889e-12,0.0,0.0,1.1242693041124772,2.6307436612766292e-12,0.00020478087468138518,500000.0,483597.9727362993
0.00027283344759536165,0.00011501249119996092,0.15506926557747627,297.4827816364466,0.0,0.044858304671243694,145.30271353244024,9.267976559120193e-18,0.0,0.0001440568119478796,48.4416425040983,2.066134424652371e-16,1.1629248830520153e-16,1.3717172980029875e-12,6.114415341240522e-20,3.2134650737414767e-16,1.123491093321167,2.6165499164356823e-12,0.0002047787436131089,500000.0,483131.00420231797
0.0002729916885304965,0.00011503500068154182,0.129359716187271,297.4152637171855,0.0,0.04483197651952793,145.21743386684227,9.199329918168556e-18,0.0,0.0001439722635146366,48.41321160296935,2.052905400574206e-16,1.161626472016253e-16,1.3701804351822443e-12,0.0,0.0,1.122831704775647,2.604663809673692e-12,0.00020477693706710392,500000.0,482736.6479103145
0.0002731499294656314,0.0001150534125656223,0.10329711363975497,297.3608851532215,0.0,0.04481045636593096,145.14772801523233,9.14097026110193e-18,0.0,0.00014390315535734254,48.38997276681524,2.0399969498582643e-16,1.1604501863477367e-16,1.3687927704934908e-12,1.6994163187832928e-19,7.553212098162395e-16,1.1222927340866158,2.595081908736661e-12,0.00020477545981709123,500000.0,482415.726430661
0.00027330817040076624,0.00011506767915274659,0.07698470068875887,297.3197247939998,0.0,0.04479379070592916,145.0937465848752,9.092853935619453e-18,0.0,0.00014384963679187746,48.37197620573244,2.0274406240885343e-16,1.159396808165176e-16,1.3675552553866845e-12,0.0,0.0,1.1218753457603414,2.587797535758116e-12,0.00020477431540236163,500000.0,482168.8096980725
0.00027346641133590115,0.00011507776907667792,0.05052562189931943,297.29181285104784,0.0,0.04478200894654061,145.055584830945,9.054929250974468e-18,0.0,0.00014381180225664586,48.35925367629986,2.0152662092896594e-16,1.1584667052346394e-16,1.3664683179052424e-12,4.764440050706655e-19,1.7982578137967435e-15,1.1215802763167162,2.5828010096299095e-12,0.00020477350613112995,500000.0,481996.21768462507
0.000273624652271036,0.00011508366726634219,0.02402264000433111,297.2771314011541,0.0,0.044775123544540024,145.033283104293,9.02713783313905e-18,0.0,0.000143789691756512,48.3518186308574,2.0035018248290266e-16,1.1576598363111732e-16,1.365531868712673e-12,0.0,0.0,1.1214078377514467,2.580079835744326e-12,0.00020477303308595983,500000.0,481898.0231872873
0.0002737828932061709,0.00011508537486366402,-0.0024221380553590783,297.275614886449,0.0,0.044773130156676534,145.02682733791465,9.00941558584801e-18,0.0,0.000143783291345085,48.349666379686674,1.99217402116799e-16,1.1569757564852714e-16,1.3647453074487842e-12,1.3442487576477746e-18,4.2852305962560215e-15,1.1213579212974232,2.5796188024484053e-12,0.00020477289613117644,500000.0,481874.05448315246
0.0002739411341413058,0.0001150829090979452,-0.028707536483262294,297.2871508171623,0.0,0.044776007800981225,145.03614956961508,9.001693300219808e-18,0.0,0.00014379253364291952,48.352774265259235,1.981307874413592e-16,1.156413622526044e-16,1.3641075293964677e-12,0.0,0.0,1.1214300014660552,2.581400051252311e-12,0.00020477309392222153,500000.0,481923.8981823827
0.00027409937507644064,0.00011507630311773082,-0.05473357292644402,297.31158035430565,0.0,0.044783719028743126,145.06112849880563,9.003896869170766e-18,0.0,0.00014381729838951207,48.36110184786398,1.9709270757958514e-16,1.1559721981775962e-16,1.3636169324454033e-12,3.7003863156136546e-18,9.961465553775055e-15,1.1216231403523866,2.5854030215759073e-12,0.0002047736239169334,500000.0,482046.9017514245
0.00027425761601157554,0.00011506560578043826,-0.08040172962211256,297.3486992039456,0.0,0.044796210107448275,145.10159007940916,9.015947187308532e-18,0.0,0.0001438574130311491,48.374591103272344,1.9610540143122323e-16,1.155649859507351e-16,1.3632714243752932e-12,0.0,0.0,1.1219359922195842,2.5916044167951403e-12,0.00020477448238875783,500000.0,482242.1764245754
0.0002744158569467104,0.00011505088139996899,-0.10561521538613834,297.39825843755426,0.0,0.04481341121621165,145.1573081525183,9.037759697708365e-18,0.0,0.00014391265334813452,48.39316663365668,1.9517098510056152e-16,1.1554446002818976e-16,1.3630684304974382e-12,1.5676944709276361e-19,2.4081959420729563e-16,1.1223668083905833,2.599978034571509e-12,0.00020477566444196873,500000.0,482508.59989817825
0.0002745740978818453,0.00011503220945278238,-0.130279225917733,297.45996537399196,0.0,0.044835236654521785,145.22800512287722,9.069243603954539e-18,0.0,0.0001439827441254612,48.41673589311867,1.9429145834596283e-16,1.1553540374192642e-16,1.3630049016972031e-12,0.0,0.0,1.1229134424787959,2.61049458333205e-12,0.00020477716402894704,500000.0,482844.81905448047
0.00027473233881698014,0.00011500968424270932,-0.1543012058138474,297.5334845796114,0.0,0.04486158506658165,145.31335268536455,9.11030076579677e-18,0.0,0.0001440673598730644,48.445189429887286,1.9346870991536642e-16,1.15537541665038e-16,1.3630773229389482e-12,9.200058779779005e-20,1.3799741282628233e-16,1.1235733560052712,2.6231214347135365e-12,0.0002047789739695984,500000.0,483249.2528426425
0.00027489057975211504,0.00011498341452432515,-0.1775911121225404,297.6184389770595,0.0,0.04489233968385396,145.4129726106728,9.160824300872157e-18,0.0,0.00014416612560476955,48.47840114825196,1.9270452164580182e-16,1.1555056184240318e-16,1.3632817223220555e-12,3.0647834903747382e-19,5.118912470403607e-16,1.124343624473636,2.637822333780115e-12,0.0002047810859730426,500000.0,483720.0953492801
0.0002750488206872499,0.00011495352308458507,-0.20006167799705415,297.7144110314806,0.0,0.04492736858924229,145.5264376010368,9.220696910337069e-18,0.0,0.00014427861768668703,48.51622859384905,1.9200057122353027e-16,1.1557411641354822e-16,1.363613680791297e-12,0.0,0.0,1.1252209439866552,2.6545570677353524e-12,0.00020478349066173454,500000.0,484255.31906278356
0.0002752070616223848,0.00011492014628267299,-0.22162867579106788,297.82094400029854,0.0,0.044966525006317745,145.65327222707083,9.289788937028508e-18,0.0,0.00014440436476601326,48.5585132659886,1.9135843351531482e-16,1.1560782228315823e-16,1.3640683426061044e-12,0.0,0.0,1.1262016384899196,2.673281091506712e-12,0.00020478617759817194,500000.0,484852.6783666281
0.00027536530255751964,0.00011488343354811918,-0.24221118124957697,297.93754328310405,0.0,0.045009647617194996,145.79295395742653,9.367956175909034e-18,0.0,0.0001445428487918579,48.605080960926095,1.9077958038856536e-16,1.156512618516769e-16,1.3646404266783716e-12,0.0,0.0,1.1272816677332398,2.6939451268753e-12,0.00020478913531433673,500000.0,485509.71338315017
0.00027552354349265454,0.00011484354683711007,-0.26173183873120587,298.06367787877525,0.0,0.045056560913138075,145.94491429443673,9.455037459826707e-18,0.0,0.00014469350614114881,48.6557421504683,1.9026537895272468e-16,1.1570398381258954e-16,1.3653242389007745e-12,2.9419619373353643e-19,4.1404048300296083e-16,1.1284566360515214,2.716494730804671e-12,0.00020479235134405102,500000.0,486223.754247956
0.0002756817844277894,0.00011480066004675578,-0.28011712772799596,298.19878196967545,0.0,0.0451070755823887,146.10854003035723,9.550852060272208e-18,0.0,0.00014485572886410576,48.710292400784574,1.8981708816731107e-16,1.1576550403451166e-16,1.3661136855992468e-12,0.0,0.0,1.1297218020781223,2.7408698591004142e-12,0.0002047958122584279,500000.0,486991.92592250544
0.0002758400253629243,0.00011475495838721847,-0.29729762832476125,298.3422566045938,0.0,0.04516098893980735,146.28317463902061,9.655196932003634e-18,0.0,0.00014502886606396052,48.76851283636233,1.894358537869621e-16,1.15835306541053e-16,1.3670022882439529e-12,2.3915928419805654e-19,2.8760320531336182e-16,1.1310720895052144,2.767004411376328e-12,0.00020479950370460938,500000.0,487811.1535755847
0.00027599826629805913,0.0001147066377118416,-0.31320828574089127,298.4934715045815,0.0,0.04521808540278462,146.46811981739958,9.76784383737145e-18,0.0,0.0001452122254253025,48.83017065394004,1.8912270163414175e-16,1.159128446001164e-16,1.3679831995487871e-12,0.0,0.0,1.1325020990032706,2.7948257809539468e-12,0.00020480341044796203,500000.0,488678.16865047545
0.00027615650723319404,0.00011465590380561259,-0.32778867245397303,298.6517669881986,0.0,0.04527813701782597,146.66263719126715,9.888536386715378e-18,0.0,0.00014540507490511166,48.895019691147596,1.8887852920997591e-16,1.1599754193798557e-16,1.3690492210850695e-12,2.1530554400204715e-19,2.4144760401958325e-16,1.134006121409346,2.8242544129196325e-12,0.00020480751641789433,500000.0,489589.515689337
0.00027631474816832894,0.0001146029716323795,-0.3409832475687933,298.81645603931344,0.0,0.04534090404214046,146.86595019905923,1.0016987048878175e-17,0.0,0.00014560664460046925,48.96280105455651,1.8870409567568749e-16,1.1608879409172636e-16,1.3701928225325508e-12,0.0,0.0,1.1355781522932447,2.8552033867491055e-12,0.00020481180475743701,500000.0,490541.5600305743
0.0002764729891034638,0.0001145480645414175,-0.3527416110782771,298.9868265069827,0.0,0.04540613558442107,147.07724616743957,1.0152874189742245e-17,0.0,0.00014581612880632582,49.03324381164064,1.8860001026847892e-16,1.1618596991101908e-16,1.3714061626835484e-12,1.2970461648251e-20,2.4843232665845535e-17,1.1372119080059337,2.8875780303913514e-12,0.000204816257876724,500000.0,491530.49643814604
0.0002766312300385987,0.00011449141343423495,-0.36301875146854046,299.1621434437723,0.0,0.045473570308578966,147.29567859080294,1.0295839198644953e-17,0.0,0.00014603268827545848,49.106065750726735,1.8856671924946563e-16,1.1628841322171778e-16,1.3726811123027077e-12,6.419102020770336e-20,7.472882223673898e-17,1.1389008433048304,2.92127558015914e-12,0.0002048208575104709,500000.0,492552.3587451961
0.00027678947097373353,0.00011443325589284334,-0.37177528470990195,299.3416515857208,0.0,0.04554293720371202,147.52036962530772,1.0445483766645452e-17,0.0,0.00014625545269111864,49.18097421246577,1.8860449151613295e-16,1.1639544466220265e-16,1.3740092789280851e-12,0.0,0.0,1.1406381706378415,2.956184898464513e-12,0.00020482558477952467,500000.0,493603.0305833491
0.00027694771190886843,0.00011437383527104504,-0.3789776824257485,299.52457797305874,0.0,0.04561395642299645,147.7504128061626,1.0601367388508838e-17,0.0,0.00014648352336101882,49.25766699573359,1.8871340304686914e-16,1.1650636370065777e-16,1.3753820336803876e-12,2.1955106008156514e-20,3.9297037683721264e-17,1.142416881153618,2.9921862626987005e-12,0.00020483042025651202,500000.0,494678.2572551825
0.0002771059528440033,0.00011431339975062379,-0.3845984870231023,299.710134714262,0.0,0.04568634019354175,147.9848759947773,1.0763005167054781e-17,0.0,0.00014671597613921314,49.33583334016476,1.888933203836661e-16,1.166204508400578e-16,1.3767905401261225e-12,5.019134254153911e-20,5.995152966220251e-17,1.144229767489142,3.029151238693781e-12,0.00020483534403557672,500000.0,495773.65880471515
0.0002772641937791382,0.00011425220136469428,-0.3886165112104806,299.89752188991,0.0,0.04575979379847232,148.22280455986413,1.0929866001839082e-17,0.0,0.00014695186457992275,49.41515498668181,1.891438834014153e-16,1.1673697001592735e-16,1.3782257852156873e-12,0.0,0.0,1.1460694483662315,3.0669426519911156e-12,0.00020484033580614916,500000.0,496884.74432035885
0.00027742243471427303,0.00011419049499089325,-0.39101701909838,300.0859305894421,0.0,0.045834016631573125,148.46322479358415,1.1101371247033948e-17,0.0,0.00014719022332438964,49.49530731638467,1.894644876569783e-16,1.168551711888785e-16,1.3796786122886106e-12,3.462232313492964e-22,1.6942533809289082e-17,1.1479283950054295,3.1054146700031526e-12,0.00020484537493063937,500000.0,498006.9274867052
0.00027758067564940793,0.0001141285373175272,-0.39179188640375817,300.2745460767173,0.0,0.045908703323827314,148.70514756056482,1.1276893910971195e-17,0.0,0.00014743007171860614,49.57596056707594,1.8985426664222437e-16,1.169742931320124e-16,1.3811397561069936e-12,4.742861644649428e-21,1.9460467477394983e-17,1.1497989593404745,3.1444130008370527e-12,0.0002048504405258799,500000.0,499135.54339225445
0.0002777389165845428,0.00011406658578622428,-0.3909397368114655,300.46255107590457,0.0,0.04598354494009205,148.94757217410384,1.145575849298593e-17,0.0,0.00014767041765628187,49.65678112552626,1.9031207431835064e-16,1.1709356640817952e-16,1.382599879845041e-12,0.0,1.1112173427657887e-17,1.1516734039893861,3.1837752353570857e-12,0.00020485551154810356,500000.0,500265.8665776297
0.0002778971575196777,0.00011400489751507904,-0.3884660517016698,300.6491291659621,0.0,0.04605823024299236,149.189490490103,1.1637241532128295e-17,0.0,0.0001479102616376743,49.73743289232766,1.90836468336353e-16,1.1721221653156645e-16,1.384049613927315e-12,2.4336794205736156e-20,5.584150429575586e-17,1.153543933909061,3.2233313203201232e-12,0.0002048605668811679,500000.0,501393.13028664363
0.0002780553984548125,0.00011394372820672747,-0.38438325039270316,300.8334682710159,0.0,0.046132447019877384,149.4298912052721,1.1820572945698503e-17,0.0,0.00014814860103093736,49.817578714847144,1.9142569439027042e-16,1.1732946730063594e-16,1.3854795965712512e-12,2.2988609470842855e-20,4.053563585936092e-17,1.1554027296292937,3.2629041904934763e-12,0.0002048655854276728,500000.0,502512.5468629913
0.00027821363938994743,0.00011388333104621916,-0.3787107384145492,301.0147642304458,0.0,0.04620588346741875,149.6677643420428,1.200493820536654e-17,0.0,0.00014838443451857972,49.896881882426605,1.9207767215721657e-16,1.1744454429385095e-16,1.3868805158520046e-12,0.0,0.0,1.1572419819304574,3.302310541412786e-12,0.00020487054620255547,500000.0,503619.32921070076
0.0002783718803250823,0.00011382395559395815,-0.37147492119603504,301.19222442985915,0.0,0.046278229627151224,149.9021058984939,1.218948139788029e-17,0.0,0.00014861676670751853,49.97500767659482,1.9278998330249277e-16,1.1755667850393559e-16,1.388243153070179e-12,2.5037518276846493e-20,6.979973296331304e-17,1.1590539277970602,3.341361768409704e-12,0.00020487542842868983,500000.0,504708.7132127831
0.0002785301212602172,0.00011376584667936599,-0.3627091808744856,301.3650714755834,0.0,0.04634917886397951,150.13192263745287,1.2373309227037329e-17,0.0,0.00014884461287711717,50.05162496767872,1.9355986204030734e-16,1.176651100941153e-16,1.3895584271659465e-12,3.758769835520674e-20,7.308618626297174e-17,1.1608308874474271,3.379865055479289e-12,0.00020488021163395703,500000.0,505775.9809854173
0.0002787737799948449,0.00011367939669013848,-0.3463152127760629,301.62045710783843,0.0,0.04645500029433706,150.47469651065597,1.2652823827293784e-17,0.0,0.00014918444762717614,50.16590039311845,1.9485057806389505e-16,1.1782311462688567e-16,1.3914706068625913e-12,0.0,0.0,1.1634812398308407,3.4376285537627745e-12,0.0002048873370192813,500000.0,507365.41508356365
0.00027901743872947273,0.00011359735358085343,-0.326569678303623,301.86045312699696,0.0,0.04655572544729907,150.80096283470806,1.292494657745457e-17,0.0,0.00014950791637245064,50.27467246094339,1.9625725482363558e-16,1.1796793114912535e-16,1.3932180831467798e-12,0.0,0.0,1.1660039546498788,3.4929079258572935e-12,0.00020489410935732894,500000.0,508874.9194180829
0.0002792610974641005,0.00011352050848271124,-0.3036879971740256,302.08255824059313,0.0,0.04665033316395708,151.10741392020896,1.3186095103897159e-17,0.0,0.00014981173978540277,50.37683843945971,1.9776486833505378e-16,1.1809704604392318e-16,1.3947711636473199e-12,0.0,0.0,1.1683734566108002,3.544987281475006e-12,0.00020490046148037024,500000.0,510288.7417891976
0.00027950475619872823,0.00011344959572356564,-0.27792055512920766,302.28446019190073,0.0,0.04673786477506648,151.39094449027934,1.343267161781494e-17,0.0,0.00015009283921542456,50.47136307812895,1.9935649108569648e-16,1.1820810912809556e-16,1.3961022215914799e-12,0.0,0.0,1.1705657354881214,3.593169765072043e-12,0.00020490633070008698,500000.0,511592.0907670441
0.00027974841493335603,0.00011338528461822174,-0.24955012921408795,302.4640646957175,0.0,0.04681743696265955,151.64869334128107,1.3661144169941735e-17,0.0,0.00015034837799233743,50.557292496597746,2.010134406563496e-16,1.1829896650501024e-16,1.3971860665332381e-12,9.548993840483606e-21,3.2644772739206024e-17,1.1725586682483176,3.636792978289678e-12,0.000204911659591649,500000.0,512771.3443931154
0.0002799920736679838,0.00011332817194436079,-0.21888881350095749,302.61952209589634,0.0,0.04688825392982408,151.87808276260344,1.3868132222509716e-17,0.0,0.00015057580050817276,50.63376732663542,2.0271549193269526e-16,1.1836769157505717e-16,1.3980002906691538e-12,1.001145715920318e-21,2.6118969915052965e-17,1.1743323238464631,3.6752446679586e-12,0.00020491639672128817,500000.0,513814.2483806431
0.00028017270276708853,0.0001132907876685903,-0.19487876090379086,302.71823716468646,0.0,0.04693468591527147,152.0284849110263,1.400584547693628e-17,0.0,0.0001507249130294712,50.6839090405326,2.0399372670353483e-16,1.1840335806211588e-16,1.398418354652633e-12,6.276455360514637e-28,2.2869271696158682e-17,1.1754952441368454,3.700086434196721e-12,0.00020491949982660298,500000.0,514492.993243635
0.0002803533318661932,0.00011325782634592783,-0.16994049325638447,302.8022648817859,0.0,0.04697567530141031,152.16125768154853,1.4128851554418793e-17,0.0,0.00015085654733638901,50.72817339673187,2.052758510789382e-16,1.184253555248956e-16,1.3986708831676458e-12,4.9874133127330774e-24,2.3145539537605165e-17,1.1765218528018466,3.721588997752934e-12,0.00020492223726293945,500000.0,515087.1299267436
0.00028053396096529797,0.00011322944210640632,-0.14422505998202603,302.87115395978435,0.0,0.04701101097689803,152.27571725010986,1.423610079137366e-17,0.0,0.0001509700254683321,50.76633241903214,2.0655257014074682e-16,1.184331913202328e-16,1.3987522618129263e-12,0.0,2.3344936453080542e-17,1.1774068624643634,3.739584281452592e-12,0.0002049245956153151,500000.0,515593.44756508176
0.00028071459006440266,0.00011320576134855939,-0.11788801853510254,302.9245476228248,0.0,0.04704051828213969,152.3712978651845,1.432667822325125e-17,0.0,0.00015106478652482513,50.79819749476083,2.0781448706144826e-16,1.1842646652679448e-16,1.3986579899219972e-12,7.851790232192891e-24,2.3541325177466992e-17,1.1781458986926718,3.75393377304284e-12,0.00020492656385670514,500000.0,516009.3120255542
0.0002808952191635074,0.00011318688202843922,-0.09108832484754714,302.96218603400933,0.0,0.04706406034189609,152.4475561643282,1.439981888243886e-17,0.0,0.00015114039094504616,50.8236208138428,2.0905220342562563e-16,1.1840487910644527e-16,1.3983847136082454e-12,0.0,2.3659908265681654e-17,1.1787355333762806,3.764530618776319e-12,0.00020492813342106893,500000.0,516332.68754417653
0.00028107584826261216,0.00011317287317202242,-0.06398717593809564,302.98390787439615,0.0,0.04708153904069264,152.50417433370563,1.4454920714310315e-17,0.0,0.00015119652364026272,50.84249642213728,2.102564244814912e-16,1.1836822611168558e-16,1.3979302478766072e-12,0.0,2.3674834805545207e-17,1.179173309155625,3.771301216381475e-12,0.00020492929825456998,500000.0,516562.15241600946
0.00028125647736171685,0.0001131637745842622,-0.036746839753492876,302.98965116241516,0.0,0.047092895665269925,152.5409621891169,1.4491554553614123e-17,0.0,0.00015123299605701435,50.85476091521929,2.1141806501573535e-16,1.183164049903161e-16,1.3972935886633278e-12,3.191315532770246e-24,2.3749799325069964e-17,1.1794577555127168,3.7742062716625655e-12,0.00020493005484713845,500000.0,516696.9090961559
0.0002814371064608216,0.00011315959675434634,-0.009529486090820593,302.97945331125874,0.0,0.04709811120823801,152.5578581596131,1.450947096239897e-17,0.0,0.0001512497471522942,50.86039376630168,2.1252835349858204e-16,1.182494139741868e-16,1.3964749147255902e-12,0.0,2.372365566579125e-17,1.179588396376528,3.7732413271709e-12,0.00020493040224425717,500000.0,516736.7886031766
0.00028161773555992635,0.00011316032097193998,0.017503978891867937,302.9534503712566,0.0,0.047097206310804045,152.55492910201585,1.4508603849571425e-17,0.0,0.00015124684320965895,50.859417264398864,2.1357893325924685e-16,1.1816735150074426e-16,1.3954755787969804e-12,0.0,2.3618887159604774e-17,1.179565748688844,3.76843669141308e-12,0.00020493034203760555,500000.0,516682.24887054384
0.00028179836465903104,0.00011316589966034827,0.044195066019148355,302.9118754390442,0.0,0.047090240836294844,152.53236891952662,1.448907074966824e-17,0.0,0.00015122447646968295,50.851896053792835,2.1456195894455267e-16,1.1807041465499032e-16,1.3942980878517223e-12,5.865844206105522e-25,2.349880342727747e-17,1.1793913117232506,3.759856796790505e-12,0.0002049298783340716,500000.0,516534.36692466866
0.0002819789937581358,0.0001131762569187368,0.0703888275625707,302.8550562672869,0.0,0.047077313086310024,152.49049602276142,1.4451169691357072e-17,0.0,0.00015118296261276313,50.83793628758203,2.1547018581255535e-16,1.1795889666867957e-16,1.3929460729344969e-12,0.0,2.3308859714399053e-17,1.1790675474536703,3.747599001884357e-12,0.00020492901770394686,500000.0,516294.82509950455
0.00028215962285724054,0.00011319128926135534,0.09593493620454706,302.7834121261521,0.0,0.04705855867936159,152.42974969752717,1.4395372752558088e-17,0.0,0.0001511227371580403,50.81768441675501,2.162970495362622e-16,1.178331835350505e-16,1.3914242492466345e-12,1.0005578804253036e-26,2.3077798574635616e-17,1.1785978524697471,3.7317918740724285e-12,0.00020492776910956958,500000.0,515965.89163594705
0.00028234025195634523,0.00011321086654420031,0.12068870686306052,302.69744996122756,0.0,0.04703414911130758,152.35068544187882,1.4322316563976855e-17,0.0,0.0001510443508404384,50.79132563563851,2.1703673485173161e-16,1.176937497988147e-16,1.389738367147575e-12,0.0,2.2801377678521162e-17,1.1779865219226333,3.712593006293627e-12,0.00020492614381553527,500000.0,515550.3960153044
0.00028252088105545,0.00011323483307045776,0.14451205282598126,302.59775989159084,0.0,0.047004290018032295,152.25396933870607,1.4232790098534787e-17,0.0,0.00015094846403150382,50.75908200580629,2.1768423192396947e-16,1.1754115358531668e-16,1.3878951547523229e-12,1.2676313028424044e-25,2.249078918716658e-17,1.1772387060134244,3.690186427818414e-12,0.00020492415528158004,500000.0,515051.6994028399
0.00028270151015455467,0.0001132630088632665,0.16727436768440182,302.48501010354926,0.0,0.04696921916625887,152.14037154769676,1.412772011579949e-17,0.0,0.00015083584028717213,50.72121028640193,2.182353795648491e-16,1.1737603094657712e-16,1.3859022529600633e-12,0.0,2.2136683289313897e-17,1.1763603596725485,3.664779678953725e-12,0.00020492181903954246,500000.0,514473.66067044344
0.0002828821392536594,0.00011329519109093042,0.18885332445847866,302.3599412089512,0.0,0.046929204204161405,152.0107590192522,1.4008154682433422e-17,0.0,0.00015070733912415804,50.67799950507259,2.1868689466901645e-16,1.1719908961668204e-16,1.383768143912821e-12,8.772888511492422e-26,2.175770066816636e-17,1.1753581862232318,3.6366006281345472e-12,0.00020491915255614908,500000.0,513820.5985636991
0.00028306276835276417,0.00011333115562809383,0.20913558484576225,302.22336014333695,0.0,0.04688454020653057,151.8660875429263,1.3875245253135907e-17,0.0,0.00015056390813657534,50.629768307043626,2.1903638761215432e-16,1.1701110227682228e-16,1.381502073962509e-12,0.0,2.1341007518115648e-17,1.1742395758994568,3.605894113471441e-12,0.00020491617508353434,500000.0,513097.2506295908
0.00028324339745186886,0.00011337065873614376,0.22801741391172273,302.0761336801863,0.0,0.04683554705016311,151.70739324593123,1.373022782777293e-17,0.0,0.00015040657456733887,50.576862120853725,2.192823638142659e-16,1.1681289943205583e-16,1.379113972237854e-12,1.762380427267847e-25,2.0915888252265254e-17,1.1730125401117901,3.572918490664732e-12,0.00020491290749943602,500000.0,512308.7295353653
0.0002834240265509736,0.00011341343884588379,0.2454051975096086,301.91918163793684,0.0,0.046782566655563455,151.53578365860432,1.3574403688427026e-17,0.0,0.0001502364364502408,50.51965017972208,2.1942421207066758e-16,1.1660536200198142e-16,1.3766143659019322e-12,0.0,2.0446935986033642e-17,1.1716856423649284,3.5379421662881724e-12,0.00020490937213902004,500000.0,511460.47741337295
0.00028360465565007836,0.0001134592184249608,0.26121586107224315,301.75346985759757,0.0,0.04672596013144343,151.3524284650194,1.3409120188532658e-17,0.0,0.00015005465343987106,50.45852243794736,2.1946218055233615e-16,1.1638941372729889e-16,1.3740142931911908e-12,3.2521807008115632e-25,2.000422966328475e-17,1.170267926740755,3.5012401905569254e-12,0.00020490559262031756,500000.0,510558.2188687228
0.00028378528474918305,0.00011350770591210478,0.2753771897923409,301.5800030289555,0.0,0.046666104858307716,151.15855005628492,1.323575203286518e-17,0.0,0.0001498624374459165,50.393886421525764,2.193973416143631e-16,1.1616601349309786e-16,1.3713252153097363e-12,5.264664884295581e-26,1.9509786490083346e-17,1.168768844855758,3.4630909786129097e-12,0.0002049015936652583,500000.0,509607.91327735595
0.0002839659138482878,0.00011355859770029719,0.28782805113528076,301.3998174413816,0.0,0.04660339154624791,150.95541400029632,1.3055683440013681e-17,0.0,0.00014966104318463034,50.32616405091603,2.1923154676807312e-16,1.1593614766002196e-16,1.368558928207492e-12,0.0,1.9016206706930128e-17,1.1671981821724655,3.42377320818596e-12,0.0002048974009182436,500000.0,508615.7069759942
0.00028414654294739254,0.00011361158015149505,0.2985185229968513,301.21397373154366,0.0,0.046538221300021096,150.74431953508093,1.2870291535274566e-17,0.0,0.00014945175875369251,50.25578847167011,2.1896737333333456e-16,1.157008225004723e-16,1.3657274751995535e-12,1.0303723226436038e-25,1.853495800224359e-17,1.1655659844933015,3.3835629698755812e-12,0.0002048930407640913,500000.0,507587.8859046134
0.00028432717204649724,0.00011366633162625451,0.30740993141212136,301.02354969540755,0.0,0.046471002721937486,150.5265901846098,1.2680931244009297e-17,0.0,0.00014923589632848613,50.18320092589206,2.186080644012971e-16,1.1546105681092858e-16,1.3628430613001725e-12,4.678810559809611e-25,1.8060598562863758e-17,1.1638824854013636,3.3427311721174025e-12,0.00020488854014707062,500000.0,506530.8292121172
0.000284507801145602,0.0001137225245124097,0.3144748029775658,300.82963322564854,0.0,0.04640214908022719,150.30356458670371,1.24889218597188e-17,0.0,0.00014901478306864993,50.10884769440608,2.1815746374218122e-16,1.1521787477697415e-16,1.3599179700533262e-12,0.0,1.7549865252159348e-17,1.1621580353411278,3.301541249757342e-12,0.00020488392639257652,500000.0,505450.96427938004
0.0002846884302447067,0.00011377982723786447,0.3196967373175899,300.6333154310809,0.0,0.04633207556747347,150.07658761267592,1.2295535428463675e-17,0.0,0.00014878975231386588,50.03317713618485,2.1761994729499397e-16,1.1497229914779672e-16,1.3569644835448725e-12,0.0,1.7072354883214012e-17,1.160403032954886,3.260247188758436e-12,0.00020487922703289166,500000.0,504354.72355731425
0.0002848690593438114,0.0001138379062535903,0.32307020578356827,300.43568398949657,0.0,0.04626119667039875,149.84700184766209,1.210198708416912e-17,0.0,0.0001485621351372411,49.956636848025276,2.1700035284479368e-16,1.1472534477054836e-16,1.3539948061786568e-12,0.0,1.6551715592894854e-17,1.158627859208038,3.219091889708849e-12,0.00020487446963834939,500000.0,503248.5035575863
0.0002850496884429162,0.00011389642797417321,0.32460028410218034,300.2378167738883,0.0,0.04618992366873727,149.6161394890794,1.1909427216886652e-17,0.0,0.00014833325231323417,49.87967096362215,2.1630390927545778e-16,1.1447801254058453e-16,1.3510209926918427e-12,1.3175784077735672e-24,1.625514905883815e-17,1.1568428147473933,3.178305807010016e-12,0.00020486968165488946,500000.0,502138.62626089156
0.00028523031754202087,0.00011395506066458872,0.32430232577720575,300.04077578917867,0.0,0.046118662277338324,149.3853147090303,1.1718935518164507e-17,0.0,0.00014810440674554719,49.802717607313376,2.1553616674943743e-16,1.1423128377782226e-16,1.3480548807760959e-12,0.0,1.5418583620394648e-17,1.1550580608467236,3.138105955357203e-12,0.00020486489024895878,500000.0,501031.30315001024
0.0002854109466411256,0.00011401347626317448,0.3222015832827818,299.8456014488303,0.0,0.04604781044222502,149.15581651539068,1.1531516791739941e-17,0.0,0.00014787687638942703,49.72620651407898,2.1470292898163e-16,1.1398611504955118e-16,1.3451080285700931e-12,4.894876349730142e-24,1.6133919225563764e-17,1.1532835642081796,3.0986951726120404e-12,0.00020486012216050904,500000.0,499932.6020120117
0.00028559157574023036,0.00011407135213203046,0.3183327843076853,299.6533072134008,0.0,0.04597775629810875,148.92890213587705,1.13480984361229e-17,0.0,0.00014765190769246093,49.650556823893005,2.1381018859575845e-16,1.137434334724237e-16,1.342191657194374e-12,0.0,1.228244317487896e-17,1.1515290458074208,3.0602616633026276e-12,0.00020485540356464914,500000.0,498848.4165954934
0.00028577220483933506,0.00011412837272735381,0.312739670190113,299.4648746063031,0.0,0.04590887629179893,148.70579093947333,1.1169529363315022e-17,0.0,0.000147430709568124,49.576175055222635,2.1286406634756758e-16,1.1350413248500071e-16,1.3393165984109924e-12,0.0,1.2684120064645112e-17,1.1498039338936468,3.0229787825906772e-12,0.00020485075994233786,500000.0,497784.43915460596
0.0002859528339384398,0.00011418423118349761,0.30547450343970334,299.2812486189729,0.0,0.045841533473092284,148.487658900349,1.0996580322197334e-17,0.0,0.00014721444790716693,49.50345325938552,2.1187075488612075e-16,1.1326906806930626e-16,1.3364932474069289e-12,0.0,2.273259377855985e-18,1.1481173211842126,2.987005096540395e-12,0.00020484621596043325,500000.0,496746.135867746
0.00028613346303754455,0.0001142386308057415,0.2965975504781083,299.1033335065715,0.0,0.045776075952194496,148.27563360120084,1.0829945214917716e-17,0.0,0.00014700424062380135,49.43276735474236,2.1083646741870015e-16,1.130390554310045e-16,1.3337315206320066e-12,2.3254598247077458e-23,4.129745322692853e-17,1.146477926230105,2.952484479287475e-12,0.00020484179536112973,500000.0,495738.7250668438
0.00028631409213664925,0.00011429128646785605,0.2861765455581349,298.93198897718383,0.0,0.04571283552055287,148.07078976590935,1.0670243481395811e-17,0.0,0.00014680115322666197,49.36447563735474,2.0976739160935514e-16,1.1281486613126846e-16,1.3310408185580341e-12,0.0,0.0,1.1448940588741194,2.91954656073107e-12,0.00020483752086084724,500000.0,494767.1581884917
0.000286494721235754,0.00011434192591156217,0.2742861414203913,298.76802676776884,0.0,0.04565212643012445,147.87414530538797,1.0518023165489324e-17,0.0,0.00014660619489856032,49.2989174627333,2.0866964883874016e-16,1.1259722561849372e-16,1.32842999317601e-12,1.22069741464889e-22,2.1097993053598993e-16,1.143373589677079,2.8883071743699875e-12,0.00020483341405848663,500000.0,493836.10331929405
0.00028667535033485874,0.00011439029094590025,0.2610073511862763,298.6122076061243,0.0,0.04559424432459173,147.68665785562408,1.0373764700810407e-17,0.0,0.00014642031506421145,49.23641209167512,2.075492588516902e-16,1.123868111392828e-16,1.3259073200085682e-12,0.0,0.0,1.1419239231497191,2.8588689326758808e-12,0.00020482949535284553,500000.0,492949.9312005133
0.00028685597943396343,0.00011443613854539007,0.24642698654244702,298.4652385279432,0.0,0.04553946531481356,147.50922178289696,1.023788502140341e-17,0.0,0.00014624440042112794,49.177257691850265,2.0641210966396865e-16,1.1218425003700527e-16,1.3234804743825115e-12,8.186846410601621e-22,1.1452444609175212e-15,1.1405519745968116,2.831321886103987e-12,0.00020482578386891816,500000.0,492112.70349392935
0.0002870366085330682,0.00011447924184648317,0.2306370938662903,298.32777058394913,0.0,0.04548804519001398,147.34266562872804,1.011074192451015e-17,0.0,0.00014607927240648536,49.12173048598844,2.0526393251197288e-16,1.1199011838661968e-16,1.3211565116876174e-12,0.0,0.0,1.139264150361347,2.805744225801525e-12,0.0002048222973927781,500000.0,491328.16321383644
0.0002872172376321729,0.00011451939104264121,0.21373439627043556,298.20039680705645,0.0,0.045440218755469615,147.1877499644487,9.992638590890539e-18,0.0,0.0001459256850700702,49.07008403662554,2.0411028154121863e-16,1.1180493989828096e-16,1.3189418513283403e-12,5.6958029756665024e-21,6.526890770217843e-15,1.1380663312358694,2.78220298256271e-12,0.00020481905231467675,500000.0,490599.7269501797
0.0002873978667312776,0.00011455639417854925,0.19581973503608463,298.0836506335325,0.0,0.04539619928739728,147.0451656256483,9.883828156960545e-18,0.0,0.0001457843233238865,49.0225486574964,2.0295651790326376e-16,1.116291851128331e-16,1.3168422640814083e-12,1.5360146712066128e-21,7.574643135934435e-16,1.136963858811151,2.760754773798862e-12,0.00020481606358000416,500000.0,489930.4790498329
0.00028757849583038237,0.00011459007784448018,0.17699752215106787,297.9780045467852,0.0,0.045356178095907966,146.91553229630023,9.784518204931802e-18,0.0,0.00014565580153841798,48.97933094150461,2.0180779789432477e-16,1.1146327088781524e-16,1.3148628625710991e-12,1.2601218411459389e-21,4.996796792061591e-16,1.1359615245284864,2.7414465267960145e-12,0.000204813344647721,500000.0,489323.1672207054
0.00028775912492948706,0.0001146202877724081,0.15737520166973704,297.8838690005695,0.0,0.045320324186352595,146.7993974119959,9.694875006073092e-18,0.0,0.00014554066245525872,48.94061339507795,2.0066906470616458e-16,1.1130756003234948e-16,1.3130080945766913e-12,0.0,0.0,1.13506356119948,2.7243161004454154e-12,0.00020481090745583648,500000.0,488780.1995052685
0.0002879397540285918,0.00011464688933563943,0.1370627196867296,297.801591633584,0.0,0.0452887840103156,146.69723535325363,9.615027488661492e-18,0.0,0.0001454393763873362,48.906554169230326,1.9954504332171207e-16,1.1116236115616407e-16,1.3112817389017067e-12,1.3109591267495027e-21,5.061989416136322e-16,1.1342736367686164,2.7093929511730456e-12,0.00020480876239354444,500000.0,488303.6425055908
0.00028812038312769656,0.00011466976795358786,0.11617200309364664,297.73145677672835,0.0,0.045261681298074896,146.60944690285817,9.54507093754035e-18,0.0,0.00014535234068090998,48.87728687864717,1.984402381052386e-16,1.1102792871385575e-16,1.3096869035631016e-12,1.866628797426301e-21,6.799401002547074e-16,1.1335948501173805,2.6966987151508886e-12,0.00020480691827967794,500000.0,487895.2207396397
0.00028830101222680125,0.00011468882940334877,0.09481644902417909,297.6736852039105,0.0,0.04523911696531925,146.53635894369964,9.485070352529263e-18,0.0,0.00014527987941600738,48.852920500949814,1.9735893266606726e-16,1.1090446317454868e-16,1.30822602608396e-12,0.0,0.0,1.1330297287279272,2.686247717801832e-12,0.00020480538234716043,500000.0,487556.31693971175
0.000288481641325906,0.0001147040000400916,0.07311042694380135,297.6284340641456,0.0,0.04522116908728445,146.47822437497146,9.435063376535084e-18,0.0,0.00014522224332333178,48.83353934875708,1.9630519157372752e-16,1.1079211131004291e-16,1.3069008756887019e-12,9.099971698373297e-22,2.988370405718188e-16,1.1325802280351118,2.6780474160501554e-12,0.0002048041602331322,500000.0,487287.97309301706
0.00028866227042501075,0.0001147152269283145,0.05116878966040809,297.5957970589732,0.0,0.045207892934311385,146.43522222736425,9.395062778278537e-18,0.0,0.00014517960989846862,48.81920310808919,1.9528286349148983e-16,1.106909666158991e-16,1.3057125572260688e-12,4.792463176484741e-21,1.0037924135138879e-15,1.1322477323171838,2.672098781381184e-12,0.00020480325597447622,500000.0,487090.8922475383
0.00028884289952411544,0.0001147224778856882,0.029106393123418214,297.5758048485887,0.0,0.04519932106414889,146.40745796204814,9.365058500354629e-18,0.0,0.0001451520836983093,48.809946938043765,1.9429558531279053e-16,1.1060106982592395e-16,1.3046615166832092e-12,0.0,0.0,1.1320330570075412,2.6683965933066902e-12,0.0002048026720085272,500000.0,486965.4409927849
0.0002890235286232202,0.0001147257414411102,0.007037626656078953,297.5684256286431,0.0,0.045195463467346576,146.39496394158976,9.345019259633344e-18,0.0,0.00014513969680792803,48.80578162779212,1.9334678692168638e-16,1.1052240950703142e-16,1.3037475481851592e-12,0.0,0.0,1.131936452335887,2.666929657798683e-12,0.00020480240917879127,500000.0,486911.6524738156
0.0002892041577223249,0.00011472502670863573,-0.014924047907725597,297.5735658898393,0.0,0.045196307762907624,146.39770006371114,9.334893691298864e-18,0.0,0.00014514240946890178,48.806693807864576,1.9243969623055747e-16,1.1045492274758429e-16,1.3029698023994304e-12,1.7775101445862937e-20,2.0592717861524194e-15,1.1319576082285028,2.6676809546286438e-12,0.00020480246674553813,500000.0,486929.2299271203
0.00028938478682142963,0.00011472036317873417,-0.03666655116334108,297.5910714074715,0.0,0.04520181944255567,146.4155545525276,9.334611050961244e-18,0.0,0.00014516011086377112,48.81264621393669,1.915773441708868e-16,1.1039849592738539e-16,1.3023267962988241e-12,8.831286701574051e-21,0.0,1.1320956604261647,2.670627713554048e-12,0.00020480284240118122,500000.0,487017.5508021613
0.0002895654159205344,0.0001147118004282042,-0.058079632413467745,297.620728379988,0.0,0.04521194216299534,146.44834490515967,9.344081465041184e-18,0.0,0.00014519262005453383,48.82357800241485,1.9076256933143952e-16,1.1035296555653493e-16,1.3018164242649468e-12,0.0,0.0,1.1323491978033986,2.6757414014065436e-12,0.00020480353229039865,500000.0,487175.67133765394
0.00028974604501963907,0.00011469940775007597,-0.0790553088245756,297.6622647358231,0.0,0.04522659808630171,146.4958189943597,9.363195748992134e-18,0.0,0.00014523968707581255,48.83940511803463,1.8999802196206916e-16,1.103181192042177e-16,1.3014359705388892e-12,9.826186257586937e-21,7.108589555765905e-16,1.132716270894084,2.6829876601779388e-12,0.00020480453103498516,500000.0,487402.3316404203
0.0002899266741187438,0.00011468327370465897,-0.09948829960279726,297.7153516466613,0.0,0.04524568826969919,146.55765633103937,9.391824836251912e-18,0.0,0.00014530099418655975,48.86002071476768,1.8928616709846042e-16,1.1029369651168808e-16,1.301182123053637e-12,0.0,0.0,1.1331944016534048,2.6923261778096497e-12,0.000204805831763471,500000.0,487695.9613611936
0.00029010730321784857,0.00011466350559278964,-0.11927645365923512,297.7796052070691,0.0,0.04526909310678807,146.63346949344523,9.429818825753547e-18,0.0,0.00014537615728697838,48.88529563228633,1.8862928659599696e-16,1.1027939029441087e-16,1.3010509887074904e-12,0.0,2.226868702301061e-16,1.13378059450833,2.7037104959260643e-12,0.00020480742614557444,500000.0,488054.68594688986
0.00029028793231695326,0.00011464022885233723,-0.13832117131301577,297.854588293271,0.0,0.045296672822987674,146.72280573199316,9.477005681265686e-18,0.0,0.0001454647275095949,48.91507893099027,1.8802947988951487e-16,1.1027484774742164e-16,1.3010381101566537e-12,4.486738282184869e-20,1.6400206716804475e-15,1.134471348766318,2.717087782531944e-12,0.0002048093044315836,500000.0,488476.33354738104
0.000290468561416058,0.00011461358637901141,-0.1565278206993865,297.9398126234416,0.0,0.045328268028660586,146.8251487609264,9.533189623210965e-18,0.0,0.00014556619299555885,48.94919848931717,1.8748866332443637e-16,1.1027967176634579e-16,1.3011384842228461e-12,2.0911128294375894e-20,0.0,1.1352626724685495,2.7323985628456592e-12,0.0002048114554967851,500000.0,488958.4426815534
0.00029064919051516276,0.00011458373777263842,-0.17380614654953994,298.0347409794407,0.0,0.045363700333808515,146.93992074935966,9.59814924461665e-18,0.0,0.00014567998086861228,48.98746166752549,1.8700856793701286e-16,1.1029342238781453e-16,1.301346582022855e-12,0.0,0.0,1.136150097784811,2.749576412623372e-12,0.0002048138668910656,500000.0,489498.27067253855
0.00029082981961426745,0.00011455085851026324,-0.19007067118734983,298.1387896059053,0.0,0.045402773028453816,147.06648452516598,9.671635402552611e-18,0.0,0.00014580545942007343,49.029656042435754,1.865907355971403e-16,1.1031561836881103e-16,1.3016563709331434e-12,1.6185138405558255e-20,3.306073263506515e-16,1.137128698054117,2.7685476437090307e-12,0.00020481652489381366,500000.0,490092.80296004546
0.0002910104487133722,0.00011451513904743421,-0.20524108891746842,298.25133084236643,0.0,0.045445271833316675,147.20414600651864,9.753368955775156e-18,0.0,0.0001459419405195343,49.075550218068464,1.8623651346884167e-16,1.1034573892078098e-16,1.3020613385123683e-12,6.278558426782016e-28,1.2171672062143514e-17,1.138193106585567,2.789230989331536e-12,0.00020481941457426228,500000.0,490738.76347058936
0.0002911910778124769,0.000114476783849178,-0.21924265022974918,298.371695943264,0.0,0.045490965725490835,147.3521568763751,9.843038399200409e-18,0.0,0.00014608868226641502,49.12489471727501,1.859470467865568e-16,1.1038322560281858e-16,1.3025545185070178e-12,0.0,1.2630612654548703e-17,1.1393375373376486,2.811537285897431e-12,0.0002048225198574056,500000.0,491432.62606375274
0.00029137170691158164,0.00011443601035259226,-0.23200653377175967,298.4991780815404,0.0,0.0455396078435661,147.5097175143056,9.940297457951535e-18,0.0,0.00014624489189665169,49.177422959163266,1.8572326998552545e-16,1.1042748439651903e-16,1.3031285190555405e-12,1.3369133975465006e-22,1.3674768903520068e-17,1.1405558075873492,2.835369188314907e-12,0.00020482582359559345,500000.0,492170.62713822705
0.0002915523360106864,0.00011439304786342668,-0.24347020465942412,298.6330355513077,0.0,0.04559093647623821,147.67598019873245,1.0044762717288468e-17,0.0,0.00014640972895747594,49.2328523266739,1.8556589626746107e-16,1.1047788797510544e-16,1.3037755531925445e-12,0.0,1.0361676739622371e-17,1.1418413626900994,2.860620918467127e-12,0.0002048293076458716,500000.0,492948.77951051155
0.0002917329651097911,0.00011434813638935979,-0.25357775711333513,298.7724951783797,0.0,0.04564467613802819,147.85005259134178,1.015601137137887e-17,0.0,0.00014658230876194957,49.29088532822855,1.854754057312858e-16,1.1053377817368397e-16,1.304487471740997e-12,3.606543563636902e-21,7.18229796926223e-17,1.1431873030214983,2.8871780675484322e-12,0.00020483295295310242,500000.0,493762.8876639989
0.00029191359420889583,0.00011430152541304455,-0.26228023855106397,298.91675593512946,0.0,0.04570053873518571,148.0310015136178,1.0273579185812576e-17,0.0,0.00014676170613311783,49.35121085676693,1.8545203225566637e-16,1.1059446867306024e-16,1.3052557986622026e-12,3.856130170964284e-22,1.678846725073266e-17,1.144586413177748,2.914917474639121e-12,0.0002048367396388613,500000.0,494608.5644391786
0.0002920942233080006,0.00011425347260852155,-0.2695359518026277,299.06499274869856,0.0,0.04575822482397176,148.21785702260334,1.0396958758015864e-17,0.0,0.00014694695944482273,49.41350554854148,1.8549574937135333e-16,1.1065924790495846e-16,1.3060717689064948e-12,0.0,0.0,1.14603119348973,2.943707183375151e-12,0.00020484064709604496,500000.0,495481.2492124321
0.00029227485240710527,0.00011420424250523858,-0.2753107321638685,299.21636049588835,0.0,0.04581742496236613,148.40961678927798,1.0525598166736989e-17,0.0,0.00014713707496253817,49.47743524279982,1.8560625541357878e-16,1.1072738218443252e-16,1.3069263687732427e-12,4.6183074525591625e-21,7.5003188105157e-17,1.1475138938769445,2.9734065068749492e-12,0.0002048446540890577,500000.0,496376.22760335
0.00029245548150621,0.00011415410510453858,-0.2795781960926032,299.3699981818186,0.0,0.04587782115498706,148.60525077886453,1.065890011411605e-17,0.0,0.00014733103148354497,49.542656542125464,1.8578295829772595e-16,1.1079811906996957e-16,1.3078103787514483e-12,0.0,0.0,1.149026550035974,3.0038662086817767e-12,0.0002048487388593662,500000.0,497288.6527400609
0.00029263611060531476,0.00011410333445408422,-0.2823199578501732,299.5250332893605,0.0,0.045939088389641995,148.80370622794084,1.079622165574466e-17,0.0,0.00014752778527136603,49.60881847172863,1.860249603143915e-16,1.1087069094944837e-16,1.3087144187721062e-12,0.0,0.0,1.1505610219238738,3.0349288148928473e-12,0.00020485287923613648,500000.0,498213.5680765575
0.00029281673970441946,0.00011405220718633001,-0.28352581033422464,299.6805862834765,0.0,0.04600089626238843,149.00391290825334,1.0936874610209799e-17,0.0,0.00014772627527444545,49.67556423431911,1.863310433887799e-16,1.109443188459151e-16,1.3096289957590367e-12,9.093993795746995e-21,1.389429043050217e-16,1.1521090344583604,3.0664290704343727e-12,0.0002048570527515805,500000.0,499145.9317297139
0.0002929973688035242,0.00011400100102781876,-0.28319386659014506,299.8357752564096,0.0,0.046062910686306614,149.2047886616865,1.1080126733822238e-17,0.0,0.00014792542861365849,49.742533055378075,1.8669965529162013e-16,1.1101821643295929e-16,1.3105445533168232e-12,0.0,0.0,1.153662220314594,3.0981945502984744e-12,0.00020486123676055054,500000.0,500080.6422828985
0.0002931779979026289,0.00011394999328676384,-0.28133065809105284,299.9897206871886,0.0,0.04612479567737944,149.4052451849893,1.1225203738212161e-17,0.0,0.00014812416631743668,49.80936211169502,1.8712889732326431e-16,1.1109159424422703e-16,1.3114515233434078e-12,0.0,0.0,1.1552121646531028,3.1300464323619175e-12,0.00020486540856382493,500000.0,501012.56595623604
0.00029335862700173365,0.00011389945932704854,-0.2779511862478626,300.1415502897924,0.0,0.0461862152089938,149.6041940367834,1.1371292213133895e-17,0.0,0.00014832140927726814,49.875688534010074,1.8761651401748724e-16,1.1116366405668533e-16,1.3123403793024473e-12,2.2953446877807264e-20,3.021774505760556e-16,1.1567504515664053,3.161800434899067e-12,0.0002048695455344325,500000.0,501936.56501759647
0.0002935392561008384,0.0001138496710373513,-0.2730789244336075,300.29040393268616,0.0,0.04624683512475218,149.80055283345024,1.1517543501779672e-17,0.0,0.00014851608439045883,49.94115147262522,1.8815988542433127e-16,1.1123364342251529e-16,1.3132016908399544e-12,1.0538630202091811e-22,0.0,1.1582687119860573,3.1932679224857185e-12,0.00020487362524627433,500000.0,502847.52729503694
0.0002937198851999431,0.0001138008953046572,-0.2667457670108414,300.4354385871804,0.0,0.0463063250974446,149.99325159452786,1.1663078557402097e-17,0.0,0.00014870713085112045,50.0053942128601,1.8875602253058937e-16,1.1130076031984931e-16,1.3140261793795132e-12,0.0,0.0,1.1597586727457172,3.2242571746488285e-12,0.00020487762560421308,500000.0,503740.39658112294
0.00029401409989915963,0.00011372428672236212,-0.2534097821142869,300.66138419435003,0.0,0.04639996788895697,150.29657763915822,1.1896250424736469e-17,0.0,0.00014900785601886372,50.106518351807985,1.8983115491013044e-16,1.114020019429325e-16,1.315266911392425e-12,3.585076087211115e-20,3.3777418693294173e-16,1.1621040116639492,3.273208698509315e-12,0.00020488391583817293,500000.0,505143.17343184486
0.0002943083145983762,0.00011365212965684611,-0.23652708555424196,300.87164299399313,0.0,0.04648840034082975,150.58302665441826,1.2121126881160505e-17,0.0,0.0001492918488697202,50.20201595423997,1.9102065801806778e-16,1.1149049919590932e-16,1.3163483783945643e-12,6.991814278274279e-20,6.270798932611912e-16,1.1643188561700355,3.31954500603537e-12,0.0002048898484581164,500000.0,506464.0615864655
0.0002946025292975927,0.00011358542857065674,-0.21637188601894475,301.06307301265184,0.0,0.046570346099468106,150.84846433247418,1.2333682225202158e-17,0.0,0.0001495550105455793,50.290508706859974,1.923054825619433e-16,1.1156329785293181e-16,1.317235475886352e-12,8.51048549205193e-20,7.9399599847836365e-16,1.1663712394967107,3.3624519895159615e-12,0.00020489533918768626,500000.0,507683.51167536614
0.0002948148042729991,0.0001135412122040201,-0.1999789702854166,301.1878801488207,0.0,0.046624774331196,151.02476777453379,1.2477154455647685e-17,0.0,0.00014972980226921225,50.34928550522507,1.9327974273321049e-16,1.1160453710048233e-16,1.31773664447279e-12,1.9221652370405668e-20,1.823390558374123e-16,1.167734430463072,3.3908415013755935e-12,0.00020489898247878332,500000.0,508490.1363662636
0.00029502707924840553,0.00011350062654774341,-0.1821877512291584,301.3004384219859,0.0,0.04667480795435061,151.18683643119172,1.2610722942471267e-17,0.0,0.00014989048126395164,50.403316649714746,1.9428391747740765e-16,1.1163526752002424e-16,1.3181090517394308e-12,0.0,0.0,1.1689875570388508,3.4167704510266968e-12,0.00020490232899189275,500000.0,509228.38562077103
0.00029523935422381194,0.0001134639529300145,-0.1631463798271098,301.3998904202844,0.0,0.04672008037425276,151.3334828438902,1.2733033361270066e-17,0.0,0.00015003587025313049,50.452206260296784,1.953089111942953e-16,1.1165465670390322e-16,1.3183429445754654e-12,3.4335585614758845e-20,2.711828576723743e-16,1.1701214377085734,3.439988470054432e-12,0.00020490535485008523,500000.0,509892.66780062666
0.00029545162919921835,0.00011343144011623221,-0.1430130504793616,301.4854883368625,0.0,0.04676026530983341,151.46365013577056,1.2842826646596853e-17,0.0,0.00015016492142210593,50.495601990826444,1.9634526172666685e-16,1.1166197045994463e-16,1.3184297632795314e-12,0.0,0.0,1.1711279006239104,3.4602703644869048e-12,0.00020490803888280036,500000.0,510478.02107584616
0.0002956639041746248,0.00011340330232541192,-0.12195458398272345,301.55660067471246,0.0,0.04679507995448702,151.57642225018014,1.2938962785505342e-17,0.0,0.00015027672656897601,50.53319844240396,1.9738324336639326e-16,1.116565801409699e-16,1.3183622230450831e-12,0.0,0.0,1.1719998627685546,3.4774198525364474e-12,0.00020491036281466564,500000.0,510980.16407481086
0.0002958761791500312,0.00011337971758653296,-0.1001448527504119,301.61271777114735,0.0,0.046824287666354054,151.67103266495033,1.302044296202899e-17,0.0,0.0001503705257441353,50.564740068577834,1.984129843664408e-16,1.1163796877313438e-16,1.3181343813403992e-12,3.31598014070654e-20,2.005684839070268e-16,1.1727313973376463,3.491272908037565e-12,0.00020491231142501248,500000.0,511395.53899477463
0.00029608845412543763,0.00011336082642327848,-0.07776316336400824,301.6534561134773,0.0,0.046847700179649024,151.7468715552636,1.3086427974357879e-17,0.0,0.00015044571435172507,50.59002356333229,1.9942459073589137e-16,1.1160573602814774e-16,1.3177416912676346e-12,0.0,0.0,1.1733177891215836,3.501700615218778e-12,0.00020491387267594912,500000.0,511721.3468784037
0.00029630072910084404,0.00011334673086970496,-0.054992618094920405,301.6785614046213,0.0,0.046865179314290885,151.80349133143838,1.3136253254125433e-17,0.0,0.00015050184863993262,50.608899707297724,2.0040827236881194e-16,1.115596018701032e-16,1.3171810403998067e-12,0.0,0.0,1.1737555773245698,3.508611232901973e-12,0.00020491503780823854,500000.0,511955.57460507896
0.00029651300407625044,0.00011333749383624108,-0.0320184277978804,301.6879103452191,0.0,0.04687663814375447,151.84061042182586,1.3169441369876418e-17,0.0,0.0001505386494514508,50.621274628909106,2.0135447131110082e-16,1.1149940894200756e-16,1.316450774011185e-12,1.3742042321417575e-19,6.92850997170179e-16,1.174042584814249,3.5119519396406187e-12,0.00020491580140413342,500000.0,512097.0129956027
0.00029672527905165685,0.00011333313884389974,-0.009026179135558723,301.681511086332,0.0,0.046882041587026566,151.85811519030014,1.3185711590052967e-17,0.0,0.0001505560041245302,50.627110443667064,2.0225399092243375e-16,1.114251233547884e-16,1.315550701854736e-12,7.109623523095989e-20,2.22558745730526e-16,1.17417793294788,3.511709521777396e-12,0.00020491616141579853,500000.0,512145.26550305
0.00029693755402706326,0.00011333365013139323,0.013799905008318736,301.6595023045534,0.0,0.04688140641150108,151.85605994566706,1.3184984564067281e-17,0.0,0.0001505539665023078,50.62642525727463,2.0309812206053257e-16,1.1133683421418595e-16,1.3144820883127032e-12,0.0,0.0,1.1741620416450835,3.507910426835469e-12,0.00020491611915837468,500000.0,512100.74722130666
0.00029714982900246967,0.00011333897312849162,0.03627867225319483,301.6221508897714,0.0,0.046874800652596846,151.8346650617553,1.3167382522241104e-17,0.0,0.00015053275506900934,50.61929253890515,2.0387876170643827e-16,1.112347514265268e-16,1.3132476262838248e-12,3.5250697730674965e-19,1.839680508609184e-15,1.173996614852247,3.5006200602382835e-12,0.0002049156792678626,500000.0,511964.67425130616
0.0002973621039778761,0.00011334901528390911,0.05823368693377235,301.56984838885506,0.0,0.046862342467070474,151.79431326319335,1.313322521924524e-17,0.0,0.00015049274926758093,50.605839882938675,2.0458852077348619e-16,1.11119202515792e-16,1.31185139544374e-12,3.1059421523451455e-19,9.022303377366052e-16,1.1736846118238935,3.4899413353028184e-12,0.00020491484962500934,500000.0,511739.0438839433
0.0002975743789532825,0.00011336364723450703,0.07949480614496862,301.50310620929656,0.0,0.04684419844360119,151.73554415314726,1.3083022048334933e-17,0.0,0.000150434484074355,50.58624718459561,2.0522081893985511e-16,1.1099062757109449e-16,1.3102988056743743e-12,0.0,0.0,1.1732302048107457,3.47601256326808e-12,0.00020491364124685044,500000.0,511426.6059260899
0.00029778665392868895,0.00011338270430073007,0.09989967396268959,301.422549557463,0.0,0.046820581400826525,151.65904708084122,1.301746041869283e-17,0.0,0.0001503586429277089,50.560744262080206,2.0576996468164731e-16,1.1084957370987584e-16,1.3085965266464645e-12,5.394313237009162e-19,3.983348575320644e-15,1.1726387239108729,3.459004685069379e-12,0.00020491206814773834,500000.0,511030.82554905623
0.00029799892890409536,0.00011340598828790456,0.1192950991541766,301.3289104367569,0.0,0.04679174771334914,151.5656524801901,1.2937390594666685e-17,0.0,0.0001502660491409787,50.52960796901661,2.0623121864160048e-16,1.1069668740734602e-16,1.306752404827853e-12,8.008246652070102e-19,2.296098279995897e-15,1.1719165900993944,3.439118024827109e-12,0.0002049101471720997,500000.0,510555.8387760345
0.00029821120387950176,0.00011343326956733171,0.13753830525863925,301.2230196877752,0.0,0.046757994216477444,151.45632184374765,1.2843807766628897e-17,0.0,0.00015015765596239111,50.49315885192067,2.0660083888532205e-16,1.1053270722182861e-16,1.3047753694556947e-12,0.0,0.0,1.171071237706301,3.41657866173573e-12,0.0002049078978017329,500000.0,510006.40127020446
0.00029842347885490817,0.00011346428940886155,0.15449805275974365,301.1057979738265,0.0,0.04671965474540309,151.332136512557,1.2737831936072356e-17,0.0,0.00015003453546099426,50.45175741291219,2.0687610744096176e-16,1.1035845388611067e-16,1.3026753291282225e-12,5.069072949333725e-20,7.302454901487865e-15,1.1701110277387576,3.391634378208354e-12,0.0002049053419407852,500000.0,509387.83102119877
0.0002986357538303146,0.0001134987625339691,0.17005559655376257,300.9782463343684,0.0,0.04667709636921351,151.19428547770673,1.2620686227064629e-17,0.0,0.00014989786643283657,50.40580004294528,2.0705533824450699e-16,1.1017482205985704e-16,1.3004630607778843e-12,1.379146695692131e-18,4.180861992568937e-15,1.1690451535618953,3.364550518667769e-12,0.00020490250368182297,500000.0,508705.9468113142
0.000298848028805721,0.0001135363798561623,0.18410548827217676,300.84143618438685,0.0,0.0466307153835386,151.04405239979224,1.2493674607826184e-17,0.0,0.00014974892153175873,50.355714694300744,2.0713786721679274e-16,1.0998276866000878e-16,1.2981500928552813e-12,0.0,0.0,1.1678835405323114,3.3356058365378627e-12,0.00020489940905658163,500000.0,507967.00310851104
0.0002990603037811274,0.00011357681137654932,0.19655623931646643,300.6964985489428,0.0,0.046580933123769416,150.8828020472801,1.2358159289440675e-17,0.0,0.0001495890538239837,50.30195635934965,2.0712402565446486e-16,1.097833042750479e-16,1.2957485844930838e-12,0.0,2.1269262918113374e-16,1.1666367411385146,3.305088144305732e-12,0.00020489608577488864,500000.0,507177.6218618831
0.0002992725787565338,0.00011361970920103375,0.20733080471643672,300.5446133058661,0.0,0.046528191661403887,150.71196635639,1.2215538514367334e-17,0.0,0.00014941968296754404,50.24500242313697,2.0701509836649727e-16,1.0957748128416741e-16,1.29327120240986e-12,5.632702045703431e-19,0.0,1.165315827214946,3.2732903634398087e-12,0.0002048925629551476,500000.0,506344.72334113077
0.0002994848537319402,0.00011366471064392568,0.21636690618692817,300.38699831723676,0.0,0.04647294944627368,150.53303031559562,1.206722539668048e-17,0.0,0.00014924228121784017,50.18534795749588,2.0681326847424105e-16,1.0936638347230435e-16,1.290730997295775e-12,0.0,0.0,1.1639322807999177,3.24050660892165e-12,0.00020488887085008296,500000.0,505475.45662727446
0.0002996971287073466,0.00011371144138393528,0.22361720694115034,300.22489845457125,0.0,0.04641567695333019,150.34751786489826,1.1914628314977562e-17,0.0,0.00014905835944781988,50.12350102008707,2.065215510981247e-16,1.0915111617666099e-16,1.2881412812912424e-12,0.0,2.4799218756480035e-16,1.1624978851077776,3.2070286686704624e-12,0.00020488504057111624,500000.0,504577.1305109192
0.00029990940368275303,0.0001137595186411593,0.22904934121877166,300.0595746931292,0.0,0.046356852386444235,150.1569779797401,1.1759133147235813e-17,0.0,0.00014886945335120408,50.05997801499397,2.0614371830024812e-16,1.0893279572202132e-16,1.2855155079808342e-12,1.327437120052144e-19,0.0,1.1610246169287108,3.173142788253373e-12,0.0002048811038143663,500000.0,503657.1457523439
0.0003001216786581595,0.0001138085543453965,0.23264580294547418,299.8922934467942,0.0,0.04629695748619598,149.96297109176965,1.160208755021847e-17,0.0,0.000148677109979682,49.99529916561927,2.05684217636458e-16,1.0871253945944021e-16,1.2828671561602924e-12,0.0,0.0,1.1595245416331117,3.139126832061922e-12,0.0002048770925910362,500000.0,502722.92956549284
0.0003003339536335659,0.00011385815826706541,0.23440370256003668,299.7243162571015,0.0,0.04623647348396902,149.76705598353908,1.1444787486579228e-17,0.0,0.0001484828747499838,49.929984145582786,2.0514808658241385e-16,1.0849145665473117e-16,1.2802096184922991e-12,1.2871435897832823e-19,3.6973280468794027e-16,1.1580097118404427,3.105247867886553e-12,0.00020487303896476384,500000.0,501781.8730125828
0.0003005462286089723,0.00011390794108374514,0.23433440539999606,299.5568899026643,0.0,0.0461758772389596,149.57077727567977,1.1288466185092111e-17,0.0,0.00014828827903835354,49.864547907142416,2.0454086507656258e-16,1.082706395830289e-16,1.277556095997883e-12,2.355421285636043e-19,0.0,1.1564920706691726,3.071760182725775e-12,0.00020486897479824736,500000.0,500841.27182827296
0.0003007585035843787,0.00011395751735832279,0.2324630651868835,299.3912369657312,0.0,0.04611563758758365,149.3756536020407,1.113428543842201e-17,0.0,0.00014809482845707918,49.79949673897091,2.0386850818256766e-16,1.0805115537733713e-16,1.2749194991268235e-12,0.0,0.0,1.1549833603060875,3.038903665021928e-12,0.00020486493151103204,500000.0,499908.27104138955
0.0003009707785597851,0.00011400650840785079,0.22882806404174527,299.22854693113834,0.0,0.04605621192764818,149.18316654528195,1.0983329126899044e-17,0.0,0.00014790399188495504,49.73532457745661,2.031373006801297e-16,1.0783403837560184e-16,1.2723123559504706e-12,0.0,2.973319097070886e-17,1.153495036455501,3.0069026152414744e-12,0.00020486093984998965,500000.0,498989.81372814166
0.00030118305353519153,0.00011405454504462706,0.22348036912811656,299.0699678923464,0.0,0.04599804305374758,148.99475038621443,1.0836598827177307e-17,0.0,0.00014771719130451597,49.67250958929425,2.023537750773943e-16,1.0762028331821878e-16,1.26974672785431e-12,1.2850060396034356e-19,0.0,1.1520381890804052,2.9759648850111615e-12,0.00020485702967375328,500000.0,498092.59414571506
0.00030139532851059794,0.00011410127017332453,0.2164828205209971,298.91659888624764,0.0,0.04594155625488995,148.81178270254756,1.069501140430416e-17,0.0,0.00014753579248139717,49.611511037255134,2.0152463433326844e-16,1.0741083915123099e-16,1.267234132957547e-12,0.0,6.384950594933605e-17,1.150623469711309,2.9462814080912613e-12,0.00020485322975201414,500000.0,497223.0153306152
0.00030160760348600435,0.00011414634123048238,0.20790936071502109,298.7694828841574,0.0,0.04588715668014028,148.63557583578705,1.0559398296259807e-17,0.0,0.00014736109650440027,49.5527664353849,2.006566802245211e-16,1.0720660352124969e-16,1.2647854773436946e-12,0.0,2.5139900400371965e-17,1.1492610254676754,2.9180259405017148e-12,0.00020484956758037393,500000.0,496387.1511863427
0.00030181987846141076,0.00011418943245521216,0.19784421718517448,298.6296004453478,0.0,0.04583522697323973,148.4673692293814,1.043050619306778e-17,0.0,0.00014719433218933617,49.49668899466184,1.9975674801709468e-16,1.0700841793698056e-16,1.2624109940564739e-12,3.9658340837798893e-20,0.0,1.1479604398159144,2.8913551067588632e-12,0.000204846069211161,500000.0,495590.71298798197
0.00030203215343681716,0.0001142302369823182,0.1863810482939722,298.4978640407735,0.0,0.04578612517304222,148.30832262789437,1.0308998921468028e-17,0.0,0.0001470366493365109,49.443665355707886,1.9883164785274738e-16,1.0681706361636298e-16,1.2601201897065954e-12,0.0,1.6843343241043315e-17,1.146730679984894,2.866408633938e-12,0.0002048427591003716,500000.0,494839.0201830087
0.0003022444284122236,0.00011426846875105144,0.17362206145911485,298.37511305019274,0.0,0.045740182873368715,148.15951011647147,1.0195460283326554e-17,0.0,0.0001468891128213006,49.39405360164032,1.9788811303454644e-16,1.0663325794623819e-16,1.2579217984507882e-12,0.0,1.3736527588125823e-17,1.145580050878662,2.843309744407121e-12,0.00020483965997071256,500000.0,494136.9753223084
0.00030245670338763003,0.00011430386422450943,0.159677112024246,298.2621094223193,0.0,0.0456977036333637,148.02191497172265,1.0090397593079392e-17,0.0,0.0001467526974891858,49.348181541436965,1.9693275518213378e-16,1.0645765152830156e-16,1.2558237430408208e-12,0.0,1.4007976485634823e-17,1.1445161552631002,2.8221656736742583e-12,0.00020483679269057837,500000.0,493489.04290586314
0.00030266897836303644,0.00011433618391633457,0.1446627900430699,298.159533981949,0.0,0.045658961627539525,147.8964252889921,9.994245671424301e-18,0.0,0.00014662828382051548,49.30634525213656,1.9597202603963886e-16,1.06290825783003e-16,1.2538331025940213e-12,1.0590756672134514e-20,7.222530386240106e-18,1.1435458599556572,2.8030682689868726e-12,0.0002048341761686729,500000.0,492899.23190061486
0.00030288125333844285,0.00011436521372281827,0.12870150115906726,298.0679833653604,0.0,0.04562420052340818,147.78383034681866,9.907371089088515e-18,0.0,0.0001465166543261403,49.26880786680705,1.950121855650703e-16,1.0613329107051659e-16,1.2519560867077181e-12,0.0,1.5876788038559242e-17,1.1426752677150935,2.7860946342541135e-12,0.00020483182726388962,500000.0,492371.0816751701
0.00030309352831384926,0.00011439076605974649,0.11192054681108804,297.9879675641607,0.0,0.045593632573937684,147.68481766724747,9.830076484251604e-18,0.0,0.0001464184906329309,49.23579859449961,1.9405927581621724e-16,1.0598548528319219e-16,1.250198015527921e-12,6.121356529465161e-21,7.64533548865604e-18,1.1419096945116,2.7713077902423466e-12,0.0002048297607099999,500000.0,491907.6510944128
0.00030330580328925567,0.00011441268080431622,0.09445120801683005,297.9199080554589,0.0,0.045567437911992054,147.5999707303977,9.762604791552454e-18,0.0,0.00014633437121794164,49.20751195832142,1.9311910006484189e-16,1.0584777287251278e-16,1.2485633053863893e-12,4.938860474785945e-28,1.1606865441902766e-17,1.141253651855667,2.758757321403008e-12,0.00020482798905465985,500000.0,491511.5105214947
0.0003035180782646621,0.00011443082604325597,0.07642783616021927,297.86413649671283,0.0,0.04554576403431721,147.52976730300054,9.705143247836598e-18,0.0,0.00014626476975128103,49.18410723819651,1.9219720651790042e-16,1.0572044427525213e-16,1.2470554596352796e-12,0.0,1.1516820009606973e-17,1.1407108338742225,2.7484799928649315e-12,0.00020482652261228173,500000.0,491184.73649014585
0.0003037303532400685,0.00011444509862893275,0.05798695351804575,297.82089396078595,0.0,0.045528725463430814,147.47457834319536,9.657827051072239e-18,0.0,0.00014621005401029867,49.16570810574195,1.9129887597304824e-16,1.056037157052018e-16,1.2456770643372608e-12,9.981598345760224e-24,1.1436946066478737e-17,1.1402841088424338,2.740500304329856e-12,0.00020482536943025674,500000.0,490928.9088254229
0.0003039426282154749,0.00011445542454574002,0.03926636558053415,297.7903306896225,0.0,0.045516403576890394,147.4346674474909,9.620742587787061e-18,0.0,0.00014617048533128836,49.15240243989349,1.9042911272232088e-16,1.0549772927888003e-16,1.2444297885024212e-12,0.0,1.1398354110683191e-17,1.1399755149075745,2.7348309842165875e-12,0.00020482453526808977,500000.0,490745.1100197607
0.0003041549031908813,0.00011446175908944674,0.020404286710857526,297.77250634716717,0.0,0.04550884659479684,147.4101908102757,9.593930170729742e-18,0.0,0.00014614621856934572,49.14424231340687,1.8959263802460797e-16,1.0540255345165841e-16,1.2433143886041589e-12,4.334211444398112e-24,1.1361581581804026e-17,1.1397862597759545,2.7314734031692163e-12,0.00020482402358905995,500000.0,490633.92670201854
0.00030436717816628776,0.000114464086862472,0.0015384803339910198,297.7673907534782,0.0,0.0455060697179615,147.40119767135124,9.577386242224769e-18,0.0,0.0001461373025420641,49.14124414205843,1.8879388548757306e-16,1.0531818374480244e-16,1.2423307171521918e-12,6.616100593995053e-23,1.1320702057226407e-17,1.1397167241732784,2.7304179038962154e-12,0.00020482383556405816,500000.0,490595.4530687333
0.00030457945314169417,0.00011446242158826989,-0.017194585411855826,297.7748650840593,0.0,0.045508055410844184,147.40763123240143,9.57106501154659e-18,0.0,0.00014614368093814558,49.14338899018159,1.8803699773202985e-16,1.0524454374598495e-16,1.2414777351490846e-12,0.0,1.1367288292217532e-17,1.139766468930855,2.7316440426369024e-12,0.00020482397008731362,500000.0,490629.29618059745
0.0003047917281171006,0.00011445680574819512,-0.035660565719958216,297.7947235201288,0.0,0.045514753825078434,147.42933002884567,9.574879524066058e-18,0.0,0.00014616519367749128,49.150623028021094,1.8732582374605963e-16,1.0518148637665447e-16,1.2407535283041343e-12,7.720020287262307e-24,1.13974940817189e-17,1.1399342455928634,2.7351207519678427e-12,0.0002048244238037657,500000.0,490734.58306039195
0.000305004003092507,0.00011444731004439628,-0.053728050040651586,297.8266753384403,0.0,0.04552608336107808,147.46602974895853,9.58870217525561e-18,0.0,0.00014620157871472267,49.16285813819904,1.866639163911215e-16,1.0512879541829112e-16,1.2401553269246293e-12,0.0,1.1455953435040062e-17,1.1402180104819188,2.7408064182548775e-12,0.00020482519114791125,500000.0,490909.9695630007
0.0003052162780679134,0.00011443403269246752,-0.07126935495589945,297.8703474315834,0.0,0.045541931366806745,147.51736549728224,9.612364696858459e-18,0.0,0.00014625247428318663,49.179972670300934,1.8605452958429134e-16,1.0508618729720644e-16,1.239679529447528e-12,3.682845738225046e-24,1.1523080160646436e-17,1.1406149421999403,2.7486488899193823e-12,0.00020482626439401457,500000.0,491153.6510199923
0.0003054285530433198,0.00011441709854781093,-0.08816129783028301,297.9252872512963,0.0,0.04556215497422768,147.58287450400593,9.645657658394015e-18,0.0,0.00014631742158110296,49.20181234414024,1.8550061474618383e-16,1.0505331313273937e-16,1.2393217296127773e-12,4.183418443208134e-25,1.1615624437169492e-17,1.1411214625772692,2.7585854257654256e-12,0.00020482763371760604,500000.0,491463.37468951737
0.0003056408280187262,0.00011439665806994147,-0.10428594973420134,297.9909661685281,0.0,0.04558658207517404,147.66199928595017,9.688329543719104e-18,0.0,0.0001463958679054449,49.22819130358099,1.850048161749891e-16,1.0502976105506694e-16,1.2390767473112988e-12,0.0,1.1726560717330391e-17,1.1417332611136293,2.7705425966992678e-12,0.000204829287268224,500000.0,491836.45406671
0.0003058531029941326,0.00011437288612932867,-0.11953136573143197,298.06678324491105,0.0,0.0456150124393366,147.75409126789108,9.740085476839717e-18,0.0,0.00014648717024221222,49.2588933238303,1.8456946508525699e-16,1.0501505880194572e-16,1.2389386631646293e-12,1.2832578319576774e-24,1.1853193946174345e-17,1.1424453229784652,2.7844361582486358e-12,0.00020483121125337375,500000.0,492269.7851298245
0.000306065377969539,0.00011434598066182418,-0.1337922901544784,298.1520694106991,0.0,0.04564721897771391,147.85841487505994,9.800585684530963e-18,0.0,0.0001465905993238396,49.29367317581354,1.8419657213462684e-16,1.0500867660652375e-16,1.2389008569083633e-12,0.0,1.2000189349914159e-17,1.1432519606544485,2.800170912865944e-12,0.0002048333900336816,500000.0,492759.8646120183
0.00030627765294494543,0.00011431616117628289,-0.14697083396939384,298.24609204389117,0.0,0.04568294915517292,147.97415210863443,9.869443796477098e-18,0.0,0.00014670534416545515,49.33225815157118,1.8388781835075682e-16,1.0501003038889827e-16,1.2389560496569787e-12,0.0,1.2162956021760545e-17,1.1441468493155045,2.817640583240407e-12,0.00020483580622920742,500000.0,493302.8103971172
0.0003064899279203519,0.0001142836671216589,-0.1589771207782246,298.34805994412403,0.0,0.04572192655568557,148.10040761577088,9.946225096557241e-18,0.0,0.00014683051709143955,49.37434975452797,1.8364454446361551e-16,1.0501848526397489e-16,1.2390963501223982e-12,7.830681629657608e-25,1.2340636589755873e-17,1.1451230660286702,2.8367277196672693e-12,0.00020483844083684142,500000.0,493894.3841391839
0.0003067022028957583,0.00011424875612064893,-0.16972989744689268,298.4571286930296,0.0,0.045763852603318264,148.23621426414397,1.0030444850465352e-17,0.0,0.00014696515926216673,49.41962555795686,1.8346773874517606e-16,1.0503335937737937e-16,1.2393133048422898e-12,0.0,1.253596516053913e-17,1.1461731328568368,2.857303665776013e-12,0.00020484127335865465,500000.0,494530.0161999785
0.0003069144778711647,0.00011421170207786691,-0.17915710480335892,298.57240639012633,0.0,0.045808408441131696,148.38053922798278,1.0121566844332565e-17,0.0,0.0001471082467078552,49.46774123396791,1.8335802355865678e-16,1.0505392807910896e-16,1.2395979524461596e-12,0.0,1.2744284329645076e-17,1.1472890639164222,2.879228607727408e-12,0.00020484428194099587,500000.0,495204.83298506413
0.0003071267528465711,0.00011417279317155363,-0.18719640334645415,298.69295974992974,0.0,0.04585525696880211,148.53229058823013,1.0219002276223402e-17,0.0,0.00014725869687213383,49.51833275389762,1.8331564092098787e-16,1.0507942844126681e-16,1.2399408819479698e-12,8.12922596879222e-25,1.2964193952926242e-17,1.14846241641028,2.9023517321712733e-12,0.00020484744352402976,500000.0,495913.6867382887
0.00030733902782197753,0.00011413232973894963,-0.1937956484631277,298.8178205418355,0.0,0.04590404503799494,148.69032444368617,1.0322109146883984e-17,0.0,0.00014741537566221116,49.57101875905265,1.8334043748282337e-16,1.0510906412197177e-16,1.240332295003335e-12,0.0,1.3198924120604621e-17,1.149684345611576,2.926511517712289e-12,0.00020485073400129542,500000.0,496651.1878254995
0.00030755130279738394,0.00011409062206667114,-0.19891330922863937,298.94599234954217,0.0,0.04595440580233029,148.85345252290014,1.0430192302884971e-17,0.0,0.00014757710499549857,49.625403098394926,1.8343184943206271e-16,1.0514201057238788e-16,1.2407620720080754e-12,0.0,1.3441978846411849e-17,1.1509456637194864,2.951536185987014e-12,0.0002048541283887279,500000.0,497411.7395019912
0.00030776357777279035,0.00011404798809868537,-0.2025188249435471,299.07645762107467,0.0,0.046005961216231586,149.02045027831744,1.0542504251236645e-17,0.0,0.00014774267082435393,49.681077527003076,1.835888879003946e-16,1.0517742057599847e-16,1.241219841844761e-12,1.0536733927878503e-25,1.3694054503744e-17,1.1522369024437276,2.9772443174397316e-12,0.00020485760100243157,500000.0,498189.57511446247
0.00030797585274819675,0.00011400475107579196,-0.2045928929041655,299.2081849752346,0.0,0.046058324674047246,149.19006543479392,1.0658246914211567e-17,0.0,0.00014791083161129657,49.737624556012946,1.8381012555677004e-16,1.0521443010675338e-16,1.241695055004869e-12,0.0,1.3953644141757534e-17,1.1535483791022891,3.0034456887380495e-12,0.0002048611256443408,500000.0,498978.79763960367
0.00030818812772360316,0.00011396123712185385,-0.2051276812579094,299.3401367235412,0.0,0.04611110377764031,149.36102695423904,1.0776574439574082e-17,0.0,0.00014808032721678267,49.79462044128873,1.8409368513396246e-16,1.052521644776463e-16,1.2421770597284009e-12,3.372599267915715e-26,1.4217865370782583e-17,1.1548702659367007,3.0299422963045844e-12,0.00020486467579472042,500000.0,499773.4214052565
0.00030840040269900957,0.00011391777279330526,-0.2041269611817741,299.47127656037947,0.0,0.04616390321727669,149.53205436725182,1.089659714206803e-17,0.0,0.0001482498881508271,49.85163829444389,1.8443723067282869e-16,1.0528974474879225e-16,1.2426551807136464e-12,1.6568243235914438e-25,1.4485286368432403e-17,1.1561926622649186,3.0565296050257445e-12,0.00020486822481028657,500000.0,500567.41578115104
0.00030861267767441603,0.0001138746826096912,-0.20160615257458367,299.6005773672031,0.0,0.04621632774716276,149.70186741134208,1.1017386681225072e-17,0.0,0.0001484182451285813,49.908251296072685,1.8483796231285886e-16,1.0532629435017285e-16,1.2431187998585176e-12,0.0,1.4754438581293108e-17,1.1575056690047476,3.0829980297051243e-12,0.00020487174612653105,500000.0,501354.75056382664
0.00030882495264982244,0.00011383228658409989,-0.19759227859009929,299.7270290714718,0.0,0.04626798523351329,149.8691959040909,1.1137982487325e-17,0.0,0.00014858413885883632,49.96403598730683,1.8529261543334659e-16,1.0536094587712699e-16,1.2435574384055099e-12,0.0,1.502127505026926e-17,1.1587994650138338,3.1091346086451585e-12,0.00020487521346269834,500000.0,502129.44271988585
0.00030903722762522885,0.0001137908977733096,-0.19212382477228382,299.8496464948289,0.0,0.04631848974966672,150.03278976870618,1.1257399441911359e-17,0.0,0.00014874632998361376,50.01857561217824,1.8579746492864955e-16,1.0539284798876905e-16,1.2439608397768798e-12,3.5843739220236e-25,1.528376558436634e-17,1.1600643846079841,3.134724904227774e-12,0.000204878601027689,500000.0,502885.60409013473
0.00030924950260063526,0.0001137508198682652,-0.18525049947235137,299.967477119584,0.0,0.04636746468959745,150.19142911917172,1.1374636810401603e-17,0.0,0.00014890360907683962,50.07146347984935,1.863483353514785e-16,1.0542117235111369e-16,1.2443190523078847e-12,0.0,1.5542509137227814e-17,1.161290995540269,3.1595550795650433e-12,0.00020488188372500945,500000.0,503617.4895987826
0.00030946177757604167,0.00011371234484607666,-0.17703289351173315,300.07960869833624,0.0,0.046414545868339124,150.34393430300102,1.1488688309994971e-17,0.0,0.00014905480660098636,50.12230631270945,1.869406175606186e-16,1.0544512054396289e-16,1.2446225110174553e-12,0.0,1.579201027844478e-17,1.1624701766523229,3.183414131832803e-12,0.00020488503735477338,500000.0,504319.54545947467
0.0003096740525514481,0.00011367575070502685,-0.167542038449102,300.1851766285702,0.0,0.046459384575481835,150.48917579199326,1.1598553179252191e-17,0.0,0.00014919880271302015,50.17072754379743,1.87569292366546e-16,1.054639308607604e-16,1.2448621175013685e-12,1.0685262858192402e-24,1.6026307994958194e-17,1.1635931943503814,3.206096249439826e-12,0.00020488803881067396,500000.0,504986.45682576776
0.0003098863275268545,0.00011364129930406027,-0.15685886423162926,300.2833710122225,0.0,0.04650165054615133,150.62608380570293,1.1703248069885284e-17,0.0,0.000149334536805354,50.21637052511538,1.882289615018478e-16,1.0547688490720535e-16,1.245029316995667e-12,1.561645780570107e-25,1.6251470379847058e-17,1.164651777014649,3.227403248243601e-12,0.00020489086626979128,500000.0,505613.1942993675
0.0003100986025022609,0.00011360923432788745,-0.14507355856570345,300.37344331912186,0.0,0.046541034812800516,150.75365754884535,1.1801819524064863e-17,0.0,0.00014946101666404678,50.25890160723447,1.8891388604361408e-16,1.0548331391853712e-16,1.2451161716398349e-12,0.0,1.6461384941181413e-17,1.1656381864235825,3.2471470300608544e-12,0.00020489349937306237,500000.0,506195.0586856988
0.0003103108774776673,0.0001135797793981963,-0.13228483172507305,300.45471257771874,0.0,0.046577252400789255,150.87097394271032,1.1893356842788414e-17,0.0,0.0001495773271253493,50.298013050211196,1.8961803224245402e-16,1.0548260472101547e-16,1.245115428970105e-12,3.148785417780343e-24,1.664555032839032e-17,1.1665452852658171,3.2651520702250253e-12,0.00020489591939435947,500000.0,506727.7233824024
0.0003105231524530737,0.00011355313635044446,-0.11859909274361072,300.5265710114115,0.0,0.046610044831227916,150.97719573227656,1.197700492641383e-17,0.0,0.00014968263811330392,50.33342572637192,1.9033512441011444e-16,1.0547420519200979e-16,1.2450205846995976e-12,1.01938507192923e-24,1.6817156227149043e-17,1.1673665998249592,3.2812577010546936e-12,0.00020489810939596873,500000.0,507207.273778149
0.0003107354274284801,0.00011352948369433384,-0.1041295440395916,300.5884890512637,0.0,0.04663918239593161,151.07157885515952,1.2051976775824908e-17,0.0,0.00014977621194550735,50.3648915770044,1.9105870429633144e-16,1.0545762924523582e-16,1.2448259388883982e-12,0.0,1.6978793835191236e-17,1.1680963769568244,3.2953204176795893e-12,0.00020490005436859897,500000.0,507630.2430733021
0.0003109477024038866,0.00011350897527437126,-0.08899520321109948,300.6400196598889,0.0,0.04666446617155582,151.15347896572985,1.2117565529972615e-17,0.0,0.00014985740980128767,50.392195787396325,1.9178219618365318e-16,1.0543246113170483e-16,1.244526644677442e-12,8.52964844983494e-24,1.7091359007769326e-17,1.1687296345343938,3.3072158837519277e-12,0.000204901741354145,500000.0,507993.6439662519
0.000311159977379293,0.00011349173914490594,-0.07331986229507903,300.68080190723606,0.0,0.04668572974305169,151.2223570176747,1.2173155432244598e-17,0.0,0.00014992569725639807,50.41515864797369,1.9249897669012486e-16,1.053983591308288e-16,1.2441187488525384e-12,4.364551348266877e-24,1.7168391985821516e-17,1.1692622046125816,3.316840716772304e-12,0.00020490315954957962,500000.0,508294.99569729075
0.0003113722523546994,0.00011347787667171887,-0.05723099604769376,300.71056374838395,0.0,0.046702840610458186,151.27778382084074,1.2218231558647404e-17,0.0,0.00014998064880078683,50.43363707348055,1.9320244802484241e-16,1.0535505839434539e-16,1.243599223617576e-12,0.0,1.7279118954740123e-17,1.1696907686620748,3.324113985802728e-12,0.0002049043003905897,500000.0,508532.34600771946
0.0003115845273301058,0.00011346746186966846,-0.04085863181697976,300.7291239648185,0.0,0.04671570125764365,151.31944350307907,1.2252387989938135e-17,0.0,0.00015002195127075883,50.44752575710385,1.9388611330618537e-16,1.0530237312386038e-16,1.2429659890861695e-12,1.9898911306950602e-23,1.734501163012774e-17,1.1700128843365696,3.3289783639334625e-12,0.00020490515761386794,500000.0,508704.28765173507
0.0003117968023055122,0.00011346054098311436,-0.024334194595758075,300.73639324215236,0.0,0.046724249866813373,151.34713582467313,1.2275334142014743e-17,0.0,0.0001500494061435581,50.45675794206728,1.9454365239450424e-16,1.052401977698165e-16,1.242217926146182e-12,2.632379827268649e-24,1.731675734806941e-17,1.1702270033680935,3.331400890497033e-12,0.0002049057272972705,500000.0,508809.9691878216
0.0003120090772809186,0.00011345713231298756,-0.007789340419337322,300.7323743706546,0.0,0.046728460668171226,151.36077731097384,1.2286899248180375e-17,0.0,0.00015006293066029136,50.461305799234054,1.9516899674217728e-16,1.0516850753247791e-16,1.24135487950318e-12,0.0,1.7316775899647673e-17,1.170332480324624,3.331373447121674e-12,0.00020490600787739669,500000.0,508849.0998747241
0.000312221352256325,0.00011345722629137703,0.00864520675248223,300.7171615643208,0.0,0.04672834392006839,151.36040118812542,1.2287034604686854e-17,0.0,0.00015006255776220474,50.46118040567888,1.957564015962999e-16,1.050873579119133e-16,1.2403776508718072e-12,1.255260352082257e-23,1.7290280955059768e-17,1.1703295721131137,3.3289126261446214e-12,0.00020490600014439248,500000.0,508821.9485939562
0.00031243362723173143,0.00011346078580142144,0.024840800548378273,300.6909389093218,0.0,0.046723945521127734,151.34615612670237,1.2275813562142864e-17,0.0,0.0001500484348450937,50.45643132583635,1.963005139529268e-16,1.0499688340506402e-16,1.2392879824469307e-12,0.0,1.720266889888741e-17,1.1702194282652039,3.324059386050306e-12,0.000204905707214172,500000.0,508729.3368303373
0.00031264590220713784,0.00011346774673730589,0.040671986624781706,300.6539779659499,0.0,0.046715346261884685,151.31830381768376,1.2253429406392734e-17,0.0,0.00015002082135606197,50.4471458033687,1.9679643480376216e-16,1.048972954343879e-16,1.2380885309452215e-12,0.0,1.712801817090111e-17,1.1700040721944789,3.316878244869709e-12,0.00020490513447859614,500000.0,508572.6258473101
0.00031285817718254425,0.00011347801879635957,0.05601757310674923,300.6066345593404,0.0,0.046702660729227276,151.27721542378853,1.2220191224437307e-17,0.0,0.0001499800852752851,50.433447578096875,1.9723977441950826e-16,1.0478887946823085e-16,1.2367828326568306e-12,4.329166344309009e-23,1.7058710849453624e-17,1.169686373757936,3.3074561189216595e-12,0.0002049042895344385,500000.0,508353.6982912469
0.0003130704521579507,0.00011349148649251606,0.07076164379156623,300.54934480567505,0.0,0.04668603588240222,151.22336696696024,1.2176517659154547e-17,0.0,0.00014992669854304523,50.41549534826026,1.9762669951190165e-16,1.046719913755894e-16,1.2353752600881728e-12,1.1826037324013341e-23,1.685214898015322e-17,1.169270013591682,3.2959007495877952e-12,0.00020490318209227283,500000.0,508074.9345526279
0.0003132827271333571,0.00011350801037788327,0.08479450375619,300.4826204302259,0.0,0.046665649324316535,151.15733372886464,1.2122928923473993e-17,0.0,0.00014986123150824188,50.393480903730634,1.9795397140197363e-16,1.045470531503805e-16,1.2338709708994175e-12,0.0,1.6642257667567755e-17,1.168759439815178,3.282339026033077e-12,0.00020490182386666029,500000.0,507739.18429494725
0.00031349500210876353,0.00011352742845696247,0.09801354746562964,300.40704344289753,0.0,0.04664170729612885,151.07978375507741,1.2060037441297042e-17,0.0,0.00014978434648827798,50.36762696041034,1.9821897460277164e-16,1.0441454799986262e-16,1.2322758499455514e-12,1.0987948128760527e-22,1.663407890127963e-17,1.1681598178051469,3.2669148852319013e-12,0.00020490022844926254,500000.0,507349.7336344642
0.00031370727708416994,0.00011354955777612926,0.11032404073569112,300.32326024463833,0.0,0.046614442426674334,150.99147056513655,1.1988537062122486e-17,0.0,0.0001496967905416203,50.338184729878215,1.9841973545287267e-16,1.0427501494898666e-16,1.2305964453142967e-12,3.887643452866153e-23,1.6416027470663037e-17,1.1674769738291713,3.2497870990336818e-12,0.00020489841116671218,500000.0,506910.26851289056
0.00031391955205957634,0.00011357419616935712,0.12163980976857162,300.2319752437592,0.0,0.04658411127104887,150.89322517964655,1.1909191418349172e-17,0.0,0.00014959938756326717,50.3054312613514,1.985549307004224e-16,1.0412904295467854e-16,1.2288398993168663e-12,0.0,1.5903623591719867e-17,1.1667173333986867,3.231126934053215e-12,0.00020489638892521992,500000.0,506424.83484921226
0.00031413182703498275,0.0001136011241398969,0.1318838323468825,300.1339440650443,0.0,0.04655099167459274,150.78594758182112,1.1822821671347785e-17,0.0,0.0001494930298195047,50.26966659509777,1.9862388626358438e-16,1.0397726473555178e-16,1.2270138754267784e-12,2.382794216824089e-22,1.5956322591834685e-17,1.1658878552490117,3.2111157227251125e-12,0.0002048941800440003,500000.0,505897.79608531593
0.00031434410201038916,0.00011363010685675238,0.14098872790172484,300.02996643679995,0.0,0.04651537999952576,150.67059773412987,1.1730293969504834e-17,0.0,0.00014937866904158112,50.231210767527045,1.9862656662372015e-16,1.0382035028134055e-16,1.2251264821773634e-12,7.615584493559246e-23,1.6055544913897724e-17,1.1649959618794117,3.189942418373361e-12,0.00020489180407965975,500000.0,505333.7887530692
0.00031455637698579557,0.00011366089624427556,0.1488971447058151,299.9208788416526,0.0,0.046477588251662344,150.54818627128535,1.1632506927451812e-17,0.0,0.0001492573071984974,50.19040070837885,1.985635555284248e-16,1.0365900026795235e-16,1.2231861950221036e-12,0.0,1.5069432072224657e-17,1.1640494675905988,3.1678011818832152e-12,0.0002048892816437137,500000.0,504737.67668887577
0.000314768651961202,0.00011369323314300787,0.15556204400917997,299.80754701598914,0.0,0.04643794114405809,150.4197649889389,1.1530379393720793e-17,0.0,0.00014912998706725762,50.147587069803286,1.9843602885653263e-16,1.0349393931412063e-16,1.221201777135857e-12,4.644505471882038e-22,1.487181347311229e-17,1.1630565049426416,3.1448890453461855e-12,0.00020488663421538018,500000.0,504114.5045067657
0.0003149809269366084,0.00011372684952000896,0.16094688246684902,299.69085838055497,0.0,0.046396773133162816,150.28641724331766,1.1424838758732814e-17,0.0,0.00014899778271482484,50.103131025750706,1.9824572063650753e-16,1.0332590932426718e-16,1.2191822000910683e-12,8.192931626379829e-23,1.5797549910504753e-17,1.162025450524264,3.1214036942612234e-12,0.00020488388395173974,500000.0,503469.450913958
0.00031519320191201485,0.00011376147070734362,0.16502569558491217,299.5717144810015,0.0,0.04635442546113766,150.1492483708257,1.1316810021170311e-17,0.0,0.00014886178999986928,50.05740107801722,1.9799488331445436e-16,1.0315566283092429e-16,1.217136565283121e-12,0.0,1.4466658837611997e-17,1.1609648508765076,3.097541401576268e-12,0.00020488105349726024,500000.0,502807.7824148859
0.00031540547688742126,0.00011379681764810717,0.16778308608574008,299.4510235122482,0.0,0.046311243235536544,150.00937622867195,1.120720578136726e-17,0.0,0.0001487231171945063,50.01076990263859,1.9768624342855483e-16,1.0298395656931291e-16,1.2150740269059434e-12,8.312748517162702e-22,1.3398531587263048e-17,1.1598833493521836,3.0734951396684825e-12,0.00020487816579456427,500000.0,502134.8079027057
0.00031561775186282766,0.00011383260913031134,0.16921412207240974,299.3296929948474,0.0,0.04626757257468544,149.86792194830164,1.109691728267328e-17,0.0,0.00014858287581701228,49.963611267229524,1.9732295386052943e-16,1.0281154518873447e-16,1.2130037171963263e-12,0.0,1.5420463479753697e-17,1.1587896146207335,3.0494528890328474e-12,0.00020487524389817594,500000.0,501455.83458404953
0.00031583002683823407,0.00011386856399007806,0.1693241506814408,299.20862266522977,0.0,0.046223757843939756,149.72600098319424,1.0986806580295487e-17,0.0,0.0001484421717563838,49.91629704646015,1.9690854380824759e-16,1.0263917530064421e-16,1.2109346745764971e-12,0.0,1.423629655169867e-17,1.1576922714491575,3.0255961550837197e-12,0.00020487231079282435,500000.0,500776.12562523957
0.0003160423018136405,0.00011390440326686787,0.16812853360078814,299.08869763486683,0.0,0.046180139004662474,149.58471452178037,1.0877699884279436e-17,0.0,0.0001483020967588845,49.869194359257335,1.9644686757253718e-16,1.0246757978032286e-16,1.2088757752320136e-12,4.143199361693706e-28,1.3718094259989097e-17,1.1565998343060664,3.002098700207705e-12,0.0002048693892177146,500000.0,500100.85984808626
0.0003162545767890469,0.00011393985229485322,0.16565231107685757,298.9707818655641,0.0,0.04613704909436293,149.44514132520692,1.077038205403709e-17,0.0,0.0001481637203357976,49.822662847643784,1.9594205314005912e-16,1.0229747245765939e-16,1.2068356685689513e-12,0.0,1.349124401073667e-17,1.1555206442506893,2.9791254740854115e-12,0.00020486650149798078,500000.0,499435.09374170675
0.0003164668517644533,0.00011397464271601905,0.16192980162576062,298.85571200243163,0.0,0.04609481185303937,149.30833003867858,1.0665592246575878e-17,0.0,0.00014802808214069399,49.777052113460094,1.9539845148432705e-16,1.0212954316912324e-16,1.2048227169030388e-12,1.5191906487846661e-24,1.3266170772447272e-17,1.154462809483612,2.9568317719694185e-12,0.00020486366938439373,500000.0,498783.72599989665
0.0003166791267398597,0.00011400851440209447,0.1570041445778458,298.7442915980104,0.0,0.046053739507470125,149.17529201441832,1.056402064962834e-17,0.0,0.00014789618485393235,49.7326993256525,1.948205873667938e-16,1.0196445319903002e-16,1.2028449396454421e-12,0.0,1.306243653971187e-17,1.153434149853387,2.9353625635697295e-12,0.0002048609139021969,500000.0,498151.46473505796
0.0003168914017152661,0.0001140412172739329,0.1509267924782952,298.63728575405196,0.0,0.046014130722102024,149.04699467426235,1.0466306197692307e-17,0.0,0.0001477689876021667,49.689927007466274,1.9421311228028556e-16,1.0180283113794361e-16,1.2009099621683231e-12,0.0,1.2862981619905103e-17,1.152442145535639,2.9148520069744365e-12,0.00020485825520977119,500000.0,497542.7974667517
0.0003171036766906725,0.00011407251300843874,0.14375696026961787,298.5354162014554,0.0,0.045976268722347495,148.9243554307132,1.0373035177443426e-17,0.0,0.0001476473999315239,49.64904100982034,1.9358076004666543e-16,1.0164526915342061e-16,1.19902496945943e-12,0.0,1.269051147057825e-17,1.1514938900302063,2.895423124909466e-12,0.00020485571246768214,500000.0,496961.96393612603
0.000317315951666079,0.0001141021766245702,0.13556103785971615,298.4393568331171,0.0,0.045940419593558796,148.8082361770386,1.0284740606861767e-17,0.0,0.00014753227634494646,49.61032867439267,1.9292830544827913e-16,1.0149231966795137e-16,1.1971966646098947e-12,1.1250486956218786e-24,1.2496484970049038e-17,1.150596047558186,2.877187609352263e-12,0.00020485330371852118,500000.0,496412.93175599026
0.0003175282266414854,0.00011412999794132747,0.12641197245980948,298.3497296993189,0.0,0.04590683075671087,148.69943834975652,1.0201902293458731e-17,0.0,0.00014742441140701553,49.574057187530514,1.9226052616026833e-16,1.0134449244707932e-16,1.1954312321222056e-12,0.0,1.235783188119337e-17,1.1497548148847139,2.860245763356579e-12,0.00020485104577782647,500000.0,495899.37487086636
0.0003177405016168918,0.00011415578290193704,0.11638862654785721,298.2671014703149,0.0,0.0458757296199255,148.59869856069892,1.0124947438277031e-17,0.0,0.0001473245354134668,49.54047212404892,1.9158216813075962e-16,1.0120225208640496e-16,1.1937343059780972e-12,1.1581340794019404e-24,1.2175035318626018e-17,1.1489758875457625,2.844686526041291e-12,0.0002048489541362495,500000.0,495424.65477153077
0.0003179527765922982,0.00011417935475964005,0.10557511681170718,298.1919803667255,0.0,0.04584732240343304,148.50668479086602,1.0054251659698478e-17,0.0,0.00014723331061768097,49.509796178321615,1.9089791444396068e-16,1.0106601588062915e-16,1.1921109423684985e-12,0.0,1.2107570789840328e-17,1.1482644304187493,2.830587581159634e-12,0.0002048470428730344,500000.0,494991.80438571627
0.0003181650515677046,0.00011420055512157766,0.09406013897390944,298.12481355516627,0.0,0.04582179313439086,148.4239931344741,9.99014032150848e-18,0.0,0.00014715132800264977,49.482228078797625,1.9021235760320937e-16,1.0093615206334753e-16,1.1905655969595865e-12,2.5408020152333623e-24,1.188964032648532e-17,1.147625052547276,2.8180155256318404e-12,0.0002048453245808022,500000.0,494603.51455058553
0.000318377326543111,0.000114219244848254,0.0819362829451086,298.06598500392795,0.0,0.045799302807125006,148.35114507883475,9.932890071969538e-18,0.0,0.00014707910458417904,49.45794168115582,1.8952997509477498e-16,1.0081297840248962e-16,1.1891021065493898e-12,0.0,1.1961545464790227e-17,1.147061786108962,2.8070260779584456e-12,0.00020484381030156954,500000.0,494262.1229622284
0.00031858960151851743,0.00011423530480695047,0.06929934227699447,298.01581379141174,0.0,0.04577998870380743,148.28858530391105,9.88273050007369e-18,0.0,0.0001470170812293125,49.43708523471138,1.8885510803402957e-16,1.006967611315802e-16,1.1877236749576337e-12,4.693886201839512e-24,1.1577784838999208e-17,1.1465780694014494,2.7976643123549272e-12,0.0002048425094738829,500000.0,493969.6054922366
0.00031880187649392384,0.00011424863647826284,0.05624762142629689,297.97455285841585,0.0,0.045763963870305596,148.23667998450085,9.839845818177431e-18,0.0,0.00014696562097307302,49.41978081639052,1.881919426453181e-16,1.0058771420106724e-16,1.1864328629869174e-12,0.0,1.2031518952422919e-17,1.1461767337147646,2.78996490423455e-12,0.00020484142989091254,500000.0,493727.5697609521
0.00031901415146933025,0.00011425916241563445,0.04288124393105208,297.9423881943576,0.0,0.045751316741915675,148.19571557791784,9.804376496553023e-18,0.0,0.00014692500781653895,49.406123926562266,1.8754449428513794e-16,1.004859988354193e-16,1.1852315822950257e-12,9.741678478517557e-24,1.1053516666484299e-17,1.1458599939575782,2.78395237517218e-12,0.00020484057766932752,500000.0,493537.2508609595
0.00031922642644473666,0.00011426682655837743,0.029301464255240932,297.91943844688336,0.0,0.045742110913876886,148.1658980806408,9.776420792873903e-18,0.0,0.000146895445989867,49.39618324121706,1.8691659369123118e-16,1.0039172337936513e-16,1.1841210930250966e-12,0.0,1.2660218058567322e-17,1.1456294429095657,2.7796413280354467e-12,0.0002048399572287625,500000.0,493399.5091318239
0.0003194387014201431,0.00011427159439922517,0.015609985762095536,297.90575494416873,0.0,0.04573638505191376,148.14735273853634,9.756036131748093e-18,0.0,0.0001468770596649998,49.39000051535958,1.863118751293828e-16,1.0030494341945409e-16,1.1831020050512602e-12,2.0104875324821822e-23,9.699659128538562e-18,1.1454860489808265,2.7770366651705107e-12,0.00020483957128168234,500000.0,493314.8298974414
0.0003196509763955495,0.0001142734530079567,0.0019082870474907711,297.90132211903403,0.0,0.045734152938524494,148.14012419678426,9.743240298926645e-18,0.0,0.00014686989310430578,49.38759063299146,1.857337661099713e-16,1.0022566217079965e-16,1.1821742827110534e-12,0.0,1.493636478809429e-17,1.1454301573711185,2.776133784884389e-12,0.00020483942083345287,500000.0,493283.3250892135
0.00031986325137095593,0.00011427241091308731,-0.011703041324393659,297.9060583244795,0.0,0.04573540365128634,148.14417707742754,9.738012426670292e-18,0.0,0.00014687391123317683,49.38894179965744,1.851854783534114e-16,1.0015383111859726e-16,1.181337252911429e-12,4.149814249525383e-23,5.6180467909491375e-18,1.1454614945355175,2.7769187538596634e-12,0.00020483950519243184,500000.0,493304.7366921336
0.00032007552634636234,0.00011426849784404314,-0.02512494772350119,297.9198170300021,0.0,0.04574010187004476,148.15939697439674,9.74029376047704e-18,0.0,0.00014688900062652093,49.394015874170805,1.8466999969810145e-16,1.0008935090569866e-16,1.1805896165113834e-12,0.0,2.210926504074333e-17,1.1455791758780158,2.7793684552421885e-12,0.00020483982198990253,500000.0,493378.44196390343
0.00032028780132176875,0.0001142617643366406,-0.038260556152068886,297.942388389406,0.0,0.045748188310451264,148.18559185779856,9.749988205100701e-18,0.0,0.00014691497090100943,49.40274883678119,1.841900866676635e-16,1.0003207245998166e-16,1.1799294629003414e-12,0.0,1.2953689566075686e-17,1.1457817166095843,2.7834507108479856e-12,0.00020484036720968413,500000.0,493503.4603927034
0.00032050007629717516,0.00011425228120510226,-0.05101578666994604,297.97350116930266,0.0,0.045759580281862514,148.2224938810292,9.76696268430491e-18,0.0,0.0001469515565066957,49.41505139163777,1.8374825744520195e-16,9.998179836493242e-17,1.1793542877050155e-12,7.069786039362897e-24,1.0087200052179286e-17,1.146067045720904,2.789124403247688e-12,0.00020484113522723836,500000.0,493678.46236905514
0.00032071235127258157,0.00011424013888425454,-0.0632999577266313,298.01282502952114,0.0,0.04577417236809079,148.26976158582394,9.791047306857367e-18,0.0,0.00014699841891315684,49.43080970191815,1.833467850464647e-16,9.993828445341264e-17,1.1788610135708678e-12,0.0,1.3078722885000074e-17,1.1464325230319676,2.7963395494513183e-12,0.00020484211885812842,500000.0,493901.77956171747
0.000320924626247988,0.00011422544664597525,-0.0750263682901083,298.0599731459892,0.0,0.045791837229878285,148.32698250158853,9.822035377894207e-18,0.0,0.00014705514918653766,49.44988625640466,1.8298769051353966e-16,9.990124164014275e-17,1.1784460139730156e-12,8.991462724426847e-25,1.1274027546407231e-17,1.1468749592902991,2.8050374037157717e-12,0.0002048433094156632,500000.0,494171.41699596995
0.0003211369012233944,0.00011420833169441865,-0.08611285744451755,298.1145051657876,0.0,0.04581242652819933,148.39367613611174,9.85968331531529e-18,0.0,0.00014712127095461874,49.47212086654086,1.826727359971852e-16,9.98703379890437e-17,1.1781051400165758e-12,5.910234120190812e-25,1.1913529637940206e-17,1.1473906392953588,2.8151505510863003e-12,0.00020484469677754252,500000.0,494485.0668384315
0.0003213491761988008,0.00011418893814505635,-0.09648233899454649,298.1759304836183,0.0,0.045835771967544105,148.46929735491707,9.90371052281194e-18,0.0,0.00014719624375719227,49.497331793054464,1.8240341765390614e-16,9.984520100913833e-17,1.1778337501870096e-12,8.130555945940342e-24,8.855269416265126e-18,1.1479753480279355,2.826603016628897e-12,0.0002048462694613006,500000.0,494840.123896263
0.0003215614511742072,0.0001141674258931114,-0.10606330850202161,298.2437118290496,0.0,0.045861686458215124,148.5532401461153,9.953799250304834e-18,0.0,0.00014727946677863253,49.52531700109991,1.8218095833734228e-16,9.982542017903663e-17,1.1776267430077127e-12,0.0,1.534563221826132e-17,1.1486243997602594,2.8393103907872426e-12,0.00020484801470834531,500000.0,495233.7028405665
0.00032177372614961366,0.00011414396937754454,-0.11479031986385024,298.31726915134766,0.0,0.04588996539634298,148.6448417665692,1.0009594529619973e-17,0.0,0.00014737028295850926,49.5558555425246,1.8200630010750278e-16,9.981054971062742e-17,1.1774785925517527e-12,7.70154961727482e-24,8.255539875415197e-18,1.1493326701144466,2.8531800170989507e-12,0.000204849918576312,500000.0,495662.65715818503
0.00032198600112502007,0.00011411875624737694,-0.12260442835844346,298.39598378737475,0.0,0.0459203880597915,148.74338726344143,1.0070704250256396e-17,0.0,0.00014746798347436537,49.58870906328199,1.8188009664049408e-16,9.980011153888427e-17,1.1773833867404128e-12,0.0,1.8419326320313206e-17,1.1500946310234346,2.868111206007589e-12,0.00020485196603942273,500000.0,496123.59982924105
0.0003221982761004265,0.00011409198593780586,-0.129453596939788,298.4792028969377,0.0,0.045952719117359736,148.84811436273017,1.0136699445816408e-17,0.0,0.000147571812588336,49.62362343319256,1.818027056803753e-16,9.97935985341615e-17,1.1773348683409733e-12,1.0888205935070966e-23,4.741489892061238e-18,1.1509043885294945,2.8839955213799374e-12,0.00020485414109649205,500000.0,496612.9257177971
0.0003224105510758329,0.00011406386816427716,-0.13529306234621302,298.5662441465525,0.0,0.04598671024771279,148.95821871323307,1.0207114856320821e-17,0.0,0.00014768097284614744,49.66033049419898,1.817741817245642e-16,9.979047794029104e-17,1.1773264785502943e-12,0.0,2.189138604318761e-17,1.1517557233309381,2.9007171428678365e-12,0.00020485642688614536,500000.0,497126.83564580005
0.0003226228260512393,0.00011403462134341552,-0.14008565752437535,298.6564006208621,0.0,0.04602210186328801,149.07285947054453,1.0281449848987225e-17,0.0,0.00014779463061323492,49.698549921983215,1.8179426918230281e-16,9.979019502541421e-17,1.1773514030198872e-12,9.41371758437224e-24,2.8988308621855432e-18,1.1526421339579913,2.91815331231755e-12,0.0002048588058087367,500000.0,497661.3621027269
0.0003228351010266457,0.00011400447095046857,-0.14380208675448578,298.7489459367038,0.0,0.0460586249330502,149.19116520123958,1.035916977044772e-17,0.0,0.0001479119219283004,49.73799119432858,1.8186239629422827e-16,9.979217693135724e-17,1.1774026201429115e-12,0.0,2.297058313301764e-17,1.153556882424368,2.9361748770397224e-12,0.0002048612596543698,500000.0,498212.3965182801
0.0003230473760020521,0.00011397364782367991,-0.14642114995028233,298.84313953323647,0.0,0.046096002896427436,149.31224008240892,1.0439707791355453e-17,0.0,0.0001480319586496898,49.77835565794739,1.8197767014344386e-16,9.979583671145482e-17,1.1774729513845036e-12,5.854035623353484e-24,4.8299849807432344e-18,1.1544930421625252,2.954646937633111e-12,0.0002048637697363406,500000.0,498775.718002022
0.0003232596509774585,0.00011394238642675491,-0.1479299126333611,298.93823210683064,0.0,0.046133953659088574,149.4351703662901,1.0522467297661811e-17,0.0,0.00014815383486459297,49.8193386836875,1.8213887311901643e-16,9.980057753735443e-17,1.177555113394854e-12,0.0,1.907446543172561e-17,1.1554435480086596,2.9734296061073636e-12,0.00020486631702922598,500000.0,499347.0234227508
0.00032347192595286493,0.00011391092308130143,-0.14832381831347016,299.03347115725353,0.0,0.04617219165945271,149.55903107401446,1.0606824875845527e-17,0.0,0.00014827663352539518,49.86063189812235,1.8234446121265757e-16,9.980579704989806e-17,1.1776417716005426e-12,1.1194042489162453e-24,1.13847405326451e-17,1.1564012479592416,2.9923788780799157e-12,0.00020486888231074896,500000.0,499921.95867171016
0.00032368420092827134,0.00011387949418179913,-0.1476067402434657,299.128106607434,0.0,0.04621042999300727,149.68289287660417,1.0692133926267112e-17,0.0,0.00014839943327167235,49.90192547756731,1.825925645401712e-16,9.981089182865688e-17,1.1777255949251108e-12,4.057124098058839e-25,1.2969786166511217e-17,1.157358956375383,3.011347619231144e-12,0.0002048714463064538,500000.0,500496.1509202623
0.0003238964759036778,0.00011384833440625461,-0.14579096990312054,299.221396456301,0.0,0.04624838257969263,149.80582911547097,1.0777728920440015e-17,0.0,0.0001485213153904929,49.942910488603694,1.8288099047819776e-16,9.981526194922336e-17,1.1777993112459703e-12,0.0,1.6402391364946824e-17,1.1583095082658414,3.0301866630326192e-12,0.0002048739898361357,500000.0,501065.2416511057
0.0003242353554150334,0.00011379972064450223,-0.14066946776989792,299.36573479443416,0.0,0.04630767712729625,149.99789645132844,1.0913275459511306e-17,0.0,0.000148711735839862,50.00694272150603,1.834186607667429e-16,9.981927078773998e-17,1.177878324751489e-12,5.985045184712003e-26,1.4145238999248784e-17,1.1597945867981263,3.0596203050279002e-12,0.000204877961041243,500000.0,501952.49435358157
0.0003245742349263891,0.00011375329041616804,-0.13292995057436446,299.5019413868108,0.0,0.046364403026343884,150.18164356598675,1.1045016109218457e-17,0.0,0.0001488939074099652,50.06820112334092,1.8404079442655246e-16,9.981759507613419e-17,1.1778852578341953e-12,2.8118966902711525e-25,1.39334564723019e-17,1.1612153327781363,3.0877356041178402e-12,0.00020488175716577733,500000.0,502798.73127250705
0.00032491311443774473,0.00011370990221595163,-0.12275010813379086,299.62734501959164,0.0,0.04641749604930135,150.35362325572552,1.117015995904796e-17,0.0,0.0001490644124552145,50.1255364505319,1.847337372684106e-16,9.980803115894614e-17,1.1777936439729371e-12,4.328517368556331e-25,1.3957174895058447e-17,1.1625450921773244,3.1139444707831715e-12,0.00020488530742682093,500000.0,503587.77547886624
0.00032515551223846084,0.00011368117494429474,-0.11409477504142077,299.70905471560485,0.0,0.046452693429866555,150.46763529762123,1.1254117618382493e-17,0.0,0.0001491774468977541,50.16354627444872,1.852643962790108e-16,9.979521698578181e-17,1.177654090866373e-12,8.924459541482901e-26,1.4764277140154783e-17,1.1634266415307715,3.131211937885526e-12,0.00020488765953343948,500000.0,504108.7241155228
0.00032539791003917694,0.00011365467357698438,-0.10440100328345456,299.783180304179,0.0,0.046485195084658856,150.57291547229698,1.133236688538656e-17,0.0,0.00014928182434467926,50.19864503098148,1.858174588418702e-16,9.97766493877284e-17,1.177443605193856e-12,0.0,1.5442307860883608e-17,1.164240675455158,3.1470302207776456e-12,0.00020488983041544768,500000.0,504587.7187863825
0.00032564030783989304,0.00011363063721805752,-0.09377472151884456,299.8489995917259,0.0,0.04651469977919482,150.6684880319459,1.1404019637428319e-17,0.0,0.00014937657741475666,50.23050742113712,1.863866076472465e-16,9.975171717081896e-17,1.1771549327210423e-12,8.660201381011584e-26,1.5077650369680676e-17,1.1649796493978537,3.16122598525169e-12,0.00020489180020737986,500000.0,505020.2087836122
0.00032588270564060914,0.00011360927815270301,-0.08233092272333437,299.90588032304555,0.0,0.04654093896696187,150.7534831100901,1.1468257174716558e-17,0.0,0.00014946084370019995,50.258843445094634,1.869653010706772e-16,9.971988025149851e-17,1.1767816907685175e-12,0.0,1.5460438749613228e-17,1.1656368374883244,3.1736440176538765e-12,0.0002048935512397056,500000.0,505402.15070233645
0.00032612510344132525,0.00011359077980154381,-0.0701923824750705,299.9532866274679,0.0,0.04656367968113578,150.8271460883352,1.1524344799944276e-17,0.0,0.0001495338750531089,50.28340152493393,1.8754685109286217e-16,9.96806755046976e-17,1.1763184352150144e-12,6.6747752971204e-28,1.5525608293156024e-17,1.1662064049625551,3.1841496665805104e-12,0.00020489506822030578,500000.0,505730.05331409053
0.00032636750124204135,0.00011357529502243496,-0.057488231149389515,299.9907842952336,0.0,0.04658272697892976,150.8888455140318,1.1571645068005633e-17,0.0,0.00014959504543524035,50.30397114425975,1.8812450971063553e-16,9.963372161184043e-17,1.175760715497871e-12,7.398768082149761e-27,1.556870201960424e-17,1.1666834693829808,3.192630993087009e-12,0.00020489633838722808,500000.0,506001.01542357355
0.0003266098990427575,0.00011356294475587109,-0.044352494205978955,300.0180448626962,0.0,0.046597925928223975,150.9380795353125,1.1609628576970283e-17,0.0,0.00014964385729786847,50.320384993542014,1.8869155776436603e-16,9.957872292549729e-17,1.1751051176372375e-12,0.0,1.5953316829976435e-17,1.16706415039466,3.1990005655428747e-12,0.0002048973516308169,500000.0,506212.7564592233
0.0003268522968434736,0.00011355381701464392,-0.03092261948617145,300.0348484939214,0.0,0.04660916312247776,150.97448080816346,1.1637882696284966e-17,0.0,0.0001496799464467799,50.33252060605635,1.8924139368693014e-16,9.951547227943607e-17,1.1743492950452925e-12,2.6174565386819976e-26,1.5697462184092175e-17,1.1673456076671054,3.2031967957033707e-12,0.0002048981005847416,500000.0,506363.63953769085
0.0003270946946441897,0.00011354796623210816,-0.017337962358049158,300.04108562079375,0.0,0.046616367695428616,150.99781978322724,1.1656118725399167e-17,0.0,0.00014970308530089406,50.34030145365255,1.8976762235134644e-16,9.944385272485292e-17,1.17349198643499e-12,1.2345955536526742e-26,1.5461401907995013e-17,1.167526066308081,3.205184922992155e-12,0.00020489858068538242,500000.0,506452.68655847164
0.0003273370924449058,0.00011354541298561962,-0.0037382297027613877,300.0367572896314,0.0,0.04661951180713563,151.0080062802081,1.166417696454109e-17,0.0,0.00014971318445316874,50.34369747163653,1.902641433012121e-16,9.936383808886334e-17,1.1725330202042005e-12,0.0,1.5946856204750505e-17,1.1676048290370193,3.2049574228209238e-12,0.00020489879019830988,500000.0,506479.58488145936
0.0003275794902456219,0.00011354614410140427,0.009738078677605554,300.02197419147626,0.0,0.04661861058873025,151.00508930894415,1.1662028923004119e-17,0.0,0.00014971029249320636,50.342724999118694,1.9072523575405263e-16,9.927549237399405e-17,1.171473305142773e-12,2.2846573877555582e-26,1.5694583540449e-17,1.167582274801537,3.2025339491835884e-12,0.000204898730210904,500000.0,506444.68538387265
0.000327821888046338,0.00011355011313437974,0.02295519182726813,299.996954399849,0.0,0.04661372155226013,150.98925515783142,1.1649776681108228e-17,0.0,0.00014969459411206892,50.33744614172441,1.9114563736165784e-16,9.91789680024339e-17,1.1703148077925372e-12,0.0,1.527541084670049e-17,1.1674598439969912,3.197960781013738e-12,0.0002048984045913577,500000.0,506348.99200263515
0.0003280642858470541,0.00011355724120924097,0.03578153214113039,299.96201987159867,0.0,0.046604943484245286,150.96082380990813,1.1627649741431114e-17,0.0,0.00014966640654909253,50.327967576772906,1.9152061467658107e-16,9.907450296678398e-17,1.1690605170612823e-12,0.0,1.5810473787848787e-17,1.167240010755385,3.19130978441779e-12,0.00020489781991535124,500000.0,506194.14307873877
0.00032830668364777023,0.00011356741820717082,0.04809111147617798,299.91759177796075,0.0,0.046592414847158786,150.92024376502704,1.159599956743298e-17,0.0,0.00014962617445845748,50.31443882707077,1.9184602415481667e-16,9.896241693480763e-17,1.1677143968100499e-12,2.682993812754438e-26,1.5524017678800743e-17,1.1669262429100289,3.182676934861695e-12,0.00020489698536208523,500000.0,505982.38492226496
0.00032854908144848633,0.00011358050428083888,0.05976484353030394,299.86418474017154,0.0,0.0465763117180179,150.86808536265295,1.1555291845608776e-17,0.0,0.00014957446328923917,50.297050034837596,1.9211836267827668e-16,9.884310639208434e-17,1.1662813272588496e-12,0.0,1.494474013912818e-17,1.1665229503669272,3.1721804434911243e-12,0.0002048959125814883,500000.0,505716.5381024579
0.00032879147924920243,0.00011359633167597129,0.07069175256820517,299.8024000594644,0.0,0.04655684530112651,150.80503272526562,1.1506096644495621e-17,0.0,0.0001495119512978928,50.27602927576299,1.9233480648818692e-16,9.871703890830961e-17,1.1647670362534406e-12,0.0,1.54418525792266e-17,1.1660354228105876,3.1599585441323856e-12,0.0002048946155347452,500000.0,505399.95709503745
0.00032903387704991854,0.00011361470683213812,0.08077006103783088,299.73291805147204,0.0,0.04653425906087367,150.7318744710611,1.1449076872986161e-17,0.0,0.00014943942034058874,50.251639462767066,1.9249323767553255e-16,9.858474664008967e-17,1.1631780216440686e-12,2.077740766766621e-26,1.5124662369234116e-17,1.1654697578939552,3.1461670075542972e-12,0.00020489311031081858,500000.0,505036.48406170047
0.00032927627485063464,0.00011363541273125055,0.08990814455657146,299.656489610051,0.0,0.04650882552691614,150.64949336544902,1.1384975492358344e-17,0.0,0.00014935774561344336,50.22417489597226,1.925922579592034e-16,9.844681918915047e-17,1.1615214661658273e-12,0.0,1.4580766198155672e-17,1.1648327812230423,3.1309764547058067e-12,0.00020489141492207333,500000.0,504630.3976395369
0.00032951867265135074,0.0001136582114602918,0.09802534680888747,299.57392713212994,0.0,0.046480842827145236,150.55885509079675,1.1314601862332735e-17,0.0,0.0001492678845185572,50.193957518712324,1.9263119002129239e-16,9.830389594561185e-17,1.1598051462673553e-12,0.0,1.4886125893594308e-17,1.1641319595237754,3.114569542590942e-12,0.00020488954908230933,500000.0,504186.35766540084
0.00032976107045206684,0.00011368284695379704,0.1050526485433958,299.4860949373276,0.0,0.04645063100507426,150.46099631787337,1.1238817571269463e-17,0.0,0.00014917086483774082,50.161332940739136,1.9261006698168718e-16,9.815665804463672e-17,1.1580373363496786e-12,9.060094288836394e-27,1.4536455288437673e-17,1.1633753084095388,3.0971380948967253e-12,0.00020488753397055945,500000.0,503709.34677539364
0.00033000346825278295,0.00011370904788049427,0.11093318641013518,299.39389931769506,0.0,0.046418528179003576,150.35701226478287,1.115852213299982e-17,0.0,0.00014906777239812396,50.12666629056646,1.9252961080119873e-16,9.800582006502688e-17,1.1562267098793298e-12,4.156200447941164e-28,1.4327040364918852e-17,1.1625712961859458,3.0788802442208175e-12,0.00020488539198405072,500000.0,503204.6098239115
0.00033024586605349905,0.00011373653063753566,0.11562262033882408,299.29827835317354,0.0,0.04638488660031619,150.24804392916107,1.1074638948211056e-17,0.0,0.00014895973841383054,50.090337958884916,1.9239120064807727e-16,9.785212160073396e-17,1.1543822388233323e-12,4.088448235673822e-28,1.4133809165812823e-17,1.1617287451292608,3.0599976558453644e-12,0.0002048831464837396,500000.0,502677.5920568941
0.00033048826385421515,0.00011376500241553745,0.1190893508225002,299.20019162670553,0.0,0.046350068666807166,150.13526517471664,1.0988101847984901e-17,0.0,0.00014884792668324635,50.052739293417595,1.9219683252213645e-16,9.769631881644425e-17,1.152513092798422e-12,4.362708490195066e-28,1.3937025364969318e-17,1.1608567316386023,3.040692866233632e-12,0.0002048808215358142,500000.0,502133.87694198906
0.00033073066165493126,0.00011379416429839421,0.12131459022330987,299.1006099665165,0.0,0.04631444294392726,150.01986984340417,1.0899842481985458e-17,0.0,0.00014873352081169904,50.01426830232095,1.9194907160688347e-16,9.75391761114863e-17,1.1506285392370164e-12,3.306016515907791e-27,1.3721512663610805e-17,1.159964486586329,3.021166811073402e-12,0.00020487844165240223,500000.0,501579.12449882744
0.0003309730594556474,0.00011382371436321314,0.1222922940643468,299.00050533397155,0.0,0.046278380242743354,149.9030590513089,1.0810778756543318e-17,0.0,0.00014861771161627473,49.975325418832355,1.916509988725716e-16,9.738145799150834e-17,1.1487378457580235e-12,4.519681409209037e-28,1.3546683138917519e-17,1.1590612970889058,3.0016165548889637e-12,0.00020487603153449737,500000.0,501019.01089553745
0.0003312154572563635,0.00011385335074736848,0.12202895958046925,298.90084096716004,0.0,0.0462422497988409,149.78602881149607,1.0721804490425552e-17,0.0,0.00014850168485479545,49.93630937492244,1.9130615346302473e-16,9.722392123118382e-17,1.1468501858051084e-12,2.3043693768830765e-27,1.3347689434834963e-17,1.1581564108058766,2.9822332551020134e-12,0.00020487361581991847,500000.0,500459.16999592236
0.0003314578550570796,0.00011388277465154524,0.1205433001697577,298.8025618785904,0.0,0.0462064155915085,149.6699581112539,1.0633780370039119e-17,0.0,0.00014838660940529413,49.897613226435205,1.9091847233013555e-16,9.706730741428429e-17,1.1449745484837318e-12,0.0,1.3185568612641886e-17,1.1572589437522456,2.963200370785132e-12,0.00020487121883882382,500000.0,499905.1374508888
0.0003317002528577957,0.0001139116932498155,0.117865805514865,298.7065857954497,0.0,0.046171232837349606,149.5559975543322,1.0547526253458074e-17,0.0,0.00014827362600564062,49.8596205665887,1.9049222851850934e-16,9.691233591289575e-17,1.1431196533913097e-12,1.6980828568507627e-28,1.2991414437920412e-17,1.1563777924794443,2.944692128381835e-12,0.00020486886437906356,500000.0,499362.29783753294
0.0003319426506585118,0.00011393982248028392,0.11403819805537935,298.6137946196569,0.0,0.04613704468704882,149.4452586612286,1.0463814847550992e-17,0.0,0.00014816383664557285,49.8227019588586,1.900319694030657e-16,9.6759697357294e-17,1.1412938710941795e-12,0.0,1.2844162032686034e-17,1.1555215513443708,2.926872246976168e-12,0.00020486657546337934,500000.0,498835.8352560516
0.00033218504845922793,0.00011396688969248775,0.10911279658482234,298.5250264707289,0.0,0.04610417914866332,149.33880390322508,1.0383366636351386e-17,0.0,0.00014805829468618668,49.787211614482466,1.8954245597115145e-16,9.66100476367e-17,1.1395051497694358e-12,2.9064514951973e-27,1.2625799527729443e-17,1.1546984354518395,2.9098928687175268e-12,0.0002048643741401057,500000.0,498330.6876991807
0.00033242744625994403,0.00011399263613041764,0.10315179813288722,298.4410683651702,0.0,0.04607294625573687,149.2376375294427,1.0306846027823514e-17,0.0,0.00014795799576564452,49.753484334343824,1.8902860409454737e-16,9.646400246157635e-17,1.137760948400568e-12,0.0,1.2556264650382965e-17,1.153916209728704,2.8938937600514344e-12,0.00020486228128880347,500000.0,497851.5054271791
0.00033266984406066013,0.00011401681923268897,0.0962264891376317,298.3626495748425,0.0,0.04604363549385201,149.14269723101737,1.0234858604108234e-17,0.0,0.00014786386953482655,49.72183272993939,1.8849542854895236e-16,9.632213250241061e-17,1.1360681767992765e-12,4.2513576504916996e-27,1.227918698137081e-17,1.1531821244706608,2.879001684748793e-12,0.00020486031644198035,500000.0,497402.61350343406
0.00033291224186137624,0.00011403921473401864,0.08841639660905747,298.29043569624054,0.0,0.04601651349500484,149.05484667279595,1.0167949346732416e-17,0.0,0.00014777677225306414,49.69254473356382,1.8794799035852125e-16,9.61849591136825e-17,1.1344331426217752e-12,0.0,1.2398996859706311e-17,1.152502857596786,2.8653299664615136e-12,0.0002048584976237955,500000.0,496987.9785767858
0.00033315463966209234,0.00011405961855471605,0.07980838958445267,298.2250234533873,0.0,0.04599182200546239,148.97486891088522,1.0106601665954587e-17,0.0,0.00014769748026213021,49.66588140382385,1.8739134785643953e-16,9.605295064617203e-17,1.1328615054572111e-12,1.0158148107839243e-26,1.1839509518235082e-17,1.1518844637535437,2.8529782101010514e-12,0.00020485684120642158,500000.0,496611.17993825075
0.00033339703746280844,0.00011407784846733917,0.07049574067201966,298.16693624899784,0.0,0.04596977612958865,148.90346070410743,1.0051237104558857e-17,0.0,0.00014762668434647127,49.64207502916705,1.8683051167922578e-16,9.592651934091943e-17,1.1313582379895263e-12,0.0,1.2553283575772697e-17,1.1513323303305523,2.8420321520245074e-12,0.00020485536178454234,500000.0,496275.38483208953
0.00033363943526352455,0.00011409374553197137,0.060577156879123045,298.1166204715195,0.0,0.04595056284952052,148.84122771897754,1.0002215586158844e-17,0.0,0.00014756498497929974,49.62132752929646,1.8627040376679023e-16,9.580601879349184e-17,1.1299275941724811e-12,2.2233552339069028e-26,1.0947653033520352e-17,1.1508511403851196,2.8325636181398772e-12,0.00020485407206829393,500000.0,495983.327963853
0.00033388183306424065,0.0001141071752937235,0.05015578828374091,298.07444255937503,0.0,0.045934339818530616,148.78868062119622,9.959836066739675e-18,0.0,0.0001475128884476006,49.603809152135774,1.857158203184933e-16,9.569174197625634e-17,1.128573084310224e-12,0.0,1.3748458563726193e-17,1.1504448424213845,2.824630566591907e-12,0.00020485298279480845,500000.0,495737.2951203955
0.00033412423086495675,0.00011411802873806265,0.03933822246524707,298.0406868187349,0.0,0.045921234424386226,148.74623204170342,9.924337458752209e-18,0.0,0.0001474708038441994,49.589657462359234,1.8517139854655662e-16,9.558391980228921e-17,1.1272974569013441e-12,5.233405861155065e-26,8.209007121676637e-18,1.1501166269316236,2.818277194446633e-12,0.00020485210265839478,500000.0,495539.11079892406
0.00033436662866567285,0.00011412622300141447,0.028233472031110946,298.01555398660577,0.0,0.04591134311795625,148.71419440191286,9.895899720140745e-18,0.0,0.0001474390409116446,49.578976616359036,1.8464158697726343e-16,9.548272021233787e-17,1.1261026870814506e-12,0.0,1.8700614961841853e-17,1.1498689095808077,2.8135340910148285e-12,0.0002048514382592917,500000.0,495390.12973174034
0.00033460902646638896,0.00011413170183619654,0.016951962004533815,297.99916052831486,0.0,0.045904731001656846,148.69277858060605,9.874645022201781e-18,0.0,0.00014741780872053225,49.57183691780863,1.8413061898794526e-16,9.538824776799781e-17,1.12498997148597e-12,1.238903215681858e-25,0.0,1.1497033208989293,2.8104184235644866e-12,0.0002048509940708482,500000.0,495291.2321915524
0.00033485142426710506,0.00011413443583101509,0.00560452331391435,297.991538654824,0.0,0.0459014316720071,148.68209340392912,9.860638911263734e-18,0.0,0.00014740721516387574,49.56827464763579,1.8364248922890393e-16,9.530054373163612e-17,1.1239597293500058e-12,2.36405560606984e-26,9.507155584086626e-18,1.1496207023376208,2.808934135764969e-12,0.0002048507724249258,500000.0,495242.8229634764
0.00033509382206782116,0.00011413442238826742,-0.0056986013320568735,297.99263704361096,0.0,0.045901447310442815,148.68214593953843,9.853891470951391e-18,0.0,0.00014740726724872942,49.56829216208604,1.8318093257642413e-16,9.521958663053494e-17,1.1230116096596793e-12,0.0,1.4626137955210326e-17,1.1496211085445107,2.809072203795623e-12,0.00020485077351524157,500000.0,495244.83387701487
0.00033533621986853727,0.00011413168546278302,-0.016848734028491023,298.00232224546426,0.0,0.045904749016618576,148.69284257620424,9.854358363046756e-18,0.0,0.00014741787216653507,49.57185825264561,1.8274940525940275e-16,9.514529325771097e-17,1.1221445041761472e-12,2.9381039437368345e-26,9.325574978503293e-18,1.1497038157107968,2.81081081857046e-12,0.0002048509954183586,500000.0,495296.72980133793
0.0003355786176692534,0.00011412627506643787,-0.027739715236028185,298.02038075713386,0.0,0.04591127737861869,148.71399087080053,9.861941756968952e-18,0.0,0.00014743883912427458,49.57890876179883,1.8235106779925463e-16,9.507752012912041e-17,1.1213565661578781e-12,0.0,1.2673811847960824e-17,1.1498673358523044,2.814115658773113e-12,0.0002048514341319737,500000.0,495397.518016557
0.0003358210154699695,0.00011411826654497367,-0.03826882883773681,298.0465217386051,0.0,0.045920943274638165,148.74530214506396,9.876491204544135e-18,0.0,0.0001474698819189634,49.589347448746814,1.8198876944751032e-16,9.50160653762284e-17,1.1206452346107114e-12,0.0,1.2222960536931125e-17,1.1501094368878162,2.8189401457824542e-12,0.00020485208363010335,500000.0,495545.76088403095
0.00033606341327068563,0.00011410775963457196,-0.04833769331732699,298.08038035163077,0.0,0.04593362890070438,148.78639481453502,9.897804485598458e-18,0.0,0.0001475106222380469,49.60304709922404,1.8166503388047358e-16,9.496067105236192e-17,1.1200072638962302e-12,0.0,2.0550774300156626e-17,1.1504271683786833,2.8252257241365883e-12,0.00020485293593471682,500000.0,495739.5917452628
0.00033630581107140173,0.00011409487730700548,-0.057853114130933005,298.12152169607225,0.0,0.045949189018916564,148.8367984317919,9.925628382225144e-18,0.0,0.00014756059366796605,49.61985087344919,1.8138204595958646e-16,9.491102583889043e-17,1.1194387585289793e-12,4.6554052398260844e-26,2.32031789833131e-18,1.1508168927914062,2.8329021424865054e-12,0.0002048539812033543,500000.0,495976.73398669774
0.00033654820887211783,0.00011407976441347218,-0.06672789156148101,298.16944531523257,0.0,0.045967452420374075,148.89595842509624,9.95965951842513e-18,0.0,0.0001476192463921712,49.63957388591506,1.81141639419997e-16,9.486676816968037e-17,1.118935212982769e-12,0.0,2.8295113645668465e-17,1.1512743221371826,2.8418878434788502e-12,0.00020485520783214328,500000.0,496254.52320298296
0.00033679060667283394,0.0001140625861385422,-0.07488157862367284,298.2235902418425,0.0,0.045988223596367846,148.96324151163816,9.999545310379945e-18,0.0,0.00014768595255795113,49.66200501007948,1.809452854317787e-16,9.482748973384787e-17,1.1184915563130494e-12,6.669733821412591e-26,0.0,1.151794559827511,2.8520903405575556e-12,0.0002048566025735832,500000.0,496569.93239160645
0.00033703300447355004,0.00011404352627700587,-0.08224118340124094,298.283340550651,0.0,0.04601128461050492,149.0379417616337,1.0044885115310204e-17,0.0,0.00014776001228853386,49.68690890004023,1.8079408207555167e-16,9.479273933983408e-17,1.118102201380525e-12,0.0,5.679311213751454e-17,1.152372147562231,2.8634066898382695e-12,0.00020485815066838934,500000.0,496919.6000967195
0.00033727540227426614,0.00011402278534777543,-0.08874181022136675,298.3480313845499,0.0,0.04603639716322326,149.11928728560994,1.0095231621525817e-17,0.0,0.0001478406603130316,49.714028219970736,1.8068874484276088e-16,9.476202715393197e-17,1.1177610984312959e-12,1.3830204292196682e-25,0.0,1.1530011170360963,2.8757240466665414e-12,0.00020485983599057486,500000.0,497299.86141089
0.00033751780007498225,0.00011400057856040022,-0.09432723358584309,298.41695540940685,0.0,0.04606330483858865,149.2064475121265,1.0150092607486339e-17,0.0,0.00014792707318175868,49.74308607039819,1.8062959834411074e-16,9.473482928029658e-17,1.117461792750527e-12,0.0,9.192660914318375e-17,1.1536750462106422,2.8889203122565907e-12,0.00020486164120482736,500000.0,497706.781707269
0.00033776019787569835,0.00011397713365116556,-0.09895039928042328,298.4893696587531,0.0,0.046091735521367264,149.29854101705482,1.0208933169975402e-17,0.0,0.00014801837702837947,49.773788598362344,1.806165694949834e-16,9.47105926478793e-17,1.117197486061333e-12,2.1887820231066174e-25,0.0,1.154387119850742,2.9028648930605658e-12,0.00020486354793510685,500000.0,498136.19296258804
0.00033800259567641445,0.00011395268860717014,-0.10257384658831671,298.56450271126084,0.0,0.046121403970155184,149.39464385834373,1.027117848715087e-17,0.0,0.00014811365583320606,49.805827776095256,1.8064918252452836e-16,9.46887401974361e-17,1.1169611012879886e-12,0.0,1.30942591062933e-16,1.1551301939696128,2.917419579635005e-12,0.000204865536943257,500000.0,498583.732473277
0.00033824499347713055,0.00011392748929812958,-0.10517004651476401,298.6415621556279,0.0,0.04615201452990196,149.49379836231583,1.0336217186372003e-17,0.0,0.00014821196013415763,49.838884330234706,1.8072655620555748e-16,9.46686763339653e-17,1.1167453502452944e-12,3.1562193511674896e-25,0.0,1.1558968637651008,2.9324395564899457e-12,0.0002048675883162747,500000.0,499044.88375474815
0.00033848739127784666,0.00011390178703696661,-0.10672165033530304,298.71974227222137,0.0,0.046183263964519,149.59502229892743,1.0403405384178589e-17,0.0,0.0001483123161233456,49.87263080071162,1.8084740373626223e-16,9.464979259516689e-17,1.1165428037539853e-12,0.0,1.5759400168054042e-16,1.1566795345634484,2.947774545068714e-12,0.00020486968166073046,500000.0,499515.01933549106
0.00033872978907856276,0.00011387583609143672,-0.10722164427572767,298.79823187806136,0.0,0.046214844387501224,149.69731837452466,1.0472071452463976e-17,0.0,0.00014841373505843517,49.90673470548592,1.8101003573169511e-16,9.463147350295705e-17,1.116345963618828e-12,3.760210600585626e-25,0.0,1.1574704952179784,2.9632700848775707e-12,0.00020487179630267882,500000.0,499989.44514801714
0.00033897218687927886,0.0001138498911701232,-0.10667340570678634,298.8762222524536,0.0,0.04624644626569106,149.79968396150534,1.0541521530137396e-17,0.0,0.00014851522290887885,49.94086178426291,1.812123667940632e-16,9.46131025508046e-17,1.1161473358423112e-12,0.0,1.5847713488555054e-16,1.1582619933395355,2.9787689448987404e-12,0.00020487391149125368,500000.0,500463.4461290138
0.00033921458467999497,0.0001138242049070136,-0.10509065815321639,298.95291508086825,0.0,0.04627776146858824,149.90112097552972,1.0611045775195766e-17,0.0,0.0001486157901484356,49.97467929140029,1.8145192611234776e-16,9.45940682639812e-17,1.1159395043867126e-12,3.6409964867823575e-25,0.0,1.1590463116678027,2.994112661062732e-12,0.00020487600660400632,500000.0,500932.3326349146
0.00033964431637110407,0.00011378006586381303,-0.099821730178715,299.0832936443886,0.0,0.04633163925686602,150.0756434398948,1.0732260459633626e-17,0.0,0.00014878881616510597,50.03286233967243,1.8195914236440564e-16,9.455684728170618e-17,1.1155261057730457e-12,2.609167705972573e-26,6.2141700230056835e-18,1.1603957319834066,3.0204458760263443e-12,0.00020487960914829473,500000.0,501736.81627901754
0.00033994770961179993,0.00011375058179201883,-0.09430219207468682,299.1691641352303,0.0,0.046367675183369615,150.1923721987102,1.0814445448889295e-17,0.0,0.00014890454402992766,50.071777874312446,1.8237230357874941e-16,9.452643732607372e-17,1.1151820899479187e-12,1.2689775197657194e-26,1.0099472383065935e-17,1.1612982871879773,3.0379769483891185e-12,0.00020488201718944175,500000.0,502272.93192667625
0.0003402511028524958,0.0001137229840008413,-0.08740586538305276,299.248383096911,0.0,0.046401439479236306,150.30174279979784,1.089225555565357e-17,0.0,0.00014901297682972238,50.10824031473691,1.8282267596824784e-16,9.449140667866254e-17,1.1147804744410671e-12,0.0,1.4361508606535824e-17,1.1621439485846636,3.0543012048317557e-12,0.00020488427231554564,500000.0,502773.36766044964
0.0003405544960931917,0.00011369767217976119,-0.07925491488851576,299.3197264573685,0.0,0.0464324357801032,150.4021474372856,1.0964379803795438e-17,0.0,0.00014911252054478893,50.14171364372135,1.8330220766627261e-16,9.445079212963211e-17,1.1143097280541192e-12,1.8710857483465775e-28,1.4199101007412403e-17,1.1629202845021502,3.0691498118847283e-12,0.0002048863415971657,500000.0,503230.61730059044
0.0003408578893338876,0.00011367500603575918,-0.0699903820124435,299.3821058498023,0.0,0.04646021558859241,150.49213335381808,1.102959443187374e-17,0.0,0.00014920173487447525,50.171713534781496,1.838023364683709e-16,9.440373015648799e-17,1.1137595539274134e-12,4.217659942389906e-28,1.430100635554891e-17,1.163616062115471,3.0822782496256663e-12,0.00020488819534370028,500000.0,503637.91780706844
0.00034116128257458345,0.00011365529990140773,-0.05976986812273798,299.4345854448282,0.0,0.04648438548695908,150.570426203526,1.108678967860956e-17,0.0,0.00014927935639982222,50.19781514102037,1.843141289726248e-16,9.434947083070575e-17,1.1131210519847708e-12,4.09126958716592e-28,1.4410144536416285e-17,1.164221428090178,3.09347148376564e-12,0.00020488980756546823,500000.0,503989.3601304722
0.0003414646758152793,0.00011363881811548515,-0.04876483429160652,299.4763961978632,0.0,0.04650461340874061,150.6359503669574,1.1134995643176881e-17,0.0,0.00014934431872430366,50.21965986780715,1.8482843798449327e-16,9.428738972948349e-17,1.112386856962236e-12,4.124978272320661e-28,1.449588789528665e-17,1.1647280656588577,3.1025486241762743e-12,0.0002048911563734848,500000.0,504279.98544584797
0.000341687524800632,0.0001136288902315912,-0.04028720725544379,299.4999608177504,0.0,0.04651680335001995,150.67543751413172,1.1164202335652904e-17,0.0,0.0001493834672876683,50.23282426236388,1.8520247157909934e-16,9.423651779751582e-17,1.111783230809593e-12,4.129982022450925e-28,1.454467705689591e-17,1.1650333831350825,3.1077835561316685e-12,0.00020489196899115968,500000.0,504452.3924928827
0.00034191037378598465,0.00011362088081000176,-0.031559607800784824,299.5172764146169,0.0,0.046526640696872866,150.70730423209116,1.1187861833366719e-17,0.0,0.0001494150607633743,50.24344812551148,1.8556929650192895e-16,9.418101379264163e-17,1.1111231790560604e-12,4.1432918605159785e-28,1.4580393194065778e-17,1.1652797789013305,3.111756401682178e-12,0.00020489262465681808,500000.0,504588.6607821579
0.00034213322277133735,0.00011361483707913948,-0.02265866616748827,299.5282279022552,0.0,0.04653406542633843,150.73135609556095,1.1205771929852426e-17,0.0,0.00014943890639325123,50.2514666389172,1.8592538420169326e-16,9.412077491168554e-17,1.110405538477459e-12,4.145015527727955e-28,1.4603200937067944e-17,1.1654657496473126,3.1144370848384633e-12,0.00020489311944723836,500000.0,504687.9314970224
0.00034235607175669,0.0001136107890509857,-0.013661900368933649,299.5327563627785,0.0,0.046539039115744654,150.74746864606507,1.1217789153482343e-17,0.0,0.0001494548807859956,50.25683831008002,1.8626731855255986e-16,9.40557415491929e-17,1.1096296673321224e-12,4.147869279416572e-28,1.4612546170331898e-17,1.165590333051091,3.1158083535678405e-12,0.00020489345086640863,500000.0,504749.6789393138
0.0003425789207420427,0.00011360874940749999,-0.004646999185010339,299.5308591307398,0.0,0.04654154513104267,150.7555880019856,1.1223830471356607e-17,0.0,0.00014946293052199886,50.25954517571487,1.8659183266174716e-16,9.398589746916113e-17,1.1087954464443412e-12,4.144538061861427e-28,1.4608618956638155e-17,1.1656531124960983,3.115865921016568e-12,0.0002048936178561239,500000.0,504773.7129832881
0.0003428017697273953,0.0001136087135681029,0.004308898457068376,299.5225892653787,0.0,0.04654158857043166,150.75573067596926,1.1223873958965289e-17,0.0,0.00014946307197231994,50.25959274087891,1.868958443433619e-16,9.39112694832258e-17,1.1079032744344098e-12,4.1370137591565735e-28,1.4591478196504117e-17,1.1656542156593164,3.1146184141769825e-12,0.00020489362079088744,500000.0,504760.1776804829
0.000343024618712748,0.00011361065989979105,0.013129901139651838,299.508054543074,0.0,0.04653919601003316,150.7479827511401,1.1217958580385852e-17,0.0,0.0001494553904819611,50.25700970433363,1.871764888135062e-16,9.38319267256404e-17,1.1069540582891274e-12,4.126524316962842e-28,1.4561365887222188e-17,1.1655943081416884,3.1120871516594373e-12,0.00020489346146024035,500000.0,504709.5467464968
0.0003432474676981007,0.00011361455006249443,0.021742035238517563,299.48741599839246,0.0,0.04653441506109425,150.73249844682255,1.1206183172580119e-17,0.0,0.00014944003894788968,50.251847480379645,1.8743114819692874e-16,9.374797955634809e-17,1.1059491995370055e-12,4.111204884427523e-28,1.4518735736686156e-17,1.1654745823781891,3.108305772710894e-12,0.0002048931430392263,500000.0,504622.61608557723
0.00034347031668345335,0.0001136203295011286,0.030073891598274737,299.46088597808114,0.0,0.04652731372583411,150.70949803203786,1.1188704594752844e-17,0.0,0.0001494172357504249,50.24417950324898,1.8765747785048182e-16,9.36595780603037e-17,1.1048905757437399e-12,4.092419289623636e-28,1.4464104804158112e-17,1.1652967415048272,3.1033196960381623e-12,0.00020489267004613522,500000.0,504500.493162648
0.00034369316566880604,0.00011362792808711358,0.03805724483565635,299.42872570279224,0.0,0.04651797955047753,150.67926508205545,1.116573501801098e-17,0.0,0.00014938726203331335,50.23410031248252,1.878534292132647e-16,9.356691014760216e-17,1.1037805173290356e-12,4.070115191240512e-28,1.439814412325861e-17,1.1650629781461017,3.0971854289121825e-12,0.00020489204828736548,500000.0,504344.5832133156
0.0003439160146541587,0.00011363726089746086,0.04562763462796111,299.39124238210786,0.0,0.04650651859273319,150.64214313389988,1.1137538438071764e-17,0.0,0.00014935045838791302,50.221724437928465,1.8801726862774379e-16,9.347019929510433e-17,1.1026217801618768e-12,4.0446036832937505e-28,1.432162704070127e-17,1.1647759485551399,3.0899697409559843e-12,0.0002048912847904709,500000.0,504156.57257635245
0.0003441388636395114,0.00011364822911582129,0.05272489993513681,299.34878594115406,0.0,0.046493054226090534,150.5985318132859,1.1104426543608714e-17,0.0,0.00014930722101333843,50.2071851085234,1.8814759171838094e-16,9.336970197539025e-17,1.1014175145068409e-12,4.0160627801823403e-28,1.42354290205411e-17,1.1644387426668794,3.0817487239802038e-12,0.00020489038772680273,500000.0,503938.4095138236
0.000344361712624864,0.00011366072104409882,0.05929366203970144,299.30174540246315,0.0,0.04647772579855145,150.54888249004296,1.106675405070017e-17,0.0,0.00014925799740913748,50.19063280387902,1.882433332232939e-16,9.326570481118628e-17,1.1001712307685632e-12,3.9849626472144228e-28,1.4140501077334436e-17,1.1640548505054966,3.0726067600461262e-12,0.00020488936632482958,500000.0,503692.28281001723
0.0003445845616102167,0.00011367461321577147,0.06528375436670579,299.25054495798656,0.0,0.04646068716057703,150.49369350990514,1.1024913591710827e-17,0.0,0.00014920328164796666,50.17223366463575,1.883037723385496e-16,9.315852148942878e-17,1.098886762407184e-12,3.9515178790880436e-28,1.4037866771355502e-17,1.1636281253162593,3.062635417150925e-12,0.00020488823077501132,500000.0,503420.59839619586
0.00034480741059556935,0.00011368977160016968,0.07065059625445956,299.1956397725667,0.0,0.04644210507948796,150.43350505850447,1.0979330261048136e-17,0.0,0.00014914360928362317,50.15216778019884,1.8832853364728663e-16,9.30484894724529e-17,1.0975682264541685e-12,3.916182719439913e-28,1.3928595432943458e-17,1.1631627438535534,3.0519322932342095e-12,0.00020488699212725342,500000.0,503125.9542862347
0.00034503025958092205,0.00011370605288411137,0.07535550734068097,299.1375115695527,0.0,0.04642215756103651,150.3688937246765,1.0930455942365853e-17,0.0,0.00014907955196096756,50.13062737622981,1.8831758372896117e-16,9.293596654978408e-17,1.0962199821377713e-12,3.8791802394941007e-28,1.3813796588730544e-17,1.1626631643439687,3.040599830727915e-12,0.00020488566218219954,500000.0,502811.1141612926
0.0003452531085662747,0.00011372330581637271,0.07936596032663495,299.0766640516642,0.0,0.04640103209982477,150.30046683328646,1.0878763541775201e-17,0.0,0.00014901171179734324,50.10781492529975,1.8827122364580144e-16,9.282132727611549e-17,1.0948465881443307e-12,3.841038269715479e-28,1.3694593807189407e-17,1.1621340826672992,3.028744123372765e-12,0.0002048842533776884,500000.0,502478.9799545193
0.0003454759575516274,0.00011374137260107626,0.0826557715030354,299.01361820726885,0.0,0.046378923879198675,150.22885661439733,1.0824741235318626e-17,0.0,0.0001489407156017411,50.083941202981435,1.8819007762191223e-16,9.270495933842417e-17,1.0934527590101799e-12,3.8019075282787203e-28,1.3572122976234239e-17,1.161580387272129,3.0164737350792136e-12,0.00020488277867164003,500000.0,502132.5637679373
0.0003456988065369801,0.00011376009032660704,0.08520522941366551,298.9489075495437,0.0,0.04635603394017493,150.15471427212947,1.0768886825601218e-17,0.0,0.00014886720899451582,50.05922331050038,1.8807507830027293e-16,9.258725989222644e-17,1.0920433211083591e-12,3.7624174590311807e-28,1.3447503626780735e-17,1.1610071133158273,3.0038985483300743e-12,0.00020488125142257337,500000.0,501774.9594341656
0.0003459216555223327,0.00011377929241659842,0.0870011624451973,298.8830733353095,0.0,0.04633256733852325,150.07870401515171,1.0711702295738598e-17,0.0,0.00014879185048906273,50.033882684594296,1.8792744898916233e-16,9.246863190555676e-17,1.0906231686800167e-12,3.7225107651470993e-28,1.3321845904634316e-17,1.160419396507872,2.991128657556622e-12,0.00020487968526894105,500000.0,501409.31402590085
0.0003461445045076854,0.00011379881008939332,0.0880369465577127,298.8166598097187,0.0,0.046308731308694784,150.00149710934758,1.0653688639258263e-17,0.0,0.00014871530559547967,50.00814311476541,1.877486833278429e-16,9.234948054798284e-17,1.0891972203463704e-12,3.6829807324347595e-28,1.3196215852367494e-17,1.1598224271246358,2.9782733207035462e-12,0.00020487809400845404,500000.0,501038.7996060357
0.00034650172725451814,0.00011383033036475415,0.088113467247748,298.71034884506395,0.0,0.04627027158028761,149.87692277102917,1.0560201208873002e-17,0.0,0.000148591799422425,49.966611986863455,1.8740161371475678e-16,9.215840146710604e-17,1.0869116177522869e-12,3.620559004877661e-28,1.2997468531792743e-17,1.1588592093252106,2.957756416329807e-12,0.0002048755255151236,500000.0,500442.6448416344
0.00034685895000135093,0.00011386153374454182,0.08627194682527846,298.60613560173334,0.0,0.04623224044866231,149.75373669939611,1.0467830757927321e-17,0.0,0.00014846966961233325,49.925543685270824,1.8698741655206446e-16,9.196864643872382e-17,1.0846434972972353e-12,3.560482569642771e-28,1.2805419674501374e-17,1.1579067257042606,2.937721836247553e-12,0.0002048729844400086,500000.0,499854.96709611546
0.00034721617274818367,0.00011389174706443501,0.08258622627679824,298.5061268044676,0.0,0.04619545569980644,149.63458783711778,1.0378447061399741e-17,0.0,0.00014835154239444974,49.88582132586737,1.8651563275029945e-16,9.178178288224092e-17,1.0824118566943964e-12,3.5037937966277635e-28,1.2623669408752088e-17,1.1569854580781347,2.918570063455371e-12,0.0002048705254787928,500000.0,499288.1547583441
0.0003474688879794084,0.00011391217291146198,0.0789244545280574,298.43899872168015,0.0,0.04617060929122265,149.55410833019272,1.0317964696063e-17,0.0,0.00014827175296071678,49.85899072221712,1.8615277143734973e-16,9.165213979375188e-17,1.0808648911459905e-12,3.466213529027444e-28,1.2503059509928679e-17,1.1563631847060691,2.905756064313325e-12,0.00020486886390209337,500000.0,498906.1644137067
0.00034772160321063314,0.00011393156891954699,0.07444486302896165,298.3756175590944,0.0,0.04614703206099803,149.47773988623499,1.0260407459947344e-17,0.0,0.00014819603933954282,49.833530682389764,1.857702283358884e-16,9.152516655744406e-17,1.0793509863184202e-12,3.4310557547316564e-28,1.2390192449920722e-17,1.1557726983702858,2.89368704514179e-12,0.00020486728669970433,500000.0,498544.3348104444
0.0003479743184418578,0.00011394973554202756,0.06920532867798614,298.31658527919325,0.0,0.046124963756289356,149.4062590861072,1.0206291905798676e-17,0.0,0.0001481251714529786,49.80970010624734,1.8537202925799366e-16,9.140131188095154e-17,1.0778755665145067e-12,3.3985598969614466e-28,1.2285945405426651e-17,1.1552200036501923,2.8824711180781383e-12,0.00020486580998999626,500000.0,498206.25359751075
0.00034822703367308255,0.00011396648880593307,0.06327099211535589,298.2624497506015,0.0,0.0461046247838304,149.34037986401464,1.0156085461507962e-17,0.0,0.00014805985711358288,49.7877370082403,1.8496227080109497e-16,9.128098499989043e-17,1.0764435723667114e-12,3.3689156716489486e-28,1.2191082556821977e-17,1.1547106207367104,2.8722053013229417e-12,0.00020486444861103094,500000.0,497895.2055574602
0.0003484797489043073,0.00011398166204791358,0.05671344417814696,298.2136998759743,0.0,0.04608621426789839,149.28074721692866,1.0110204788853827e-17,0.0,0.00014800073578778462,49.76785642022813,1.8454507512912584e-16,9.116455227072958e-17,1.0750594190147955e-12,3.342300862774577e-28,1.2106256058319322e-17,1.1542495367930827,2.8629750324125956e-12,0.00020486321598604137,500000.0,497614.14454480284
0.000348732464135532,0.00011399510742013244,0.049609830487265485,298.17076152629375,0.0,0.04606990839184019,149.22793183250542,1.0069014703699527e-17,0.0,0.00014794837326986439,49.7502486005117,1.8412454660196892e-16,9.105233432754164e-17,1.073726961243731e-12,3.318846539094874e-28,1.203200916136358e-17,1.1538411644175497,2.8548538441219034e-12,0.00020486212400814364,500000.0,497365.6698585983
0.0003489851793667567,0.00011400669717417547,0.04204196057513893,298.13399416263553,0.0,0.046055859005881015,149.1824255795367,1.0032827097910256e-17,0.0,0.00014790325721107287,49.73507753042057,1.8370473289158244e-16,9.09446037671031e-17,1.0724494649894453e-12,3.2986744807051536e-28,1.1968778414791485e-17,1.153489306775191,2.847903125686188e-12,0.00020486118294232435,500000.0,497152.0066130808
0.00034923789459798143,0.00011401632472905242,0.03409542714004258,298.1036881145258,0.0,0.04604419248683084,149.1446378143391,1.0001900246283082e-17,0.0,0.00014786579345769054,49.722479682920934,1.8328958997557306e-16,9.084158332874887e-17,1.0712295848299678e-12,3.2818380177638175e-28,1.191689851502825e-17,1.153197129038658,2.8421720132768395e-12,0.00020486040134400467,500000.0,496974.9898535748
0.00034949060982920617,0.00011402390551716269,0.025858702839705112,298.0800625605199,0.0,0.04603500885079113,149.11489250665144,9.976438749759278e-18,0.0,0.0001478363032015697,49.71256306443522,1.8288294947060017e-16,9.074344454905794e-17,1.0700693475090665e-12,3.268427412004473e-28,1.1876603390752397e-17,1.152967136165408,2.8376973173185565e-12,0.0002048597859949718,500000.0,496836.05246606143
0.0003497433250604309,0.00011402937759674956,0.01742220681919577,298.063264250482,0.0,0.04602838112730397,149.0934262123873,9.956593875431706e-18,0.0,0.00014781502097026923,49.705406538989436,1.8248848804344594e-16,9.06503069124524e-17,1.068970141668351e-12,3.258410117437126e-28,1.1848032411165952e-17,1.1528011572228751,2.834503541066288e-12,0.00020485934185762483,500000.0,496736.21700398775
0.0003499960402916556,0.00011403270202445235,0.00887736263087761,298.05336696537046,0.0,0.04602435499827214,149.08038690402324,9.942463971388771e-18,0.0,0.00014780209346747168,49.70105943828302,1.821096994962526e-16,9.056223750495137e-17,1.0679327137939165e-12,3.2518862689207505e-28,1.1831228781702286e-17,1.1527003363449513,2.8326029655899315e-12,0.00020485907204774068,500000.0,496676.0914347417
0.0003502487555228803,0.00011403386298987688,0.0003156687839702894,298.0503716854301,0.0,0.04602294869612492,149.07583364072616,9.934094964067764e-18,0.0,0.00014779757924593967,49.699541451714545,1.817498697257968e-16,9.047925114370009e-17,1.0669571701789853e-12,3.2486768964103536e-28,1.1826148878874153e-17,1.152665130181386,2.8319957851931714e-12,0.00020485897782533452,500000.0,496655.8686790531
0.00035050147075410505,0.00011403286771816245,-0.008172212245968974,298.0542074411636,0.0,0.046024153152105604,149.07973704866666,9.931481058602748e-18,0.0,0.00014780144918371011,49.700842786510584,1.814120541532792e-16,9.040131096184919e-17,1.0660429846483664e-12,3.2489921067660126e-28,1.1832654308162762e-17,1.1526953116116037,2.832670290631388e-12,0.0002048590586030933,500000.0,496675.32979226584
0.0003507541859853298,0.00011402974614576186,-0.016497347316710854,298.0647328321892,0.0,0.04602793238782429,149.09198058930767,9.934565623497463e-18,0.0,0.00014781358774150827,49.70492459055323,1.8109905719752738e-16,9.032832943934636e-17,1.0651890118562094e-12,3.252358291083448e-28,1.185052834108845e-17,1.1527899795512035,2.834603096978848e-12,0.00020485931197205574,500000.0,496733.8506877433
0.00035100690121655446,0.00011402455037350382,-0.02457340425150817,298.0817382001977,0.0,0.04603422414593414,149.11236260225382,9.943242158393196e-18,0.0,0.00014783379498808065,49.71171963343402,1.8081341365323857e-16,9.026016986490188e-17,1.0643935060244451e-12,3.2593358364547137e-28,1.1879455352343846e-17,1.1529475747474185,2.837759417307515e-12,0.0002048597337442986,500000.0,496830.41234245396
0.0003512596164477792,0.00011401735390255105,-0.03231749268876537,298.104948434138,0.0,0.046042940755186904,149.14059910729344,9.957355325090934e-18,0.0,0.0001478617893782106,49.7211332406107,1.8055737195844092e-16,9.019664821674799e-17,1.0636541449671213e-12,3.268795502235579e-28,1.1919053605547733e-17,1.1531659014447062,2.8420933850492828e-12,0.0002048603180122437,500000.0,496963.6144127851
0.00035151233167900393,0.00011400825066211056,-0.039650965424715114,298.1340263773553,0.0,0.0460539702223591,149.17632734131234,9.976702112152702e-18,0.0,0.00014789721125930502,49.73304447255872,1.8033287926911476e-16,9.013753545062158e-17,1.062968059183115e-12,3.2821788902095298e-28,1.196883021882081e-17,1.1534421547324236,2.8475484285020963e-12,0.00020486105722397846,500000.0,497131.6921519551
0.00035176504691022866,0.00011399735384025183,-0.04650017442595409,298.1685768027157,0.0,0.046067177541528476,149.21910999924106,1.0001033192726565e-17,0.0,0.00014793962707597736,49.747307538636484,1.8014156822536903e-16,9.008256017475484e-17,1.062331865759016e-12,3.2969466563003387e-28,1.202824685959688e-17,1.1537729533361372,2.8540577025856155e-12,0.00020486194227384698,500000.0,497332.53649871406
0.00035201776214145334,0.00011398479453024606,-0.05279717684361239,298.2081509208777,0.0,0.04608240621072847,149.26844014673378,1.003005449131345e-17,0.0,0.00014798853424060265,49.763753434895314,1.7998474536572494e-16,9.003141169128071e-17,1.0617417068165584e-12,3.316445192397781e-28,1.2096630446585019e-17,1.1541543776028107,2.8615445846706806e-12,0.0002048629626075233,500000.0,497563.7172056887
0.0003522704773726781,0.00011397072020556489,-0.058480385505149515,298.25225138484586,0.0,0.04609947994574596,149.3237467714274,1.0063428982042798e-17,0.0,0.00014804336663697704,49.78219179478196,1.798633812383935e-16,8.998374338724387e-17,1.0611932922324412e-12,3.3354111103835968e-28,1.217329689765931e-17,1.1545820124235429,2.8699232423109816e-12,0.00020486410634072875,500000.0,497822.50887310505
0.0003525231926039028,0.00011395529303805173,-0.06349515754586946,298.300337749685,0.0,0.04611820457954628,149.384400935478,1.0100778774521597e-17,0.0,0.00014810350072009957,49.802412940297735,1.7977810231187381e-16,8.993917645366633e-17,1.0606819463285698e-12,3.3592740863867625e-28,1.2257400409255137e-17,1.1550509948054248,2.879099278716942e-12,0.00020486536039064586,500000.0,498105.9197347357
0.0003527759078351275,0.00011393868807562415,-0.06779431511459287,298.3518323399249,0.0,0.04613837013370949,149.44972248527114,1.0141687574130365e-17,0.0,0.0001481682621683495,49.82419011891052,1.797291848253707e-16,8.98973039078846e-17,1.0602026581832214e-12,3.3842530972691232e-28,1.2348087204041968e-17,1.1555560657515056,2.8889704754530868e-12,0.00020486671061890557,500000.0,498410.7230100342
0.0003530286230663522,0.0001139210912975194,-0.07133859284170335,298.4061264743397,0.0,0.046159753046140034,149.51898726732813,1.018570354139287e-17,0.0,0.0001482369330375199,49.84728190922452,1.797165507675433e-16,8.985769488754466e-17,1.059750135168944e-12,3.41074719869905e-28,1.2444399115626571e-17,1.1560916260547,2.8994276068077103e-12,0.00020486814198493117,500000.0,498733.4906075595
0.00035328133829757696,0.00011390269756631798,-0.07409700723208405,298.4625869928894,0.0,0.04618211853746389,149.59143479344476,1.0232342593457461e-17,0.0,0.00014830875936023123,49.87143477641714,1.7973976620917857e-16,8.981989918831073e-17,1.0593188592823903e-12,3.43877581981008e-28,1.2545314078798488e-17,1.1566517955651974,2.9103553722359783e-12,0.000204869638708279,500000.0,499070.62893385324
0.0003535340535288017,0.0001138837084970163,-0.07604714342449247,298.5205630262887,0.0,0.04620522309667215,149.6662762920901,1.028109219728308e-17,0.0,0.0001483829591282933,49.89638575644893,1.797980422492423e-16,8.978345200725783e-17,1.058903145791013e-12,3.46794295907484e-28,1.2649750550037807e-17,1.1572304754444585,2.9216334199228327e-12,0.00020487118443849402,500000.0,499418.4165303745
0.00035378676876002637,0.00011386433026450694,-0.07717535498114587,298.57939294533134,0.0,0.046228817064441305,149.74270307619705,1.0331415675592082e-17,0.0,0.00014845873058874618,49.92186524575351,1.7989023885734965e-16,8.97478788511838e-17,1.058497203676576e-12,3.497696287154935e-28,1.2756574971834999e-17,1.1578214128655784,2.933137465624046e-12,0.00020487276243089553,500000.0,499773.04322689824
0.0003540394839912511,0.00011384477137187796,-0.07747687330050868,298.6384114218817,0.0,0.04625264729029378,149.81989515013612,1.0382757039432834e-17,0.0,0.00014853526077703298,49.94759987066736,1.8001487189584442e-16,8.971270056600135e-17,1.0580951973071636e-12,3.5279676653453614e-28,1.28646063849506e-17,1.1584182675630292,2.944740515034131e-12,0.00020487435572656243,500000.0,500130.6504597794
0.000354177138846865,0.00011383411604389424,-0.07729443854286276,298.6704018359106,0.0,0.046265636453903185,149.86197031043915,1.0410948130140681e-17,0.0,0.00014857697516266642,49.96162706819321,1.8009577042385847e-16,8.969353401310141e-17,1.0578758008111466e-12,3.5445024284730337e-28,1.2923528477011758e-17,1.1587435957449397,2.9510565980091304e-12,0.00020487522397289379,500000.0,500325.31425168295
0.0003543147937024789,0.00011382350253789996,-0.07686956496569254,298.70214576326555,0.0,0.046278579468639135,149.90389599032918,1.0439178978434372e-17,0.0,0.00014861854134960985,49.97560443129703,1.8018542498079517e-16,8.967426568015099e-17,1.0576549125428876e-12,3.5610027711894634e-28,1.2982251257802173e-17,1.1590677681334791,2.9573431664629914e-12,0.0002048760889839455,500000.0,500519.0931585093
0.0003544524485580928,0.00011381296406621073,-0.07620479133838058,298.7335385762797,0.0,0.04629143575407982,149.9455407431555,1.046735585121488e-17,0.0,0.00014865982901830508,49.98948813773007,1.8028347413609856e-16,8.965481947141343e-17,1.0574316103094543e-12,3.5774041858697347e-28,1.3040575079262814e-17,1.1593897683736354,2.9635794865574142e-12,0.00020487694804904063,500000.0,500711.3703816495
0.0003545901034137067,0.0001138025334330521,-0.07530341830484283,298.7644772565938,0.0,0.04630416516839352,149.9867745429195,1.049538490215653e-17,0.0,0.00014870070925766457,50.003234838866675,1.803895300110052e-16,8.963512028331086e-17,1.0572049850338267e-12,3.593646310561748e-28,1.3098299965742656e-17,1.1597085910949805,2.9697449644989686e-12,0.00020487779848865796,500000.0,500901.5362095489
0.00035472775826932054,0.00011379224293537312,-0.07416949487949327,298.79486070712636,0.0,0.046316728131593016,150.02746918351585,1.0523172486737861e-17,0.0,0.00014874105496088947,50.016801792805005,1.8050317931661763e-16,8.961509423419053e-17,1.05697414352407e-12,3.6096690133485447e-28,1.3155226362889811e-17,1.1600232449986336,2.9758192139584504e-12,0.0002048786376626356,500000.0,501088.989896652
0.00035494249287397613,0.00011377654490582878,-0.07194786017844881,298.8409154332901,0.0,0.04633590152200369,150.08957672813176,1.0565817333808534e-17,0.0,0.0001488026299625629,50.03750747258458,1.8069458435675702e-16,8.958303099498966e-17,1.0566035598873004e-12,3.6340830450954983e-28,1.324196517570203e-17,1.160503465024444,2.9850650722535276e-12,0.00020487991811610144,500000.0,501374.6000417927
0.00035515722747863173,0.00011376138148423782,-0.06919376165505373,298.885016850817,0.0,0.0463544319775012,150.1496017087598,1.0607299522295431e-17,0.0,0.00014886214025724347,50.057518858240385,1.8090162591822171e-16,8.954973026290186e-17,1.0562173839329377e-12,3.6575903654311327e-28,1.3325536890248025e-17,1.1609675825148347,2.9939655960388476e-12,0.0002048811553077285,500000.0,501650.0048745757
0.00035537196208328733,0.00011374686439653776,-0.06593285795861477,298.9268201232923,0.0,0.0463721818146949,150.2070981459988,1.0647278175717376e-17,0.0,0.0001489191436895913,50.07668726724492,1.8112240875571831e-16,8.951493751330536e-17,1.0558125540340403e-12,3.6799688573086164e-28,1.3405218482331084e-17,1.1614121491248133,3.0024489517771994e-12,0.00020488234007822042,500000.0,501913.1213824685
0.0003555866966879429,0.00011373309941815626,-0.06219463543767349,298.9660010296346,0.0,0.046389020399176445,150.2616428931868,1.068542386810743e-17,0.0,0.00014897322074122602,50.09487162914734,1.813549284629564e-16,8.947841235327836e-17,1.055386185124947e-12,3.7010035148794413e-28,1.3480314507749433e-17,1.1618338930537784,3.0104467244894826e-12,0.00020488346374678167,500000.0,502161.97645588906
0.0003558014312925985,0.00011372018553082557,-0.05801214469134679,299.0022585889234,0.0,0.046404825227746346,150.31283914191437,1.0721421930022278e-17,0.0,0.0001490239780061817,50.111939654256524,1.8159708779209886e-16,8.943993050701572e-17,1.0549355922651773e-12,3.720489192498201e-28,1.355016529029455e-17,1.162229746150403,3.017894588783367e-12,0.00020488451818197567,500000.0,502394.72340731544
0.0003560161658972541,0.00011370821424164129,-0.053421723115537195,299.0353171635836,0.0,0.046419482816361234,150.3603192982357,1.0754975354842336e-17,0.0,0.00014907105104245596,50.12776879252463,1.8184671297434644e-16,8.939928542899087e-17,1.0544583096468622e-12,3.7382331544747215e-28,1.3614154301785239e-17,1.1625968661517068,3.0247328847258643e-12,0.00020488549585930333,500000.0,502609.65552573116
0.00035623090050190966,0.00011369726896277644,-0.048462693993854306,299.0649283612346,0.0,0.04643288951604758,150.40374762555214,1.078580761479765e-17,0.0,0.00014911410699223196,50.14224711464301,1.8210157103565136e-16,8.935628977891787e-17,1.0539521078296732e-12,3.7540576002275222e-28,1.3671715417749458e-17,1.1629326571180219,3.0309071670545025e-12,0.0002048863899138643,500000.0,502805.21851992316
0.00035644563510656526,0.0001136874243992977,-0.04317703392531633,299.0908728980234,0.0,0.04644495231937407,150.4428228569142,1.0813665517766414e-17,0.0,0.00014915284717178116,50.15527418294264,1.8235938873993515e-16,8.93107768637701e-17,1.0534150106178415e-12,3.76780212900389e-28,1.3722339873375253e-17,1.1632347896315007,3.0363687345886478e-12,0.0002048871941923925,500000.0,502980.02279318904
0.00035677554696954874,0.00011367459149158521,-0.03452215694478107,299.1231659941615,0.0,0.04646068296046204,150.49377980723455,1.0850157245157815e-17,0.0,0.00014920336719004553,50.172262429669615,1.8275599140708762e-16,8.923562209257541e-17,1.0525257966868504e-12,3.784549895406338e-28,1.3785602099744707e-17,1.1636287924543287,3.0432755740940335e-12,0.0002048882427953949,500000.0,503205.409144976
0.00035701421444196403,0.00011366713305317943,-0.02794106495730048,299.1405507176882,0.0,0.04646982869001853,150.52340637267272,1.0871452947379758e-17,0.0,0.00014923273972145638,50.182139461146356,1.8303918852061984e-16,8.91770981588583e-17,1.051831756914475e-12,3.7931661405886867e-28,1.3819774026635081e-17,1.163857867199095,3.0470910053813655e-12,0.0002048888523290119,500000.0,503334.1140333556
0.00035725288191437927,0.00011366126974680205,-0.021166147531874072,299.1527525494154,0.0,0.046477019977119914,150.54670218111468,1.088822809605268e-17,0.0,0.00014925583577910217,50.18990591767561,1.833157777685736e-16,8.911495314288101e-17,1.0510935698443712e-12,3.7987157183905502e-28,1.3843806593534591e-17,1.1640379920727846,3.0498757286791575e-12,0.00020488933154334316,500000.0,503432.84060230386
0.0003574915493867945,0.00011365703977867021,-0.014265185384478565,299.1596821468418,0.0,0.046482208735852494,150.56351147333655,1.090032835939735e-17,0.0,0.00014927250093932042,50.195509871578636,1.8358275476801833e-16,8.904911035318672e-17,1.05031037389779e-12,3.8011270529161935e-28,1.3857472786561222e-17,1.1641679627338124,3.051607384173896e-12,0.0002048896772818838,500000.0,503500.90879427583
0.0003577302168592098,0.00011365446509630334,-0.007306571824112529,299.16130288982885,0.0,0.04648536714181526,150.5737441204628,1.0907651823543699e-17,0.0,0.00014928264584604812,50.198921275304016,1.838372331042602e-16,8.897953132372496e-17,1.0494817698791677e-12,3.800368833004981e-28,1.3860670965007764e-17,1.1642470822991935,3.0522751167632037e-12,0.0002048898877294323,500000.0,503537.9499567906
0.00035796888433162503,0.00011365355130019615,-0.0003586184850239402,299.15763086233216,0.0,0.046486487771161704,150.5773760743593,1.0910150133727237e-17,0.0,0.00014928624665735258,50.20013211158162,1.8407647703735085e-16,8.890621588030235e-17,1.0486078209493047e-12,3.796450428191633e-28,1.3853425931194074e-17,1.1642751648270169,3.0518796499406174e-12,0.00020488996242005203,500000.0,503543.908479027
0.00035820755180404027,0.00011365428775488064,0.006511143434762542,299.1487341705761,0.0,0.046485583477595356,150.5744489692154,1.0907828741066529e-17,0.0,0.00014928334465042994,50.19915626059627,1.842979326532765e-16,8.882920171091495e-17,1.0476890466709236e-12,3.789421429126547e-28,1.3835887565605278e-17,1.1642525322358477,3.050433177136547e-12,0.00020488990222804866,500000.0,503519.03934200027
0.00035844621927645556,0.00011365664787351867,0.013236648376994032,299.13473168829336,0.0,0.04648268703890113,150.56506897661424,1.0900746305406185e-17,0.0,0.00014927404508649264,50.19602911828623,1.8449925658265628e-16,8.874856349698869e-17,1.046726411904697e-12,3.7793702219330164e-28,1.3808326825516968e-17,1.1641800054520481,3.0479590766377184e-12,0.0002048897093441043,500000.0,503463.9020793659
0.0003586848867488708,0.00011366058954978003,0.019753953416899686,299.1157913214896,0.0,0.04647785060584047,150.54940502042666,1.0889013358102726e-17,0.0,0.00014925851544096976,50.190807001216896,1.846783416167879e-16,8.866441168236601e-17,1.0457213113534445e-12,3.7664220698489723e-28,1.3771130369576428e-17,1.1640588906072096,3.0444915027447813e-12,0.00020488938723879437,500000.0,503379.3516677097
0.00035892355422128603,0.00011366605573294523,0.02600186179989021,299.0921278096125,0.0,0.04647114495970457,150.52768637191642,1.0872790245406536e-17,0.0,0.00014923698301923317,50.18356634482653,1.8483333890184367e-16,8.857689088178402e-17,1.044675549933443e-12,3.750736323013945e-28,1.3724792760080086e-17,1.16389096044333,3.040074820040032e-12,0.00020488894061387438,500000.0,503266.52645371034
0.0003591622216937013,0.00011367297514988356,0.0319225105556461,299.06400005456095,0.0,0.04646265857597338,150.50019961678936,1.0852284353081964e-17,0.0,0.00014920973194965264,50.174402692288204,1.8496267650677352e-16,8.848617793294754e-17,1.0435913189466581e-12,3.7325030067407054e-28,1.3669906979451424e-17,1.1636784308618207,3.0347629139671417e-12,0.00020488837534109904,500000.0,503126.83309051074
0.00035940088916611656,0.00011368126316816782,0.03746191660093403,299.03170800171506,0.0,0.046452496503588674,150.4672850249853,1.0827746682044363e-17,0.0,0.00014917709958451515,50.163429484255396,1.8506507410436952e-16,8.839247961602165e-17,1.0424711683039384e-12,3.711939091728628e-28,1.3607153857792652e-17,1.1634239328544727,3.0286183841725625e-12,0.00020488769838913917,500000.0,502961.9286454238
0.0003596395566385318,0.00011369082278514353,0.04257047371169239,298.99558912930695,0.0,0.046440779081356735,150.42933239290488,1.0799467880340834e-17,0.0,0.00014913947237790262,50.150776672725684,1.8513955351734847e-16,8.829603008244804e-17,1.041317975320189e-12,3.689284259324333e-28,1.3537290054324174e-17,1.1631304803552553,3.0217116379658176e-12,0.00020488691773996068,500000.0,502773.7002284313
0.0003598782241109471,0.00011370154572689746,0.04720339434474792,298.95601460483056,0.0,0.04642764051434764,150.38677643214112,1.0767773833902197e-17,0.0,0.00014909728131396293,50.13658918371636,1.8518544501843887e-16,8.819708803804417e-17,1.040134910626159e-12,3.6647964812710136e-28,1.3461135392973075e-17,1.162801434585654,3.0141199073585293e-12,0.0002048860422961059,500000.0,502564.2425111803
0.0003601168915833623,0.00011371331364412825,0.05132109292136075,298.913385156234,0.0,0.04641322732954986,150.34009176709793,1.0733020908032918e-17,0.0,0.00014905099694742142,50.12102524954893,1.8520238942507837e-16,8.809593372059673e-17,1.038925401651982e-12,3.63874755983468e-28,1.3379559827109218e-17,1.1624404653758962,3.0059262090081662e-12,0.00020488508178006108,500000.0,502335.83344907913
0.00036035555905577756,0.00011372599939268626,0.05488950841018498,298.86812670269103,0.0,0.046397696729109324,150.2897876008661,1.0695590936188216e-17,0.0,0.0001490011241151946,50.10425463053601,1.8519033611749335e-16,8.799286570920708e-17,1.0376930941112652e-12,3.611418630827515e-28,1.3293470179213234e-17,1.162051509921117,2.9972182656785726e-12,0.0002048840466268274,500000.0,502090.9085036949
0.00036059422652819285,0.00011373946838461494,0.05788036416740428,298.8206857958904,0.0,0.046381214861727395,150.23640211600178,1.06558860613245e-17,0.0,0.000148948196385179,50.086456748288754,1.8514953715864356e-16,8.788819760567952e-17,1.0364418119613037e-12,3.5830958457902975e-28,1.3203797131329901e-17,1.1616387294877737,2.9880874083305482e-12,0.00020488294787096795,500000.0,501832.0336961828
0.0003608328940006081,0.00011375357999376663,0.06027136337652816,298.7715249279943,0.0,0.046363955034690395,150.18049668299872,1.0614323532881541e-17,0.0,0.00014889277031438343,50.06781875491255,1.8508053775387387e-16,8.778225463172212e-17,1.035175516353151e-12,3.554066280177432e-28,1.311148264002952e-17,1.1612064646331353,2.978627477756494e-12,0.0002048817970295369,500000.0,501561.8778497662
0.0003610715614730233,0.00011376818899993068,0.062046319481000645,298.7211177618588,0.0,0.04634609588879595,150.1226499485764,1.0571330551763147e-17,0.0,0.00014883541958790676,50.04853356213504,1.849841633600277e-16,8.767537018495343e-17,1.0338982640750467e-12,3.5246141596350747e-28,1.3017468047070636e-17,1.1607591894954967,2.968933743311057e-12,0.00020488060598229186,500000.0,501283.18437325454
0.0003613102289454386,0.00011378314705610777,0.06319522215949472,298.6699443357052,0.0,0.04632781955712459,150.0634518716384,1.0527339245225802e-17,0.0,0.00014877672910603543,50.0287978529884,1.8486150381233474e-16,8.756788239346263e-17,1.0326141659576436e-12,3.4950174611882242e-28,1.2922683059579206e-17,1.1603014656797797,2.9591018540489203e-12,0.00020487938685051266,500000.0,500998.74291412364
0.00036154889641785385,0.0001137983041640323,0.06371424019554708,298.6184862918456,0.0,0.04630930982749853,150.0034977711734,1.048278184470687e-17,0.0,0.0001487172890831809,50.00881009747294,1.8471389486998841e-16,8.746013070598881e-17,1.031327345680107e-12,3.465544932514314e-28,1.2828035753304442e-17,1.1598378962354705,2.9492268352871203e-12,0.0002048781518756908,500000.0,500711.36118950415
0.00036193482855641316,0.00011382285212673001,0.06322888326164484,298.535892982275,0.0,0.04627935298414093,149.9064657757422,1.0410621620717027e-17,0.0,0.0001486210890905012,49.97646115408549,1.8442647759607755e-16,8.728619365522542e-17,1.0292511858146504e-12,3.41879993533227e-28,1.2677503715459844e-17,1.1590876378235893,2.9334048798007503e-12,0.0002048761525521176,500000.0,500247.5604268421
0.0003623207606949724,0.00011384690265884774,0.0611470908490171,298.45577782134575,0.0,0.04625002821348038,149.8114811450767,1.033985105741544e-17,0.0,0.00014852691890741105,49.94479476995476,1.840856558383382e-16,8.711383959400611e-17,1.0271954839486641e-12,3.3740537207638983e-28,1.2533101200077675e-17,1.1583532097842124,2.91809391145009e-12,0.0002048741946896277,500000.0,499794.9610321666
0.00036260234729736975,0.00011386379001494267,0.0586663191406857,298.39996766553725,0.0,0.04622945227126656,149.74483455048798,1.0290045504453776e-17,0.0,0.0001484608437753412,49.92257584199951,1.8380830950895746e-16,8.698984730547342e-17,1.025717740189955e-12,3.343185524169581e-28,1.2433436711554724e-17,1.1578378934908253,2.9074499388345796e-12,0.0002048728205043426,500000.0,499478.1737629946
0.0003628839338997671,0.00011387987022526893,0.055422296574051365,298.34715752819875,0.0,0.046209871085568045,149.681410125467,1.0242460578067725e-17,0.0,0.0001483979631842684,49.90143113476907,1.835109227327095e-16,8.686788555382316e-17,1.024265267730843e-12,3.3141676533191e-28,1.2339826929742943e-17,1.1573474912456456,2.8973946946493906e-12,0.00020487151241498354,500000.0,499177.28861368954
0.0003631655205021644,0.00011389493563914082,0.05146823867165176,298.29797904059535,0.0,0.046191535628019004,149.62202080937357,1.0197650104256955e-17,0.0,0.00014833908310298377,49.88163166947736,1.8319739065609236e-16,8.674840179290312e-17,1.0228434724867518e-12,3.287271544346174e-28,1.2253260085373586e-17,1.156888288754611,2.888044791687491e-12,0.00020487028724031805,500000.0,498896.0723265659
0.00036344710710456174,0.00011390879482632675,0.046865965602706276,298.25300705779426,0.0,0.04617467672817821,149.56741429819743,1.015611807217888e-17,0.0,0.0001482849448163392,49.86342671622348,1.8287173463208818e-16,8.663180430282351e-17,1.0214572789257879e-12,3.26273248780882e-28,1.2174605748892627e-17,1.1564660672572031,2.8795052455620126e-12,0.0002048691604663734,500000.0,498637.9755445377
0.000363728693706959,0.0001139212748741021,0.0416849707425841,298.2127530129486,0.0,0.04615950242404325,149.51826446241967,1.0118314786735382e-17,0.0,0.0001482362164166966,49.84704093284149,1.8253804683180344e-16,8.651845769775359e-17,1.0201110753209443e-12,3.2407497473970665e-28,1.2104612096668308e-17,1.1560860371687287,2.8718685949290904e-12,0.00020486814606508543,500000.0,498406.0939623074
0.00036401028030935635,0.00011393222339625647,0.036001348374348346,298.1776593014384,0.0,0.046146195670509114,149.47516392431302,1.0084634021249457e-17,0.0,0.00014819348544487424,49.83267189028893,1.82200434838714e-16,8.64086791161556e-17,1.018808667451946e-12,3.2214871899547356e-28,1.2043905041799661e-17,1.1557527806874708,2.865214230921703e-12,0.0002048672563371474,500000.0,498203.13511755894
0.0003642918669117537,0.00011394151023304218,0.029896678508471337,298.14809467048633,0.0,0.04613491242285631,149.43861785002449,1.0055410618987724e-17,0.0,0.00014815725273545932,49.82048800302465,1.818629698901372e-16,8.630273512033762e-17,1.0175532409181741e-12,3.2050740165188754e-28,1.1992988190295515e-17,1.1554702037946207,2.8596078861554686e-12,0.00020486650177965762,500000.0,498031.39090951486
0.000364573453514151,0.00011394902883652628,0.023456907479017092,298.12435059257035,0.0,0.046125780093915165,149.40903895205636,1.0030918682697049e-17,0.0,0.0001481279274621405,49.81062686291449,1.8152963962752693e-16,8.620083929225967e-17,1.0163473319124447e-12,3.1916060300929317e-28,1.1952244586921493e-17,1.1552414976131007,2.8551013042948633e-12,0.00020486589097850607,500000.0,497892.71574101015
0.00036485504011654835,0.00011395469733918661,0.01677120593116261,298.10663863868706,0.0,0.04611889638023395,149.38674368701163,1.001137055756703e-17,0.0,0.00014810582336805553,49.80319397161934,1.8120430414569904e-16,8.610315049788698e-17,1.0151928063270157e-12,3.18114642072937e-28,1.192193783652625e-17,1.1550691090082565,2.851732020449097e-12,0.00020486543052571305,500000.0,497788.51021381933
0.00036513662671894563,0.0001139584592981723,0.009930791667268337,298.09508888085793,0.0,0.046114328460258786,149.37194965834684,9.996916468567355e-18,0.0,0.00014809115619081456,49.798261874713695,1.8089065466731507e-16,8.600977182523356e-17,1.0140908472248996e-12,3.173727113851576e-28,1.1902214796189709e-17,1.1549547205057542,2.8495232795663977e-12,0.00020486512496236084,500000.0,497719.71042038326
0.00036541821332134296,0.00011396028410560155,0.0030277357597775128,298.08974933543385,0.0,0.04611211257136356,149.36477424628222,9.98764454598138e-18,0.0,0.00014808404230415802,49.795869704919255,1.8059217530651037e-16,8.592075020416849e-17,1.0130419507440904e-12,3.169349299846627e-28,1.1893107096589402e-17,1.1548992396979463,2.848484075720184e-12,0.0002048649767476984,500000.0,497686.7828959877
0.0003656997999237403,0.00011396016706192056,-0.0038462199231047408,298.09058643129356,0.0,0.04611225396604052,149.36523446587654,9.983581186195981e-18,0.0,0.00014808449857724843,49.79602313478931,1.8031210845554727e-16,8.583607669525177e-17,1.0120459303427656e-12,3.167984866796921e-28,1.1894534525028164e-17,1.1549027981464963,2.8486093013839147e-12,0.00020486498625442808,500000.0,497689.7251893386
0.0003659813865261376,0.00011395812911852128,-0.010600817566381933,298.09748646986003,0.0,0.046114727238107084,149.3732480236461,9.984691826004745e-18,0.0,0.00014809244342222944,49.79869472896887,1.8005342373776118e-16,8.575568742583899e-17,1.0111019291059617e-12,3.1695763870661875e-28,1.1906306295667808e-17,1.154964759552234,2.8498800014158206e-12,0.00020486515178960233,500000.0,497728.0718896387
0.00036626297312853496,0.00011395421630032441,-0.017148404844188135,298.1102580404992,0.0,0.046119477006029926,149.3886355309461,9.990882133423038e-18,0.0,0.0001481076989886283,49.80382468210128,1.7981879019372277e-16,8.567946514810446e-17,1.0102084397707757e-12,3.174038676748683e-28,1.1928124871329056e-17,1.1550837368691786,2.8522637265185347e-12,0.00020486546964034602,500000.0,497800.9059132822
0.00036654455973093224,0.00011394849881931959,-0.02340501600889981,298.128635355391,0.0,0.04612641894178202,149.411123836591,1.0001999540834609e-17,0.0,0.00014812999446740097,49.81132192987155,1.7961055154488215e-16,8.56072413925419e-17,1.0093633321564384e-12,3.1812580776967766e-28,1.1959586862563565e-17,1.1552576180726024,2.8557149857717012e-12,0.00020486593414364653,500000.0,497906.8748791384
0.00036682614633332957,0.00011394106989102797,-0.029291400403936307,298.15228246265224,0.0,0.0461354411339994,149.44035044232805,1.0017835095840687e-17,0.0,0.00014815897046854465,49.82106562105581,1.7943070458483667e-16,8.55387991936523e-17,1.0085638876865251e-12,3.191094479032341e-28,1.2000187716676645e-17,1.1554836002997897,2.8601758008072653e-12,0.0002048665377793792,500000.0,498044.21240601316
0.0003671077329357269,0.00011393204426965507,-0.03473398495102779,298.1807982852467,0.0,0.046146405770924805,149.475868954154,1.0038125685554242e-17,0.0,0.00014819418442567236,49.83290693490466,1.792808807695001e-16,8.54738763606769e-17,1.007806840618403e-12,3.2033798837471665e-28,1.2049322654624045e-17,1.155758232000013,2.8655763649446292e-12,0.00020486727128545698,500000.0,498210.76411988656
0.00036738931953812423,0.00011392155652232251,-0.03966575978647255,298.2137224222345,0.0,0.0461591511240938,149.5171555077882,1.0062556695261231e-17,0.0,0.00014823511696639046,49.84667122329509,1.7916233103619815e-16,8.541216925699943e-17,1.0070884255021998e-12,3.217921285547419e-28,1.2106292845471169e-17,1.156077462616757,2.8718358108857583e-12,0.00020486812379367028,500000.0,498404.01809763134
0.00036767090614052157,0.00011390975906594437,-0.04402707846886391,298.2505416418775,0.0,0.046173493810629004,149.5636160966039,1.0090765125571747e-17,0.0,0.00014828117917739658,49.86216045374759,1.7907591390903373e-16,8.535333704747953e-17,1.0064044303303664e-12,3.2344987199249345e-28,1.217030721415795e-17,1.156436699247811,2.878863090899849e-12,0.0002048690829845636,500000.0,498621.1394331619
0.00036795249274291884,0.00011389681999216588,-0.047766364398097116,298.2906969911485,0.0,0.046189231310185125,149.61459472441828,1.0122343186754189e-17,0.0,0.0001483317206873632,49.87915592743829,1.7902208702650524e-16,8.529700637110289e-17,1.0057502548025373e-12,3.252869263118822e-28,1.2240490714084004e-17,1.1568308696832328,2.8865579734261833e-12,0.0002048701352595528,500000.0,498859.0085861588
0.0003682340793453162,0.00011388292070768104,-0.05084071469451124,298.33359144021705,0.0,0.04620614471035094,149.66938229829282,1.0156842410167939e-17,0.0,0.0001483860384834866,49.897421243918984,1.7900090229231135e-16,8.524277639193336e-17,1.0051209730844805e-12,3.272765242614962e-28,1.231588827443398e-17,1.1572544911651248,2.8948121580242157e-12,0.000204871265928323,500000.0,499114.26313916274
0.0003685156659477135,0.0001138682534197064,-0.05321639344483615,298.3785979717463,0.0,0.04622400165103563,149.72722616587959,1.0193778331908035e-17,0.0,0.00014844338636705491,49.91670548071853,1.790120048829413e-16,8.519022417534374e-17,1.004511400372332e-12,3.2938987310242278e-28,1.2395475238458377e-17,1.157701744131084,2.90351051495404e-12,0.00020487245940930578,500000.0,499383.3425362846
0.00036879725255011084,0.00011385301849884676,-0.05486920737272681,298.4250680188597,0.0,0.04624255943474784,149.78734019012305,1.023263575714743e-17,0.0,0.00014850298494176417,49.93674655209021,1.79054636367804e-16,8.513891033123144e-17,1.00391616250242e-12,3.3159620838361293e-28,1.2478165506956307e-17,1.158166550112527,2.9125324314725672e-12,0.00020487369944084693,500000.0,499662.53532293916
0.0003690788391525081,0.00011383742175343487,-0.05578475849632016,298.4723401484552,0.0,0.04626156826648867,149.84891524380518,1.0272874607388129e-17,0.0,0.0001485640320182775,49.95727470772825,1.7912764219521247e-16,8.508838485955201e-17,1.0033297677841909e-12,3.3386314193888973e-28,1.2562823449202255e-17,1.15864265287927,2.92175327959374e-12,0.00020487496930046483,500000.0,499948.02835285355
0.00036936042575490545,0.00011382167165064024,-0.05595856963497446,298.51974888147464,0.0,0.04628077458430198,149.91112999774674,1.031393633946753e-17,0.0,0.0001486257133099231,49.97801612938471,1.7922948378528526e-16,8.50381931285153e-17,1.002746680183016e-12,3.3615699438602058e-28,1.2648276802850332e-17,1.1591237018546838,2.9310459793596314e-12,0.00020487625202944432,500000.0,500235.95738283993
0.0003696420123573028,0.00011380597652054131,-0.055396079632808536,298.566633538216,0.0,0.04629992443903123,149.9731618683994,1.0355250898646827e-17,0.0,0.00014868721328641554,49.99869658062461,1.7935825544176796e-16,8.498788191226643e-17,1.0021613929344347e-12,3.3844319716542874e-28,1.2733331305575784e-17,1.1596033367632657,2.940282647550056e-12,0.000204877530659892,500000.0,500522.4584334329
0.0003699235989597001,0.00011379054177998862,-0.054112507131583054,298.6123469931926,0.0,0.04631876687953384,150.0341979831178,1.039624414092924e-17,0.0,0.00014874772604510608,50.01904506247558,1.7951170623263473e-16,8.493700540887998e-17,1.001568501630833e-12,3.406867556304543e-28,1.2816786874769362e-17,1.1600752724149181,2.949336313294377e-12,0.0002048787884412684,500000.0,500803.71925233764
0.00037020518556209745,0.00011377556721328311,-0.052132583339292105,298.6562642225418,0.0,0.04633705729779133,150.09344601552993,1.0436345633280528e-17,0.0,0.00014880646605344478,50.038797425770056,1.7968726690487117e-16,8.488513115862804e-17,1.000962775793098e-12,3.4285276416749557e-28,1.289745503584452e-17,1.1605333824848156,2.9580826743291555e-12,0.00020488000906334342,500000.0,501076.03018503496
0.00037048677216449473,0.00011376124434631182,-0.049490156134953285,298.6977905269336,0.0,0.046354560687280374,150.15014473994825,1.0474996716641405e-17,0.0,0.00014886267861289264,50.05769988982017,1.7988208179145704e-16,8.483184577878782e-17,1.0003392279277217e-12,3.449069658788336e-28,1.2974177338495722e-17,1.1609717811208746,2.9664018666494144e-12,0.0002048811768724939,500000.0,501335.83373505046
0.00037076835876689206,0.0001137477539498076,-0.046227669873236045,298.736369314625,0.0,0.04637105476773907,150.20357415301456,1.0511658691197521e-17,0.0,0.00014891564989377818,50.07551241681526,1.8009304554268833e-16,8.477676043062315e-17,9.996931790761516e-13,3.4681634441762067e-28,1.3045844337156266e-17,1.161384901205045,2.9741802141083132e-12,0.0002048822770782847,500000.0,501579.7720874686
0.0003710499453692894,0.00011373526370584075,-0.04239552748740108,298.77148933442766,0.0,0.04638633293013614,150.2530650129556,1.0545820971315704e-17,0.0,0.00014896471639275829,50.092011892059716,1.803168443868369e-16,8.471951594008957e-17,9.99020319890246e-13,3.4854973025605852e-28,1.3111414686775337e-17,1.1617675681115223,2.981311928652546e-12,0.00020488329594739178,500000.0,501804.7318773293
0.0003713315319716867,0.00011372392606956845,-0.0380513430912991,298.80269125234173,0.0,0.0464002069572229,150.29800765191564,1.0577009015051166e-17,0.0,0.00014900927366958948,50.10699506186636,1.805500014588707e-16,8.465978748382537e-17,9.983167663119135e-13,3.500784062978491e-28,1.3169933724502213e-17,1.1621150678443437,2.987700708593837e-12,0.00020488422098199736,500000.0,502007.88550217415
0.00037161311857408406,0.00011371387635563223,-0.03325909562930271,298.82957347618617,0.0,0.04641250947760658,150.33785992512298,1.0604791854229147e-17,0.0,0.00014904878422813402,50.1202811836837,1.8078892560170656e-16,8.459728877976681e-17,9.975791090033086e-13,3.5137668797325615e-28,1.3220551143412413e-17,1.1624232085009165,2.9932612245639797e-12,0.00020488504108005445,500000.0,502186.72831962706
0.00037189470517648134,0.00011370523107539484,-0.02808819585877944,298.85179714241167,0.0,0.04642309611487608,150.3721541722826,1.0628789042233358e-17,0.0,0.0001490827844180617,50.131714346914826,1.8102996290223481e-16,8.453177570505427e-17,9.968044557617153e-13,3.5242245987803226e-28,1.3262537048984026e-17,1.1626883740980096,2.9979204327935306e-12,0.00020488574667505482,500000.0,502339.11112484254
0.00037217629177887867,0.00011369808654750557,-0.022612480529797058,298.8690901912331,0.0,0.04643184729787892,150.40050308138268,1.0648676827022596e-17,0.0,0.00014911089024837742,50.141165427818464,1.8126945009436432e-16,8.446304928525519e-17,9.959904662610183e-13,3.5319764854061426e-28,1.3295295878699101e-17,1.1629075699111304,3.001618695945367e-12,0.0002048863298532282,500000.0,502463.26737315103
0.000372457878381276,0.00011369251780016152,-0.016909149059648524,298.88125047045816,0.0,0.04643866970368249,150.42260436270595,1.0664193380768763e-17,0.0,0.0001491328020213546,50.14853364775091,1.8150376885269695e-16,8.439095800836652e-17,9.951353785870256e-13,3.5368860956897633e-28,1.331837777317766e-17,1.1630784586143188,3.0043106803521257e-12,0.00020488678444645852,500000.0,502557.83469936094
0.00037273946498367333,0.00011368857777896038,-0.011057659171139522,298.88814782429745,0.0,0.04644349731094369,150.43824416089004,1.067514294175415e-17,0.0,0.0001491483077153392,50.153747710693374,1.8172939992305202e-16,8.431539942674629e-17,9.942380271740505e-13,3.538864153842088e-28,1.3331486900337274e-17,1.1631993866624435,3.005966005004392e-12,0.0002048871060996079,500000.0,502621.8703845199
0.00037302105158607067,0.00011368629686948589,-0.005138598773176809,298.8897251403106,0.0,0.046446292048228144,150.4472991549626,1.0681398752310536e-17,0.0,0.00014915728506677788,50.156766503370726,1.8194297599486464e-16,8.423632102282775e-17,9.932978519016129e-13,3.5378703118079706e-28,1.3334486456853481e-17,1.163269400528827,3.006569626160757e-12,0.00020488729231137045,500000.0,502654.8605305142
0.00037330263818846794,0.0001136856827388315,0.0007674482159079673,298.8859983450817,0.0,0.04644704402908124,150.449737319797,1.068290470804186e-17,0.0,0.00014915970232514433,50.157579349108815,1.8214133221607116e-16,8.415372032934798e-17,9.923148982688736e-13,3.5339136981319427e-28,1.3327400201072609e-17,1.1632882525928754,3.006121947613305e-12,0.0002048873424482253,500000.0,502656.72281965363
0.0003735842247908653,0.0001136867204952627,0.006581024353336056,298.8770553569445,0.0,0.04644577137314364,150.4456173466971,1.0679675671704237e-17,0.0,0.00014915561767849263,50.15620581466656,1.8232155328369432e-16,8.406764430841273e-17,9.912898087257984e-13,3.527052251565761e-28,1.3310410410531923e-17,1.1632563966599965,3.0046386544472304e-12,0.0002048872577315155,500000.0,502627.8028570015
0.0003738658113932626,0.00011368937316025033,0.012224891980586412,298.8630540216466,0.0,0.04644251962011547,150.43508674515033,1.0671796441696474e-17,0.0,0.00014914517737148655,50.152695077390234,1.824810161096045e-16,8.397818800600461e-17,9.902238053993124e-13,3.517390830137822e-28,1.3283852281679811e-17,1.1631749732842196,3.002150272957847e-12,0.00020488704119813643,500000.0,502568.86421408516
0.00037414739799565994,0.00011369358244230857,0.017625080825579998,298.84421907434495,0.0,0.04643736075065721,150.418378671382,1.0659419442034623e-17,0.0,0.00014912861256114786,50.14712486790331,1.82617427192193e-16,8.3885492521188e-17,9.89118664606965e-13,3.5050783867491056e-28,1.3248205593587385e-17,1.1630457852463474,2.9987014882693638e-12,0.00020488669763577238,500000.0,502481.0724106405
0.0003744289845980573,0.00011369926979749432,0.022711873953864776,298.8208381863636,0.0,0.0464303918352282,150.3958075517367,1.0642761165993118e-17,0.0,0.00014910623497776482,50.13960001101051,1.8272885393797902e-16,8.378974231642203e-17,9.879766836900359e-13,3.4903037936847156e-28,1.3204082426514116e-17,1.1628712637136231,2.994350193946968e-12,0.00020488623349401765,500000.0,502365.97318005696
0.00037471057120045455,0.00011370633775716834,0.027420717761997147,298.79325717035596,0.0,0.04642173333821066,150.36776358946994,1.0622097496939225e-17,0.0,0.0001490784314787856,50.130250594348446,1.8281374934855265e-16,8.369116194269107e-17,9.86800640828121e-13,3.4732912282059204e-28,1.3152213425668563e-17,1.162654425765847,2.98916635945649e-12,0.00020488565677311826,500000.0,502225.46546601754
0.0003749921578028519,0.00011371467149980525,0.03169304342282698,298.7618744303812,0.0,0.04641152711023746,150.33470626157782,1.0597758070071648e-17,0.0,0.00014904565760140957,50.119229800330814,1.82870969681413e-16,8.359001223810287e-17,9.855937486078308e-13,3.4542947436652427e-28,1.3093431565288232e-17,1.1623988241123933,2.9832307047609265e-12,0.000204884976892413,500000.0,502061.76968558296
0.0003752737444052492,0.00011372414064034656,0.03547698899598304,298.7271347538258,0.0,0.04639993410629612,150.29715692736795,1.0570119834185462e-17,0.0,0.00014900843023453624,50.10671144196193,1.8289978489389494e-16,8.348658606829424e-17,9.843596022071405e-13,3.433592459686301e-28,1.3028654593449075e-17,1.1621084899411445,2.976633229904167e-12,0.00020488420454083372,500000.0,501877.39186564833
0.00037555533100764655,0.00011373460120781683,0.03872801319631701,298.6895225505145,0.0,0.04638713187089349,150.25569068249897,1.0539599966686814e-17,0.0,0.00014896731954265228,50.09288724710156,1.828998818583919e-16,8.338120368756265e-17,9.831021231230851e-13,3.411480510010253e-28,1.2958866461985224e-17,1.1617878699333364,2.9694716307391257e-12,0.00020488335151205744,500000.0,501675.0843156326
0.0003758369176100439,0.00011374589777972441,0.04140939423583716,298.64955465052617,0.0,0.0463733118342596,150.21092760094132,1.0506648347405823e-17,0.0,0.00014892294028288875,50.07796393867215,1.8287136052317645e-16,8.327420781420906e-17,9.818254994187892e-13,3.3882670520755966e-28,1.2885098728864609e-17,1.1614417585457666,2.9618496549380168e-12,0.0002048824305270746,500000.0,501457.80353820877
0.00037611850421244116,0.00011375786574018,0.04349260915278304,298.60777277609117,0.0,0.04635867646521013,150.1635235126295,1.0471739781079457e-17,0.0,0.0001488759426617501,50.06216016007291,1.8281472336166194e-16,8.316595849061976e-17,9.805341234873779e-13,3.364266363760812e-28,1.2808411834220689e-17,1.1610752267029316,2.9538754088240333e-12,0.0002048814550470551,500000.0,501228.66610147443
0.0003764000908148385,0.00011377033362767944,0.044957591134453356,298.56473580442827,0.0,0.04634343632691576,150.11416046661034,1.0435366140267908e-17,0.0,0.00014882700288003687,50.04570329574336,1.827308586036946e-16,8.305682781806124e-17,9.79232528331322e-13,3.3397932969534814e-28,1.2729877153260736e-17,1.160693548057402,2.945659669297105e-12,0.0002048804390794492,500000.0,500990.9032007424
0.0003766816774172358,0.00011378312553809704,0.04579286443892082,298.5210119376117,0.0,0.04632780708150324,150.06353702844672,1.0398028595617077e-17,0.0,0.00014877681351344415,50.02882623646993,1.8262101786367216e-16,8.29471946513923e-17,9.779253233375513e-13,3.31515818625234e-28,1.2650560096523844e-17,1.1603021239686448,2.9373142263332327e-12,0.0002048793969802594,500000.0,500747.8146273041
0.00037696326401963316,0.00011379606354859941,0.045995558486111573,298.4771708927489,0.0,0.046312006488217816,150.01235855676248,1.0360230085044169e-17,0.0,0.0001487260738724809,50.011764137738965,1.8248678887058882e-16,8.283743933009438e-17,9.766171304924814e-13,3.290662280549764e-28,1.2571504505630644e-17,1.1599064083205657,2.928950283323958e-12,0.0002048783432553634,500000.0,500502.72283670754
0.00037711385458538064,0.0001138029810478665,0.04584597065431711,298.4538727077327,0.0,0.046303561415178336,149.9850047751351,1.0339999373696642e-17,0.0,0.00014869895463634386,50.00264481652001,1.8240564012657733e-16,8.277882366118792e-17,9.759187011096608e-13,3.2777196799419557e-28,1.252968467870819e-17,1.1596949069007751,2.9245076527221725e-12,0.0002048777799784474,500000.0,500371.9732952753
0.0003772644451511282,0.00011380986262233662,0.04551877453350008,298.4307871999515,0.0,0.04629516223596232,149.9577996487534,1.0319854174754085e-17,0.0,0.00014867198278080483,49.99357505462522,1.823183750037239e-16,8.272033764964936e-17,9.752219865901673e-13,3.2649418288919076e-28,1.2488377683487954e-17,1.1594845548941013,2.920107302185111e-12,0.00020487721970410006,500000.0,500242.0937792585
0.0003774150357168757,0.00011381668170052866,0.04501647512506425,298.40799775377985,0.0,0.04628684133629753,149.93084808045566,1.0299868093427799e-17,0.0,0.00014864526230921006,49.98458982501317,1.822253361114795e-16,8.266203711579843e-17,9.745276634905865e-13,3.2523694962724607e-28,1.2447728022176401e-17,1.1592761634168782,2.915765199026723e-12,0.00020487666459353897,500000.0,500113.57521319255
0.0003775656262826232,0.00011382341214395596,0.04434222975075508,298.3855859923028,0.0,0.04627863054310228,149.90425316301338,1.028011317779472e-17,0.0,0.00014861889543035952,49.975723497194636,1.821268849082008e-16,8.260397674285251e-17,9.738363941488117e-13,3.240041858541158e-28,1.2407875305901483e-17,1.1590705295898729,2.9114969047733585e-12,0.0002048761167715944,500000.0,499986.8992957021
0.00037771621684837075,0.00011383002833883737,0.043499828991614545,298.3636314967678,0.0,0.04627056101414654,149.87811582172466,1.0260659692496737e-17,0.0,0.0001485929822041649,49.967009718078806,1.820233999997573e-16,8.254620989052746e-17,9.731488244276038e-13,3.2279964071887783e-28,1.2368953878928206e-17,1.1588684337747908,2.9073175255249434e-12,0.00020487557831932418,500000.0,499862.5368439792
0.0003778668074141183,0.00011383650528732854,0.042493675707525276,298.3422115290847,0.0,0.046262663128711745,149.85253446024277,1.0241575896208354e-17,0.0,0.00014856762019051475,49.95848129389803,1.8191527539592014e-16,8.248878841116784e-17,9.724655814892901e-13,3.2162688664924745e-28,1.2331092469803568e-17,1.1586706368357975,2.903241664395605e-12,0.00020487505126667987,500000.0,499740.94615688204
0.00037801739797986583,0.00011384281869826458,0.04132876281102416,298.3214007568569,0.0,0.046254966379228685,149.82760460957252,1.022292782314229e-17,0.0,0.00014854290410128103,49.950170073188886,1.8180291875046862e-16,8.243176246881397e-17,9.717872715999667e-13,3.20489313033192e-28,1.2294413893143921e-17,1.1584778774255333,2.899283376486299e-12,0.00020487453758521944,500000.0,499622.5713953201
0.00037826132568813533,0.00011385263844557452,0.03911940867909136,298.2891663984912,0.0,0.04624299838571049,149.7888402295858,1.0193807750735592e-17,0.0,0.0001485044721071309,49.93724663766257,1.8161302041523533e-16,8.234035345393261e-17,9.707004895481608e-13,3.1872941555138443e-28,1.2237807099132276e-17,1.1581781484329081,2.8931553726043035e-12,0.00020487373873945928,500000.0,499438.7400583699
0.00037850525339640483,0.00011386187298612816,0.03653485006238037,298.259005064151,0.0,0.046231747355433866,149.7523982084594,1.0166252155951193e-17,0.0,0.0001484683425587183,49.925097440103855,1.8141495751596442e-16,8.225030188946925e-17,9.696305074870378e-13,3.1708264494369376e-28,1.2185066235315419e-17,1.1578963760869976,2.8874245590993628e-12,0.00020487298763670241,500000.0,499266.186754362
0.00037874918110467434,0.00011387043431442419,0.03360509990164456,298.2311805327014,0.0,0.04622131976004802,149.71862342618243,1.0140496766321892e-17,0.0,0.00014843485737885028,49.913837458084174,1.812106177720103e-16,8.216178608410361e-17,9.685794719228435e-13,3.1556013839160194e-28,1.2136604130415194e-17,1.1576352270248258,2.882139880712338e-12,0.00020487229140649536,500000.0,499106.50272647245
0.00037899310881294384,0.00011387824214830333,0.030363234102585627,298.2059302777118,0.0,0.046211812593855824,149.68783006407784,1.011675576518124e-17,0.0,0.00014840432805489427,49.90357143472181,1.810019190864463e-16,8.207496720378724e-17,9.67549318600726e-13,3.14171624013889e-28,1.2092785025889913e-17,1.1573971305191095,2.8773451905526415e-12,0.00020487165654823383,500000.0,498961.13194746146
0.00037923703652121334,0.00011388522469184167,0.026845004929106592,298.18346329470523,0.0,0.04620331248379998,149.66029872189176,1.009522028511062e-17,0.0,0.00014837703278058672,49.894392917564765,1.8079078918020133e-16,8.198998785149532e-17,9.665417553471482e-13,3.129254012245898e-28,1.2053923063113772e-17,1.1571842561873835,2.873078934161408e-12,0.00020487108887068078,500000.0,498831.35809648805
0.00037948096422948284,0.00011389131918514804,0.023088468441208994,298.1639585960951,0.0,0.04619589505867373,149.63627437455435,1.0076057438738416e-17,0.0,0.0001483532144303141,49.886383577406974,1.8057914823457408e-16,8.190697110041794e-17,9.655582503991156e-13,3.11828350994871e-28,1.2020281863482038e-17,1.1569984981935286,2.8693739601567203e-12,0.000204870593448621,500000.0,498718.29545972246
0.00037972489193775235,0.0001138964723566068,0.019133602657403544,298.14756401956856,0.0,0.04618962443518382,149.61596470744493,1.0059409594120945e-17,0.0,0.0001483330789086523,49.87961265329183,1.8036889244594255e-16,8.182601973144831e-17,9.646000232489836e-13,3.1088594477284582e-28,1.1992074241532068e-17,1.1568414623759216,2.866257373532116e-12,0.00020487017458733396,500000.0,498622.8816067942
0.00037996881964602185,0.00011390064084587831,0.015021897989599936,298.1343951427993,0.0,0.04618455273636988,149.59953855646478,1.0045393725925777e-17,0.0,0.00014831679360381483,49.8741364324569,1.801618770967412e-16,8.174721553177393e-17,9.63668036254467e-13,3.1010227184616033e-28,1.1969462399092894e-17,1.1567144541859637,2.863750417000367e-12,0.00020486983578937268,500000.0,498545.8705716187
0.00038021274735429135,0.00011390379155675394,0.010795928968274094,298.1245344273325,0.0,0.046180719690979755,149.5871246103391,1.0034100884966618e-17,0.0,0.0001483044861010821,49.869997817701865,1.7995989983936498e-16,8.167061873313116e-17,9.627629880100741e-13,3.0948003701930924e-28,1.1952557535503359e-17,1.156618468654187,2.8618683618263915e-12,0.0002048695797269,500000.0,498487.8272626651
0.00038045667506256085,0.00011390590188370425,0.006498924627555692,298.1180307579317,0.0,0.04617815238105949,149.5788105930114,1.0025595889060214e-17,0.0,0.0001482962433722065,49.8672260548116,1.7976468529206555e-16,8.159626770388496e-17,9.618853098455988e-13,3.0902059298901284e-28,1.1941420393667511e-17,1.1565541840684677,2.860620464915112e-12,0.0002048694082240529,500000.0,498449.12410341966
0.00038070060277083036,0.00011390695980813124,0.0021743448216064755,298.1148993844908,0.0,0.04617686514175427,149.57464293907506,1.0019917255574319e-17,0.0,0.0001482921114536266,49.86583662435017,1.7957787112343958e-16,8.15241789015833e-17,9.610351655058778e-13,3.087239492775246e-28,1.193606158558476e-17,1.1565219594644403,2.8600099878598535e-12,0.000204869322249621,500000.0,498429.9399531119
0.00038094453047909986,0.00011390696389143069,-0.002134538924827997,298.11512218061426,0.0,0.046176859579800625,149.57462685366548,1.0017077324465314e-17,0.0,0.00014829209550584627,49.86583126162793,1.794009951991643e-16,8.14543470250885e-17,9.602124532982688e-13,3.0858882137465865e-28,1.1936442773372108e-17,1.1565218350885875,2.8600342551827437e-12,0.00020486932191784483,500000.0,498430.2607975924
0.00038118845818736936,0.00011390592317929833,-0.006385058471566464,298.118648173076,0.0,0.046178124692914595,149.5787266991715,1.0017062518112582e-17,0.0,0.00014829616019682975,49.867198085625034,1.792354835606574e-16,8.138674533401713e-17,9.594168103247443e-13,3.0861263143045176e-28,1.1942477130411294e-17,1.156553535388321,2.8606847442298383e-12,0.0002048694064961739,500000.0,498449.8819398765
0.00038143238589563887,0.00011390385701130692,-0.010535555924553328,298.12539435876784,0.0,0.04618063709738141,149.58686673243,1.001983373077e-17,0.0,0.00014830423043287545,49.869911844760544,1.790826393762013e-16,8.132132614805094e-17,9.58647618932578e-13,3.087915624888191e-28,1.1954030747569368e-17,1.1566164747120233,2.861947211382193e-12,0.00020486957442047372,500000.0,498488.4117982006
0.00038167631360390837,0.00011390079472849814,-0.014545776737598659,298.1352468292544,0.0,0.046184361372988376,149.59893222201487,1.0025326872455164e-17,0.0,0.00014831619246632462,49.873934289379,1.7894363305731158e-16,8.125802154043916e-17,9.579040155523709e-13,3.091205531956232e-28,1.1970923349354732e-17,1.1567097659480072,2.863801860201074e-12,0.0002048698233182791,500000.0,498545.27744698065
0.00038192024131217787,0.00011389677528248033,-0.0183772451415824,298.14806219028236,0.0,0.04618925052163968,149.61477093376115,1.0033453581628865e-17,0.0,0.00014833189536834793,49.87921466700092,1.7881949357263301e-16,8.119674421782957e-17,9.571849018278512e-13,3.095933688034284e-28,1.199293019178532e-17,1.1568322320106965,2.8662235507248052e-12,0.00020487015003983362,500000.0,498619.7318441791
0.0003821641690204474,0.0001138918467555673,-0.021993619571317596,298.1636692457323,0.0,0.0461952465288798,149.63419494962793,1.004410209682305e-17,0.0,0.00014835115283221215,49.88569032870299,1.7871110090185381e-16,8.113738856751765e-17,9.56488957797425e-13,3.102025913303451e-28,1.2019783110459711e-17,1.1569824199042038,2.8691820460752833e-12,0.0002048705506961786,500000.0,498710.86258313194
0.0003824080967287169,0.00011388606579937884,-0.025361025814345968,298.1818709225898,0.0,0.04620228102032294,149.65698279397787,1.005713827395777e-17,0.0,0.00014837374528132833,49.893287437986366,1.7861917961500766e-16,8.10798318579632e-17,9.558146569464427e-13,3.10939707702103e-28,1.2051172863981207e-17,1.157158617162879,2.8726422948706315e-12,0.00020487102070373365,500000.0,498817.60205000284
0.0003826520244369864,0.0001138794969961234,-0.02844836501653551,298.20244642355266,0.0,0.04621027600903356,149.6828818544635,1.0072406751523726e-17,0.0,0.00014839942226937971,49.901921777862086,1.7854429362600805e-16,8.102393558518386e-17,9.551602830330025e-13,3.117950990997098e-28,1.208675060740065e-17,1.1573588705697768,2.876564750437827e-12,0.00020487155483507147,500000.0,498938.7389296416
0.0003828959521452559,0.00011387221214724772,-0.031227593554889,298.22515359249496,0.0,0.04621914472944987,149.71161108324063,1.0089732275780359e-17,0.0,0.0001484279051583737,49.911499651393235,1.7848684217887415e-16,8.09695469571857e-17,9.545239485809766e-13,3.1275815077594253e-28,1.2126130801075408e-17,1.1575810070426344,2.8809057276056424e-12,0.0002048721472755547,500000.0,499072.9309960097
0.0003831398798535254,0.00011386428949666571,-0.03367397220406281,298.2497314703762,0.0,0.04622879255042637,149.74286395446254,1.0108921192202165e-17,0.0,0.0001484588900507771,49.92191886767702,1.7844705710360085e-16,8.091650050356043e-17,9.539036148728196e-13,3.1381725305710806e-28,1.2168893333960248e-17,1.157822656501431,2.885617796017423e-12,0.000204872791685299,500000.0,499218.7190781585
0.0003833838075617949,0.00011385581289725598,-0.035766282499037044,298.27590301460134,0.0,0.04623911795817754,149.77631164819636,1.0129763103584343e-17,0.0,0.00014849205094613163,49.9330698033125,1.784250013689677e-16,8.086461979427088e-17,9.532971132391462e-13,3.1495992275964688e-28,1.2214587009832603e-17,1.1580812764866573,2.8906502104361405e-12,0.0002048734812658025,500000.0,499374.54206555925
0.0003836277352700644,0.0001138468709292461,-0.03748700841843243,298.30337795555033,0.0,0.046250013599941756,149.81160643102265,1.0152032686665877e-17,0.0,0.00014852704309266656,49.94483652943939,1.7842056896850606e-16,8.081371925193371e-17,9.52702167444748e-13,3.161728514339166e-28,1.2262732625880728e-17,1.1583541782983595,2.895949371187858e-12,0.00020487420883059295,500000.0,499538.75281774934
0.0003838716629783339,0.00011383755597884102,-0.03882248166131149,298.3318557645564,0.0,0.0462613673794025,149.8483852042868,1.0175491667332757e-17,0.0,0.00014856350650512576,49.95709799466931,1.7843348618222941e-16,8.076360604240918e-17,9.52116416976371e-13,3.1744201153154832e-28,1.2312826885542429e-17,1.158638554431473,2.9014593201481354e-12,0.00020487496687925566,500000.0,499709.6348458286
0.0003841155906866034,0.0001138279632858349,-0.039762989033741335,298.36102870625615,0.0,0.046273063594294166,149.88627318899336,1.0199890954496843e-17,0.0,0.00014860106961806549,49.96972925357175,1.7846331425500515e-16,8.071408202729592e-17,9.515374410264337e-13,3.1875276118385577e-28,1.2364346562908911e-17,1.1589315070676933,2.9071222648582406e-12,0.000204875747674164,500000.0,499885.41962341836
0.0003843595183948729,0.00011381818996962084,-0.040302840767946393,298.39058494622395,0.0,0.046284984105611444,149.9248877130712,1.0224972923401675e-17,0.0,0.00014863935304064581,49.982602729288715,1.7850945352521346e-16,8.066494576056467e-17,9.509627829480867e-13,3.2008996390784913e-28,1.241675307428081e-17,1.1592300773588837,2.9128791284949115e-12,0.00020487654331917697,500000.0,500064.30436911405
0.0003846034461031424,0.00011380833404340134,-0.04044039904397885,298.4202116833347,0.0,0.04629700952714945,149.96384206449332,1.0250473834189693e-17,0.0,0.00014867797337671164,49.99558949810441,1.7857114902597088e-16,8.061599450992684e-17,9.503899749446647e-13,3.2143812237294486e-28,1.2469497452986388e-17,1.1595312752196771,2.9186701230370707e-12,0.00020487734583952521,500000.0,500244.4701309932
0.00038498479963883475,0.00011379299260930677,-0.039856372639613766,298.46593330449207,0.0,0.046315736215067876,150.0245040758669,1.0290544507420557e-17,0.0,0.00014873811523968732,50.015813259733,1.786965786797538e-16,8.053935556129818e-17,9.494923316766961e-13,3.2353035003089637e-28,1.2551315646653099e-17,1.1600003182762044,2.9276496303833857e-12,0.0002048785953145438,500000.0,500524.38763049216
0.0003853661531745271,0.00011377805589640736,-0.03832463297538985,298.5099122349112,0.0,0.046333978552195454,150.08359720606114,1.0329963111841492e-17,0.0,0.0001487967016738924,50.035513981017786,1.7885366280228802e-16,8.046192021533323e-17,9.485840625673503e-13,3.2555085394979975e-28,1.2630498927015284e-17,1.160457230629945,2.9363405048509206e-12,0.00020487981216893078,500000.0,500796.18144498597
0.0003857475067102194,0.0001137638762343519,-0.03589661518811304,298.55105040518384,0.0,0.04635130511011656,150.13972398482608,1.0367726896318584e-17,0.0,0.00014885234719172027,50.05422576732718,1.7903754344736263e-16,8.038296745137261e-17,9.476564548344104e-13,3.274408268824152e-28,1.2704999162192363e-17,1.160891206939834,2.944525508580601e-12,0.00020488096765429063,500000.0,501053.31818647095
0.00038612886024591174,0.00011375078220586872,-0.03264507519918359,298.588335276718,0.0,0.04636731269602473,150.19157840146138,1.0402878757717192e-17,0.0,0.0001489037569808919,50.07151321520694,1.7924274412671658e-16,8.030182833385644e-17,9.467014523452366e-13,3.29144430168266e-28,1.2772883568006913e-17,1.1612921490366608,2.9520015114439242e-12,0.00020488203493103016,500000.0,501289.70983654296
0.00038651021378160403,0.00011373907089589396,-0.028661978998201058,298.6208637470061,0.0,0.04638163603472771,150.2379772665005,1.04345326269566e-17,0.0,0.00014894975799722851,50.08698186787307,1.7946330788517024e-16,8.021790192835104e-17,9.457118460250771e-13,3.3061050582945764e-28,1.2832390827411145e-17,1.1616509084138795,2.9585847890609997e-12,0.00020488298970869383,500000.0,501499.86043351935
0.000386788512604105,0.0001137315472831308,-0.02535539146706329,298.64115070985787,0.0,0.04639084070073212,150.26779503948163,1.0454966157486729e-17,0.0,0.00014897932009662218,50.096922644925826,1.796303612263285e-16,8.015459466427312e-17,9.449642247485903e-13,3.3150445698104057e-28,1.28696375505797e-17,1.161881461588839,2.9627329739774036e-12,0.00020488360317821354,500000.0,501633.8874181641
0.000387066811426606,0.00011372498464417396,-0.021763827580034315,298.6582388315647,0.0,0.04639887157315687,150.2938107002581,1.0472843822524727e-17,0.0,0.00014900511268511616,50.105595857488225,1.7979974350118063e-16,8.008935422493033e-17,9.441928274076932e-13,3.3223303209230365e-28,1.2901091310556254e-17,1.1620826165571831,2.966267650206118e-12,0.0002048841383512626,500000.0,501749.80175389815
0.000387345110249107,0.00011371945539751284,-0.017937563835542646,298.6719215920574,0.0,0.04640563918258199,150.31573444147384,1.0487933253427426e-17,0.0,0.00014902684844031485,50.11290488833974,1.7996893359348372e-16,8.002203862740665e-17,9.433959788569807e-13,3.3278387089648367e-28,1.2926329800304339e-17,1.162252132507471,2.9691450284303908e-12,0.00020488458929452917,500000.0,501846.27966000856
0.00038762340907160794,0.00011371501756722325,-0.013929456646368122,298.6820397987613,0.0,0.04641107174651127,150.33333374666645,1.0500042538480816e-17,0.0,0.00014904429683947415,50.118772220143924,1.801354317057613e-16,7.995253622205257e-17,9.42572374392705e-13,3.331473413423135e-28,1.294502361690984e-17,1.1623882116055961,2.9713307593411e-12,0.00020488495125189102,500000.0,501922.2695723036
0.0003879017078941089,0.00011371171417116442,-0.009794197284930809,298.6884832243191,0.0,0.046415115962184554,150.34643595833396,1.0509022997430962e-17,0.0,0.00014905728670554824,50.12314029160153,1.8029679503004015e-16,7.988076685318356e-17,9.417210929264417e-13,3.333167121545431e-28,1.2956941560400633e-17,1.1624895188512638,2.972800382719158e-12,0.00020488522069580741,500000.0,501977.0037761373
0.0003881800067166099,0.00011370957284207237,-0.005587543435747543,298.6911914787778,0.0,0.04641773750555198,150.3549298942105,1.0514771155472193e-17,0.0,0.00014906570780960656,50.12597203629151,1.8045067273014243e-16,7.980668251696561e-17,9.40841604071439e-13,3.3328826331779155e-28,1.2961953978203601e-17,1.1625551945751533,2.9735396032791657e-12,0.0002048853953593546,500000.0,502010.00549880497
0.0003884583055391109,0.00011370860564720386,-0.001365556545867302,298.69015423473974,0.0,0.04641892127678353,150.35876664252785,1.0517229943612932e-17,0.0,0.0001490695116592761,50.12725114779861,1.805948390627472e-16,7.973026758386842e-17,9.399337700446457e-13,3.3306132797981897e-28,1.2960034004991376e-17,1.162584860587935,2.973544400625602e-12,0.0002048854742515989,500000.0,502021.0920890614
0.00038873660436161185,0.00011370880910113763,0.0028161488843537353,298.68541082580117,0.0,0.046418671397878405,150.35795955428557,1.0516389172663077e-17,0.0,0.00014906871149107816,50.12698207713643,1.8072722424656185e-16,7.965153860853403e-17,9.389978425449862e-13,3.3263828681713784e-28,1.2951257374990109e-17,1.1625786201205042,2.9728210002508203e-12,0.00020488545765677148,500000.0,502010.37437270395
0.0003890149031841128,0.00011371016438529308,0.00690314462260429,298.67704917551225,0.0,0.04641701094536405,150.35258337743159,1.0512285239620576e-17,0.0,0.00014906338141203258,50.1251897440968,1.808459428947904e-16,7.957054368803783e-17,9.380344542996601e-13,3.320244861371032e-28,1.2935799865056811e-17,1.1625370511294024,2.9713856627908205e-12,0.00020488534711616817,500000.0,501978.251926177
0.0003892932020066138,0.00011371263777886043,0.010842908370871637,298.6652040460109,0.0,0.04641398141258395,150.34277251513456,1.05050000204447e-17,0.0,0.00014905365467286484,50.121918956585155,1.809493195468965e-16,7.948736136985517e-17,9.37044605217906e-13,3.312280938828265e-28,1.2913932873018876e-17,1.162461192829654,2.9692643154824517e-12,0.00020488514539240534,500000.0,501925.40419325506
0.0003895715008291148,0.00011371618128945896,0.014585508685531563,298.65005465131804,0.0,0.04640964191676839,150.32871845736446,1.049465898485104e-17,0.0,0.0001490397211216096,50.11723355434983,1.8103591066334562e-16,7.940209914051975e-17,9.360296435204047e-13,3.3025990655350653e-28,1.2886017418751583e-17,1.1623525258355594,2.966492030190313e-12,0.00020488485641701092,500000.0,501852.777692789
0.00038984979965161576,0.00011372073346584112,0.018084242339822997,298.6318216995965,0.0,0.04640406817400249,150.31066646065193,1.0481428614284584e-17,0.0,0.0001490218239118393,50.11121530206599,1.8110452260258677e-16,7.931489153502215e-17,9.349912423662282e-13,3.291330995125082e-28,1.2852496392213772e-17,1.1622129464883564,2.9631123634440546e-12,0.00020488448522285285,500000.0,501761.5696877054
0.0003901280984741167,0.00011372622037755136,0.021296216654691526,298.61076391900934,0.0,0.04639735126250372,150.2889115421451,1.0465513202769735e-17,0.0,0.00014900025553107036,50.10396255381711,1.8115422535557686e-16,7.922589790446192e-17,9.33931372432583e-13,3.2786293956746285e-28,1.2813885589815567e-17,1.1620447358819765,2.959176576960914e-12,0.000204884037862721,500000.0,501653.2086427865
0.0003904063972966177,0.00011373255674812211,0.024182871445944283,298.5871741159963,0.0,0.046389596192926194,150.26379384859214,1.0447151110417106e-17,0.0,0.0001489753532094543,50.09558870918645,1.8118436194467959e-16,7.913529987794172e-17,9.328522708613816e-13,3.2646646872704686e-28,1.2770763733016028e-17,1.1618505240556838,2.9547427548092204e-12,0.0002048835213152518,500000.0,501529.3317726884
0.0003906846961191187,0.00011373964722573223,0.026710434546217663,298.561374823749,0.0,0.04638092030788717,150.23569347214425,1.0426610551543543e-17,0.0,0.00014894749378003273,50.08622048492718,1.811945534211441e-16,7.904329855901793e-17,9.31756407054125e-13,3.2496216329107275e-28,1.272376164431303e-17,1.1616332499094872,2.9498748357165568e-12,0.00020488294337960125,500000.0,501391.7600357269
0.00039096299494161967,0.00011374738777137887,0.028850304733719186,298.5337136111703,0.0,0.04637145153773519,150.205024800499,1.0404185020225335e-17,0.0,0.0001489170880773257,50.075996031389046,1.8118469944642722e-16,7.895011150433417e-17,9.306464458896663e-13,3.233695838959381e-28,1.2673550989378391e-17,1.1613961175190415,2.944641581494991e-12,0.00020488231256058726,500000.0,501242.47100259777
0.00039124129376412063,0.00011375566714265549,0.03057935753258737,298.5045581281064,0.0,0.046361326541911684,150.17223049646057,1.0380188462972479e-17,0.0,0.00014888457496851424,50.065062925398166,1.8115497455766433e-16,7.885596953598011e-17,9.295252089790262e-13,3.2170902397640124e-28,1.2620832808798719e-17,1.1611425495851717,2.939115503204935e-12,0.00020488163794617822,500000.0,501083.5700630343
0.0003915195925866216,0.0001137643684511095,0.0318801714841646,298.4742909618596,0.0,0.04635068876520399,150.13777520181688,1.035495030152209e-17,0.0,0.00014885041511130372,50.0535760712286,1.811058203402774e-16,7.876111343847038e-17,9.28395634562029e-13,3.2000116518596223e-28,1.2566326114616048e-17,1.1608761387517936,2.9333717658663475e-12,0.00020488092907920783,500000.0,500917.2604298397
0.00039179789140912256,0.00011377337077130524,0.03274117394021809,298.4433043784006,0.0,0.046339686437681785,150.10213905879593,1.0328810401244373e-17,0.0,0.00014881508453093068,50.04169554075771,1.8103793381153564e-16,7.866579058952613e-17,9.272607366332008e-13,3.1826674859062915e-28,1.2510756802412272e-17,1.1606005975133482,2.9274870911182847e-12,0.00020488019582516875,500000.0,500745.8123891664
0.0003920761902316236,0.00011378255077944926,0.03315670630482991,298.4119950215506,0.0,0.04632847054702054,150.06581114207765,1.0302114076480699e-17,0.0,0.00014877906810849205,50.02958438380198,1.8095225236501015e-16,7.857025157316487e-17,9.261235638764923e-13,3.165262669523568e-28,1.2454847067529564e-17,1.1603197074306397,2.921538675833852e-12,0.0002048794482379424,500000.0,500571.5322416708
0.00039235448905412454,0.00011379178439918271,0.033127009579707135,298.3807586430722,0.0,0.04631719281173114,150.0292828937395,1.0275207218079246e-17,0.0,0.000148742853072183,50.017406439431085,1.8084993566539087e-16,7.847474682268015e-17,9.249871589786377e-13,3.1479968315666704e-28,1.239930549675023e-17,1.1600372683693625,2.9156031431359567e-12,0.00020487869642532244,500000.0,500396.73137315107
0.00039279617006298496,0.0001138062473062047,0.032182671653964046,298.3322868696983,0.0,0.046299535487089906,149.97209138120914,1.0232907999434738e-17,0.0,0.00014868615194915403,49.998339687264355,1.806568046756575e-16,7.832384808649219e-17,9.231925040840498e-13,3.1213473448364006e-28,1.2313585684544297e-17,1.159595059453016,2.9063928187307886e-12,0.0002048775191171716,500000.0,500123.83374603826
0.0003932378510718454,0.00011382005823678996,0.030186774070415475,298.28647081005175,0.0,0.04628268247110284,149.91750514643277,1.0192253129497888e-17,0.0,0.0001486320337648624,49.980141493781026,1.8043158279374354e-16,7.817460467099247e-17,9.214187985596072e-13,3.096240257486255e-28,1.2233082908108681e-17,1.1591729947327456,2.8976889128393263e-12,0.0002048763951945303,500000.0,499864.1808176869
0.00039354567593070087,0.00011382905910060998,0.02821864686848354,298.2568476258732,0.0,0.04627170337294107,149.88194444656546,1.0165545688172728e-17,0.0,0.00014859677798072333,49.968286114862345,1.8025945052614732e-16,7.807203990455778e-17,9.202007005877846e-13,3.0799932128782854e-28,1.2181300254245913e-17,1.158898036825984,2.892062299784633e-12,0.00020487566287235497,500000.0,499695.4357489363
0.00039385350078955636,0.00011383738666264174,0.025818911860720783,298.2296079207968,0.0,0.046261548593542125,149.8490538495126,1.0140611222524447e-17,0.0,0.00014856416940453655,49.95732090628358,1.8007785202429476e-16,7.797097724996518e-17,9.190012040469336e-13,3.064990654360891e-28,1.2133868845976133e-17,1.1586437243473446,2.8868887428842665e-12,0.00020487498544203404,500000.0,499539.6505412568
0.0003941613256484119,0.00011384491466588806,0.023031580407665876,298.2051300676532,0.0,0.04625237129584884,149.81932947681526,1.0117792835483535e-17,0.0,0.0001485346999038366,49.947411267174026,1.79889513011577e-16,7.787165983063089e-17,9.178232311116378e-13,3.051395742357572e-28,1.209139705496958e-17,1.1584138933444716,2.882239323903295e-12,0.00020487437314485854,500000.0,499399.1147129861
0.0003944691505072674,0.00011385153128285388,0.01990619823968733,298.18374346857496,0.0,0.04624430697169583,149.79321021037134,1.0097394121328352e-17,0.0,0.00014850880459731748,49.938703513865,1.7969721649930423e-16,7.777430058537772e-17,9.166693324654852e-13,3.039346675478031e-28,1.2054405186866983e-17,1.1582119372839477,2.8781757576243347e-12,0.00020487383504595808,500000.0,499275.8435883618
0.00039477697536612294,0.0001138571406934113,0.016496993596654946,298.1657240580412,0.0,0.04623747158335556,149.7710716725715,1.0079675912530229e-17,0.0,0.0001484868558865862,49.93132287296168,1.795037588521243e-16,7.767907947057442e-17,9.155416536658685e-13,3.028955943415357e-28,1.2023321382190361e-17,1.1580407605052678,2.874749687273038e-12,0.00020487337890833125,500000.0,499171.55105167907
0.00039508480022497843,0.00011386166437016623,0.012861905718472278,298.1512908110756,0.0,0.04623196005944332,149.75322135426245,1.0064853772619433e-17,0.0,0.00014846915862590132,49.925371857082595,1.7931190524224947e-16,7.758614126029889e-17,9.144419089161568e-13,3.0203099843366092e-28,1.1998479046317425e-17,1.1579027405499016,2.8720021642799646e-12,0.00020487301109084653,500000.0,499087.62780748674
0.000395392625083834,0.00011386504206363324,0.009061598156004923,298.1406032044733,0.0,0.046227845150540486,149.73989490789884,1.0053095969090054e-17,0.0,0.00014845594644710962,49.92092902905476,1.7912434814137406e-16,7.749559394629053e-17,9.133713621459553e-13,3.013469017456093e-28,1.1980115211637715e-17,1.1577996994996749,2.869963278032479e-12,0.0002048727364702464,500000.0,499025.1250908785
0.00039570044994268947,0.00011386723249044634,0.005158490260041676,298.1337595952812,0.0,0.04622517663714668,149.73125358194875,1.0044522068152267e-17,0.0,0.00014844737921604998,49.918048146584695,1.7894366960182794e-16,7.740750771721272e-17,9.12330815151294e-13,3.0084672995197713e-28,1.1968370375723374e-17,1.1577328841394057,2.8686519504419287e-12,0.00020487255838668876,500000.0,498984.7436657243
0.000396008274801545,0.00011386821372531959,0.0012157835080821371,298.13079652868817,0.0,0.046223980886374076,149.72738278493412,1.0039202266198903e-17,0.0,0.0001484435416089067,49.916757683532055,1.7877230617899342e-16,7.732191450217119e-17,9.113206027065024e-13,3.0053132905893283e-28,1.1963288604719329e-17,1.1577029548539632,2.868075854519015e-12,0.00020487247861286048,500000.0,498966.8280757534
0.0003963160996604005,0.00011386798329159864,-0.0027035285726178895,298.1316889987894,0.0,0.04622426076181124,149.7282917934478,1.0037157360391459e-17,0.0,0.00014844444282273008,49.91706073256714,1.7861251601616094e-16,7.723880808462766e-17,9.103405947013123e-13,3.0039902145933564e-28,1.1964818974421327e-17,1.157709983370633,2.8682314816667145e-12,0.00020487249734714956,500000.0,498971.3662250416
0.000396623924519256,0.00011386655794650762,-0.0065376445656034204,298.13635165976683,0.0,0.046225995890390656,149.7339146165662,1.0038359233834554e-17,0.0,0.00014845001743243733,49.918935293352526,1.7846634877381829e-16,7.715814478817865e-17,9.093902052959298e-13,3.0044565414413577e-28,1.1972817390622804e-17,1.15775345944282,2.8691043496928168e-12,0.00020487261323113638,500000.0,498997.994320799
0.00039693174937811154,0.00011386397316650797,-0.010226903368019217,298.1446409513064,0.0,0.04622914327973469,149.74411199552281,1.0042731866475806e-17,0.0,0.0001484601273733394,49.92233493920266,1.783356191542179e-16,7.707984471589334e-17,9.084684088714272e-13,3.0066468796410856e-28,1.1987049672838139e-17,1.1578323063116653,2.8706693452540774e-12,0.00020487282339090408,500000.0,499046.0070490547
0.00039723957423696703,0.00011386028234765601,-0.013714680607769416,298.1563580829163,0.0,0.04623363826887858,149.75867448324672,1.0050152923908807e-17,0.0,0.00014847456499427448,49.92718984375383,1.7822188418687797e-16,7.700379351176274e-17,9.075737623669566e-13,3.010472733676984e-28,1.2007194926929547e-17,1.157944904517265,2.8728911957735148e-12,0.00020487312350099556,500000.0,499114.37271340087
0.00039754739909582257,0.0001138555557396025,-0.016948228044321112,298.1712528183339,0.0,0.04623939579155852,149.77732653635434,1.006045590541057e-17,0.0,0.00014849305711451248,49.93340814516982,1.7812642415361972e-16,7.69298446080263e-17,9.067044335408747e-13,3.015823707039461e-28,1.2032850154315298e-17,1.158089123538244,2.8757250650368966e-12,0.00020487350786961594,500000.0,499201.75302649586
0.00039785522395467806,0.00011384987913200581,-0.019879448832213736,298.1890280005693,0.0,0.04624631193181824,149.79973155401197,1.0073432795371809e-17,0.0,0.00014851527001941177,49.94087762601953,1.7805022718603574e-16,7.685782192235573e-17,9.058582347047077e-13,3.0225686028902824e-28,1.2063535273268056e-17,1.1582623607526052,2.879117268803847e-12,0.00020487396954368313,500000.0,499306.5272535876
0.0003981630488135336,0.0001138433523137375,-0.022465596275343253,298.20934475017816,0.0,0.04625426575027686,149.82549779351734,1.0088837201922564e-17,0.0,0.00014854081532527755,49.94946768543902,1.7799397775400817e-16,7.678752296758225e-17,9.050326614468417e-13,3.0305570292907445e-28,1.2098699431992202e-17,1.1584615871774357,2.8830061067529378e-12,0.0002048745004321869,500000.0,499426.8203819649
0.0003984708736723891,0.00011383608732963929,-0.024669883442421516,298.2318282556397,0.0,0.04626312135440392,149.85418507626378,1.0106387999523651e-17,0.0,0.00014856925662782555,49.95903157479461,1.7795804925475787e-16,7.671872232920005e-17,9.042249357680264e-13,3.039620970066503e-28,1.2137727903161096e-17,1.158683399319906,2.8873228050496435e-12,0.00020487509144596281,500000.0,499560.5349149996
0.0003987786985312446,0.00011382820656413322,-0.026461994706328575,298.25607406287725,0.0,0.04627273018072643,149.8853121801903,1.0125773471082709e-17,0.0,0.00014860011683124526,49.969408862209576,1.77942500811195e-16,7.665117545728226e-17,9.03432052954353e-13,3.0495768834683514e-28,1.2179950265372015e-17,1.1589240763362287,2.8919925616224704e-12,0.00020487573265163007,500000.0,499705.3858112462
0.00039908652339010013,0.00011381984068353828,-0.027818493262924005,298.2816547646908,0.0,0.046282933453666,149.91836480436817,1.0146655911719413e-17,0.0,0.00014863288604449398,49.98042808783227,1.7794707833646383e-16,7.658462271498959e-17,9.026508314597989e-13,3.0602278597837335e-28,1.2224649307863676e-17,1.1591796416144182,2.896935684529365e-12,0.0002048764134372343,500000.0,499858.93804247875
0.0003993943482489556,0.00011381112647000196,-0.028723119527064547,298.3081269875579,0.0,0.046293564784082815,149.95280398612408,1.0168676650873425e-17,0.0,0.0001486670299262473,49.99190956997282,1.7797121992354507e-16,7.65187936238238e-17,9.018779650456693e-13,3.0713662755287857e-28,1.2271071118799048e-17,1.1594459278560965,2.9020688121690123e-12,0.0002048771226870339,500000.0,500018.64621890185
0.00039970217310781117,0.00011380220458100113,-0.029166975690083197,298.3350385693899,0.0,0.04630445286880146,149.98807484526276,1.019146145547664e-17,0.0,0.00014870199835414395,50.003668320289464,1.780140656126441e-16,7.645341124297141e-17,9.011100763957239e-13,3.082776594519708e-28,1.2318435940409272e-17,1.1597186446874537,2.9073062017797343e-12,0.00020487784896275612,500000.0,500181.89569999103
0.00040000999796666666,0.00011379321726975302,-0.02914859328994455,298.3619358170122,0.0,0.04631542425001604,150.02361552225096,1.0214626266721515e-17,0.0,0.00014873723428632932,50.01551702363884,1.7807447154409076e-16,7.638819661608004e-17,9.003437713875652e-13,3.094238578933417e-28,1.236594998325103e-17,1.159993447769934,2.912561070399724e-12,0.00020487858068850273,500000.0,500346.0445708336
0.0004003178228255222,0.00011378430610289693,-0.028673882678981515,298.3883707295199,0.0,0.046326306091428356,150.05886617060494,1.0237783195978856e-17,0.0,0.00014877218267673732,50.027269035996696,1.7815102843713358e-16,7.632287321759389e-17,8.995756931716778e-13,3.1055306659618108e-28,1.2412817827097724e-17,1.1602660083300274,2.917746967736243e-12,0.00020487930633638412,500000.0,500508.4658318553
0.0004008093349269987,0.00011377057805933986,-0.02700496562664469,298.42854663746147,0.0,0.046343076671426627,150.11319295586694,1.0273786794799594e-17,0.0,0.00014882604363501147,50.04538073269729,1.7830256805636258e-16,7.62176775788739e-17,8.983375366599037e-13,3.122665918578338e-28,1.2484372793451086e-17,1.160686066958851,2.9256749029776325e-12,0.00020488042446219478,500000.0,500757.87169925624
0.00040116211148939843,0.0001137613616520959,-0.025160259129764037,298.45504265619843,0.0,0.046354340186884405,150.1496802940204,1.0298161323780859e-17,0.0,0.0001488622181111329,50.05754503799018,1.7842975557261472e-16,7.614100096871631e-17,8.974339559532492e-13,3.1338742897749593e-28,1.2531778701142255e-17,1.1609681896934794,2.9309405909019474e-12,0.00020488117527826601,500000.0,500924.5850788408
0.00040151488805179817,0.00011375288385603535,-0.022826079440176457,298.4789501278781,0.0,0.046364704184602104,150.18325394632546,1.0320712931690184e-17,0.0,0.00014889550388487693,50.068737966185566,1.7856869215306186e-16,7.606294633433579e-17,8.965131387074058e-13,3.143838304234722e-28,1.2574700760027282e-17,1.1612277835983464,2.9357254229664316e-12,0.00020488186603053005,500000.0,501077.20708394423
0.00040186766461419797,0.00011374530777339137,-0.02005824728392481,298.4997764152099,0.0,0.046373968367462055,150.2132651151852,1.0340960149279416e-17,0.0,0.00014892525772177795,50.0787432183552,1.7871591393950507e-16,7.598320240662996e-17,8.955713564617791e-13,3.1522937416982168e-28,1.2612205433400686e-17,1.1614598321235012,2.939930141307125e-12,0.00020488248339782197,500000.0,501212.73078489926
0.0004022204411765977,0.00011373877529741154,-0.016920951965220064,298.5171006269514,0.0,0.04638195826526777,150.23914866069435,1.0358475380017928e-17,0.0,0.00014895091932773713,50.087372385731264,1.7886781661558194e-16,7.590150083267075e-17,8.946054103854458e-13,3.1590114656101774e-28,1.2643484819353956e-17,1.1616599655663153,2.94346898397834e-12,0.00020488301578464746,500000.0,501328.549588104
0.00040257321773899744,0.00011373340439959902,-0.013485328645598756,298.5305816615997,0.0,0.04638852864740052,150.2604341548454,1.0372894439075333e-17,0.0,0.00014897202230844373,50.09446863500505,1.7902073282514955e-16,7.581762130986181e-17,8.936126918682899e-13,3.1638034472750336e-28,1.2667876469355765e-17,1.161824546543406,2.946271536577734e-12,0.00020488345354547797,500000.0,501422.50840828015
0.0004029259943013972,0.00011372928696406698,-0.00982783920516871,298.53996441381156,0.0,0.046393566262187096,150.27675475483997,1.0383924712569825e-17,0.0,0.00014898820296660236,50.09990966654956,1.7917101365377874e-16,7.573139560093534e-17,8.92591229380024e-13,3.1665277033453735e-28,1.2684879476761538e-17,1.1619507385997205,2.9482842150269855e-12,0.00020488378916445275,500000.0,501492.9444050504
0.00040327877086379697,0.00011372648721475896,-0.006028540554699981,298.5450840224289,0.0,0.04639699183936542,150.28785368945003,1.039135146897899e-17,0.0,0.00014899920673267647,50.103609876870465,1.793151104290096e-16,7.564271034462608e-17,8.915397206110043e-13,3.167091933622967e-28,1.2694166249863018e-17,1.1620365563615507,2.9494713353189815e-12,0.00020488401738630413,500000.0,501538.71634055674
0.0004036315474261967,0.00011372504075895826,-0.0021693204633638588,298.5458681092176,0.0,0.046398761320617585,150.2935882449578,1.0395042087163559e-17,0.0,0.00014900489211665073,50.10552168745591,1.7944965314897923e-16,7.555150860539851e-17,8.904575494611914e-13,3.1654555803702294e-28,1.2695589090087907e-17,1.162080896356108,2.9498157248297155e-12,0.0002048841352961862,500000.0,501559.22205244424
0.00040398432398859645,0.00011372495425332646,0.0016678655977702733,298.5423370008455,0.0,0.04639886630594534,150.29393121107506,1.0394948243432759e-17,0.0,0.00014900523214155247,50.10563602682326,1.795715236923022e-16,7.545779017732421e-17,8.893447878286945e-13,3.1616304965740834e-28,1.2689182389968523e-17,1.1620835481914775,2.9493189038919554e-12,0.00020488414234782692,500000.0,501554.4038695314
0.00040433710055099624,0.00011372620568866716,0.005402739636293746,298.5346019537966,0.0,0.04639733371806461,150.28896979389077,1.0391106014628261e-17,0.0,0.00014900031326572008,50.10398196811291,1.7967792275806236e-16,7.5361610629286e-17,8.882021823999909e-13,3.1556798636633337e-28,1.2675159097319279e-17,1.1620451861514487,2.9480007821544366e-12,0.00020488404034034482,500000.0,501524.74201394105
0.000404689877113396,0.00011372874528152734,0.008958395280451252,298.52286143594637,0.0,0.046394224699136774,150.27890204222524,1.03836338112906e-17,0.0,0.00014899033183979942,50.100625537690874,1.7976642901030784e-16,7.526307913906915e-17,8.870311268963379e-13,3.147715584120626e-28,1.265390234066616e-17,1.161967341563828,2.94589891788977e-12,0.00020488383334473444,500000.0,501471.23623771884
0.0004050426536757957,0.0001137324969480164,0.01226289420046503,298.50739556736625,0.0,0.046389632771939436,150.2640308913741,1.0372728207938333e-17,0.0,0.00014897558820156003,50.09566772942664,1.7983504849907472e-16,7.516235518260634e-17,8.85833620587115e-13,3.137894323962864e-28,1.2625952642654433e-17,1.1618523567462367,2.943067355756629e-12,0.0002048835275820927,500000.0,501395.37623175554
0.0004053954302381955,0.00011373736031861233,0.015250723173837822,298.48855887689933,0.0,0.04638368131987556,150.2447560004508,1.0358657882596872e-17,0.0,0.0001489564785832285,50.089241783391316,1.798822528267651e-16,7.505964417328201e-17,8.846122142926426e-13,3.1264122677073086e-28,1.25919908884279e-17,1.161703321891852,2.939575084139429e-12,0.00020488313125709772,500000.0,501299.1016903358
0.00040574820680059525,0.0001137432132383904,0.017864082900234217,298.46677157387325,0.0,0.04637652045932644,150.2215636214218,1.034175592188621e-17,0.0,0.00014893348506739184,50.08150980835311,1.7990700529681411e-16,7.495519217966924e-17,8.83369945432897e-13,3.113498940603416e-28,1.2552818125021304e-17,1.1615239967360549,2.9355041690311044e-12,0.00020488265435150086,500000.0,501184.7532037417
0.000406100983362995,0.00011374991468821117,0.020053987141641232,298.44250956081555,0.0,0.04636832338977789,150.19501477655635,1.0322410749828514e-17,0.0,0.00014890716386581977,50.072658840324706,1.7990877481439688e-16,7.484927986912619e-17,8.82110263878439e-13,3.099410355266129e-28,1.2509332908533543e-17,1.161318719143615,2.9309476264498416e-12,0.00020488210838315427,500000.0,501055.0153313271
0.0004064537599253947,0.00011375730805662925,0.021781152791466085,298.4162934308578,0.0,0.04635928231465285,150.16573204531514,1.030105597467445e-17,0.0,0.00014887813221965007,50.06289643751963,1.7988753755632797e-16,7.474221583311471e-17,8.80836950481302e-13,3.0844217508002014e-28,1.2462507035041527e-17,1.1610923029439597,2.926007100087139e-12,0.000204881506136561,500000.0,500912.8533207653
0.0004068065364877945,0.00011376522468661776,0.023016664313081164,298.3886767099255,0.0,0.046349604032541784,150.1343852835968,1.0278159493803895e-17,0.0,0.00014884705424108528,50.052445919373184,1.7984376667883245e-16,7.463432945899255e-17,8.79554030268733e-13,3.0688202375099736e-28,1.2413360588228521e-17,1.1608499275113549,2.9207904129313173e-12,0.00020488086137137454,500000.0,500761.44503790233
0.00040715931305019426,0.00011377348761579778,0.023742402179562302,298.3602336172807,0.0,0.046339505304382585,150.10167661724128,1.0254212201948041e-17,0.0,0.00014881462603556973,50.04154136361227,1.7977841071368677e-16,7.452596352054888e-17,8.782656823648948e-13,3.0528975868151642e-28,1.2362937068172445e-17,1.1605970217335855,2.9154090613947282e-12,0.00020488018851568118,500000.0,500604.1097518376
0.000407512089612594,0.00011378191542574524,0.02395123223551957,298.3315466229324,0.0,0.046329208104706913,150.06832505999964,1.0229716619289598e-17,0.0,0.0001487815604516532,50.03042247812808,1.7969286168868675e-16,7.44174666607277e-17,8.769761487227591e-13,3.036943394497592e-28,1.2312279347537189e-17,1.1603391450769875,2.9099757175601534e-12,0.0002048795023511074,500000.0,500444.2354468148
0.0004078648661749938,0.00011379032611598978,0.023646958859744553,298.3031940752101,0.0,0.04631893486339938,150.03505110076907,1.0205175726099414e-17,0.0,0.00014874857180038274,50.01932946260233,1.79588914263033e-16,7.430918593454088e-17,8.756896436871303e-13,3.0212387914682805e-28,1.2262407057364859e-17,1.1600818684138332,2.9046017993914546e-12,0.00020487881769672638,500000.0,500285.2062941535
0.0004082176427373935,0.0001137985409206428,0.022844049343991684,298.2757381594575,0.0,0.046308903799739606,150.00256158974332,1.0181082263637365e-17,0.0,0.00014871636087104744,50.00849796978723,1.794687172984113e-16,7.420145957064608e-17,8.744102662947352e-13,3.006050817052491e-28,1.2214295858822454e-17,1.1598306571609527,2.8993951609348753e-12,0.00020487814909847597,500000.0,500130.3318333432
0.00040857041929979326,0.00011380638798915941,0.021567141166961845,298.2497134327534,0.0,0.04629932444424175,149.97153523286798,1.0157908727389963e-17,0.0,0.00014868560055001173,49.99815426958474,1.7933471936611618e-16,7.409461009606737e-17,8.731419170737257e-13,2.991627583382954e-28,1.2168859024043399e-17,1.1595907591218138,2.8944579476856878e-12,0.0002048775105304413,500000.0,499982.7793038706
0.00040892319586219306,0.00011381370585739097,0.01985034796001045,298.2256161597211,0.0,0.04629039343632656,149.94260897976102,1.0136098225185959e-17,0.0,0.000148656922325353,49.988510710992976,1.7918960973838612e-16,7.398893795844361e-17,8.71888220941613e-13,2.9781941422872573e-28,1.2126931326731622e-17,1.1593670992369374,2.8898846507054607e-12,0.0002048769151139073,500000.0,499845.51044309494
0.0004092759724245928,0.00011382034664116067,0.01773638384217925,298.20389465099646,0.0,0.04628229067688583,149.9163655611879,1.0116056328251871e-17,0.0,0.00014863090393119722,49.97976156729628,1.7903625640828248e-16,7.388471575943311e-17,8.706524576106902e-13,2.965949189230012e-28,1.2089255574206973e-17,1.159164183222756,2.8857603887509485e-12,0.00020487637485954076,500000.0,499721.22391878715
0.00040962874898699253,0.00011382617889211066,0.015275528817212055,298.1849407785834,0.0,0.04627517590442724,149.89332239858427,1.0098144007288374e-17,0.0,0.0001486080583523367,49.972079338674206,1.7887764261525883e-16,7.378218319753295e-17,8.69437500696938e-13,2.955062477754225e-28,1.2056471616400965e-17,1.158986011819238,2.8821594371451823e-12,0.00020487590043741292,500000.0,499612.3043992371
0.0004099815255493923,0.00011383109006410776,0.012524460100882687,298.1690828125999,0.0,0.04626918575231183,149.87392207191812,1.0082671711395196e-17,0.0,0.00014858882437382645,49.965611574336506,1.7871680324382627e-16,7.368154280036434e-17,8.682457665041101e-13,2.945672920001194e-28,1.2029107809476891e-17,1.1588360070867108,2.8791440159382975e-12,0.00020487550097885555,500000.0,499520.77908850636
0.00041033430211179206,0.00011383498854761958,0.009544975893053012,298.1565796932566,0.0,0.04626443133319232,149.8585244952456,1.0069894621438247e-17,0.0,0.0001485735588236303,49.96047826397634,1.7855676233770301e-16,7.358295650562944e-17,8.670791732285205e-13,2.937887342957803e-28,1.200757487094388e-17,1.1587169519066904,2.876763346581929e-12,0.00020487518391339488,500000.0,499448.2823783358
0.0004106870786741918,0.00011383780523895818,0.006402639063973812,298.1476168212285,0.0,0.046260996385406344,149.84740091253386,1.0060009051299764e-17,0.0,0.00014856253061992704,49.956769836071935,1.784004728262726e-16,7.348654313919924e-17,8.659391111141456e-13,2.9317795970109546e-28,1.199216156191444e-17,1.1586309435571516,2.8750529639227644e-12,0.00020487495484325602,500000.0,499396.0290958645
0.00041103985523659154,0.00011383949462112205,0.0031653692495503347,298.1423034184638,0.0,0.04625893600475,149.8407297896321,1.0053150023842981e-17,0.0,0.00014855591669830594,49.95454578833424,1.7825075942837354e-16,7.339237680302078e-17,8.648264238610758e-13,2.927390562728771e-28,1.1983033115535985e-17,1.1585793619489493,2.87403431814504e-12,0.00020487481745715437,500000.0,499364.79665645876
0.00041139263179899133,0.00011384003534302272,-9.798818984991451e-05,298.14067148064345,0.0,0.04625827597384141,149.8385946419395,1.0049389982829859e-17,0.0,0.00014855379985806105,49.95383396348551,1.7811026557341197e-16,7.330048619364481e-17,8.637414013824819e-13,2.9247280978216207e-28,1.198023071579636e-17,1.1585628528291896,2.8737146160797947e-12,0.00020487477348431917,500000.0,499354.9162651435
0.00041174540836139107,0.00011383943029391619,-0.003319088276362471,298.1426763124579,0.0,0.046259012690374926,149.8409838019837,1.0048738591972039e-17,0.0,0.00014855616853176295,49.95463047177366,1.7798140504991323e-16,7.321085483945625e-17,8.626837838026593e-13,2.9237678237834517e-28,1.198367345231127e-17,1.1585813259841313,2.8740869268134374e-12,0.00020487482268893173,500000.0,499366.27315068967
0.0004120981849237908,0.00011383770617966427,-0.006431480174032239,298.1481986080218,0.0,0.046261113685104945,149.84779209723655,1.005114358923568e-17,0.0,0.00014856291844868771,49.956900250329696,1.778663189705369e-16,7.312342222865399e-17,8.616527763940191e-13,2.924453828053415e-28,1.1993161314322832e-17,1.1586339682121771,2.8751305343303025e-12,0.00020487496290442055,500000.0,499398.3156647147
0.0004124509614861906,0.00011383491261692799,-0.009371942201873509,298.1570480112433,0.0,0.046264518710376665,149.85882437603135,1.0056492676261577e-17,0.0,0.00014857385613050141,49.9605782386531,1.7776683855387217e-16,7.303808579457519e-17,8.606470749669135e-13,2.9267002403096483e-28,1.2008380523981688e-17,1.1587192705865226,2.8768115267758467e-12,0.00020487519010634007,500000.0,499450.0729335587
0.00041280373804859034,0.00011383112077045549,-0.01208173312178585,298.16896806494026,0.0,0.04626914137042332,149.87380078835702,1.0064616404729946e-17,0.0,0.0001485887041267738,49.965571139145695,1.7768445415761865e-16,7.295470370641355e-17,8.596649010538283e-13,2.9303926166686354e-28,1.2028909766056876e-17,1.1588350692866367,2.8790836135704856e-12,0.00020487549852187464,500000.0,499520.18061242887
0.0004131565146109901,0.00011382642156714494,-0.014507736507674316,298.1836424331817,0.0,0.04627487125551584,149.89236369871952,1.007529201123836e-17,0.0,0.00014860710786856516,49.97175972175104,1.77620290931433e-16,7.287309839904255e-17,8.587040460684462e-13,2.93539026219416e-28,1.2054228699943436e-17,1.1589785990490085,2.881889157667851e-12,0.00020487588077336047,500000.0,499606.9141594872
0.00041350929117338987,0.00011382092352839433,-0.016603477103529052,298.2007022590213,0.0,0.046281576533460926,149.9140860804366,1.0088248156200654e-17,0.0,0.00014862864399074413,49.979001622480475,1.7757509138787806e-16,7.279306076673487e-17,8.577619234707156e-13,2.941528369510935e-28,1.2083727418518218e-17,1.1591465580724387,2.8851604087836294e-12,0.0002048763280526123,500000.0,499708.22892291506
0.0004138620677357896,0.00011381475026927304,-0.018329990482636373,298.21973449974007,0.0,0.04628910694397654,149.93848121492474,1.0103170520937766e-17,0.0,0.0001486528299481078,49.987134577003054,1.7754920512692653e-16,7.271435493342344e-17,8.568356278327974e-13,2.948621148237337e-28,1.2116718108704796e-17,1.1593351830136316,2.888820920869977e-12,0.00020487683032228702,500000.0,499821.80621743377
0.00041421484429818935,0.00011380803771916619,-0.019656530041641387,298.2402910641694,0.0,0.046297297134209395,149.96501349600746,1.0119708201788691e-17,0.0,0.0001486791347270482,49.995980022632146,1.7754258589047112e-16,7.263672350127548e-17,8.559219995795094e-13,2.9564648103401626e-28,1.215244768528957e-17,1.159540332526884,2.8927871338280194e-12,0.00020487737654002042,500000.0,499945.1044593206
0.0004145676208605891,0.00011380093112364699,-0.020561098400304248,298.2618985619186,0.0,0.046305970267220393,149.9931101184168,1.0137480819854943e-17,0.0,0.00014870699043383049,50.005346995088416,1.7755479605262959e-16,7.255989317152656e-17,8.550176940730172e-13,2.964841511832467e-28,1.2190112393282831e-17,1.1597575776404294,2.8969700957785152e-12,0.00020487795490064457,500000.0,500075.4143324825
0.0004149203974229889,0.00011379358189131837,-0.021030793607126775,298.2840684627433,0.0,0.04631494182980328,150.02217341197377,1.0156086247407184e-17,0.0,0.00014873580452301344,50.01503624052164,1.775850185600935e-16,7.248358062389484e-17,8.541192536274887e-13,2.9735232172242328e-28,1.2228873300040625e-17,1.1599822971252078,2.901277298114238e-12,0.00020487855309144179,500000.0,500209.9168750861
0.0004152731739853886,0.00011378614435213601,-0.021061964086690123,298.3063074562572,0.0,0.04632402356169733,150.0515935689881,1.0175108833369708e-17,0.0,0.00014876497241571827,50.02484445862604,1.7763207622713167e-16,7.240749853524175e-17,8.53223180978347e-13,2.9822763448533755e-28,1.2267873258408991e-17,1.1602097759040466,2.9056145911876867e-12,0.00020487915855512822,500000.0,500345.74330959766
0.00041562595054778835,0.00011377877249516534,-0.020660170273064334,298.32812779774895,0.0,0.046333027425326564,150.08076150293422,1.0194127989299022e-17,0.0,0.00014879389024804698,50.03456858952084,1.7769445816323931e-16,7.233136161261968e-17,8.523260126947142e-13,2.9908664173646345e-28,1.2306254486471603e-17,1.1604353044758695,2.9098881451947483e-12,0.00020487975875509322,500000.0,500480.0353918755
0.00041597872711018815,0.00011377161675382181,-0.019839954431648488,298.34905742642997,0.0,0.04634176953376253,150.10908157180992,1.021272696809914e-17,0.0,0.0001488219674853447,50.04401005551816,1.7777035297424115e-16,7.225489252112065e-17,8.514243910197873e-13,2.9990630738695173e-28,1.2343176720763745e-17,1.1606542772936286,2.914006414208931e-12,0.00020488034143737181,500000.0,500610.0050314996
0.0004163315036725879,0.00011376482090535792,-0.018624424400203413,298.3686496462544,0.0,0.04635007395482534,150.1359839002885,1.0230501652746576e-17,0.0,0.0001488486391386951,50.052978869135025,1.7785768821555987e-16,7.217782757721613e-17,8.505151326464349e-13,3.0066451527239074e-28,1.2377835470523176e-17,1.1608622880400743,2.9178820640602513e-12,0.0002048808948838749,500000.0,500732.9919353461
0.0004166842802349876,0.00011375851914864037,-0.017044661042514845,298.3864921682692,0.0,0.04635777631128161,150.16093604139672,1.0247069156453376e-17,0.0,0.00014887337732660496,50.06129752091365,1.7795417540848712e-16,7.209992209121646e-17,8.495952929931374e-13,3.0134057225765805e-28,1.240947984294469e-17,1.161055219796694,2.921433816492133e-12,0.00020488140815157763,500000.0,500846.5180550737
0.0004170370567973874,0.0001137528334201297,-0.015138963001495996,298.40221532715674,0.0,0.04636472710104494,150.1834537312358,1.0262076024955678e-17,0.0,0.0001488957019375084,50.06880456487647,1.7805735976431946e-16,7.202095524739902e-17,8.486622246385176e-13,3.0191569274099876e-28,1.2437429487507092e-17,1.1612293281999917,2.9245881665529676e-12,0.00020488187129266876,500000.0,500948.33767803037
0.00041738983335978715,0.00011374787100251604,-0.012951945993293367,298.4154993024825,0.0,0.046370794667122496,150.20311050917127,1.0275205820885781e-17,0.0,0.0001489151901674686,50.07535782574636,1.7816467359555996e-16,7.194073441606583e-17,8.477136286987693e-13,3.023734451856248e-28,1.2461090051099791e-17,1.161381315825494,2.9272809257032955e-12,0.00020488227555108006,500000.0,501036.4820892601
0.0004177426099221869,0.00011374372247379959,-0.01053351711412171,298.4260801974442,0.0,0.046375867754691893,150.21954600066903,1.0286185890740399e-17,0.0,0.00014893148473199205,50.080837160314005,1.782734922509465e-16,7.185909880980854e-17,8.467475980894434e-13,3.0270014870753075e-28,1.2479966777867798e-17,1.1615083962312351,2.929458557439116e-12,0.00020488261353134913,500000.0,501109.2978497528
0.0004180953864845867,0.00011374046003688062,-0.007937747407936088,298.4337548534419,0.0,0.046379857601994284,150.23247269008266,1.0294793138428916e-17,0.0,0.00014894430058074248,50.085146715378905,1.7838119130486484e-16,7.177592240896593e-17,8.45762651798402e-13,3.0288520512025668e-28,1.2493675787392134e-17,1.1616083463254394,2.9310792673293474e-12,0.0002048828793363942,500000.0,501165.47787945595
0.000418301170341616,0.00011373898786598303,-0.006364252936111564,298.4368317408668,0.0,0.046381658048390464,150.23830632947454,1.0298648808905277e-17,0.0,0.00014895008419919,50.087091559037674,1.784424738996902e-16,7.172665495955603e-17,8.451789436032745e-13,3.02924709235049e-28,1.2499175922282086e-17,1.1616534524452085,2.931755340297832e-12,0.0002048829992844354,500000.0,501190.1790715391
0.00041850695419864536,0.00011373784270567064,-0.004761414759219846,298.4388540098433,0.0,0.04638305851422641,150.2428443622995,1.0301613936259236e-17,0.0,0.00014895458332028161,50.088604467816914,1.7850200655825186e-16,7.167682048571976e-17,8.445883081793919e-13,3.029125762053809e-28,1.250279213331326e-17,1.16168854084128,2.9322279515476258e-12,0.00020488309259003237,500000.0,501208.7676122015
0.0004187127380556747,0.00011373702940277951,-0.003140977585668661,298.439812147403,0.0,0.04638405302133646,150.24606742405683,1.0303670693314337e-17,0.0,0.0001489577787455579,50.08967898589624,1.7855931220682158e-16,7.162641172423977e-17,8.4399066794399e-13,3.0284831235997855e-28,1.2504505807517221e-17,1.1617134617859342,2.9324948592422394e-12,0.00020488315885703709,500000.0,501221.16243440035
0.00041891852191270403,0.00011373655036962163,-0.0015147097677808048,298.4397044352889,0.0,0.046384638583532325,150.24796584178264,1.0304808198563867e-17,0.0,0.0001489596608849962,50.09031188846144,1.7861393415988403e-16,7.157542592260522e-17,8.433860000791144e-13,3.0273183852742446e-28,1.2504313121840351e-17,1.1617281404871147,2.9325553692460666e-12,0.0002048831978881939,500000.0,501227.32813273923
0.00041923302248452724,0.00011373646335001256,0.0009554781663853546,298.43749640254225,0.0,0.046384744257937136,150.2483107059683,1.030476375580558e-17,0.0,0.00014896000279174243,50.090426860632164,1.786912537751584e-16,7.149639439331905e-17,8.424483923090815e-13,3.0245382878253103e-28,1.2500364265447636e-17,1.1617308069988843,2.9322514352176404e-12,0.00020488320497849137,500000.0,501224.7521870232
0.00041954752305635044,0.00011373714569990615,0.003370995150239438,298.43287005054566,0.0,0.04638390863489554,150.24560654222003,1.0302581714870391e-17,0.0,0.00014895732181452142,50.0895253347804,1.7875987940573492e-16,7.14160460151057e-17,8.414948069134288e-13,3.0205772051867453e-28,1.249209436885966e-17,1.1617098982061098,2.9314775216814234e-12,0.00020488314938309357,500000.0,501207.8974438346
0.00041986202362817365,0.00011373857395213829,0.005692208487480675,298.4259205994567,0.0,0.04638216049181115,150.2399465649809,1.0298315839654861e-17,0.0,0.00014895171036850675,50.08763838713737,1.7881855383901872e-16,7.133442981207081e-17,8.405258743175463e-13,3.015485912882487e-28,1.2479681621639674e-17,1.1616661348496087,2.930251351799742e-12,0.00020488303301843488,500000.0,501177.2370710783
0.00042008162852081676,0.00011373999492996379,0.007236952084065868,298.41976030668906,0.0,0.046380421574638286,150.23431569726992,1.029414790238307e-17,0.0,0.0001489461277825385,50.08576114419368,1.7885304408906305e-16,7.127672545824841e-17,8.398406712536666e-13,3.011297622099454e-28,1.2468688283905315e-17,1.161622596571009,2.9291402255371956e-12,0.00020488291725117853,500000.0,501148.00756509695
0.0004203012334134599,0.00011374174696252658,0.008705363891266952,298.41258710284615,0.0,0.04637827777887552,150.22737335581834,1.0289046913340194e-17,0.0,0.00014893924496809432,50.083446676504074,1.7888185200739073e-16,7.121846740301713e-17,8.391487946746113e-13,3.006621510218404e-28,1.2455899016851196e-17,1.1615689178825792,2.9278314217966587e-12,0.00020488277451877193,500000.0,501112.6837382092
0.000420520838306103,0.0001137438120529348,0.01008622477730006,298.4044642283251,0.0,0.04637575119255466,150.21919108745757,1.0283060373365e-17,0.0,0.00014893113285852552,50.08071883665835,1.7890472463092957e-16,7.115969034496707e-17,8.384506757224343e-13,3.001490663172966e-28,1.244143169039386e-17,1.1615056519895954,2.926337110882355e-12,0.00020488260629051568,500000.0,501071.61213212856
0.0004207404431987461,0.00011374616981926495,0.011369118550242968,298.3954621285941,0.0,0.04637286682748355,150.20984990965462,1.0276242735092615e-17,0.0,0.00014892187177661291,50.077604634607496,1.7892146052749597e-16,7.110043320191065e-17,8.37746796053008e-13,2.9959417006268695e-28,1.2425417162368015e-17,1.1614334253249736,2.9246708873488723e-12,0.00020488241423015523,500000.0,501025.1831491794
0.0004209600480913892,0.0001137487976833457,0.012544519404089832,298.38565780235666,0.0,0.04636965238466473,150.19943955066356,1.0268654846522646e-17,0.0,0.0001489115506812334,50.07413398434209,1.7893191133897373e-16,7.104073874080211e-17,8.370376832808325e-13,2.990014369822377e-28,1.2407997892215004e-17,1.161352931674065,2.922847635873187e-12,0.00020488220018035865,500000.0,500973.8273858867
0.00042117965298403234,0.00011375167107977395,0.013603874168700673,298.3751340875008,0.0,0.04636613799486618,150.18805760919048,1.0260363334289103e-17,0.0,0.00014890026633423056,50.07033942373778,1.7893598291331252e-16,7.09806531729476e-17,8.363239060031344e-13,2.9837511128698397e-28,1.238932645626358e-17,1.1612649256771255,2.9208833852102618e-12,0.0002048819661455417,500000.0,500918.01159214164
0.00042139925787667545,0.00011375476367846607,0.014539666766837893,298.36397891299606,0.0,0.046362355942671504,150.17580866054436,1.0251439941664936e-17,0.0,0.0001488881224142297,50.06625581656002,1.7893363560946707e-16,7.092022572575145e-17,8.356060685719786e-13,2.977196609026602e-28,1.236956395700077e-17,1.1611702159180088,2.9187951531592678e-12,0.00020488171427359976,500000.0,500858.23439457396
0.0004216188627693185,0.0001137580476178846,0.015345467482723368,298.3522845246334,0.0,0.046358340377636455,150.1628033210237,1.024196083851446e-17,0.0,0.00014887522858904716,50.0619200405453,1.7892488390279653e-16,7.085950820030457e-17,8.348848056784796e-13,2.970397338375955e-28,1.2348878514782484e-17,1.1610696576899366,2.9166007913818144e-12,0.00020488144683677916,500000.0,500795.02183760545
0.00042183846766196163,0.00011376149374760964,0.016015972179606913,298.34014668642385,0.0,0.04635412701430199,150.14915727620667,1.0232005906659842e-17,0.0,0.00014886169955231218,50.057370663448346,1.7890979550662375e-16,7.079855451328796e-17,8.341607767746939e-13,2.963401115785228e-28,1.232744362749031e-17,1.1609641454821682,2.9143188218074195e-12,0.00020488116621180102,500000.0,500728.9227649932
0.00042205807255460474,0.00011376507187884996,0.016547033314911835,298.32766386136143,0.0,0.046349752822893074,150.13499027907105,1.022165800561194e-17,0.0,0.00014884765403017767,50.052647609031,1.7888849009977548e-16,7.073742022774475e-17,8.334346603645244e-13,2.95625663969678e-28,1.2305436575792669e-17,1.1608546052333903,2.9119682720903195e-12,0.00020488087485935548,500000.0,500660.5040686419
0.00042227767744724786,0.00011376875104100887,0.01693568203274459,298.3149363780734,0.0,0.04634525571310531,150.12042512572413,1.0211002226560795e-17,0.0,0.00014883321376583266,50.047791815586706,1.7886113765581985e-16,7.067616207676944e-17,8.327071482085612e-13,2.9490130463738907e-28,1.2283036831264554e-17,1.160741986411988,2.9095685095344033e-12,0.00020488057530312345,500000.0,500590.34584232036
0.0004225300851479615,0.00011377306370284813,0.017204225977801198,298.3001370299047,0.0,0.04633998501835378,150.10335445745412,1.0198486802605635e-17,0.0,0.000148816289470125,50.042100722807305,1.7882251536348436e-16,7.060567516671455e-17,8.318701490539674e-13,2.9406287496907333e-28,1.22570396767908e-17,1.1606099947676434,2.9067748470463732e-12,0.00020488022419656567,500000.0,500508.32258981914
0.0004227824928486751,0.00011377741998868579,0.01728157436578795,298.28530254964903,0.0,0.04633466182714925,150.0861137412499,1.018581167569977e-17,0.0,0.00014879919658456384,50.036352938717705,1.7877660026615727e-16,7.053518801082097e-17,8.31033293843966e-13,2.932252328643641e-28,1.223103355343967e-17,1.1604766883003743,2.9039716672506743e-12,0.0002048798695698855,500000.0,500425.6775458296
0.00042303490054938867,0.00011378177176021585,0.017169038650760058,298.2705857014086,0.0,0.046329344966239284,150.0688935272899,1.0173109219806502e-17,0.0,0.00014878212402545028,50.03061198975445,1.787238721274926e-16,7.046478750914332e-17,8.301976374813458e-13,2.92395614378644e-28,1.2205285729295327e-17,1.1603435403579438,2.9011883309768706e-12,0.0002048795153418781,500000.0,500343.3052635447
0.0004232873082501023,0.00011378607148217779,0.016869954051275577,298.25613623583587,0.0,0.046324092489927034,150.05188186370256,1.0160510142708813e-17,0.0,0.0001487652582284894,50.02494056820989,1.7866487821101373e-16,7.039455902676286e-17,8.293642146152982e-13,2.9158102611006795e-28,1.2180056076279728e-17,1.1602120049420839,2.898453572560174e-12,0.00020487916538089581,500000.0,500262.08660552604
0.0004235397159508159,0.0001137902727082932,0.016389616959055695,298.2420993747664,0.0,0.04631896108781332,150.03526237813767,1.0148142157845159e-17,0.0,0.0001487487812468111,50.01939989265827,1.7860022633585818e-16,7.03245855312326e-17,8.285340291991307e-13,2.9078817911373995e-28,1.2155594555648076e-17,1.1600835018750657,2.8957952131962844e-12,0.00020487882346537748,500000.0,500182.8797890126
0.00042379212365152954,0.00011379433055743245,0.01573520452770266,298.2286143380305,0.0,0.046314005505911936,150.0192124026561,1.013612869985711e-17,0.0,0.0001487328688919379,50.01404908282334,1.7853057742896264e-16,7.025494675421115e-17,8.277080443665435e-13,2.9002342866431893e-28,1.2132138875901212e-17,1.1599594023012119,2.8932398862279625e-12,0.0002048784932452198,500000.0,500106.5116566067
0.00042417249330946327,0.00011380008081950461,0.014440450095782474,298.2096238348976,0.0,0.04630698424783172,149.99647236131577,1.0118953072655362e-17,0.0,0.0001487103238351874,50.00646791005847,1.7841774914085138e-16,7.015080160273625e-17,8.264732471456641e-13,2.889370430371574e-28,1.2099180354372473e-17,1.1597835746529763,2.889638860112143e-12,0.00020487802534398142,500000.0,499998.51432392275
0.00042455286296739706,0.00011380527316277498,0.012808768943968324,298.19259576079224,0.0,0.04630064535605355,149.9759426195699,1.0103222506633694e-17,0.0,0.00014868997012576268,49.999623616461754,1.7829774981197063e-16,7.004782494025207e-17,8.252529046224731e-13,2.8794615118013247e-28,1.206970041003461e-17,1.1596248372010984,2.8864072609426633e-12,0.00020487760288476225,500000.0,499901.2191529163
0.00042493323262533084,0.0001138097878083479,0.010885347954604106,298.17788777772137,0.0,0.04629513462662662,149.95809543712585,1.0089268435249328e-17,0.0,0.00014867227597396815,49.99367364600187,1.7817326851180653e-16,6.99462244067283e-17,8.240495033795866e-13,2.8706635180485097e-28,1.2044292361861941e-17,1.1594868414917965,2.8836133606982637e-12,0.00020487723559748898,500000.0,499816.8039888109
0.0004253136022832646,0.0001138135234214728,0.008721664413448713,298.1657954866176,0.0,0.04629057531072826,149.94333004698913,1.0077373347498128e-17,0.0,0.00014865763718957585,49.98875109669212,1.7804705070774204e-16,6.984617329155212e-17,8.228651070817807e-13,2.8631029595815815e-28,1.202344118994946e-17,1.159372674423548,2.881313686316527e-12,0.0002048769317107279,500000.0,499747.0979086216
0.00042569397194119836,0.00011381639921810082,0.006374113443418794,298.1565464979403,0.0,0.04628706559366686,149.93196448948746,1.0067765542079909e-17,0.0,0.00014864636908586853,49.98496199818231,1.7792183145616143e-16,6.974780714410667e-17,8.217013162240245e-13,2.856875203288679e-28,1.2007516092614728e-17,1.1592847951071723,2.8795519887767728e-12,0.000204876697782197,500000.0,499693.54428189865
0.00042607434159913215,0.00011381835655859409,0.0039025739660690983,298.1502961605591,0.0,0.04628467669507388,149.9242294584338,1.0060615163987262e-17,0.0,0.00014863870037856917,49.982383260166145,1.7780027162852835e-16,6.965122131910003e-17,8.205592393147941e-13,2.8520434387544196e-28,1.1996765531457272e-17,1.1592249872839173,2.8783585104455877e-12,0.00020487653857070043,500000.0,499657.17331111984
0.00042645471125706593,0.00011381936000550368,0.00136893079323287,298.1471250087918,0.0,0.04628345161418889,149.9202642368583,1.0056031564256537e-17,0.0,0.0001486347691564219,49.981061317418146,1.7768489777407152e-16,6.955646947957183e-17,8.194394757905187e-13,2.848638256608899e-28,1.1991314710959733e-17,1.159194327900247,2.8777495539551525e-12,0.0002048764569512615,500000.0,499638.5843838981
0.00042683508091499966,0.00011381939780882542,-0.0011644362755828912,298.1470380351336,0.0,0.04628340456163611,149.92011485640657,1.00540620114411e-17,0.0,0.00014863462105637264,49.981011516165886,1.775780461102343e-16,6.946356311082498e-17,8.183421112759598e-13,2.8466576624315883e-28,1.1991165207526067e-17,1.1591931728761737,2.8777273524584173e-12,0.000204876453876366,500000.0,499637.938846031
0.00042721545057293345,0.0001138184818050703,-0.0036361610823339046,298.1499658112633,0.0,0.04628452109240769,149.92373452807027,1.0054691777073985e-17,0.0,0.0001486382096906065,49.98221825768884,1.7748181176804056e-16,6.937247204775252e-17,8.172667252891968e-13,2.8460679474277436e-28,1.1996197535084898e-17,1.1592211604356992,2.8782802742212093e-12,0.0002048765283843879,500000.0,499654.96338144393
0.00042759582023086724,0.00011381664674683714,-0.005987350169894735,298.1557673769908,0.0,0.04628675891919573,149.93098627668766,1.0057845523891357e-17,0.0,0.00014864539925845855,49.98463587661951,1.7739800454770537e-16,6.928312598181434e-17,8.162124108483478e-13,2.84680475649508e-28,1.20061753627589e-17,1.1592772314769635,2.8793833068455118e-12,0.0002048766776538086,500000.0,499688.96363653213
0.00042797618988880097,0.0001138139490962401,-0.008162953971639667,298.1642347708788,0.0,0.046290049366338966,149.94164765050937,1.0063389923384271e-17,0.0,0.00014865596921559743,49.98819021103861,1.7732811199154767e-16,6.919541687738764e-17,8.151778051220666e-13,2.848774907747176e-28,1.2020752290550916e-17,1.1593596659869476,2.880998829661501e-12,0.00020487689710055112,500000.0,499738.8474543653
0.00042835655954673476,0.00011381046532108858,-0.010113024051616392,298.17509906799864,0.0,0.04629429941919315,149.95541735944872,1.0071137450818655e-17,0.0,0.0001486696208553558,49.99278081556354,1.7727327017315652e-16,6.910920222147345e-17,8.141611301927184e-13,2.8518584857909226e-28,1.2039480327034769e-17,1.1594661343689068,2.8830776475136963e-12,0.00020487718051537008,500000.0,499803.1570196711
0.00042873692920466854,0.00011380628973839034,-0.01179383364371033,298.1880377758241,0.0,0.046299394317862216,149.97192367661464,1.0080851301379065e-17,0.0,0.000148685985638224,49.998283762287464,1.7723424253193358e-16,6.902430902809252e-17,8.131602429100697e-13,2.8559116256924172e-28,1.2061820644087241e-17,1.1595937624036279,2.885560267070364e-12,0.00020487752023782006,500000.0,499880.1091341806
0.0004291172988626023,0.00011380153196001434,-0.013168837137436403,298.20268340648016,0.0,0.046305200632407145,149.99073439943857,1.0092251340993626e-17,0.0,0.0001487046350675652,50.00455496166253,1.772114071337198e-16,6.894053849988563e-17,8.121726926134952e-13,2.8607695897100873e-28,1.208715594725387e-17,1.1597392082695859,2.8883783941878758e-12,0.00020487790736249843,500000.0,499967.6426629653
0.00042949766852053606,0.00011379631400680791,-0.014209445535781979,298.2186330080908,0.0,0.04631156974296908,150.01136812239355,1.010502098401592e-17,0.0,0.00014872509186567633,50.01143392064743,1.7720475265689988e-16,6.885767123042875e-17,8.111957852748448e-13,2.866250464970017e-28,1.2114804800307618e-17,1.159898749704423,2.891456622554567e-12,0.00020487833197232525,500000.0,500063.4719860367
0.00042987803817846985,0.00011379076716583392,-0.01489560059259311,298.2354584143918,0.0,0.04631834163790362,150.03330653981106,1.0118814875890907e-17,0.0,0.00014874684217111372,50.0187478442732,1.7721388319631366e-16,6.87754728187279e-17,8.102266524547929e-13,2.8721591670948074e-28,1.214403733883648e-17,1.1600683791312167,2.8947142791739295e-12,0.00020487878339293358,500000.0,500165.1451364868
0.00043025840783640363,0.00011378502866992376,-0.01521613679666411,298.2527169603657,0.0,0.04632534893696606,150.0560074776815,1.0133267238495936e-17,0.0,0.0001487693484587524,50.0263159802409,1.77238031777183e-16,6.869369975928594e-17,8.092623233838218e-13,2.8782919308145355e-28,1.2174092409714277e-17,1.160243904421305,2.8980673883146967e-12,0.00020487925046185578,500000.0,500270.1052176868
0.0004304511634394855,0.00011378209202541079,-0.01523796691398023,298.2614858059019,0.0,0.04632893543571706,150.06762633242874,1.0140722359689578e-17,0.0,0.0001487808676870994,50.03018952383782,1.772556594194544e-16,6.86523442802049e-17,8.087745180019184e-13,2.881419092118137e-28,1.2189390204326195e-17,1.160333742244835,2.899775862720977e-12,0.0002048794895015462,500000.0,500323.72087441484
0.0004306439190425674,0.00011377916024530583,-0.015165823717470711,298.27019357363486,0.0,0.04633251636183742,150.07922713769622,1.0148200155661656e-17,0.0,0.00014879236902073218,50.03405705002162,1.7727668483318084e-16,6.8611002726759e-17,8.0828678758027e-13,2.884523400690751e-28,1.2204599620120476e-17,1.1604234405084803,2.901475887795573e-12,0.00020487972815843493,500000.0,500377.1755032447
0.0004308366746456493,0.00011377625134156153,-0.015000894102501721,298.2787834756716,0.0,0.04633606970710182,150.09073860493376,1.0155651197047034e-17,0.0,0.00014880378178236604,50.037894792309416,1.7730091087569351e-16,6.856964354036675e-17,8.07798749616479e-13,2.887578033277332e-28,1.2219620923786442e-17,1.1605124480040145,2.9031565199773956e-12,0.0002048799649659978,500000.0,500430.1350381963
0.0004310294302487312,0.00011377338303673293,-0.014744942073552423,298.28719993037436,0.0,0.04633957380794305,150.1020905619903,1.0163026517986277e-17,0.0,0.00014881503640154278,50.041679356408196,1.773281217092186e-16,6.85282357581635e-17,8.0731002939777e-13,2.8905565907861853e-28,1.223435604250431e-17,1.1606002221552891,2.904807009806484e-12,0.0002048801984809484,500000.0,500482.2711221523
0.0004312221858518131,0.00011377057265898248,-0.01440029089171459,298.29538888831297,0.0,0.0463430074741757,150.11321437007305,1.0170277917148335e-17,0.0,0.00014882606482801463,50.045387859222565,1.7735808429101255e-16,6.848674919480321e-17,8.068202621987411e-13,2.8934332562047126e-28,1.2248709158160283e-17,1.1606862322421931,2.906416866008042e-12,0.0002048804272918114,500000.0,500533.26305359276
0.0004315235515544992,0.00011376633465034886,-0.013690672977610053,298.30761270500994,0.0,0.046348186007110985,150.1299909889369,1.0181255218128217e-17,0.0,0.00014884269759496456,50.050980920318075,1.7740984793351438e-16,6.842165960601845e-17,8.060515989351699e-13,2.897667308872361e-28,1.2270164256521575e-17,1.1608159502699162,2.908828330690905e-12,0.00020488077235723376,500000.0,500609.95805607835
0.0004318249172571852,0.00011376234039469996,-0.012784806888103354,298.31896518775017,0.0,0.04635306735441347,150.1458049735461,1.0191641843103809e-17,0.0,0.00014885837598179114,50.05625305427295,1.7746671055644316e-16,6.835620050508963e-17,8.052782450956365e-13,2.9015002505277764e-28,1.2290122140960827e-17,1.1609382251399454,2.9110788683222225e-12,0.00020488109759972335,500000.0,500681.9698155048
0.0004321262829598713,0.00011375864672349385,-0.011698986298821516,298.3292733722919,0.0,0.04635758191281988,150.1604308663677,1.0201275292895077e-17,0.0,0.00014887287646415275,50.06112909708694,1.7752758745516446e-16,6.829027416627583e-17,8.044990281518561e-13,2.904847821966351e-28,1.2308270980615812e-17,1.1610513135983271,2.913134413387405e-12,0.0002048813983864917,500000.0,500748.25198554085
0.0004324276486625574,0.00011375530513604753,-0.010452068937350395,298.3383825681917,0.0,0.046361666572702076,150.1736642438599,1.0210006434394096e-17,0.0,0.00014888599637134241,50.06554089716207,1.7759134417683303e-16,6.822379262676907e-17,8.037128966064326e-13,2.907634152375141e-28,1.2324330149921948e-17,1.1611536350274487,2.914964298349283e-12,0.00020488167051825623,500000.0,500807.8592260331
0.00043272901436524345,0.00011375236102534484,-0.009065141566014815,298.34615867042424,0.0,0.04636526567613857,150.18532481984113,1.021770191407679e-17,0.0,0.00014889755696304705,50.069428349917175,1.7765681548908404e-16,6.815667899627615e-17,8.029189355547363e-13,2.9097930839727173e-28,1.2338054952515799e-17,1.1612437954415136,2.916541738801018e-12,0.00020488191029273476,500000.0,500859.9615545928
0.00043303038006792954,0.0001137498531166281,-0.007561174036649648,298.3524897871695,0.0,0.046368331715104044,150.19525870705567,1.0224245992072013e-17,0.0,0.00014890740567152113,50.072740151758296,1.7772282312316554e-16,6.808886838798869e-17,8.0211637763026e-13,2.9112691707472377e-28,1.2349240139760072e-17,1.1613206049731293,2.9178441875113596e-12,0.00020488211455077767,500000.0,500903.85473061673
0.00043333174577061563,0.00011374781301127472,-0.005964653754891955,298.3572875214814,0.0,0.046370825900414726,150.20334026009488,1.0229542088988683e-17,0.0,0.00014891541792870578,50.07543441447971,1.777881934666093e-16,6.802030865813737e-17,8.01304611614674e-13,2.9120184823518692e-28,1.2357722734317315e-17,1.1613830921229076,2.9188536186878804e-12,0.00020488228071389062,500000.0,500938.9686509881
0.00043363311147330167,0.00011374626478124727,-0.004301192302629186,298.3604880765864,0.0,0.046372718667682535,150.20947371427923,1.0233514195872525e-17,0.0,0.00014892149879105825,50.07747921164145,1.7785177593328085e-16,6.795096105058141e-17,8.0048318986349e-13,2.9120093159664745e-28,1.2363384533379904e-17,1.1614305164314198,2.9195567782691263e-12,0.00020488240681759977,500000.0,500964.87475714926
0.00043393447717598777,0.00011374522465854442,-0.002597111974446092,298.3620530462442,0.0,0.04637399006538811,150.21359444270323,1.0236108004834367e-17,0.0,0.00014892558418581808,50.07885299764833,1.7791246133136937e-16,6.788080066753974e-17,7.996518336188381e-13,2.911222689910912e-28,1.2366153862658752e-17,1.161462378198758,2.9199453655154454e-12,0.00020488249153701658,500000.0,500981.2916217449
0.00043423584287867386,0.00011374470087220352,-0.0008790266604626894,298.36196972901877,0.0,0.046374629960328165,150.21566962172275,1.023729159538278e-17,0.0,0.0001489276415707884,50.07954482961299,1.7796919922443552e-16,6.780981667687471e-17,7.988104351275278e-13,2.909652568266884e-28,1.2366006381855294e-17,1.1614784236301323,2.9200161177635656e-12,0.00020488253420029528,500000.0,500988.08773880586
0.0004345372085813599,0.00011374469363465662,0.0008265730915667354,298.3602509650915,0.0,0.04637463805789765,150.21569829666046,1.023705566654763e-17,0.0,0.00014892766999947778,50.07955438926099,1.7802101385954268e-16,6.773801225503343e-17,7.979590565571141e-13,2.907305806645139e-28,1.236296490833163e-17,1.1614786453439083,2.919770796351468e-12,0.00020488253478982392,500000.0,500985.28148575744
0.000434838574284046,0.00011374519525112258,0.0024937264387954626,298.35693458152747,0.0,0.0463740237692434,150.21371095149988,1.0235413387539123e-17,0.0,0.00014892569969448418,50.07889183947368,1.7806701867333504e-16,6.766540431248963e-17,7.970979262906604e-13,2.9042018489050557e-28,1.2357098380615464e-17,1.1614632790444526,2.9192160891404675e-12,0.00020488249393329418,500000.0,500973.0387485054
0.0004351399399867321,0.00011374619033755825,0.004097396186111644,298.35208249415024,0.0,0.04637280594302329,150.20976864001273,1.0232399903025279e-17,0.0,0.0001489217911860723,50.0775775346196,1.7810642931957757e-16,6.759202302828903e-17,7.962274329296397e-13,2.900372207238525e-28,1.2348520069564662e-17,1.161432796803945,2.9183634392806025e-12,0.000204882412885836,500000.0,500951.6684834446
0.0004354413056894181,0.00011374765615006152,0.005613844366513091,298.34577946002673,0.0,0.046371012458421464,150.20396166747,1.0228071481766782e-17,0.0,0.00014891603400518828,50.07564158105768,1.7813857494674369e-16,6.751791119096453e-17,7.953481169725039e-13,2.895859728314702e-28,1.2337385040844227e-17,1.1613878968692737,2.917228799810673e-12,0.00020488229350299186,500000.0,500921.61617157195
0.0004357426713921042,0.00011374956302805453,0.00702098257178051,298.3381314770165,0.0,0.04636867967691015,150.196407814807,1.0222504305751086e-17,0.0,0.00014890854492285196,50.073123245101826,1.7816290742812315e-16,6.744312334414649e-17,7.944606601524278e-13,2.8907176541916587e-28,1.2323886890200168e-17,1.1613294899311506,2.9158323144122657e-12,0.00020488213820435324,500000.0,500883.45513408363
0.0004360440370947903,0.00011375187494266087,0.008298691145071469,298.32926386131817,0.0,0.0463658517637246,150.18725014076622,1.0215792931734833e-17,0.0,0.00014889946577114499,50.070070220289765,1.7817900838298675e-16,6.736772475403612e-17,7.935658726474874e-13,2.885008504909062e-28,1.2308253836652559e-17,1.1612586821301214,2.9141979314751988e-12,0.00020488194992857717,500000.0,500837.87588377914
0.00043634540279747635,0.0001137545501356432,0.00942910284704122,298.3193190526528,0.0,0.046362579897508555,150.17665442180333,1.020804847353179e-17,0.0,0.00014888896090506875,50.066537773888015,1.781865939461336e-16,6.729179022645744e-17,7.926646785009908e-13,2.878802819098307e-28,1.2290744294148292e-17,1.1611767552617338,2.9123529625023946e-12,0.00020488173208099746,500000.0,500785.67379983
0.00043664676850016244,0.00011375754183574183,0.010396847488224786,298.30845419168776,0.0,0.04635892138483741,150.16480628387492,1.0199396548836993e-17,0.0,0.0001488772143589254,50.0625877906749,1.7818551727573608e-16,6.721540279845641e-17,7.917580995557583e-13,2.872177788557602e-28,1.2271642038835773e-17,1.1610851445993113,2.91032759513599e-12,0.00020488148847492592,500000.0,500727.73538632237
0.00043694813420284853,0.00011376079904167351,0.011189254398348008,298.29683850643795,0.0,0.046354938693384196,150.15190807069465,1.018997502943177e-17,0.0,0.0001488644267414273,50.05828772886637,1.7817576879242944e-16,6.713865232513325e-17,7.908472381528537e-13,2.865215818212506e-28,1.2251251073936034e-17,1.1609854146790857,2.908154369576594e-12,0.0002048812232675425,500000.0,500665.02332984365
0.00043724949990553457,0.00011376426736027828,0.011796510075879845,298.28465054657335,0.0,0.04635069841841302,150.13817549602467,1.01799316371105e-17,0.0,0.00014885081191669359,50.053709504042544,1.7815747417446091e-16,6.706163398344926e-17,7.899332588582292e-13,2.8580030423650374e-28,1.2229890294242548e-17,1.1608792334154698,2.90586762744598e-12,0.0002048809408913328,500000.0,500598.5605848438
0.00043755086560822066,0.00011376788988592952,0.012211769171858433,298.272075311657,0.0,0.04634627020012636,150.1238341367727,1.0169421433216145e-17,0.0,0.000148836593527417,50.04892832000132,1.78130890191184e-16,6.698444671846131e-17,7.890173695258703e-13,2.8506278299509465e-28,1.2207888060116787e-17,1.1607683449854316,2.903502943329552e-12,0.00020488064598222317,500000.0,500529.41375773726
0.00043785223131090676,0.00011377160810612922,0.012431217871952232,298.25930132252483,0.0,0.04634172561075697,150.10911582808578,1.015860425033769e-17,0.0,0.0001488220014208684,50.04402146693936,1.780963985079951e-16,6.690719165928765e-17,7.881008020255272e-13,2.843179307040802e-28,1.2185576785546813e-17,1.1606545419550987,2.9010965493883786e-12,0.00020488034330565526,500000.0,500458.67608019954
0.0004381535970135928,0.00011377536281859452,0.012454089637282189,298.2465176832829,0.0,0.04633713702970618,150.0942550197234,1.014764211278428e-17,0.0,0.00014880726803651184,50.03906710672397,1.7805449762721635e-16,6.682997053038954e-17,7.871847929490094e-13,2.8357459324204417e-28,1.2163287649202626e-17,1.1605396371069703,2.8986847633758674e-12,0.00020488003768180907,500000.0,500387.45025194134
0.0004386429466398312,0.00011378138600878188,0.012079405766978588,298.2262181081433,0.0,0.0463297774260761,150.07041988122228,1.0129948276980217e-17,0.0,0.00014878363727240652,50.031120845721794,1.7797227265554352e-16,6.670491150625084e-17,7.85701724180433e-13,2.8239292292129922e-28,1.2127973960840434e-17,1.1603553420872408,2.894848934279624e-12,0.0002048795474580205,500000.0,500273.5648460878
0.00043913229626606963,0.00011378710556706846,0.011219236498749821,298.2071500902071,0.0,0.04632279020668826,150.04779095479645,1.0112969787070784e-17,0.0,0.00014876120237768164,50.02357671688003,1.7787525022365418e-16,6.658062158499417e-17,7.84228358584986e-13,2.812728790968071e-28,1.20948919285352e-17,1.1601803735865388,2.8912399491353843e-12,0.00020487908200077554,500000.0,500165.7974900278
0.000439621645892308,0.00011379229413379917,0.009918417339910815,298.19001446517126,0.0,0.04631645277025596,150.02726678500812,1.0097333210550789e-17,0.0,0.00014874085419230623,50.01673428084231,1.7776706308791625e-16,6.645748226395728e-17,7.827692945615041e-13,2.80245873831976e-28,1.2065236038055113e-17,1.1600216792164162,2.88799207298398e-12,0.00020487865980016267,500000.0,500068.33013125265
0.0004399693450343219,0.00011379554644895872,0.008759642228021036,298.17935154679355,0.0,0.04631248080564829,150.0144036631775,1.0087347546282285e-17,0.0,0.00014872810136521325,50.0124459179208,1.7768559395530316e-16,6.637087223738914e-17,7.81743496504516e-13,2.795876023659139e-28,1.2046817247506296e-17,1.1599222206246325,2.88596860861112e-12,0.00020487839517584257,500000.0,500007.377448427
0.00044031704417633573,0.00011379836634311269,0.007435608770206451,298.17015771458364,0.0,0.04630903719917975,150.00325198530544,1.0078495915878574e-17,0.0,0.00014871704530725977,50.00872812353372,1.7760199936471146e-16,6.628511447630191e-17,7.807281686045843e-13,2.789979167178824e-28,1.2030957669344592e-17,1.1598359950413393,2.884222098372942e-12,0.00020487816574815817,500000.0,499954.6220199002
0.00044066474331834953,0.00011380070134553967,0.005975597858459458,298.1625847631142,0.0,0.046306185845583776,149.994018718277,1.0070926250260924e-17,0.0,0.0001487078912106879,50.005649897189684,1.7751779355406039e-16,6.620029380199296e-17,7.797243169810151e-13,2.7848330956558294e-28,1.2017909122684408e-17,1.1597646027494621,2.8827817933364598e-12,0.00020487797578024695,500000.0,499911.0100348362
0.0004410124424603634,0.00011380250960815081,0.004411252557157654,298.15674943665664,0.0,0.04630397768037292,149.98686885178543,1.0064758435208868e-17,0.0,0.00014870080265048255,50.003266243860935,1.7743448057064535e-16,6.611647660151925e-17,7.787327215910484e-13,2.780486953089535e-28,1.2007863798629569e-17,1.1597093194612438,2.8816703548996387e-12,0.0002048778286714041,500000.0,499877.2884344887
0.00044136014160237725,0.0001138037606116968,0.0027758894542344184,298.15273155689835,0.0,0.04630244983215274,149.98192265251356,1.0060082521980308e-17,0.0,0.0001486958988620968,50.00161725857049,1.773535238761972e-16,6.603370979220643e-17,7.777539241813034e-13,2.776973554171667e-28,1.2000951801866248e-17,1.1596710750873749,2.880903516931412e-12,0.00020487772690016312,500000.0,499853.9926779585
0.0004417078407443911,0.00011380443560771247,0.0011037526433605599,298.15057302101013,0.0,0.04630162509461187,149.97925395380312,1.005695755746388e-17,0.0,0.00014869325304578643,50.00072755619474,1.7727631644102155e-16,6.595202023601626e-17,7.767882217719058e-13,2.7743091821729112e-28,1.1997240033871916e-17,1.159650440512594,2.8804899056397614e-12,0.00020487767198881844,500000.0,499841.43941337575
0.00044205553988640496,0.00011380452780757611,-0.0005707040644338508,298.1502775831311,0.0,0.04630151170342756,149.9788894329992,1.0055410971552733e-17,0.0,0.00014869289165015081,50.000606030541505,1.7720415417181762e-16,6.587141457869164e-17,7.758356652755079e-13,2.7724935872258676e-28,1.1996732053702225e-17,1.159647622008062,2.8804309929210387e-12,0.00020487766448830177,500000.0,499839.7237428457
0.0004424032390284188,0.0001138040423359044,-0.002213494806970854,298.1518113579024,0.0,0.046302103396549804,149.98080880670994,1.0055438562592201e-17,0.0,0.00014869479456571853,50.001245919446504,1.7713821279521784e-16,6.579187947574811e-17,7.748960628309308e-13,2.7715103806778413e-28,1.199936924281879e-17,1.1596624627411258,2.8807211879357276e-12,0.00020487770398201278,500000.0,499848.7207417395
0.00044275093817043267,0.00011380299595543601,-0.0037917631097151047,298.15510403753774,0.0,0.04630337974898953,149.98494591523377,1.0057005075146066e-17,0.0,0.00014869889620007596,50.002625166304355,1.7707952720421547e-16,6.571338219393254e-17,7.739689876927243e-13,2.771327483872966e-28,1.2005032608992425e-17,1.1596944511601859,2.8813480421490448e-12,0.00020487778910808452,500000.0,499868.0911215252
0.00044309863731244653,0.00011380141656396852,-0.005274429319676549,298.1600508227165,0.0,0.046305306781644746,149.9911906946447,1.006004532236545e-17,0.0,0.00014870508743304296,50.0047070775309,1.7702897316618078e-16,6.563587158370648e-17,7.730537906338709e-13,2.7718979584286597e-28,1.2013545846904697e-17,1.1597427362430053,2.8822925844633615e-12,0.00020487791760007208,500000.0,499897.2910335635
0.0004434463364544604,0.00011379934246965445,-0.0066327995285823844,298.1665150343936,0.0,0.046307837837033905,149.99939201343923,1.0064465826802878e-17,0.0,0.0001487132184289969,50.00744126825666,1.769872521737944e-16,6.5559279408093e-17,7.721496166743933e-13,2.773160967770598e-28,1.2024679209340308e-17,1.1598061494298655,2.883529777932048e-12,0.000204878086345556,500000.0,499935.5858854676
0.00044379403559647424,0.00011379682146290263,-0.0078411119287927,298.1743313362975,0.0,0.04631091470052208,150.00936130437896,1.0070146975703332e-17,0.0,0.00014872310223757376,50.01076487312612,1.7695488007538792e-16,6.548352199613601e-17,7.712554257119962e-13,2.7750430740559407e-28,1.2038154463656842e-17,1.1598832327052382,2.8850290870953445e-12,0.00020487829146119264,500000.0,499982.0678259834
0.00044414173473848804,0.00011379390971085229,-0.008877011385687873,298.18330948209626,0.0,0.04631446893641308,150.02087689232354,1.0076945658417889e-17,0.0,0.00014873451908439242,50.01460398912932,1.7693217955692567e-16,6.540850217633648e-17,7.7037001649956e-13,2.777459640334496e-28,1.2053650526456371e-17,1.1599722720609034,2.8867551436375143e-12,0.00020487852838214083,500000.0,500035.6764293402
0.0004444894338805019,0.00011379067050111898,-0.009721950462974143,298.1932385032969,0.0,0.04631842340750475,150.03368891633554,1.0084698321399917e-17,0.0,0.00014874722125095415,50.01887531655424,1.7691927632719113e-16,6.53341114446654e-17,7.694920534159015e-13,2.780316513546789e-28,1.2070809971468866e-17,1.1600713355540175,2.888668497391233e-12,0.00020487879196374873,500000.0,500095.222105779
0.00044483713302251576,0.00011378717286034447,-0.010361512332529126,298.20389125605345,0.0,0.04632269394814783,150.04752474901173,1.0093224379539637e-17,0.0,0.00014876093844750637,50.023487965706785,1.76916098988656e-16,6.526023232480262e-17,7.686200955018695e-13,2.783511814514386e-28,1.2089246120019393e-17,1.160178315209779,2.890726440462688e-12,0.0002048790765934714,500000.0,500159.411784129
0.0004451848321645296,0.00011378349007466811,-0.010785647683232683,298.2150292379662,0.0,0.046327191158837454,150.06209480948246,1.0102329936998456e-17,0.0,0.00014877538357619793,50.02834539487342,1.7692238268077092e-16,6.518674087551569e-17,7.677526272010819e-13,2.786937951461931e-28,1.2108550791333974e-17,1.1602909719679555,2.8928838907043607e-12,0.00020487937631084993,500000.0,500226.8763779381
0.00044553253130654347,0.00011377969814288187,-0.01098881951274172,298.2264075750768,0.0,0.046331822285749294,150.07709865156318,1.0111811762713304e-17,0.0,0.00014879025876702757,50.0333474400153,1.7693767649756328e-16,6.511350929403568e-17,7.668880901753768e-13,2.790483715405898e-28,1.212830245292468e-17,1.160406982756915,2.8950943180530816e-12,0.00020487968493307837,500000.0,500296.1994771302
0.0004458802304485573,0.00011377587419545633,-0.010970053999601418,298.2377800736068,0.0,0.04633649314542948,150.09223119816892,1.0121461443869244e-17,0.0,0.00014880526155880156,50.038392393224115,1.769613545258869e-16,6.504040856069514e-17,7.660249155232971e-13,2.7940365139083596e-28,1.2148074727822489e-17,1.160523988698568,2.8973106953812257e-12,0.00020487999618348194,500000.0,500365.94666126353
0.0004462279295905712,0.00011377209491252735,-0.010732898563171119,298.2489042324752,0.0,0.04634111005466876,150.10718899252342,1.0131069630492479e-17,0.0,0.00014882009109674156,50.043379086777044,1.769926302559086e-16,6.496731107028496e-17,7.651615557370247e-13,2.7974846312204495e-28,1.2167445020328265e-17,1.1606396434431707,2.899486454911901e-12,0.00020488030382022693,500000.0,500434.69482900994
0.00044677208922653784,0.00011376644690796266,-0.009943669476246161,298.2652615666381,0.0,0.046348010943253456,150.12954659165342,1.0145534327407913e-17,0.0,0.0001488422569894008,50.050832758932344,1.770545704271258e-16,6.485262494808364e-17,7.63806459786833e-13,2.802413702051493e-28,1.2195981332484642e-17,1.1608125140116792,2.902703047716274e-12,0.00020488076361218876,500000.0,500537.0048656712
0.00044731624886250445,0.00011376135751051239,-0.00869056050144315,298.27961511072743,0.0,0.04635423034865277,150.14969675046984,1.0158647183149397e-17,0.0,0.00014886223436949846,50.05755050515888,1.7712867443240997e-16,6.473720647216492e-17,7.624419794126559e-13,2.8064353724322634e-28,1.2221074556478251e-17,1.1609683164919984,2.905549526499174e-12,0.0002048811779689699,500000.0,500628.564483442
0.0004476766236966012,0.00011375841018735669,-0.007640097134933637,298.28766672377213,0.0,0.04635783246673952,150.16136756654478,1.0166257774725315e-17,0.0,0.00014887380511342013,50.06144137177594,1.7718218124767523e-16,6.466017799437859e-17,7.615309164981479e-13,2.808433510339645e-28,1.2235172163019811e-17,1.1610585560826416,2.907162024804599e-12,0.00020488141794373316,500000.0,500681.1561555528
0.00044803699853069787,0.0001137558685887056,-0.006443191625919512,298.2943560382387,0.0,0.04636093889783433,150.1714327652404,1.0172814402969556e-17,0.0,0.00014888378400736913,50.06479695077797,1.772375560170767e-16,6.458256782048295e-17,7.606126244177982e-13,2.8098048396811916e-28,1.2246896320136045e-17,1.1611363809235624,2.908517005008177e-12,0.00020488162489314156,500000.0,500726.08447634603
0.00044839737336479455,0.00011375378050853476,-0.005128092667969375,298.2995450137408,0.0,0.04636349106979394,150.17970262042897,1.017817565794125e-17,0.0,0.00014889198295202921,50.06755399045399,1.7729335262059904e-16,6.450430001932575e-17,7.596862062046541e-13,2.810483531949555e-28,1.2255998260598455e-17,1.1612003240386162,2.9095868540413986e-12,0.00020488179492100203,500000.0,500762.48151544796
0.0004487577481988913,0.0001137521831209418,-0.0037252710300951387,298.3031306044947,0.0,0.04636544340406042,150.18602949450548,1.0182228520852048e-17,0.0,0.00014889825557571785,50.06966327074547,1.7734813430906366e-16,6.442531663313317e-17,7.587509851561656e-13,2.8104204008050864e-28,1.2262291480580973e-17,1.161249243883163,2.910350668231786e-12,0.00020488192499630708,500000.0,500789.67915713665
0.00044911812303298796,0.0001137511023026993,-0.002266717094666378,298.3050465757612,0.0,0.04636676415630928,150.19031056141063,1.0184890710654052e-17,0.0,0.00014890249993406045,50.071090511059346,1.7740050574644572e-16,6.434557868200974e-17,7.578065163662164e-13,2.8095839398777583e-28,1.2265655531101179e-17,1.1612823453986747,2.9107946499067304e-12,0.00020488201300880885,500000.0,500807.2213439259
0.00044947849786708464,0.0001137505522427187,-0.0007851582805654873,298.3052643645998,0.0,0.04636743590345105,150.19248938412986,1.0186112202628011e-17,0.0,0.00014890466007396323,50.07181689618144,1.7744914569581445e-16,6.426506668263732e-17,7.568525922861781e-13,2.8079608404497143e-28,1.2266037947914427e-17,1.161299192210073,2.9109123154245818e-12,0.00020488205780119876,500000.0,500814.870858167
0.0004498388727011814,0.00011375053532276009,0.000686697025300835,298.3037930831495,0.0,0.046367455695386924,150.19255640627048,1.0185875864439301e-17,0.0,0.00014890472652097502,50.07183924016056,1.7749283646614136e-16,6.418378070856503e-17,7.558892427929894e-13,2.8055560680800397e-28,1.2263454465670608e-17,1.161299710426639,2.9107045266991403e-12,0.00020488205917901353,500000.0,500812.6110021541
0.00045019924753527806,0.00011375104225108654,0.002116861411508076,298.3006787355249,0.0,0.046366834893505064,150.19054842893468,1.0184197317734768e-17,0.0,0.00014890273576064609,50.071169811906145,1.775304891070749e-16,6.410174003676701e-17,7.549167302082329e-13,2.8023924123702893e-28,1.2257987609325168e-17,1.1612841845971567,2.910179359704863e-12,0.00020488201789972959,500000.0,500800.64253273775
0.00045055962236937474,0.00011375205244050496,0.0034747412757664986,298.2960026649184,0.0,0.046365598706360193,150.18654710671396,1.0181124099479695e-17,0.0,0.00014889876874741868,50.069835833776516,1.7756116527027107e-16,6.401898238401715e-17,7.539355394538672e-13,2.7985096790881053e-28,1.2249783727050786e-17,1.1612532460808356,2.9093518130432333e-12,0.0002048819356418082,500000.0,500779.37599195703
0.0004509199972034715,0.00011375353462670324,0.004731788619081614,298.2898792414528,0.0,0.04636378542787139,150.18067648008653,1.0176734104459135e-17,0.0,0.00014889294845818284,50.0678786589188,1.7758409606516355e-16,6.393556275002177e-17,7.529463634644496e-13,2.793963418491644e-28,1.2239048492065814e-17,1.1612078539676256,2.9082433606550476e-12,0.0002048818149540781,500000.0,500749.419512043
0.00045128037203756815,0.00011375544771629756,0.005862107004472334,298.2824528374052,0.0,0.04636144539163596,150.17309958826172,1.0171133305973186e-17,0.0,0.00014888543653416412,50.06535264204459,1.7759869706839746e-16,6.385155189224087e-17,7.519500841489676e-13,2.7888232850180595e-28,1.222604101043363e-17,1.161149268888488,2.9068813589294763e-12,0.00020488165918632954,500000.0,500711.56232555455
0.00045164074687166483,0.00011375774184196914,0.006842982863776925,298.27389417689074,0.0,0.04635863966992745,150.1640142550097,1.0164452837971246e-17,0.0,0.00014887642910288781,50.062323734491656,1.7760457857287795e-16,6.376703447133567e-17,7.509477494410607e-13,2.783171072556724e-28,1.2211066743047234e-17,1.1610790204311232,2.9052983269277145e-12,0.00020488147240297353,500000.0,500666.7544433797
0.00045200112170576157,0.00011376035959353363,0.00765533000446398,298.26439616688236,0.0,0.04635543855654911,150.15364817435804,1.0156845561766573e-17,0.0,0.00014886615190601334,50.05886784587244,1.7760155087812134e-16,6.368210692359131e-17,7.499405471226833e-13,2.7770985118258987e-28,1.2194469496535902e-17,1.1609988691422237,2.9035311230745385e-12,0.00020488125928234266,500000.0,500616.08311245835
0.00045236149653985825,0.00011376323739213095,0.008284046350990532,298.2541693166559,0.0,0.046351919874799315,150.1422534297927,1.0148482221164876e-17,0.0,0.00014885485486553033,50.05506901686169,1.77589624905077e-16,6.359687511926942e-17,7.489297761191708e-13,2.770704894873079e-28,1.2176622735317822e-17,1.1609107641495373,2.9016200420041377e-12,0.00020488102500435885,500000.0,500560.7466882734
0.00045272187137395493,0.00011376630697595284,0.008718280549375367,298.2434368493653,0.0,0.046348167150262104,150.13010057560152,1.013954727528298e-17,0.0,0.00014884280621585218,50.051017446009425,1.7756900838081753e-16,6.351145186150276e-17,7.479168159332091e-13,2.7640946027517465e-28,1.2157920457468261e-17,1.1608167973983892,2.899607854349943e-12,0.00020488077512918578,500000.0,500502.0265342999
0.00045308224620805166,0.00011376949696518378,0.008951602178446535,298.23242961331414,0.0,0.046344267688909764,150.1174724115046,1.0130234512768131e-17,0.0,0.00014883028633182557,50.04680741430039,1.7754009769736568e-16,6.342595428136583e-17,7.469030948957695e-13,2.7573746005340504e-28,1.2138767871682451e-17,1.1607191555166712,2.897538812450255e-12,0.0002048805154695277,500000.0,500441.25757445925
0.00045344262104214834,0.00011377273447095097,0.008982070788079513,298.2213809085944,0.0,0.04634031060431069,150.10465759242527,1.0120742565398052e-17,0.0,0.00014881758139329493,50.04253515475216,1.7750346562970096e-16,6.334050118889684e-17,7.458900579568871e-13,2.750651968403994e-28,1.2119572113085605e-17,1.1606200704051308,2.8954576458782864e-12,0.00020488025195946114,500000.0,500379.7981725353
0.0004538029958762451,0.00011377594671114572,0.008812204017724172,298.2105213481508,0.0,0.046336384839824024,150.09194422202074,1.0111270433605879e-17,0.0,0.00014880497703356524,50.03829671659879,1.7745984531400836e-16,6.32552104413301e-17,7.448791347593446e-13,2.7440315279630717e-28,1.210073322391251e-17,1.1605217697020858,2.893408570673639e-12,0.00020487999052283654,500000.0,500319.000038902
0.0004543681269295337,0.00011378076393085656,0.008160143998167753,298.19440257706805,0.0,0.04633049835826016,150.07288137141734,1.0096920893452292e-17,0.0,0.00014878607763716526,50.03194146139384,1.7737950193731977e-16,6.312205847718827e-17,7.433013754758406e-13,2.734093533841575e-28,1.2072822339685707e-17,1.160374374356897,2.8903615208056913e-12,0.00020487959849199697,500000.0,500228.12053331034
0.0004547839872815708,0.00011378400763420065,0.007403316176653301,298.183651712932,0.0,0.04632653513642237,150.060047107077,1.0087111744593741e-17,0.0,0.00014877335342004095,50.027662719078656,1.7731306744219208e-16,6.302474994004718e-17,7.421487282379698e-13,2.727304498392378e-28,1.2054240588186455e-17,1.1602751388926738,2.8883256995172614e-12,0.00020487933453637683,500000.0,500167.10970447795
0.0004551998476336078,0.00011378689272212436,0.006440298131318931,298.17415642142237,0.0,0.04632301034503333,150.04863299541222,1.0078225117060752e-17,0.0,0.00014876203717845748,50.02385743335939,1.7724237493188067e-16,6.292817536355179e-17,7.410051350205007e-13,2.721097629045889e-28,1.2037851678980966e-17,1.160186884151669,2.886525217134465e-12,0.00020487909977660347,500000.0,500112.9637996214
0.0004556157079856449,0.00011378933983913076,0.005302682564123871,298.16615299485954,0.0,0.046320020759803654,150.03895251094568,1.0070483027897352e-17,0.0,0.00014875243969904217,50.020630111718134,1.7716925894138447e-16,6.283245847434856e-17,7.398720722714908e-13,2.7155753523249794e-28,1.2024054259640409e-17,1.1601120339415667,2.8850055890323706e-12,0.00020487890066434906,500000.0,500067.1275347355
0.00045603156833768195,0.00011379128373414484,0.00402653151625246,298.1598304753699,0.0,0.04631764592188505,150.03126330241523,1.0064070359729433e-17,0.0,0.00014874481642131713,50.0180666501972,1.7709558916266767e-16,6.27376995128598e-17,7.387507272120198e-13,2.7108186042913115e-28,1.2013165294089672e-17,1.1600525804210446,2.8838034129310926e-12,0.00020487874250351188,500000.0,500030.7794006483
0.00045644742868971905,0.0001137926749017401,0.002651290821686922,298.15532601326686,0.0,0.04631594615422424,150.02576076736588,1.0059130454858668e-17,0.0,0.00014873936106738611,50.01623219126896,1.7702321748727158e-16,6.26439728346076e-17,7.376419695449376e-13,2.706885205444469e-28,1.2005413214958239e-17,1.1600100344180542,2.8829455108709653e-12,0.00020487862931737886,500000.0,500004.80250925466
0.0004568632890417561,0.0001137934807383594,0.0012185821225325622,298.1527218330288,0.0,0.04631496116740369,150.0225735361947,1.0055761970632444e-17,0.0,0.00014873620116470144,50.01516961828737,1.7695392521256585e-16,6.255132530691164e-17,7.365463329487271e-13,2.703808887312693e-28,1.200093364268976e-17,1.1599853905121293,2.8824483656533498e-12,0.00020487856375518685,500000.0,499989.7645080399
0.0004572791493937932,0.00011379368618367774,-0.00022905852761454377,298.1520438615945,0.0,0.04631470928941353,150.02176097722068,1.0054017018098437e-17,0.0,0.0001487353955725269,50.01489872371746,1.76889373051927e-16,6.245977553576482e-17,7.35464006725973e-13,2.701598964964545e-28,1.199976768056289e-17,1.159979107743406,2.882317859358139e-12,0.00020487854704039535,500000.0,499985.9070150446
0.0004576950097458302,0.0001137932938399512,-0.001649427053580591,298.15326200276,0.0,0.04631518732673092,150.02331274667435,1.0053900596012722e-17,0.0,0.00014873693403578582,50.015416059108915,1.768310563045581e-16,6.236931392274104e-17,7.343948375426486e-13,2.700240582353368e-28,1.200186261307777e-17,1.15999110613311,2.882549305930133e-12,0.00020487857896117037,500000.0,499993.1446184813
0.0004581108700978673,0.0001137923235816243,-0.0030018510724085356,298.1562920011622,0.0,0.04631637104114337,150.02715033319393,1.0055371323215629e-17,0.0,0.0001487407387163139,50.01669545000687,1.767802660485392e-16,6.227990352031686e-17,7.333383408719278e-13,2.6996956054232524e-28,1.2007075110295257e-17,1.160020778625712,2.883127775877149e-12,0.00020487865790207025,500000.0,500011.0731743832
0.00045852673044990435,0.00011379081167899254,-0.004248327549678966,298.1609988129428,0.0,0.046318216213494794,150.03313050347234,1.0058343406638453e-17,0.0,0.0001487466676089618,50.01868914467648,1.7673805658284832e-16,6.21914816414659e-17,7.322937215702316e-13,2.6999039893295865e-28,1.2015176532613328e-17,1.1600670177309205,2.884028687210374e-12,0.0002048787809150386,500000.0,500038.98695313494
0.00045894259080194144,0.00011378880946715223,-0.005354573343611347,298.16720137206505,0.0,0.04632066025721233,150.04105052874507,1.0062689758515732e-17,0.0,0.0001487545197232677,50.021329556531875,1.7670521966336632e-16,6.210396216672051e-17,7.312599028768129e-13,2.7007857070785443e-28,1.202586044052586e-17,1.1601282559352626,2.8852186533750966e-12,0.00020487894382721758,500000.0,500075.9040532195
0.0004593584511539785,0.00011378638160203035,-0.00629095406801226,298.1746786030288,0.0,0.0463236243321933,150.05065503203792,1.0068246183817173e-17,0.0,0.00014876404187199376,50.024531546901024,1.7668226634614322e-16,6.201723847675693e-17,7.302355629304775e-13,2.7022431494027986e-28,1.2038752040572301e-17,1.160202518645501,2.8866565627391834e-12,0.00020487914138223807,500000.0,500120.59930709325
0.00045977431150601557,0.00011378360395950299,-0.007033261156335946,298.1831764884397,0.0,0.046327015892687944,150.0616442412081,1.0074816541426444e-17,0.0,0.00014877493685340105,50.02819517646003,1.766694170050179e-16,6.193118691845168e-17,7.292191776445223e-13,2.7041639750389734e-28,1.2053419396124693e-17,1.160287488001743,2.8882948593638384e-12,0.00020487936741050067,500000.0,500171.643651948
0.00046019017185805266,0.00011378056124584414,-0.007563318059231785,298.1924159673068,0.0,0.046330731588040866,150.07368338496246,1.0082178738454801e-17,0.0,0.00014878687276670123,50.03220883771796,1.7666659964746259e-16,6.184567069411367e-17,7.282090685739832e-13,2.706424338166109e-28,1.2069386112882412e-17,1.1603805755281336,2.8900809890867036e-12,0.00020487961502297614,500000.0,500227.4487241171
0.0004606060322100897,0.00011377734439441024,-0.007869403945591913,298.2021014226843,0.0,0.04633466042692351,150.08641294237398,1.0090091386077673e-17,0.0,0.00014879949317368862,50.036452672044724,1.766734563784541e-16,6.176054405435566e-17,7.272034543038818e-13,2.708892433662775e-28,1.2086145209429388e-17,1.1604790013828588,2.8919589705253923e-12,0.0002048798768225113,500000.0,500286.3153167984
0.0004610218925621268,0.00011377404782633753,-0.007946486312940353,298.2119295092355,0.0,0.0463386871118495,150.0994594439789,1.009830093786079e-17,0.0,0.00014881242780722298,50.0408021705872,1.76689357754479e-16,6.167565667158655e-17,7.262005038469735e-13,2.71143227622901e-28,1.2103173825947532e-17,1.16057987787301,2.8938710481115053e-12,0.00020488014512637327,500000.0,500346.48428317055
0.00046143775291416383,0.00011377076665512798,-0.0077962572120091325,298.2215980655495,0.0,0.046342695447674276,150.11244651252662,1.0106549124345399e-17,0.0,0.00014882530351730984,50.04513185508174,1.7671342464617965e-16,6.159085806837772e-17,7.251983905119767e-13,2.713907621811989e-28,1.2119948391850906e-17,1.1606802948224604,2.8957593815580666e-12,0.00020488041219357124,500000.0,500406.1884201502
0.0004618536132662009,0.00011376759391652021,-0.0074269736113932935,298.2308148533287,0.0,0.0463465717252665,150.12500582330927,1.0114580479047355e-17,0.0,0.00014883775513745108,50.04931893185604,1.7674455701358214e-16,6.15060019729879e-17,7.241953446882636e-13,2.716185923431583e-28,1.2135959827935744e-17,1.1607774043179258,2.8975677236443516e-12,0.00020488067045034428,500000.0,500463.70383175986
0.00046226947361823796,0.00011376461790415465,-0.006853109243456623,298.23930587099125,0.0,0.046350207981912236,150.13678766521062,1.0122149734812934e-17,0.0,0.0001488494359551373,50.05324681271687,1.7678146875506722e-16,6.142095047628755e-17,7.231897040247988e-13,2.7181422023564847e-28,1.2150728329364076e-17,1.1608685023677598,2.899243037154288e-12,0.0002048809127072528,500000.0,500517.3992795494
0.00046268533397027505,0.0001137619196872742,-0.006094831122372293,298.2468230048834,0.0,0.04635350504454696,150.1474707982976,1.012902886836406e-17,0.0,0.0001488600274849155,50.05680840131623,1.7682272759301383e-16,6.133557787148065e-17,7.221799595765454e-13,2.719662709774054e-28,1.2163817266609441e-17,1.1609511051215626,2.9007370028617443e-12,0.00020488113236163426,500000.0,500565.78209853114
0.0004631011943223121,0.00011375957087978037,-0.005177318572415964,298.2531508047747,0.0,0.04635637526979347,150.15677132931413,1.0135013579929009e-17,0.0,0.00014886924826777959,50.059909052101695,1.7686679881325872e-16,6.124977406887477e-17,7.211647966364456e-13,2.7206482529511484e-28,1.2174845742139092e-17,1.1610230174961436,2.902007372924762e-12,0.0002048813235797246,500000.0,500607.5393783668
0.0004635170546743492,0.0001137576317214761,-0.004129946610369463,298.2581121991319,0.0,0.04635874490475199,150.16445035872474,1.013992901538235e-17,0.0,0.00014887686145264426,50.06246911972055,1.7691209156548095e-16,6.11634474951408e-17,7.201431291476008e-13,2.72101707179741e-28,1.2183499438800579e-17,1.1610823923030145,2.9030191314550148e-12,0.000204881481453436,500000.0,500641.57326360117
0.0004639329150263862,0.00011375614952255533,-0.0029853595385873326,298.2615729978175,0.0,0.046360556004233215,150.17032019099824,1.014363454488061e-17,0.0,0.00014888268095337862,50.064426029430834,1.7695700632970867e-16,6.107652739410175e-17,7.191141267886698e-13,2.7207071482896717e-28,1.2189539253375367e-17,1.1611277782667513,2.9037454213330734e-12,0.00020488160212755327,500000.0,500667.02940705937
0.0004643487753784233,0.00011375515751117427,-0.0017784637336349459,298.263445067547,0.0,0.046361767853871964,150.17424894435,1.0146027449816086e-17,0.0,0.0001488865760190218,50.065735813917065,1.7699998209635577e-16,6.098896547648491e-17,7.180772340547474e-13,2.719677872821602e-28,1.2192807579867918e-17,1.1611581556678565,2.9041682167316176e-12,0.0002048816828940404,500000.0,500683.31782338355
0.00046476463573046035,0.00011375467411139024,-0.000545370744993031,298.2636881068885,0.0,0.04636235786413924,150.17616344662892,1.0147045409751883e-17,0.0,0.00014888847410483914,50.06637407873337,1.770395418074531e-16,6.090073687839437e-17,7.17032180908863e-13,2.7179109977371606e-28,1.2193231916050115e-17,1.1611729587339652,2.9042787176604526e-12,0.000204881722251184,500000.0,500690.12563012564
0.00046518049608249744,0.0001137547026654435,0.000677677140173434,298.26230999093247,0.0,0.04636232191696049,150.17605035809586,1.0146667718670619e-17,0.0,0.00014888836198547373,50.06633637662031,1.7707433466626398e-16,6.08118404114157e-17,7.159789848439533e-13,2.7154108475969876e-28,1.2190825726681664e-17,1.1611720843212507,2.9040774584424933e-12,0.00020488171992639838,500000.0,500687.421420627
0.0004655963564345345,0.00011375523160090665,0.0018553667150186068,298.2593656992637,0.0,0.046361674163634486,150.173955516865,1.0144915205422279e-17,0.0,0.00014888628510599953,50.06563798928518,1.7710317403312768e-16,6.072229811271454e-17,7.14917944460314e-13,2.712203786703117e-28,1.2185686576695146e-17,1.1611558868533278,2.90357413154899e-12,0.00020488167686263142,500000.0,500675.4512739398
0.0004660122167865716,0.00011375623503004894,0.0029543277671466787,298.2549548830469,0.0,0.04636044628945618,150.16998155690047,1.0141848869865458e-17,0.0,0.0001488823452203434,50.064313133279605,1.7712506976980968e-16,6.063215411655573e-17,7.138496249165809e-13,2.708336964234896e-28,1.2177991522048574e-17,1.1611251599034318,2.90278713180722e-12,0.0002048815951694026,500000.0,500654.72666314704
0.00046642807713860867,0.00011375767375619403,0.0039440718857854,298.2492181673015,0.0,0.04635868627639818,150.1642839001324,1.013756731916625e-17,0.0,0.00014887669641776614,50.062413623833876,1.7713925410207944e-16,6.054147290722431e-17,7.127748358571041e-13,2.7038764265123855e-28,1.2167990272398296e-17,1.1610811052051693,2.9017428531792943e-12,0.00020488147804055676,500000.0,500626.0047678888
0.0004668439374906457,0.00011375949665022917,0.004797829669341766,298.24233232058396,0.0,0.04635645670991393,150.15706527189715,1.0132203106267208e-17,0.0,0.00014886953968533056,50.06000704639096,1.7714520030370283e-16,6.04503370047389e-17,7.116946026320415e-13,2.6989046444669072e-28,1.2155996024890088e-17,1.1610252902455056,2.900474749424979e-12,0.0002048813296417763,500000.0,500590.26192033157
0.0004672597978426828,0.00011376164235011316,0.00549326343080062,298.2345044558186,0.0,0.046353832688896486,150.1485689309241,1.0125918105388325e-17,0.0,0.00014886111619593804,50.057174499590396,1.7714263375542919e-16,6.035884417148145e-17,7.106101318113201e-13,2.6935175914662176e-28,1.214237462331566e-17,1.1609595959185333,2.899022205344808e-12,0.00020488115497174425,500000.0,500548.66110963066
0.00046767565819471983,0.0001137640412275682,0.006013036784046156,298.2259654518486,0.0,0.046350899408605574,150.13907084000428,1.0118898102148077e-17,0.0,0.0001488516995461296,50.054007985092184,1.7713153519408693e-16,6.026710423509447e-17,7.095227721432554e-13,2.687821484960053e-28,1.2127532386359707e-17,1.160886155988514,2.8974292550443312e-12,0.00020488095970156117,500000.0,500502.51463122916
0.0004680915185467569,0.00011376661755937421,0.0063452272344299366,298.21696280455393,0.0,0.04634774949464684,150.1288710302679,1.0111346797377046e-17,0.0,0.00014884158719441083,50.050607528562544,1.771121362346821e-16,6.017523562798106e-17,7.084339722172543e-13,2.6819293148933936e-28,1.21119030267224e-17,1.1608072903178495,2.89574319096901e-12,0.00020488074999756888,500000.0,500453.24308910186
0.0004683181706427445,0.00011376806812796722,0.006444843306788964,298.21195242165146,0.0,0.04634597612285386,150.12312857261202,1.0107084046576945e-17,0.0,0.00014883589397532621,50.048693083283204,1.7709822793845329e-16,6.012515520577355e-17,7.078404843397218e-13,2.6786768703652475e-28,1.2103212910983953e-17,1.1607628892177062,2.8948025431543603e-12,0.00020488063193153347,500000.0,500425.60230138316
0.00046854482273873217,0.00011376953470529296,0.00648648510577353,298.2069224418286,0.0,0.04634418327817856,150.11732303789884,1.0102762962603224e-17,0.0,0.0001488301382200402,50.04675760910375,1.7708209440040884e-16,6.007509342934028e-17,7.072472612328357e-13,2.6754195731226336e-28,1.209449479872847e-17,1.1607180004011937,2.8938568423493546e-12,0.0002048805125660772,500000.0,500397.71836254146
0.0004687714748347198,0.00011377100416301053,0.006470358234959083,298.20191458902434,0.0,0.046342387006354874,150.11150640120644,1.0098419329331173e-17,0.0,0.00014882437145796937,50.04481843369885,1.7706385823846032e-16,6.002507047947555e-17,7.066545478316933e-13,2.6721761110801586e-28,1.20858209961493e-17,1.1606730257433762,2.8929140809009033e-12,0.00020488039296975724,500000.0,500369.8353329394
0.00046899812693070747,0.00011377246347956917,0.006397170753958243,298.1969699839003,0.0,0.046340603219320396,150.10573020423024,1.0094088733271662e-17,0.0,0.00014881864478886347,50.042892740260186,1.77043659285127e-16,5.997510629327734e-17,7.060625856877871e-13,2.668964813406515e-28,1.2077262570310959e-17,1.1606283637683703,2.8919821395721904e-12,0.00020488027420231112,500000.0,500342.1947842949
0.0004692247790266951,0.00011377389984962836,0.006268119467435862,298.1921288023024,0.0,0.046338847561573984,150.10004512239036,1.0089806264222437e-17,0.0,0.00014881300845362487,50.04099742317686,1.7702165310118512e-16,5.992522039803606e-17,7.054716109588352e-13,2.6658035034441504e-28,1.206888876418948e-17,1.1605844063021902,2.891068722042083e-12,0.00020488015730575772,500000.0,500315.0337778721
0.00046959538206266667,0.00011377616669444224,0.0059412871564137135,298.1845364314332,0.0,0.04633607697347521,150.09107364649282,1.0082996554748317e-17,0.0,0.00014880411390342214,50.038006473874816,1.7698222432270285e-16,5.984386881685122e-17,7.045080170323045e-13,2.6607865175784964e-28,1.205576738344482e-17,1.1605150381980627,2.8896344100817813e-12,0.00020487997282915774,500000.0,500272.2529080133
0.0004698685891785109,0.00011377774675868373,0.00561331717859831,298.17927684793517,0.0,0.046334145877985185,150.08482066014923,1.0078201425995212e-17,0.0,0.00014879791453313484,50.03592182633096,1.769508280966615e-16,5.978410912405079e-17,7.038002940196777e-13,2.657244170855674e-28,1.2046685589819318e-17,1.160466689652739,2.888639550394521e-12,0.00020487984424780701,500000.0,500242.4904898193
0.00047014179629435514,0.00011377922770902402,0.005216987038019288,298.1743704104251,0.0,0.046332335971115746,150.0789602250361,1.0073657774109749e-17,0.0,0.00014879210434813763,50.0339680492016,1.7691784465622309e-16,5.972456245427377e-17,7.030952005216213e-13,2.6538634496796935e-28,1.2038219467810702e-17,1.160421376341925,2.8877105746130095e-12,0.00020487972373561263,500000.0,500214.63591265597
0.0004704150034101994,0.00011378059167085134,0.0047580837323496356,298.16987104850796,0.0,0.04633066906917141,150.0735630082574,1.006941543133637e-17,0.0,0.00014878675340959752,50.0321687017892,1.7688363908162582e-16,5.96652554399454e-17,7.02393055094959e-13,2.650667720053667e-28,1.2030460753405139e-17,1.160379644668781,2.8868578737102122e-12,0.00020487961274633304,500000.0,500189.0160797508
0.0004706882105260436,0.00011378182245340955,0.004243108962148429,298.16582695570145,0.0,0.046329164928990585,150.06869300593956,1.0065519831282194e-17,0.0,0.00014878192516490455,50.03054511939715,1.7684858728065936e-16,5.960621202523678e-17,7.016941430307921e-13,2.6476777383217973e-28,1.2023491180010627e-17,1.160341989455985,2.886090756051799e-12,0.00020487951259663307,500000.0,500165.9259181266
0.00047096141764188786,0.00011378290570021112,0.0036791943506007,298.1622801557246,0.0,0.04632784106557665,150.06440695250373,1.0062011599155903e-17,0.0,0.00014877767586200916,50.02911621639033,1.768130716343906e-16,5.954745325352705e-17,7.00998713841224e-13,2.644911490989329e-28,1.2017381810726069e-17,1.1603088493781855,2.885417366214201e-12,0.00020487942445389327,500000.0,500145.6256830169
0.00047146665134303276,0.00011378448004435955,0.0025336267048170413,298.15714569142807,0.0,0.04632591684306996,150.05817807853722,1.0056659809419526e-17,0.0,0.00014877150039706362,50.02703960743909,1.7674746584735953e-16,5.943960039777743e-17,6.99722536255418e-13,2.64043393131087e-28,1.2008542929784142e-17,1.1602606872692993,2.8844413286955907e-12,0.00020487929635405665,500000.0,500116.15802941605
0.0004719718850441776,0.0001137854508035496,0.0012990687976492307,298.15398666910585,0.0,0.04632472992049989,150.0543374533612,1.0052920827832997e-17,0.0,0.00014876769270280856,50.02575920312246,1.766839601341381e-16,5.933286233647447e-17,6.984599193830337e-13,2.6368373695037526e-28,1.200310780316695e-17,1.1602309912728157,2.88383977506961e-12,0.00020487921736784965,500000.0,500098.00058332144
0.0004724771187453225,0.00011378578670365626,3.0133663131743135e-05,298.15287442315457,0.0,0.04632431841896207,150.05300855903252,1.005089405189583e-17,0.0,0.00014876637520250068,50.02531617041862,1.7662479296486054e-16,5.922728002138947e-17,6.972113135637546e-13,2.634150479994777e-28,1.2001194705226637e-17,1.160220716160929,2.883627521886739e-12,0.00020487919003741727,500000.0,500091.6856176248
0.00047282527010194186,0.00011378564590936641,-0.0008355545999182457,298.15329319256426,0.0,0.046324489521100194,150.05356557083388,1.005050960535323e-17,0.0,0.0001487669274377645,50.02550186926114,1.7658760501814142e-16,5.91551977300585e-17,6.963590508188953e-13,2.6328247369602636e-28,1.2001914921631789e-17,1.1602250230131521,2.8837073871111247e-12,0.00020487920149311092,500000.0,500094.2525514959
0.0004731734214585612,0.00011378520802296506,-0.0016739667356219677,298.15464744422803,0.0,0.04632502348473697,150.05529795818327,1.0050939066645808e-17,0.0,0.00014876864497028865,50.02607941984974,1.765540094629902e-16,5.908365239815189e-17,6.955132594855991e-13,2.6319136625039644e-28,1.2004244366835455e-17,1.160238417954132,2.883966271335406e-12,0.0002048792371219618,500000.0,500102.32352667826
0.0004735215728151806,0.00011378448541870214,-0.0024684552182886303,298.15688919546307,0.0,0.04632590521249264,150.0581568181359,1.0052154147758928e-17,0.0,0.00014877147931644788,50.02703251871072,1.7652449897139984e-16,5.901262330650062e-17,6.946736733518706e-13,2.6313959988116165e-28,1.2008101366559158e-17,1.1602605228627623,2.8843954971627244e-12,0.00020487929591784273,500000.0,500115.65436489985
0.00047386972417179997,0.00011378349611145215,-0.0032034860036969097,298.1599530835923,0.0,0.046327112726442625,150.06207096037718,1.0054111142288307e-17,0.0,0.00014877535989635067,50.028337432111385,1.76499477645509e-16,5.894208136626422e-17,6.938399254704647e-13,2.6312430125075927e-28,1.2013374802586626e-17,1.160290787290381,2.8849830650611715e-12,0.00020487937641597675,500000.0,500133.8971820177
0.0004742178755284194,0.00011378226331733025,-0.0038649466499558116,298.1637579204837,0.0,0.046328617701845466,150.06694863606063,1.0056751973611446e-17,0.0,0.00014878019574785333,50.029963572427384,1.7647925381292085e-16,5.887198983292216e-17,6.930115571115106e-13,2.6314191300676363e-28,1.2019926614837589e-17,1.1603285018282694,2.8857139337990793e-12,0.0002048794767285719,500000.0,500156.608764792
0.00047456602688503873,0.00011378081487714277,-0.004440431034502675,298.16820867072016,0.0,0.046330386167819065,150.07267980742216,1.0060005610102394e-17,0.0,0.00014878587777671342,50.03187425479655,1.764640347974614e-16,5.880230521962698e-17,6.921880291234961e-13,2.631882753339808e-28,1.2027595008576944e-17,1.1603728156564768,2.8865703808241437e-12,0.00020487959459158911,500000.0,500183.2614650765
0.0004749141782416581,0.00011377918260504061,-0.004919470348398664,298.17319863989997,0.0,0.04633237929911288,150.0791387124723,1.0063789696466337e-17,0.0,0.00014879228129929082,50.0340275521469,1.7645392418689818e-16,5.873297831687957e-17,6.913687345173668e-13,2.632587140913037e-28,1.2036198001915732e-17,1.160422756374203,2.887532403274116e-12,0.00020487972741759622,500000.0,500213.2554327803
0.0004752623295982775,0.0001137774015895132,-0.005293709929483799,298.1786117868611,0.0,0.046334554266158595,150.08618661846393,1.0068012331208688e-17,0.0,0.00014879926877240588,50.036377213159646,1.7644892138876745e-16,5.866395527122245e-17,6.905530117709833e-13,2.633481396368381e-28,1.2045537227665052e-17,1.160477251289812,2.8885781454718012e-12,0.00020487987235251178,500000.0,500245.93168929714
0.00047561048095489685,0.00011377550944358046,-0.005557043665893335,298.18432517625655,0.0,0.04633686514755524,150.09367477759722,1.0072573995908005e-17,0.0,0.00014880669272370053,50.038873647654675,1.7644892310737518e-16,5.85951787356847e-17,6.897401589220744e-13,2.634511467602119e-28,1.2055401967039048e-17,1.160535150274556,2.8896843544011473e-12,0.00020488002633650104,500000.0,500280.5861161531
0.00047595863231151626,0.00011377354550544151,-0.0057057082981567635,298.19021156904716,0.0,0.046339263903736605,150.10144758090658,1.007736963821134e-17,0.0,0.0001488143988784823,50.04146497804703,1.764537266655528e-16,5.852658908603299e-17,6.889294484268191e-13,2.635621254780927e-28,1.2065573485010926e-17,1.1605952501486572,2.8908268651490022e-12,0.00020488018616892877,500000.0,500316.48434305534
0.0004763067836681356,0.00011377155000842448,-0.0057383305751597495,298.1961420876187,0.0,0.04634170138903188,150.1093458365107,1.0082290867171513e-17,0.0,0.00014882222940986465,50.0440981322639,1.7646303527183531e-16,5.845812567291328e-17,6.881201424303086e-13,2.636753758998209e-28,1.2075829540146247e-17,1.1606563200289741,2.891981104289222e-12,0.0002048803485758441,500000.0,500352.87718341104
0.00047665493502475496,0.00011376956324554938,-0.00565592212845746,298.20198887253184,0.0,0.04634412837134814,150.11721007255258,1.0087228196806216e-17,0.0,0.0001488300262133861,50.04671994489298,1.7647646521417488e-16,5.838972807438921e-17,6.873115079818356e-13,2.6378522478370763e-28,1.2085948939425183e-17,1.160717126867573,2.893122595777568e-12,0.00020488051027794368,500000.0,500389.0161452381
0.0004772852631758433,0.00011376611523587378,-0.005226240185393852,298.21196361987097,0.0,0.04634834071482822,150.1308596898138,1.0095860097668856e-17,0.0,0.00014884355879088074,50.05127051263292,1.7650973135783885e-16,5.826587268375106e-17,6.858468994881866e-13,2.639577311535115e-28,1.210323155850036e-17,1.160822666689537,2.8950803116775413e-12,0.0002048807909245776,500000.0,500451.4510887663
0.0004777479371886317,0.00011376381259235944,-0.004699866183745071,298.2184560900237,0.0,0.0463511539746398,150.13997607387464,1.010164961550039e-17,0.0,0.00014885259700570457,50.054309771696474,1.7653988473614324e-16,5.817478564278125e-17,6.847694850679238e-13,2.640480456188083e-28,1.2114493329247653e-17,1.1608931552260897,2.8963644764034587e-12,0.0002048809783551425,500000.0,500492.86613506626
0.0004782106112014201,0.00011376179013498398,-0.004019277853424286,298.22398194626925,0.0,0.04635362496422201,150.14798378336224,1.0106731694059184e-17,0.0,0.00014886053605231336,50.05697941607119,1.7657325716351804e-16,5.808342324268738e-17,6.836885444029642e-13,2.640957462331923e-28,1.2124086299455805e-17,1.160955071410645,2.8974677385148045e-12,0.00020488114298521993,500000.0,500528.94687186624
0.0004786732852142085,0.00011376011306572625,-0.003211832318941905,298.2283473337492,0.0,0.046355673903836,150.1546243965325,1.0110919503952576e-17,0.0,0.0001488671197248069,50.05919329200662,1.7660829095453546e-16,5.799169090219396e-17,6.826029531899012e-13,2.6409211070631675e-28,1.2131669799521016e-17,1.161006417107585,2.8983520469078095e-12,0.00020488127950448498,500000.0,500558.5021924918
0.0004791359592269969,0.00011375883295794592,-0.0023088931451895984,298.2314038761055,0.0,0.0463572376697494,150.15969344346283,1.0114061962148237e-17,0.0,0.00014887214530649525,50.0608832324422,1.7664339946661606e-16,5.78995149089858e-17,6.81511844073555e-13,2.6403045952948273e-28,1.213698227392386e-17,1.1610456113406782,2.8989879617220754e-12,0.00020488138371206206,500000.0,500580.5980047321
0.0004795986332397853,0.0001137579861636782,-0.0013446703756104608,298.23305317191233,0.0,0.04635827175438441,150.1630467553548,1.0116048634704712e-17,0.0,0.00014887546986475916,50.06200117376505,1.7667702341545384e-16,5.780684460841308e-17,6.804146321498252e-13,2.6390637629139003e-28,1.2139849765061463e-17,1.1610715393863484,2.8993555796647014e-12,0.00020488145264659633,500000.0,500594.5861183626
0.0004800613072525737,0.0001137575927936449,-0.00035493384915237134,298.233249399669,0.0,0.04635875152387609,150.16460453802105,1.0116813100386593e-17,0.0,0.0001488770142896086,50.06252051384642,1.7670768703610908e-16,5.77136537185133e-17,6.793110297604353e-13,2.6371783711030423e-28,1.2140190938672982e-17,1.161083584270167,2.8994450922362247e-12,0.00020488148466963244,500000.0,500600.12231774244
0.0004805239812653621,0.0001137576563058354,0.0006243283405085484,298.2319999510826,0.0,0.04635867272777418,150.164353022927,1.0116334604486074e-17,0.0,0.00014887676493056777,50.06243666247322,1.7673405107782906e-16,5.761994072815896e-17,6.782010501146135e-13,2.634652434363226e-28,1.213801845072579e-17,1.16108163953283,2.899256956451984e-12,0.00020488147949931484,500000.0,500597.17298519966
0.0004809866552781505,0.00011375816370947096,0.0015582195657989953,298.22936411296917,0.0,0.046358051251755426,150.1623436662035,1.0114637936993237e-17,0.0,0.00014887477280255563,50.06176677431123,1.7675495930062512e-16,5.752572837657034e-17,6.770849998233435e-13,2.6315135765120842e-28,1.213343660978314e-17,1.1610661030368628,2.8988016758943966e-12,0.00020488143819380648,500000.0,500586.0102061946
0.00048144932929093887,0.00011375908635939169,0.0024141618676239633,298.22544990288634,0.0,0.04635692214378265,150.15868999421673,1.0111791607376484e-17,0.0,0.00014887115045850372,50.060548697267826,1.7676947671024796e-16,5.743106226664693e-17,6.759634609734475e-13,2.627811485562835e-28,1.212663565870822e-17,1.1610378525763416,2.8980992167951514e-12,0.00020488136308645643,500000.0,500567.195863501
0.0004819120033037273,0.00011376038129384511,0.003163014357272367,298.2204092228746,0.0,0.0463553379718201,150.15356228392375,1.0107904443345594e-17,0.0,0.0001488660667153251,50.05883919900597,1.7677691890440256e-16,5.733600868722787e-17,6.748372637369944e-13,2.623615536230596e-28,1.2117882837731332e-17,1.160998204745016,2.8971780849359248e-12,0.00020488125767658888,500000.0,500541.5556318005
0.0004823746773165157,0.00011376199305668544,0.003780053439335622,298.21443153611,0.0,0.04635336658643047,150.14718031552607,1.0103120770895021e-17,0.0,0.00014885973946871032,50.05671155079278,1.7677687193510512e-16,5.724065174432109e-17,6.73707450723425e-13,2.6190117214827317e-28,1.2107510792220673e-17,1.1609488588993022,2.896074110673065e-12,0.0002048811264807747,500000.0,500510.1440206929
0.0004828373513293041,0.00011376385593319651,0.004245777607579352,298.2077363131928,0.0,0.046351088376385366,150.1398044828968,1.0097614382944678e-17,0.0,0.00014885242687977859,50.05425256385554,1.7676920193170621e-16,5.714508991637632e-17,6.72575234490643e-13,2.61409903230339e-28,1.2095903802790287e-17,1.160891828423462,2.894828991312583e-12,0.0002048809748504076,500000.0,500474.20184744196
0.00048330002534209245,0.00011376589651284112,0.004546504814938286,298.2005645430284,0.0,0.04634859312501468,150.13172561072298,1.0091581560053975e-17,0.0,0.00014884441727953325,50.05155919457692,1.767540540943134e-16,5.704943216887773e-17,6.714419498922888e-13,2.608985454459068e-28,1.2083482453478586e-17,1.1608293619950125,2.893488651249695e-12,0.00020488080876270023,500000.0,500435.1078148781
0.00048376269935488086,0.00011376803647794703,0.004674744721954586,298.1931696415345,0.0,0.04634597659237957,150.1232538835352,1.0085233441907435e-17,0.0,0.0001488360181928197,50.04873485360735,1.7673184135938577e-16,5.695379378364376e-17,6.703090031528666e-13,2.603783762859169e-28,1.2070687405767911e-17,1.1607638579831812,2.8921014877545723e-12,0.00020488063459337912,500000.0,500394.32612129353
0.00048422537336766927,0.00011377019551077176,0.004629340398439886,298.1858081057579,0.0,0.04634333695603823,150.11470731668913,1.0078788058895084e-17,0.0,0.00014882754490816284,50.04588556227135,1.7670322357483452e-16,5.685829206498942e-17,6.691778196357295e-13,2.598607290483377e-28,1.2057962943680605e-17,1.1606977753057017,2.8907165719477343e-12,0.0002048804588798786,500000.0,500353.3521339776
0.0004846880473804577,0.00011377229421192301,0.004415381165958761,298.17873025495436,0.0,0.04634077124200359,150.10640019557226,1.0072462329098738e-17,0.0,0.00014881930901610197,50.04311609838061,1.7666907828216487e-16,5.676304208072423e-17,6.6804979221897e-13,2.593565834101406e-28,1.2045740913713267e-17,1.1606335440399234,2.889381872116757e-12,0.00020488028808377017,500000.0,500313.6581315662
0.0004851507213932461,0.00011377425692665505,0.004043894065916816,298.1721713850273,0.0,0.04633837187255381,150.09863189331455,1.0066464312023822e-17,0.0,0.0001488116073227845,50.04052626823437,1.7663046437457982e-16,5.666815258798474e-17,6.669262320922131e-13,2.588761838831409e-28,1.2034425621277411e-17,1.1605734789605413,2.8881425620625775e-12,0.00020488012836084924,500000.0,500276.6410372152
0.00048561339540603444,0.00011377601438048776,0.0035313288291742803,298.1663436423379,0.0,0.04633622345092464,150.09167645579947,1.0060985987079364e-17,0.0,0.00014880471152428038,50.03820743442574,1.7658858011037878e-16,5.657372228382287e-17,6.658083236605537e-13,2.5842869821511503e-28,1.2024380176622352e-17,1.160519699010149,2.8870394718056214e-12,0.00020487998534687754,500000.0,500243.57395439036
0.00048607606941882285,0.00011377750603337805,0.00289885926424728,298.1614288931972,0.0,0.04633439989287191,150.0857733102489,1.0056196794079417e-17,0.0,0.00014879885899483656,50.036239418229776,1.7654471715999924e-16,5.647983650638095e-17,6.64697085067128e-13,2.580219255009501e-28,1.2015914705060349e-17,1.1604740554573443,2.8861077311701623e-12,0.0002048798639663287,500000.0,500215.56315487606
0.00048653874343161126,0.00011377868207356667,0.002171530560478572,298.1575728234967,0.0,0.04633296200018151,150.08111940535514,1.0052238136562852e-17,0.0,0.00014879424499440372,50.034687879246995,1.7650021246398413e-16,5.638656449303116e-17,6.635933356052084e-13,2.5766206130341594e-28,1.2009276747127579e-17,1.1604380711236617,2.885375648048557e-12,0.00020487976827050525,500000.0,500193.5119343118
0.00048700141744439967,0.00011377950498743614,0.0013772865131778875,298.15488045176284,0.0,0.0463319555524374,150.07786303014504,1.0049219005004361e-17,0.0,0.0001487910165405005,50.03360225470974,1.7645639966749845e-16,5.629395727878682e-17,6.624976710011584e-13,2.573535235100504e-28,1.2004644063503206e-17,1.1604128925905826,2.884863852495132e-12,0.00020487970131015057,500000.0,500178.0924601997
0.000487464091457188,0.00011377995065851343,0.0005459134001295781,298.15341318411805,0.0,0.046331409972870746,150.07609949239824,1.0047212842560447e-17,0.0,0.00014878926812368764,50.03301431873474,1.7641456183156705e-16,5.620204628935246e-17,6.614104472379744e-13,2.570988481612226e-28,1.200212008936761e-17,1.1603992567847532,2.8845847321776353e-12,0.00020487966504632404,500000.0,500169.7264236793
0.00048792676546997643,0.00011378000896624895,-0.00029206030918351664,298.15318748258613,0.0,0.04633133760297333,150.075868768966,1.0046255709096918e-17,0.0,0.0001487890393780336,50.03293739897622,1.7637588700925562e-16,5.611084266764032e-17,6.603317732805712e-13,2.5689863997298242e-28,1.2001731853957196e-17,1.1603974728100772,2.884542161471933e-12,0.00020487966030187968,500000.0,500168.57498317736
0.0004883894394827648,0.00011377968387322797,-0.0011064686956898506,298.15417516113104,0.0,0.046331733598933486,150.0771551702882,1.0046345775454628e-17,0.0,0.00014879031474850885,50.03336626478129,1.7634142813368384e-16,5.602033733256734e-17,6.592615127474497e-13,2.5675159753976866e-28,1.2003430674517236e-17,1.1604074193537413,2.884731537929175e-12,0.0002048796867544472,500000.0,500174.53816061333
0.0004888521134955532,0.00011377899300772778,-0.001868578500289004,298.15630526669975,0.0,0.04633257644114166,150.07988899075897,1.0047444140742547e-17,0.0,0.00014879302512719995,50.03427767739579,1.7631206848758416e-16,5.593050175412429e-17,6.581992942616628e-13,2.5665459574765064e-28,1.2007095310258643e-17,1.1604285574469582,2.8851401103561486e-12,0.00020487974297035013,500000.0,500187.2635218544
0.0004891880826043551,0.00011377827895212275,-0.0023741392268616193,298.1585065919022,0.0,0.04633344794698627,150.08271464628464,1.0048832818967526e-17,0.0,0.00014879582655365876,50.03521970642719,1.7629434249673607e-16,5.586566185884652e-17,6.574326810803837e-13,2.5661284288597813e-28,1.2010883606907965e-17,1.1604504056166691,2.88556288279318e-12,0.00020487980107415096,500000.0,500200.4159308622
0.000489524051713157,0.00011377740328732414,-0.0028291905445931103,298.16119894665235,0.0,0.04633451691434798,150.08617991724753,1.0050675951661504e-17,0.0,0.0001487992621111557,50.03637497319886,1.7627986227347852e-16,5.580112775010946e-17,6.566697132121993e-13,2.565926329978015e-28,1.2015518481760485e-17,1.1604771993392056,2.886080660584968e-12,0.00020487987232954295,500000.0,500216.53346158395
0.0004898600208219588,0.00011377638434007396,-0.0032257912593783586,298.16431987687594,0.0,0.046335760970560184,150.09021233451563,1.0052926609398928e-17,0.0,0.00014880325995194713,50.03771931764045,1.7626875618772119e-16,5.573687231175586e-17,6.559100544562187e-13,2.565912584073848e-28,1.2020893289523251e-17,1.1605083782779961,2.8866817722381156e-12,0.0002048799552458661,500000.0,500235.2687844118
0.0004901959899307606,0.00011377524291047441,-0.0035572295570343556,298.16779968233294,0.0,0.04633715472066991,150.09472963918637,1.0055530804085959e-17,0.0,0.0001488077385224616,50.03922531592589,1.762610870797732e-16,5.567286504840167e-17,6.551533286483089e-13,2.5660569718418125e-28,1.2026888856265797e-17,1.160543306401257,2.887353128649683e-12,0.00020488004813115808,500000.0,500256.22963803244
0.0004905319590395625,0.00011377400183684117,-0.0038181293057942003,298.1715628550509,0.0,0.04633867027740991,150.09964149926367,1.00584286053024e-17,0.0,0.00014881260826525708,50.04086285278654,1.7625685214094148e-16,5.56090727233819e-17,6.543991275073541e-13,2.5663267316509993e-28,1.2033375870238883e-17,1.1605812852554596,2.8880804907021157e-12,0.00020488014912750288,500000.0,500278.98697979836
0.0004908679281483643,0.00011377268552800041,-0.0040045280287922935,298.17552960703796,0.0,0.04634027783111434,150.10485135571986,1.0061555356164772e-17,0.0,0.00014881777344925363,50.042599736959204,1.7625598407412412e-16,5.55454600383268e-17,6.536470189618482e-13,2.5666872008271684e-28,1.2040217436629004e-17,1.1606215682392176,2.8888487551151624e-12,0.00020488025624903632,500000.0,500303.0837202027
0.0004912038972571662,0.00011377131947697323,-0.004113930498970112,298.17961744511786,0.0,0.04634194624265746,150.1102583431342,1.0064842951736546e-17,0.0,0.0001488231340739037,50.04440234149691,1.762583532796379e-16,5.548199033452635e-17,6.528965557180622e-13,2.567102482729178e-28,1.2047271731330004e-17,1.1606633754538016,2.889642250771932e-12,0.0002048803674214789,500000.0,500328.04378799186
0.0004915398663659682,0.00011376992976348592,-0.004145336339194364,298.1837427684871,0.0,0.04634364365041861,150.11575925576537,1.0068221161139488e-17,0.0,0.00014882858781840627,50.04623625922657,1.762637710679036e-16,5.541862630540213e-17,6.521472839390323e-13,2.567536130398613e-28,1.205439471579261e-17,1.160705908904955,2.8904450411204226e-12,0.00020488048052259334,500000.0,500353.38138795894
0.00049187583547477,0.00011376854255209085,-0.004099239285563358,298.187822466254,0.0,0.046345338083045466,150.1212505324065,1.0071618976619107e-17,0.0,0.0001488340320095427,50.048066964468454,1.7627199393196905e-16,5.535533071043347e-17,6.513987519148693e-13,2.5679518378162744e-28,1.2061442876449564e-17,1.160748367849935,2.8912412285028134e-12,0.0002048805934230159,500000.0,500378.61032439454
0.0004922408324759171,0.00011376706835504794,-0.003963644067861317,298.19210843150535,0.0,0.046347138836339265,150.12708643531752,1.0075250427722494e-17,0.0,0.00014883981787190646,50.05001256268364,1.7628376321473026e-16,5.528660137241075e-17,6.505858704207028e-13,2.568341758734701e-28,1.2068851627176623e-17,1.1607934914698834,2.8920805807212596e-12,0.00020488071340607331,500000.0,500405.3391745342
0.0004926058294770642,0.0001137656593313078,-0.0037433071644587383,298.1961457312956,0.0,0.046348860026507906,150.13266461946642,1.0078734111256795e-17,0.0,0.00014884534822532405,50.051872241511475,1.7629806256839348e-16,5.5217864926414256e-17,6.497728010517559e-13,2.568625141646476e-28,1.2075834506797583e-17,1.1608366223897202,2.8928746722109698e-12,0.00020488082808775327,500000.0,500430.78795851767
0.0004929708264782114,0.00011376434531112135,-0.0034444528959603608,298.19984248868553,0.0,0.046350465180932325,150.13786694310787,1.0081986997023769e-17,0.0,0.00014885050594105965,50.053606614349725,1.7631440884435483e-16,5.514907959530641e-17,6.489590421025194e-13,2.568761612643367e-28,1.208223176894041e-17,1.1608768471289246,2.8936057258878017e-12,0.0002048809350395922,500000.0,500454.4068416594
0.0004933358234793585,0.00011376315353044381,-0.0030749655255851035,298.20311593753996,0.0,0.04635192099229796,150.14258551748438,1.0084932496626037e-17,0.0,0.00014885518405545066,50.05517971278128,1.7633228085355143e-16,5.508020748496232e-17,6.481441404791838e-13,2.568714746520107e-28,1.2087899191687714e-17,1.1609133314838205,2.894257652060936e-12,0.00020488103204410846,500000.0,500475.69558536
0.0004937008204805056,0.00011376210809348005,-0.0026441883014468436,298.2058940343706,0.0,0.04635319797755154,150.14672484131452,1.0087502014912447e-17,0.0,0.00014885928788609386,50.05655969817896,1.7635113127891652e-16,5.501121531684655e-17,6.47327700407664e-13,2.5684528057465436e-28,1.2092710983238058e-17,1.1609453370315919,2.8948163677290383e-12,0.0002048811171386258,500000.0,500494.21341218014
0.0004940658174816527,0.00011376122948114218,-0.0021626949902958824,298.20811691003894,0.0,0.04635427108094296,150.15020375416245,1.0089636388920048e-17,0.0,0.00014886273696846576,50.057719512928244,1.7637039922530085e-16,5.49420750893354e-17,6.465093912628893e-13,2.5679494186748156e-28,1.209656241841492e-17,1.1609722362338786,2.895270086343712e-12,0.00020488118865536308,500000.0,500509.5879965844
0.0004944308144827999,0.00011376053412951977,-0.0016420356273478469,298.20973808523127,0.0,0.046355120191495264,150.15295711262488,1.0091287145963277e-17,0.0,0.00014886546671773676,50.0586374392417,1.763895231326616e-16,5.4872764637242424e-17,6.456889541160879e-13,2.567184132460588e-28,1.2099372056293759e-17,1.1609935253971742,2.8956095627639714e-12,0.00020488124525582253,500000.0,500521.5231306746
0.000494795811483947,0.00011376003411418895,-0.001094461757893087,298.21072533804016,0.0,0.04635573053090951,150.15493704683254,1.0092417478733953e-17,0.0,0.00014886742967449912,50.05929751805683,1.7640795354994689e-16,5.480326803590167e-17,6.448662064037229e-13,2.5661428324909533e-28,1.2101083345699449e-17,1.1610088343881877,2.8958282715462358e-12,0.00020488128595655454,500000.0,500529.80439905106
0.0004951608084850941,0.00011375973695090727,-0.0005326395003383301,298.21106119404976,0.0,0.046356092898831934,150.1561137549216,1.0093002902357725e-17,0.0,0.0001488685962924259,50.05968981390032,1.764251653677189e-16,5.473357584052226e-17,6.440410445621427e-13,2.564817958979216e-28,1.2101665546948034e-17,1.1610179327767518,2.895922512102566e-12,0.00020488131014543306,500000.0,500534.3026702229
0.0004955258054862413,0.00011375964550360927,3.0641298564090355e-05,298.2107430718575,0.0,0.04635620378645213,150.15647587100435,1.0093031612855804e-17,0.0,0.00014886895530308644,50.059810537563756,1.7644066927745364e-16,5.466368516983375e-17,6.43213444805346e-13,2.5632085973830565e-28,1.2101114029977909e-17,1.1610207326810014,2.895891446459994e-12,0.00020488131758917744,500000.0,500534.97557801584
0.0004958908024873884,0.00011375975799232225,0.0005827554743600894,298.2097831106586,0.0,0.04635606536737062,150.15603043559298,1.0092504563864411e-17,0.0,0.000148868513686624,50.05966203624334,1.7645402227615892e-16,5.459359965200173e-17,6.423834621940111e-13,2.561320375065451e-28,1.2099449983539235e-17,1.1610172885386862,2.8957370745648257e-12,0.00020488130843271797,500000.0,500531.8671341822
0.0004962557994885355,0.0001137600681017512,0.0011115230365116155,298.2082076802747,0.0,0.04635568536479318,150.1548024654217,1.0091435257450479e-17,0.0,0.00014886729624526612,50.0592526501253,1.7646483699909174e-16,5.452332922785041e-17,6.415512280039063e-13,2.55916524020454e-28,1.2096719543074787e-17,1.1610077937810048,2.8954641468330815e-12,0.00020488128319034448,500000.0,500525.1054625611
0.0004966207964896826,0.00011376056519149524,0.0016054758430228148,298.20605657361796,0.0,0.04635507679390412,150.1528341189502,1.008984924468862e-17,0.0,0.00014886534477598376,50.05859643417792,1.7647278964950212e-16,5.445288981277903e-17,6.407169453988394e-13,2.556761076695316e-28,1.209299233625967e-17,1.1609925743802167,2.895080014050089e-12,0.00020488124272856196,500000.0,500514.89864264114
0.0004969857934908298,0.00011376123460248721,0.002054104223274482,298.20338190210714,0.0,0.04635425758611218,150.15018347922953,1.0087783349805614e-17,0.0,0.00014886271686379333,50.057712752378144,1.7647762633864895e-16,5.4382302827785086e-17,6.398808835222377e-13,2.5541311840503245e-28,1.2088359489294726e-17,1.160972079438675,2.894594418630779e-12,0.000204881188241097,500000.0,500501.5287702199
0.0004973507904919769,0.00011376205804914124,0.0024480778933659427,298.20024673059385,0.0,0.0463532501081494,150.14692299617687,1.0085284646788413e-17,0.0,0.0001488594843373884,50.05662575839037,1.764791677163291e-16,5.431159461443158e-17,6.390433702068398e-13,2.551303637550862e-28,1.208293116504508e-17,1.1609468691443796,2.8940192344637045e-12,0.0002048811212169161,500000.0,500485.344438248
0.000497715787493124,0.00011376301408564744,0.0027794366218958926,298.19672349117394,0.0,0.04635208059031238,150.14313763454473,1.008240922115873e-17,0.0,0.00014885573143298906,50.055363778128545,1.7647731182504257e-16,5.424079575107047e-17,6.382047835169083e-13,2.548310551484169e-28,1.2076833711011804e-17,1.1609176004509427,2.893368163221165e-12,0.00020488104340220294,500000.0,500466.7518600439
0.0004980807844942712,0.00011376407863519523,0.003041747072116912,298.19289221370803,0.0,0.04635077847773289,150.13892277256699,1.007922074917869e-17,0.0,0.00014885155271100595,50.05395860919773,1.7647203514714999e-16,5.416994028750681e-17,6.373655423285331e-13,2.5451872643610896e-28,1.2070206492557994e-17,1.1608850108297677,2.8926563947650787e-12,0.00020488095675721418,500000.0,500446.20485018
0.0004984457814954183,0.00011376522557010973,0.003230222934372162,298.1888386130692,0.0,0.04634937571953814,150.13438189941715,1.0075788929136288e-17,0.0,0.00014884705077324216,50.05244475326289,1.764633918496752e-16,5.40990649156421e-17,6.365260961641711e-13,2.5419714676131313e-28,1.206319849020711e-17,1.1608499004666304,2.8919002396969024e-12,0.0002048808634089986,500000.0,500424.193892544
0.0004988107784965654,0.00011376642732921111,0.003341806170224879,298.18465207808924,0.0,0.04634790601279332,150.12962416619743,1.007218780398067e-17,0.0,0.0001488423338348809,50.05085859958703,1.764515112740063e-16,5.402820809575328e-17,6.35686914522641e-13,2.5387023001997283e-28,1.2055964747066101e-17,1.1608131133257475,2.891116743009539e-12,0.0002048807656010991,500000.0,500401.23455530807
0.0004991757754977126,0.00011376765555756099,0.003375208107845632,298.18042361031866,0.0,0.046346404019489106,150.12476184961415,1.0068494017569248e-17,0.0,0.00014883751320990895,50.0492375794605,1.764365937627384e-16,5.3957409159593534e-17,6.34848475961241e-13,2.535419432651556e-28,1.2048662755954213e-17,1.160775517538734,2.8903232883344165e-12,0.0002048806656414494,500000.0,500377.8555324518
0.0004995407724988597,0.00011376888175363866,0.003330910173311173,298.1762437605239,0.0,0.04634490457494547,150.11990778784855,1.00647850467665e-17,0.0,0.00014883270076897375,50.04761931136061,1.7641890495540736e-16,5.38867074112942e-17,6.340112571844652e-13,2.5321621626653185e-28,1.2041448872872582e-17,1.1607379855785696,2.889537202148637e-12,0.00020488056584968552,500000.0,500354.5865920537
0.0005001823424111043,0.0001137709477246406,0.003072342779152069,298.1692795556259,0.0,0.04634237829919656,150.11172983766224,1.0058459876058715e-17,0.0,0.0001488245929400462,50.04489291095601,1.7638210640087183e-16,5.376278327994736e-17,6.325439974735287e-13,2.5266131795596264e-28,1.2029438709734725e-17,1.1606747530700725,2.8882241437740203e-12,0.0002048803977198931,500000.0,500315.516324439
0.0005008239123233489,0.00011377277920102489,0.002605383650347305,298.1631761809153,0.0,0.04634013873856502,150.10448060895084,1.005271496605602e-17,0.0,0.00014881740586924778,50.04247613170379,1.7633987648466124e-16,5.363947048497398e-17,6.310842553491939e-13,2.5214490254308833e-28,1.201892249870968e-17,1.1606187015031997,2.88707029549897e-12,0.00020488024867912227,500000.0,500281.0021358951
0.0005012680235295645,0.00011377384443745384,0.002179589552326238,298.1596530999264,0.0,0.04633883604080047,150.10026447534392,1.0049259904671622e-17,0.0,0.00014881322588644366,50.0410705387997,1.7630873394460415e-16,5.3554555835740686e-17,6.300792337952161e-13,2.518183872694263e-28,1.201285616659323e-17,1.160586102048952,2.8864029738346035e-12,0.00020488016199530387,500000.0,500260.9741556786
0.0005017121347357801,0.00011377470526338668,0.0016875404598337576,298.15681832344677,0.0,0.04633778314608315,150.09685750008964,1.004634121984289e-17,0.0,0.00014880984812384315,50.039934706580894,1.7627700184829126e-16,5.347005699231822e-17,6.290792772166928e-13,2.5152202700495227e-28,1.200797713078016e-17,1.160559759065616,2.8858653208888746e-12,0.00020488009194662987,500000.0,500244.8106921227
0.0005021562459419957,0.00011377533605303566,0.001146684271643664,298.1547444552397,0.0,0.04633701134130617,150.09436102761205,1.0044033079853728e-17,0.0,0.0001488073730568899,50.03910242168654,1.7624553210539639e-16,5.3386007201806893e-17,6.280847742342739e-13,2.5125886489987828e-28,1.2004408911321749e-17,1.1605404561556099,2.885471583218843e-12,0.00020488004061754733,500000.0,500232.9726065966
0.0005026003571482114,0.00011377571925195442,0.0005757892374113593,298.15347771156127,0.0,0.04633654205546312,150.09284447075578,1.0042388243534698e-17,0.0,0.0001488058695032463,50.03859682526875,1.7621515392975615e-16,5.330242848738321e-17,6.270959760641018e-13,2.5103081266284657e-28,1.200222988489693e-17,1.1605287300240676,2.8852310169201507e-12,0.0002048800094358655,500000.0,500225.7696053848
0.000503044468354427,0.00011377584582795406,-5.686508191928627e-06,298.15303681320336,0.0,0.046336386311593834,150.0923435355234,1.0041436724454078e-17,0.0,0.00014880537286275284,50.03842982114792,1.7618664734176244e-16,5.321933113193209e-17,6.261129907868972e-13,2.508386102785667e-28,1.2001471527072322e-17,1.1605248567523845,2.8851476668837603e-12,0.00020487999913615387,500000.0,500223.3524589581
0.0005034885795606426,0.00011377571541744112,-0.0005782978384106559,298.1534128846968,0.0,0.046336544549656605,150.09285964731345,1.0041185230363342e-17,0.0,0.0001488058845485858,50.03860188452952,1.7616071674432673e-16,5.3136713579673873e-17,6.251357827587724e-13,2.5068182687119007e-28,1.2002118319678225e-17,1.1605288473618438,2.8852203334520845e-12,0.000204880009747908,500000.0,500225.7109255113
0.0005039326907668582,0.00011377533616563315,-0.0011232820297512268,298.1545703090152,0.0,0.046337006822031596,150.09436058418137,1.0041617393679643e-17,0.0,0.0001488073726150886,50.03910227312331,1.7613796837877617e-16,5.305456275274165e-17,6.241641770267638e-13,2.5055889830883792e-28,1.2004109199014659e-17,1.1605404527100396,2.885442717443559e-12,0.00020488004060856277,500000.0,500232.67730905226
0.0005043768019730738,0.00011377472428599737,-0.0016231522652492719,298.15644843516446,0.0,0.04633775333070669,150.0967822168757,1.0042694764821019e-17,0.0,0.00014880977348288762,50.039909607244184,1.7611889288639277e-16,5.2972854741525027e-17,6.231978682358141e-13,2.5046720182002406e-28,1.2007340446239013e-17,1.160559176944961,2.885803728280315e-12,0.00020488009039928344,500000.0,500243.9351443853
0.0005048209131792896,0.000113773903371832,-0.00206223060956754,298.158964042329,0.0,0.04633875526612963,150.10003122603004,1.0044358487714662e-17,0.0,0.00014881299463278568,50.0409927756811,1.7610385212317063e-16,5.2891555822634313e-17,6.22236433454722e-13,2.5040315770795424e-28,1.2011669769389456e-17,1.1605842985145163,2.886287933225011e-12,0.00020488015720088122,500000.0,500259.03241504554
0.0005052650243855052,0.00011377290348605461,-0.0024271291360899007,298.16201448272056,0.0,0.0463399759162349,150.10398869450248,1.0046531574536258e-17,0.0,0.00014881691816729902,50.04231213332678,1.7609306970485712e-16,5.2810623765506356e-17,6.212793484637291e-13,2.5036236022189773e-28,1.2016921540495351e-17,1.1606148979427624,2.886876136360803e-12,0.0002048802385677593,500000.0,500277.39883458597
0.0005057091355917208,0.00011377176005326159,-0.002707158148012774,298.1654814162426,0.0,0.04634137201669733,150.1085144810961,1.0049121720174526e-17,0.0,0.00014882140514687494,50.04382095930738,1.760866258274561e-16,5.2730009392167284e-17,6.203260070569452e-13,2.503397326396287e-28,1.2022893031726522e-17,1.1606498916478278,2.8875460717019476e-12,0.0002048803316179458,500000.0,500298.3667345118
0.0005061532467979364,0.00011377051258905223,-0.002894634086052973,298.1692350119388,0.0,0.04634289530014751,150.11345223875608,1.0052024586424975e-17,0.0,0.0001488263005650605,50.04546712997059,1.760844570362201e-16,5.264965834108115e-17,6.193757427333041e-13,2.503297027590298e-28,1.2029361471932518e-17,1.1606880707429759,2.8882731885573925e-12,0.000204880433136377,500000.0,500321.1948938761
0.0005065973580041521,0.0001137692033150861,-0.002985075388631841,298.17313845635664,0.0,0.046344494185592715,150.11863488692123,1.0055127442235584e-17,0.0,0.00014883143877393107,50.04719494328162,1.7608636096165776e-16,5.256951296809726e-17,6.184278519519498e-13,2.503263924113399e-28,1.2036091668286195e-17,1.1607281433492216,2.8890315002565527e-12,0.000204880539687501,500000.0,500345.09440808103
0.0005070414692103677,0.00011376787571277164,-0.0029772881033208673,298.17705260181793,0.0,0.046346115543782304,150.12389032987574,1.00583130186709e-17,0.0,0.00014883664915341002,50.048947025231975,1.7609200553763265e-16,5.248951431239613e-17,6.174816180778955e-13,2.5032381464166673e-28,1.2042843926567222e-17,1.1607687788100427,2.8897944651876113e-12,0.00020488064773291324,500000.0,500369.25562214694
0.0005074855804165833,0.00011376657306480731,-0.0028733447266411738,298.1808406000598,0.0,0.046347706478613415,150.12904722706102,1.0061463444669855e-17,0.0,0.00014884176183210278,50.05066625357066,1.761009421841558e-16,5.240960406120408e-17,6.165363352144846e-13,2.5031607220267566e-28,1.2049382013462365e-17,1.1608086523078467,2.89053587110253e-12,0.00020488075375002765,500000.0,500392.8752209425
0.000508194177849346,0.00011376464870159281,-0.0025223257091554706,298.18630416447604,0.0,0.046350056722297805,150.13666579063076,1.0066135292375595e-17,0.0,0.0001488493150692334,50.0532061627072,1.7612062919677584e-16,5.228215014502292e-17,6.150284177431184e-13,2.5027924873089687e-28,1.2058818094965824e-17,1.1608675595856635,2.8916127424719274e-12,0.00020488091037056496,500000.0,500427.54668881366
0.000508693406632117,0.00011376347742359252,-0.0021554322116399374,298.1895082604997,0.0,0.04635148712503883,150.14130313852843,1.006896737146696e-17,0.0,0.0001488539126534593,50.05475218145113,1.7613727551704898e-16,5.2192295134108255e-17,6.13965155392829e-13,2.502258726910551e-28,1.206435514194871e-17,1.160903415890265,2.8922511640804717e-12,0.00020488100570139066,500000.0,500448.44625985634
0.000509192635414888,0.00011376250994842104,-0.0017090111020364178,298.1920254839369,0.0,0.04635266846639488,150.14513373021845,1.0071274261035214e-17,0.0,0.0001488577103990293,50.05602924034718,1.76155072878509e-16,5.21023233744976e-17,6.129003589563485e-13,2.5014317802988864e-28,1.2068706889184018e-17,1.1609330342975133,2.892760218058729e-12,0.00020488108444598828,500000.0,500465.4917173915
0.0005096918641976591,0.00011376178103857801,-0.0012032948861600108,298.1937554054085,0.0,0.04635355822785474,150.14801983984646,1.0072955081173908e-17,0.0,0.00014886057176102303,50.056991423758795,1.761729870737864e-16,5.2012189901387044e-17,6.118335004660838e-13,2.500268256362278e-28,1.2071698415246233e-17,1.160955349901141,2.8931201010660486e-12,0.0002048811437740731,500000.0,500478.05328635924
0.0005101910929804301,0.00011376131480491904,-0.0006605616688614298,298.19463258819263,0.0,0.046354126913857506,150.1498659253403,1.007393725836105e-17,0.0,0.00014886240201659632,50.057606879459804,1.761900015412805e-16,5.1921864237064976e-17,6.107642295325358e-13,2.498740007442891e-28,1.2073215565876915e-17,1.160969623962935,2.8933176626313156e-12,0.00020488118172248175,500000.0,500485.7012019376
0.0005106903217632012,0.0001137611239129136,-0.00010419962197531111,298.1946286421021,0.0,0.0463543590262797,150.15062178497567,1.0074179040809762e-17,0.0,0.00014886315139448094,50.057858870983885,1.762051583545047e-16,5.1831331315804795e-17,6.096923837359624e-13,2.4968350538576313e-28,1.2073208702929791e-17,1.1609754683195337,2.89334683250655e-12,0.0002048811972598992,500000.0,500488.21974745806
0.0005111895505459722,0.00011376120928373254,0.00044230909457353157,298.19375265814836,0.0,0.046354253432404145,150.15028374931538,1.007367067365898e-17,0.0,0.00014886281625670346,50.05774617499835,1.762175978957678e-16,5.174059174060598e-17,6.086179908471344e-13,2.4945577727306702e-28,1.207169355186568e-17,1.1609728545985827,2.8932087355655453e-12,0.00020488119031126682,500000.0,500485.6119844788
0.0005116887793287433,0.00011376156030219381,0.0009563979599365739,298.1920500290539,0.0,0.046353823111311934,150.14889385974186,1.0072434153267806e-17,0.0,0.00014886143828416135,50.057282807439734,1.7622659390681564e-16,5.164966136550347e-17,6.075412628636446e-13,2.4919283464703687e-28,1.2068749148890159e-17,1.1609621078670926,2.892911492385664e-12,0.00020488116174086532,500000.0,500478.0950186339
0.0005121880081115143,0.00011376215551040116,0.0014173431537892168,298.1895997614008,0.0,0.04635309430457345,150.14653711739973,1.0070521598549966e-17,0.0,0.00014885910174915486,50.05649710635457,1.7623158127512388e-16,5.155857023450728e-17,6.064625823718036e-13,2.488981546483105e-28,1.2064513045708441e-17,1.1609438853600622,2.8924697226207122e-12,0.00020488111329578233,500000.0,500466.0862602777
0.0005126872368942854,0.00011376296373809908,0.001807077977892616,298.1865104513918,0.0,0.04635210513145301,150.14333699759374,1.0068012383675834e-17,0.0,0.00014885592906824655,50.05543023647002,1.7623217585687924e-16,5.146736096276164e-17,6.053824821489373e-13,2.4857648747085844e-28,1.2059174178808585e-17,1.1609191417974793,2.8919037881864945e-12,0.0002048810475137737,500000.0,500450.1816244757
0.0005131864656770564,0.00011376394560767735,0.002110883520618913,298.1829151289148,0.0,0.046350903745109945,150.1394494773844,1.006500920032773e-17,0.0,0.0001488520748810676,50.054134198088136,1.7622818645097724e-16,5.1376086635214725e-17,6.043016190994807e-13,2.4823362480747508e-28,1.2052963681754271e-17,1.1608890832052583,2.8912388119496517e-12,0.0002048809676006031,500000.0,500431.1268478362
0.0005136856944598274,0.00011376505534650111,0.002317934484772386,298.178965196359,0.0,0.04634954611285765,150.13505584543265,1.0061633229516353e-17,0.0,0.0001488477189218147,50.05266943000096,1.762196187472643e-16,5.1284808325098755e-17,6.032207436971788e-13,2.478761281508964e-28,1.2046144163152488e-17,1.1608551113204386,2.8905035204649414e-12,0.0002048808772823702,500000.0,500409.78320845985
0.0005141849232425985,0.00011376624283009535,0.0024216722669818383,298.1748237210754,0.0,0.04634809351474379,150.1303545994301,1.0058018639162662e-17,0.0,0.00014884305798615585,50.051102108221045,1.7620667092273823e-16,5.119359233960248e-17,6.021406662428333e-13,2.4751103189422217e-28,1.2038997907970823e-17,1.1608187609415295,2.889728960470455e-12,0.0002048807806390764,500000.0,500387.0891112422
0.0005146841520253695,0.00011376745576658675,0.0024199873803632467,298.170658377056,0.0,0.04634660987064909,150.12555278806406,1.005430666271892e-17,0.0,0.00014883829734743404,50.04950125952862,1.7618972104899322e-16,5.110250731147358e-17,6.010622214274664e-13,2.4714553500129726e-28,1.2031814551578935e-17,1.160781632983958,2.8889471469318672e-12,0.00020488068192674278,500000.0,500364.0192342138
0.0005151833808081406,0.00011376864192467192,0.002315209426351762,298.1666343489692,0.0,0.04634515901582294,150.12085718595665,1.005063953014739e-17,0.0,0.00014883364200727703,50.04793581933484,1.7616930713873404e-16,5.101162126762785e-17,5.999862327806942e-13,2.4678669533425514e-28,1.2024878789236454e-17,1.160745326244058,2.888189703690514e-12,0.00020488058539604943,500000.0,500341.5430648583
0.0005156826095909115,0.00011376975130895976,0.0021139131832694034,298.1629075009705,0.0,0.04634380204255557,150.11646568282902,1.0047154514815347e-17,0.0,0.0001488292881585955,50.04647176096448,1.7614610102354232e-16,5.0920998801155493e-17,5.989134785227939e-13,2.4644113977960185e-28,1.201845864665414e-17,1.1607113708194672,2.8874865549743107e-12,0.0002048804951153266,500000.0,500320.584611248
0.0005161818383736826,0.00011377073819418161,0.0018265539502238053,298.1596180854523,0.0,0.046342594816035046,150.11255923688051,1.004397833976122e-17,0.0,0.00014882541520795789,50.045169413038856,1.761208773474116e-16,5.083069845986911e-17,5.978446601883784e-13,2.461148014143435e-28,1.201279477376316e-17,1.160681165892072,2.8868647201785205e-12,0.0002048804148050937,500000.0,500301.98492036446
0.0005166810671564536,0.00011377156293852654,0.0014669496757720806,298.15688523627017,0.0,0.04634158576145301,150.10929470679136,1.0041222161152104e-17,0.0,0.00014882217866905563,50.04408106977813,1.7609447903025519e-16,5.0740770451810244e-17,5.967803752247601e-13,2.4581269311497413e-28,1.2008091156525602e-17,1.1606559243045331,2.8863472578616164e-12,0.00020488034769061795,500000.0,500286.4688636481
0.0005171802959392247,0.00011377219350579724,0.0010516337475159248,298.15480245738416,0.0,0.04634081400769138,150.10679883875747,1.0038977316878373e-17,0.0,0.00014881970420129606,50.04324898637321,1.760677806866085e-16,5.0651254754251015e-17,5.957210945943134e-13,2.455387252278872e-28,1.2004507574438365e-17,1.1606366260676053,2.8859523981676738e-12,0.00020488029637819014,500000.0,500274.6174649596
0.0005176795247219957,0.00011377260663849146,0.0005991084762047008,298.15343427501483,0.0,0.04634030795766241,150.10516363553458,1.0037311993308295e-17,0.0,0.00014881808301855486,50.04270383509774,1.7604165158123285e-16,5.056217969498861e-17,5.946671461935145e-13,2.4529557297948e-28,1.2002154054601907e-17,1.1606239825532498,2.8856928946832805e-12,0.0002048802627598044,500000.0,500266.84680820757
0.0005181787535047667,0.00011377278863999513,0.0001290330871146547,298.152814168215,0.0,0.046340084335743235,150.10444327088246,1.0036268922281848e-17,0.0,0.0001488173688300774,50.042463676632295,1.7601691968341645e-16,5.0473561053123365e-17,5.936187046340567e-13,2.4508459712831397e-28,1.2001087484878466e-17,1.1606184126368957,2.8855756168124704e-12,0.00020488024794962012,500000.0,500263.3942599821
0.0005186779822875378,0.00011377273574205573,-0.0003386186170191357,298.15294383487753,0.0,0.04634014774089929,150.104652642031,1.0035864174103457e-17,0.0,0.00014881757640535697,50.04253347747933,1.7599433826396594e-16,5.038540170397579e-17,5.925757876432499e-13,2.4490581814422197e-28,1.2001310451127327e-17,1.1606200315050017,2.8856013928855005e-12,0.00020488025225412886,500000.0,500264.31240942655
0.0005191772110703088,0.00011377245405164331,-0.0007843955075470944,298.1537937932228,0.0,0.046340490712377655,150.10576758245932,1.0036087070536491e-17,0.0,0.000148818681785089,50.042905180900334,1.759745563203244e-16,5.029769180195498e-17,5.915382590544525e-13,2.4475794952404773e-28,1.2002772324362094e-17,1.1606286523002796,2.8857651056880624e-12,0.0002048802751764935,500000.0,500269.47079796763
0.0005196764398530799,0.00011377195908841561,-0.0011901672572662547,298.15530526523554,0.0,0.046341094294197006,150.10772669037303,1.0036901189116533e-17,0.0,0.00014882062409397027,50.04355831650148,1.7595809393469011e-16,5.0210409494742535e-17,5.905058381036602e-13,2.4463847224891324e-28,1.2005372406555165e-17,1.1606438002596136,2.8860560273537336e-12,0.000204880315454149,500000.0,500278.5651993457
0.0005201756686358509,0.00011377127494034948,-0.0015398510266261638,298.1573932378389,0.0,0.046341929064938475,150.11043466438198,1.0038246398562602e-17,0.0,0.00014882330884777499,50.04446111229622,1.7594532345652166e-16,5.012352211071276e-17,5.894781144978369e-13,2.445437669272993e-28,1.2008965102099996e-17,1.1606647385057618,2.886458380010491e-12,0.00020488037112743077,500000.0,500291.13391313836
0.000520674897418622,0.00011377043308041508,-0.0018200378797698215,298.15995055090724,0.0,0.04634295658083928,150.113766977947,1.0040041826931885e-17,0.0,0.00014882661258771988,50.045572053092314,1.7593645715466764e-16,5.003698776695079e-17,5.884545684939245e-13,2.4446928265782363e-28,1.2013366781290115e-17,1.1606905041905158,2.8869520918739287e-12,0.0002048804396357571,500000.0,500306.58025735035
0.000521174126201393,0.00011376947090053955,-0.0020204951580901627,298.1628528212969,0.0,0.046344131163990374,150.11757567168686,1.0042189624534946e-17,0.0,0.00014883038862310535,50.046841811556085,1.7593154171348356e-16,4.9950757322101126e-17,5.874345950369728e-13,2.4440974217058397e-28,1.2018364079449922e-17,1.1607199532812378,2.8875137156790633e-12,0.0002048805179368087,500000.0,500324.2002038123
0.0005216733549841641,0.00011376843002981075,-0.0021345260904834604,298.16596398111716,0.0,0.04634540195440282,150.12169600040977,1.0044579352310376e-17,0.0,0.0001488344736213514,50.04821546422826,1.7593045966501108e-16,4.986477658649333e-17,5.864175308635912e-13,2.443593697735857e-28,1.202372325952394e-17,1.1607518119561882,2.8881174686005368e-12,0.00020488060264328023,500000.0,500343.21390703914
0.0005221725837669351,0.00011376735451135217,-0.002159175182901447,298.1691421875921,0.0,0.046346715135513424,150.12595364195036,1.004709281039569e-17,0.0,0.0001488386947550226,50.04963489483698,1.759329375690164e-16,4.977898868167398e-17,5.854026833743966e-13,2.443121434151326e-28,1.2029200289831891e-17,1.1607847323437752,2.8887363503098886e-12,0.00020488069017116306,500000.0,500362.7997420399
0.0005226718125497061,0.00011376628891650954,-0.0020952738758160815,298.1722458517985,0.0,0.04634801623741792,150.13017215778459,1.0049609102492982e-17,0.0,0.0001488428770984717,50.05104128154969,1.7593856048924596e-16,4.96933364622141e-17,5.843893600384976e-13,2.442620458455692e-28,1.2034551159940877e-17,1.1608173502085695,2.88934328998445e-12,0.00020488077689317303,500000.0,500382.1293914491
0.0005231710413324772,0.00011376527647605274,-0.0019473274464972374,298.1751395333991,0.0,0.046349252420624064,150.13418039054773,1.00520097225987e-17,0.0,0.0001488468509619272,50.05237756318942,1.7594679206656327e-16,4.960776489051846e-17,5.833768970983844e-13,2.442033161695726e-28,1.2039542055453693e-17,1.1608483421494469,2.889912275916106e-12,0.00020488085929084231,500000.0,500400.40250451624
0.0005234519082017155,0.00011376474544959362,-0.0018299993964782625,298.1766282182095,0.0,0.046349900770940304,150.1362827714002,1.0053267352741298e-17,0.0,0.0001488489353155162,50.053078463827525,1.7595233529338576e-16,4.955963840608328e-17,5.828074312161668e-13,2.441644800384169e-28,1.2042110442424204e-17,1.1608645979075833,2.8902066383078583e-12,0.00020488090250912606,500000.0,500409.9380412889
0.0005237327750709539,0.00011376425055291642,-0.0016903625213744665,298.17799112189147,0.0,0.04635050497262305,150.1382421466038,1.0054434687943754e-17,0.0,0.00014885087788966197,50.05373168862849,1.7595838201521788e-16,4.951151309494555e-17,5.822379459754984e-13,2.4412038661889876e-28,1.2044462279825835e-17,1.1608797479356985,2.890477524635108e-12,0.00020488094278729726,500000.0,500418.78364785394
0.0005240136419401923,0.00011376379776799179,-0.0015305310859175484,298.17921026503905,0.0,0.046351057711629326,150.1400348245308,1.005549483694859e-17,0.0,0.00014885265519588118,50.05432933917576,1.7596480397194715e-16,4.9463381483163324e-17,5.816683525526176e-13,2.4407027064400956e-28,1.2046566412542277e-17,1.1608936090484132,2.8907214365266803e-12,0.00020488097963841355,500000.0,500426.8298207398
0.0005242945088094307,0.00011376339244092717,-0.0013528653827992172,298.18026982016926,0.0,0.04635155245088522,150.14163963030222,1.005643255225753e-17,0.0,0.00014885424624085946,50.054864356097276,1.7597146946351245e-16,4.941523693080392e-17,5.810985724576549e-13,2.440134586575326e-28,1.2048395393081604e-17,1.1609060175200316,2.8909352802430357e-12,0.00020488101262727747,500000.0,500433.97909452225
0.0005245753756786692,0.0001137630392225443,-0.0011599359882231818,298.1811562829117,0.0,0.046351983503083526,150.143038141594,1.0057234405200793e-17,0.0,0.00014885563276023544,50.055330597679564,1.7597824516014305e-16,4.9367073703043244e-17,5.805285383647105e-13,2.439493767335933e-28,1.2049925785764965e-17,1.1609168309078117,2.8911164007441676e-12,0.0002048810413752791,500000.0,500440.1471195655
0.0005248562425479075,0.00011376274201746886,-0.0009544857659976773,298.181858614945,0.0,0.046352346093072934,150.14421489072822,1.0057888938303597e-17,0.0,0.0001488567994189592,50.055722907241766,1.759849979214946e-16,4.931888703066276e-17,5.799581948047477e-13,2.438775562088873e-28,1.2051138422296806e-17,1.1609259296145489,2.8912626104647324e-12,0.00020488106556454576,500000.0,500445.263579405
0.000525137109417146,0.00011376250394128738,-0.000739391107249017,298.18236836077864,0.0,0.046352636410373876,150.14515753478284,1.0058386795508803e-17,0.0,0.0001488577339799435,50.056037169847556,1.7599159657749258e-16,4.9270673158406835e-17,5.79387498729494e-13,2.4379763960932645e-28,1.205201860978351e-17,1.160933218203878,2.8913722129563497e-12,0.00020488108494143403,500000.0,500449.27295704954
0.0005254179762863844,0.00011376232728780721,-0.0005176223605566168,298.1826797319027,0.0,0.0463528516493255,150.1458569856362,1.0058720824971608e-17,0.0,0.00014885842743299287,50.0562703556599,1.7599791365198867e-16,4.922242938162945e-17,5.788164199163683e-13,2.437093837389099e-28,1.205255628251443e-17,1.1609386264057837,2.8914440203519998e-12,0.00020488109931919856,500000.0,500452.13511222135
0.0005256988431556229,0.00011376221350788746,-0.0002922034097843962,298.1827896536138,0.0,0.04635299003506276,150.14630749411225,1.005888615048025e-17,0.0,0.00014885887407822785,50.05642054799383,1.7600382701718005e-16,4.9174154067897975e-17,5.782449411930978e-13,2.4361266185666925e-28,1.2052746086934921e-17,1.1609421097672223,2.891477363591318e-12,0.0002048811085797179,500000.0,500453.82564208424
0.0005259797100248613,0.00011376216320013786,-6.617081735744387e-05,298.18269777377174,0.0,0.0463530508349562,150.14650668703734,1.0058880210397142e-17,0.0,0.00014885907156282358,50.05648695567052,1.7600922146121688e-16,4.91258466632057e-17,5.77673058479015e-13,2.4350746400656796e-28,1.2052587399229602e-17,1.1609436499386427,2.8914720952933564e-12,0.0002048811126742536,500000.0,500454.33602020086
0.0005264745235551277,0.00011376222774829712,0.0003244411311428491,298.1820535651397,0.0,0.046352970709805374,150.14625111050415,1.0058453667007542e-17,0.0,0.0001488588181771312,50.056401750264754,1.7601714395173956e-16,4.904066581547936e-17,5.766646028788968e-13,2.4330189705693755e-28,1.2051474932344114e-17,1.1609416737976734,2.891370290246661e-12,0.00020488110742071186,500000.0,500452.39498138125
0.0005269693370853941,0.00011376248051998176,0.0006918955698732391,298.18082382924933,0.0,0.04635266050844736,150.14525027227174,1.0057511746584128e-17,0.0,0.00014885782592000547,50.056068086314426,1.760226238530071e-16,4.895539806960474e-17,5.75655069263766e-13,2.4307181437208103e-28,1.2049351637976032e-17,1.1609339352393404,2.8911558114726748e-12,0.00020488108684785873,500000.0,500446.9760696182
0.0005274641506156605,0.00011376290639450054,0.0010215814634617103,298.1790642378133,0.0,0.046352138719635956,150.14356406077283,1.0056091097997392e-17,0.0,0.0001488561541663642,50.055505929682326,1.7602526292979557e-16,4.887006336365743e-17,5.746447121604513e-13,2.428196232453894e-28,1.2046314117536102e-17,1.1609208973253375,2.8908389471108698e-12,0.00020488105218663863,500000.0,500438.37335872924
0.0005277917588527612,0.00011376327307117868,0.0012127053380670666,298.17764453358717,0.0,0.046351689710759404,150.14211225785724,1.0054913791256157e-17,0.0,0.0001488547148115688,50.055021921258955,1.7602530756852966e-16,4.881354136394927e-17,5.739754881271707e-13,2.4264207164052413e-28,1.2043863870536689e-17,1.1609096718770544,2.890579712257858e-12,0.00020488102234372482,500000.0,500431.1274033395
0.000528119367089862,0.00011376369827535643,0.001378486408435197,298.17605236326386,0.0,0.04635116916945853,150.1404287472017,1.0053571115636409e-17,0.0,0.0001488530457358176,50.05446066511456,1.7602393917901109e-16,4.8757012300093265e-17,5.73306181088311e-13,2.424573971758217e-28,1.2041116535879038e-17,1.1608966548477666,2.890286823017132e-12,0.0002048809877377203,500000.0,500422.8163849718
0.0005284469753269628,0.0001137641732778285,0.0015163179257437574,298.17431687679215,0.0,0.0463505877684933,150.13854809990386,1.0052085987681453e-17,0.0,0.00014885118121377736,50.05383368671011,1.760211391096306e-16,4.870048723668632e-17,5.726369275195336e-13,2.4226684626652056e-28,1.2038122589078956e-17,1.160882113543702,2.889965793139248e-12,0.00020488094907918203,500000.0,500413.6050085064
0.0005287745835640636,0.00011376468856997883,0.001624112393489264,298.17246944013215,0.0,0.04634995713291028,150.13650797171036,1.0050483588065615e-17,0.0,0.00014884915857831465,50.05315353988006,1.7601691428737748e-16,4.8643978155336914e-17,5.719678745707968e-13,2.420717567198384e-28,1.2034936295992158e-17,1.1608663391218175,2.8896225720306953e-12,0.00020488090714208194,500000.0,500403.6720200554
0.0005291021918011643,0.0001137652340440785,0.001700342024669511,298.1705430396502,0.0,0.04634928961941372,150.1343483883582,1.0048790880400538e-17,0.0,0.0001488470175119647,50.05243356857644,1.760112971085224e-16,4.8587497724689186e-17,5.712991772431386e-13,2.418735319428608e-28,1.2031614672077874e-17,1.1608496410640061,2.8892634313150988e-12,0.00020488086274912413,500000.0,500393.2068127579
0.0005294298000382651,0.00011376579918712793,0.0017440705352140672,298.168571647894,0.0,0.04634859807923142,150.13211097745148,1.004703609141606e-17,0.0,0.00014884479928539468,50.051687650788594,1.7600434489292267e-16,4.8531059055381125e-17,5.706309953892055e-13,2.4167361355226926e-28,1.2028216376587892e-17,1.1608323412379142,2.888894843845024e-12,0.00020488081675596134,500000.0,500382.4057891617
0.0005297574082753658,0.00011376637327895173,0.001754965108219485,298.1665895859608,0.0,0.04634789561584664,150.12983818370824,1.0045248175633426e-17,0.0,0.00014884254597937924,50.05092993691885,1.759961385915664e-16,4.8474675451278344e-17,5.699634906885527e-13,2.4147345461970493e-28,1.202480061371459e-17,1.1608147678291718,2.8885233620924567e-12,0.00020488077003506843,500000.0,500371.4686627581
0.0005301716967371122,0.0001137670953852948,0.0017222027846219023,298.1641207591156,0.0,0.046347012055545554,150.12697947485475,1.0042985134132925e-17,0.0,0.00014883971178209187,50.04997688811874,1.7598412729307e-16,4.8403473050001753e-17,5.69120593500456e-13,2.4122222698533865e-28,1.2020547287993622e-17,1.1607926640815904,2.8880595747465522e-12,0.00020488071126919348,500000.0,500357.75298292114
0.0005305859851988585,0.00011376779342964465,0.001639274685850776,298.161755895934,0.0,0.04634615792462622,150.12421609276998,1.0040773721209355e-17,0.0,0.00014883697209419142,50.04905561976606,1.759705279120532e-16,4.833240594531729e-17,5.682793502404157e-13,2.409757159234838e-28,1.2016474416468163e-17,1.1607712974074809,2.8876143382131308e-12,0.00020488065446231968,500000.0,500344.5313329738
0.0005310002736606047,0.00011376844723923538,0.0015094629634569362,298.1595575612786,0.0,0.04634535787397781,150.12162788651764,1.003866948609294e-17,0.0,0.00014883440608007381,50.04819275228442,1.759556339380883e-16,4.826149874370588e-17,5.674400566020663e-13,2.407365467098892e-28,1.2012689527832646e-17,1.1607512852055788,2.8871996793502954e-12,0.00020488060125597925,500000.0,500332.17599969404
0.0005314145621223511,0.0001137690382985356,0.0013373411655667388,298.15758237341123,0.0,0.04634463452714994,150.1192881382359,1.0036723845704157e-17,0.0,0.00014883208639351756,50.04741271678765,1.7593977106859409e-16,4.819077385825502e-17,5.666029805654962e-13,2.405070867513583e-28,1.2009289801049683e-17,1.1607331940986774,2.886826517371619e-12,0.00020488055315676912,500000.0,500321.02728549903
0.0005320916968271628,0.00011376982752754685,0.0009801860880512701,298.1549594973321,0.0,0.04634366837522226,150.11616399768792,1.0034002517066878e-17,0.0,0.00014882898904016543,50.0463711771218,1.7591267067517692e-16,4.8075619904909144e-17,5.652401873521357e-13,2.4015815542931757e-28,1.20047766736517e-17,1.160709038011532,2.8863301787884945e-12,0.00020488048893174663,500000.0,500306.1656117116
0.0005325448565314435,0.00011377020945357534,0.0007014728904287429,298.1536926621495,0.0,0.046343200532280776,150.11465218566963,1.0032567049010767e-17,0.0,0.0001488274901906642,50.0458671625548,1.758943906478799e-16,4.79988899031082e-17,5.643322116300829e-13,2.3994558672744898e-28,1.200259742876443e-17,1.1606973485673355,2.8860901799214996e-12,0.0002048804578521134,500000.0,500298.9779855838
0.0005329980162357242,0.00011377046017527103,0.0004026758466087755,298.15285583144544,0.0,0.04634289302839818,150.11365974274696,1.0031481971577974e-17,0.0,0.00014882650625691485,50.0455362974865,1.758765400480402e-16,4.792244422367813e-17,5.634276659753749e-13,2.397513886732261e-28,1.2001158086143455e-17,1.1606896749225533,2.8859316860172975e-12,0.00020488043744947744,500000.0,500294.2508421474
0.0005334511759400048,0.0001137705729588938,9.445163939732746e-05,298.1524649563137,0.0,0.04634275408795263,150.1132133094396,1.0030768621675226e-17,0.0,0.0001488260636510071,50.04538746344766,1.758595617777175e-16,4.7846290109579195e-17,5.625266291313436e-13,2.3957620277438163e-28,1.2000485823705937e-17,1.1606862230636095,2.88585800750717e-12,0.00020488042827166133,500000.0,500292.10005558876
0.0005339043356442855,0.00011377054595186328,-0.00021242008476352422,298.15252037806937,0.0,0.046342785972754826,150.11332021235347,1.0030435206194032e-17,0.0,0.0001488261696367248,50.04542310301366,1.7584386091438244e-16,4.77704287929981e-17,5.616291068217042e-13,2.3942001899423447e-28,1.2000581105325652e-17,1.1606870496403519,2.885869484424988e-12,0.000204880430469368,500000.0,500292.5506612459
0.0005343574953485662,0.00011377038217719121,-0.0005073995671324495,298.1530070329054,0.0,0.04634298498908069,150.11396848695475,1.0030476714166698e-17,0.0,0.00014882681235212422,50.0456392273968,1.758297917186264e-16,4.7694855550853514e-17,5.607350327365947e-13,2.3928218573560106e-28,1.200141804032011e-17,1.1606920621421382,2.885963516451906e-12,0.0002048804437966365,500000.0,500295.5372782202
0.0005348106550528467,0.0001137700893193169,-0.0007805536730322771,298.1538953226651,0.0,0.046343341749183184,150.1151277246509,1.0030875385737394e-17,0.0,0.00014882796164935209,50.04602569884999,1.7581764630270862e-16,4.761956001326191e-17,5.598442725934095e-13,2.3916144722144834e-28,1.2002945868867234e-17,1.1607010254475325,2.8861347190637915e-12,0.00020488046762825963,500000.0,500300.90840657806
0.0005352638147571274,0.00011376967935121225,-0.0010228947337636493,298.1551424764748,0.0,0.04634384162639316,150.11675054694538,1.0031601608913771e-17,0.0,0.00014882957055616005,50.046566722126634,1.7580764565619035e-16,4.754452666266065e-17,5.589566304761814e-13,2.390559990683191e-28,1.2005091250947924e-17,1.1607135732225717,2.8863751722724888e-12,0.00020488050099010563,500000.0,500308.4336449668
0.0005357169744614081,0.00011376916803989789,-0.001226670476174193,298.15669427392123,0.0,0.046344465358520805,150.11877455996725,1.003261515628523e-17,0.0,0.00014883157721367495,50.04724149609018,1.7579993347143574e-16,4.7469735473566614e-17,5.580718568621573e-13,2.389635618318431e-28,1.2007761207635255e-17,1.1607292230333328,2.8866747407240384e-12,0.00020488054259932314,500000.0,500317.8131211332
0.0005361701341656889,0.00011376857434065851,-0.0013856017174913421,298.1584870955918,0.0,0.04634518978712,150.12112474908835,1.003386673627848e-17,0.0,0.00014883390725048355,50.04802501204188,1.7579457279359057e-16,4.7395162682508714e-17,5.571896581638104e-13,2.3888146424614303e-28,1.2010846571755046e-17,1.160747394861285,2.887021455532491e-12,0.0002048805909135987,500000.0,500328.6889440161
0.0005366232938699694,0.00011376791968878629,-0.001495068370675719,298.1604502735289,0.0,0.046345988721978176,150.12371627917094,1.00352998353119e-17,0.0,0.00014883647655886915,50.04888898727933,1.7579154539457988e-16,4.732078167457857e-17,5.563097076420148e-13,2.3880674094615924e-28,1.2014225983076867e-17,1.1607674327550066,2.887401955637393e-12,0.00020488064418875486,500000.0,500340.6585170165
0.0005370764535742501,0.00011376722721304232,-0.0015522387066473787,298.162508662105,0.0,0.04634683390141927,150.12645760517427,1.0036852790220975e-17,0.0,0.0001488391943787464,50.049802902123844,1.7579075385290716e-16,4.7246563955678896e-17,5.554316573170703e-13,2.3873623904108005e-28,1.2017770266337743e-17,1.1607886288816216,2.8878019731865598e-12,0.0002048807005427261,500000.0,500353.28926104144
0.0005375296132785308,0.00011376652090496832,-0.001556134612754702,298.16458531690836,0.0,0.04634769600683368,150.12925375841374,1.0038461004322389e-17,0.0,0.0001488419665557421,50.05073509550767,1.757920263195772e-16,4.7172480169404614e-17,5.545551503608073e-13,2.386667298263705e-28,1.2021347014027855e-17,1.1608102489363914,2.888206841883934e-12,0.00020488075802313876,500000.0,500366.13410846714
0.0005379827729828114,0.00011376582477691203,-0.001507629911757076,298.1666041755625,0.0,0.046348545691357164,150.13200967865234,1.0040059220168833e-17,0.0,0.00014884469884471574,50.05165387584093,1.757951238e-16,4.709850111834676e-17,5.536798334816248e-13,2.385950207862338e-28,1.2024825189880465e-17,1.1608315579066875,2.888602008446059e-12,0.0002048808146758228,500000.0,500378.74715587747
0.0005387262639979073,0.00011376476511482557,-0.0013221715406157553,298.1696027044404,0.0,0.046349839007580856,150.13620493317927,1.0042493772739185e-17,0.0,0.00014884885812601253,50.05305250749842,1.7580336120436928e-16,4.697727896181113e-17,5.522454169814478e-13,2.384646868596785e-28,1.202999295336448e-17,1.1608639959110356,2.8891930899921295e-12,0.00020488090091521697,500000.0,500397.82176747464
0.0005394697550130032,0.00011376388682992625,-0.001024413933463657,298.1719697679953,0.0,0.04635091067492019,150.13968222509024,1.0044475411684171e-17,0.0,0.0001488523056008823,50.05421178169684,1.7581414066904603e-16,4.685615363952103e-17,5.508119844947763e-13,2.383084532050546e-28,1.2034073916379958e-17,1.1608908825765047,2.889666314611053e-12,0.00020488097239466604,500000.0,500413.43257000035
0.0005399649852545706,0.00011376343910679291,-0.0007787863967200625,298.1730869630745,0.0,0.04635145670397962,150.14145488502172,1.0045440022510173e-17,0.0,0.00014885406306048798,50.05480275847049,1.758218709170712e-16,4.677548385548339e-17,5.498572252046579e-13,2.381854413523785e-28,1.203600047894889e-17,1.1609045889065819,2.88989485953283e-12,0.00020488100883310901,500000.0,500421.23971525475
0.0005404602154961382,0.00011376311974748359,-0.0005077827210557826,298.1737839105836,0.0,0.04635184583883774,150.14271933423638,1.0046066258132841e-17,0.0,0.000148855316667043,50.055224305773706,1.758294299761907e-16,4.669480062144175e-17,5.489022396846718e-13,2.3804506974007684e-28,1.2037202476489023e-17,1.160914365714638,2.890043664561531e-12,0.0002048810348246516,500000.0,500426.63993748045
0.0005409554457377056,0.00011376293850493148,-0.00022296511352721488,298.17403545603923,0.0,0.046352066152926356,150.1434369400723,1.004632409668867e-17,0.0,0.00014885602811914194,50.05546354408379,1.7583631484595e-16,4.6614092861502145e-17,5.479469036752814e-13,2.3788629525680015e-28,1.203763631384571e-17,1.1609199142901354,2.8901076099640754e-12,0.00020488104957539202,500000.0,500429.4616973867
0.0005414506759792731,0.00011376289928148786,6.373099134195606e-05,298.17383527941024,0.0,0.04635211287309256,150.14359224117425,1.0046199279336597e-17,0.0,0.00014885618208800356,50.05551531882781,1.758420595896453e-16,4.653335654545885e-17,5.469911786665267e-13,2.3770887045499806e-28,1.2037291010872968e-17,1.1609211150847587,2.890085172858853e-12,0.0002048810527676624,500000.0,500429.64266288746
0.0005419459062208405,0.00011376300006365023,0.00034049168609596195,298.1731958495991,0.0,0.04635198845983781,150.14319320741265,1.0045693654959057e-17,0.0,0.00014885578647516043,50.05538228703538,1.758462538608537e-16,4.645259470571667e-17,5.460351116749602e-13,2.375133406095164e-28,1.2036188136095894e-17,1.160918029722122,2.8899784320164538e-12,0.00020488104456535097,500000.0,500427.230502838
0.0005424411364624081,0.00011376323312415816,0.000596158881749062,298.17214750652585,0.0,0.04635170236021983,150.14227043949325,1.0044824797490948e-17,0.0,0.00014885487161893178,50.05507465050113,1.7584856055133126e-16,4.6371817136647267e-17,5.450788311302842e-13,2.373010027422882e-28,1.2034380204659248e-17,1.1609108948090958,2.8897929055836222e-12,0.00020488102559745573,500000.0,500422.3786628697
0.0005429363667039755,0.00011376358547189642,0.0008206990696636407,298.17073678604953,0.0,0.04635127045736452,150.1408753858264,1.0043624915927796e-17,0.0,0.00014885348852658223,50.05460956131701,1.7584872893540947e-16,4.629103980024969e-17,5.441225392883342e-13,2.370738345503471e-28,1.2031947754757317e-17,1.1609001081485109,2.8895372414253834e-12,0.00020488099692144763,500000.0,500415.337577292
0.0005434315969455429,0.00011376403950754531,0.0010055772073022148,298.16902413780207,0.0,0.04635071426812061,150.13907774357992,1.0042139173203956e-17,0.0,0.00014885170629765938,50.05401025542399,1.7584660252429162e-16,4.6210283999025855e-17,5.431665018472481e-13,2.36834392589603e-28,1.2028995340946494e-17,1.1608862086439096,2.8892227874295043e-12,0.00020488095996986784,500000.0,500406.44212886406
0.0005439268271871105,0.00011376457384255953,0.0011440570943163186,298.1670811600395,0.0,0.046350059940883426,150.13696221243873,1.0040423542220975e-17,0.0,0.00014884960890558857,50.05330497036665,1.7584212281341648e-16,4.6129575360464777e-17,5.422110353915331e-13,2.3658569521407507e-28,1.2025646707156927e-17,1.160869851199382,2.8888630678303474e-12,0.000204880916483627,500000.0,500396.0961300859
0.0005444220574286779,0.00011376516424880726,0.0012314390367532872,298.16498745010625,0.0,0.04634933709372034,150.1346247310698,1.0038542288218343e-17,0.0,0.00014884729146640818,50.05252569058964,1.7583532963649883e-16,4.6048942678366544e-17,5.41256493149465e-13,2.363310873348859e-28,1.2022039292484379e-17,1.1608517776196408,2.888473184374199e-12,0.00020488086843467717,500000.0,500384.75442804286
0.0005449172876702454,0.00011376578470768825,0.0012652186495387841,298.1628271787396,0.0,0.04634857753110551,150.13216832037637,1.003656515707828e-17,0.0,0.000148844856117666,50.05170676164392,1.7582635779163947e-16,4.5968416650617914e-17,5.403032495465521e-13,2.360740951514084e-28,1.2018318278620682e-17,1.1608327844697615,2.8880691633610293e-12,0.00020488081794059937,500000.0,500372.9032312402
0.0005454125179118129,0.00011376640851723142,0.0012451476954319068,298.1606855307069,0.0,0.04634781389014424,150.1296986983541,1.0034564382433585e-17,0.0,0.00014884240767087595,50.05088342824872,1.7581542958728705e-16,4.5888028561662493e-17,5.393516841810271e-13,2.3581827613507556e-28,1.2014630428841658e-17,1.1608136891689327,2.8876672756848664e-12,0.00020488076717448575,500000.0,500361.039450457
0.0005459077481533804,0.00011376700940579512,0.001173194069656534,298.1586451769239,0.0,0.046347078279176813,150.1273198702605,1.0032611654168458e-17,0.0,0.0001488400492394998,50.05009036412326,1.7580284367125038e-16,4.580780897127838e-17,5.384021659635768e-13,2.3556707182163683e-28,1.2011118008686081e-17,1.1607952958933287,2.887283361534407e-12,0.00020488071827430045,500000.0,500349.65001337253
0.0005466945501243568,0.00011376785679631925,0.0009627701651195356,298.15579796387084,0.0,0.04634604070773248,150.12396526323516,1.0029773869226085e-17,0.0,0.00014883672339567714,50.0489719905088,1.7578034191330603e-16,4.568077513638298e-17,5.368986509811628e-13,2.3518517699631117e-28,1.20062182312672e-17,1.1607693578216665,2.886746175737147e-12,0.00020488064931482863,500000.0,500333.63965275337
0.0005472435957691929,0.0001137683310026161,0.0007580059223764108,298.1542163444313,0.0,0.04634545982004607,150.12208804292467,1.0028095321180172e-17,0.0,0.00014883486227096942,50.048346154517326,1.7576358814354093e-16,4.559247540873358e-17,5.35853665287479e-13,2.349360878375e-28,1.2003497235373011e-17,1.1607548430132115,2.8864471275589725e-12,0.0002048806107250583,500000.0,500324.7001192675
0.0005477926414140288,0.00011376868267898824,0.0005184406971955772,298.15304484621834,0.0,0.04634502868394701,150.12069589700613,1.00267395417861e-17,0.0,0.00014883348206137068,50.047882034708984,1.7574665992561198e-16,4.550449031191102e-17,5.34812474966141e-13,2.3470447065071414e-28,1.2001482176733997e-17,1.1607440788350405,2.8862254158760432e-12,0.00020488058210668737,500000.0,500318.0730203922
0.0005483416870588649,0.00011376889618333522,0.00025692535253579247,298.1523266657508,0.0,0.04634476640966272,150.11985072746364,1.0025752606207362e-17,0.0,0.00014883264413808483,50.04760026823297,1.7573015655652368e-16,4.541683686668973e-17,5.337752754517396e-13,2.3449208616359897e-28,1.200024700216173e-17,1.1607375439177723,2.8860896062019095e-12,0.00020488056473242185,500000.0,500314.0379818713
0.0005488907327037009,0.00011376896318338168,-1.2884923134559304e-05,298.1520813016129,0.0,0.0463446831759815,150.11958550560303,1.0025161084782011e-17,0.0,0.0001488323811897043,50.04751184720474,1.7571464305634393e-16,4.532952348534141e-17,5.327421571105507e-13,2.34299712236718e-28,1.1999825012886616e-17,1.160735493197928,2.8860437657676363e-12,0.00020488055928019237,500000.0,500312.73801497335
0.000549439778348537,0.00011376888292112869,-0.00027720757111769184,298.15230406113454,0.0,0.046344779907907745,150.1199032279018,1.002497114229429e-17,0.0,0.00014883269618701315,50.04761777060281,1.7570062351502672e-16,4.524254974813121e-17,5.3171310311122e-13,2.3412712679698986e-28,1.2000208056870945e-17,1.1607379498444879,2.886087353782414e-12,0.00020488056581165459,500000.0,500314.17520146846
0.000549988823993373,0.00011376866208191753,-0.000522842860207573,298.15296684308777,0.0,0.046345048436836865,150.12077743483474,1.002516868574544e-17,0.0,0.0001488335628973641,50.04790921723709,1.756885166683865e-16,4.515590663843653e-17,5.306879928869803e-13,2.339731423831354e-28,1.2001347876841281e-17,1.1607447092704892,2.8862153526053895e-12,0.00020488058378284783,500000.0,500318.2137480654
0.000550537869638209,0.00011376831428228725,-0.0007378450705935959,298.1540201139834,0.0,0.04634547212591787,150.12215423653538,1.002572054029229e-17,0.0,0.0001488349278929707,50.048368221072536,1.7567863615028604e-16,4.506957721293108e-17,5.296666108549167e-13,2.3383568988426233e-28,1.2003159481438006e-17,1.1607553547955862,2.8864186262644754e-12,0.00020488061208585144,500000.0,500324.5900838358
0.0005510869152830451,0.00011376785921778291,-0.0009120962004009629,298.15539591657057,0.0,0.04634602691044694,150.12395568282588,1.0026576560743957e-17,0.0,0.00014883671389204092,50.048968794744226,1.7567117716924535e-16,4.498353766075926e-17,5.286486597033109e-13,2.337119383979817e-28,1.2005526227855515e-17,1.160769283703366,2.8866844758050533e-12,0.00020488064911809164,500000.0,500332.92918662954
0.0005516359609278811,0.00011376732152841747,-0.0010377629881143822,298.15701171705336,0.0,0.04634668268301947,150.12608424999033,1.0027672542480403e-17,0.0,0.0001488388242070785,50.0496784253771,1.7566620980767327e-16,4.489775866459366e-17,5.276337773617497e-13,2.3359846045632678e-28,1.200830641028583e-17,1.1607857419334024,2.8869973600525642e-12,0.00020488069287461413,500000.0,500342.7660533455
0.0005521850065727172,0.00011376672944680813,-0.001109632844407379,298.15877488243325,0.0,0.046347404944276124,150.12842818786112,1.0028933756026342e-17,0.0,0.00014884114804612056,50.050459857220574,1.7566367852819845e-16,4.481220700362988e-17,5.266215566997593e-13,2.3349141128233867e-28,1.2011340856669382e-17,1.1608038654253174,2.887339737067013e-12,0.000204880741058045,500000.0,500353.57110750215
0.0005527340522175531,0.00011376611329798923,-0.0011253181184550588,298.1605875631669,0.0,0.0463481566352023,150.13086745499555,1.0030278922090865e-17,0.0,0.00014884356639702285,50.051273070343136,1.7566340768389147e-16,4.472684730745376e-17,5.256115669547916e-13,2.3338673159678942e-28,1.2014461285188111e-17,1.1608227260099935,2.887692988643799e-12,0.0002048807912006361,500000.0,500364.7782573024
0.0005532830978623892,0.00011376550392585571,-0.0010853150267954395,298.1623517354091,0.0,0.046348900059600226,150.133279945942,1.0031624436420573e-17,0.0,0.00014884595820133023,50.05207735670517,1.7566511290499566e-16,4.464164387207264e-17,5.246033758174286e-13,2.332803554014139e-28,1.201749895141813e-17,1.1608413795592458,2.8880383803726945e-12,0.00020488084079230126,500000.0,500375.81420217606
0.0005538321435072253,0.00011376493112725743,-0.0009929128750192544,298.16397414260325,0.0,0.04634959879783152,150.13554769023236,1.0032888631905933e-17,0.0,0.00014884820650011536,50.05283338680559,1.7566841783899117e-16,4.4556562448974806e-17,5.235965710394253e-13,2.331684153541886e-28,1.2020293162242567e-17,1.1608589139168828,2.8883580079357314e-12,0.00020488088740805302,500000.0,500386.12747917045
0.0005543811891520613,0.00011376442217505631,-0.0008539625776639511,298.1653708821921,0.0,0.046350219512444696,150.1375627011706,1.0033995853112888e-17,0.0,0.000148850204232617,50.05350515957612,1.7567287522476945e-16,4.447157191352755e-17,5.225907804539833e-13,2.3304743330214833e-28,1.202269920647132e-17,1.1608744941219609,2.888635680909413e-12,0.00020488092882822064,500000.0,500395.21574462194
0.0005549302347968973,0.00011376400050388154,-0.0006765221238352751,298.16647141158154,0.0,0.04635073355544132,150.13923218209243,1.003488013465668e-17,0.0,0.0001488518593978584,50.05406173806649,1.7567799103379038e-16,4.438664572980253e-17,5.215856894258645e-13,2.3291448755962725e-28,1.2024595311294238e-17,1.1608874026639595,2.888857700008441e-12,0.00020488096314544405,500000.0,500402.6499325052
0.0005554792804417333,0.00011376368462014039,-0.00047040037125311895,298.16722178790883,0.0,0.04635111830172904,150.14048284569174,1.0035488308350665e-17,0.0,0.00014885309933693734,50.05447868943995,1.7568325038214228e-16,4.430176314515536e-17,5.205810549337361e-13,2.3276734826242317e-28,1.2025888289157602e-17,1.1608970728801271,2.889013491185946e-12,0.0002048809888534254,500000.0,500408.09415859205
0.0005560283260865694,0.00011376348728470806,-0.00024662338957001824,298.1675869993588,0.0,0.046351358149318726,150.14126415386653,1.0035782397827169e-17,0.0,0.00014885387394509208,50.05473916508715,1.7568814392213762e-16,4.421691006279906e-17,5.195767156813551e-13,2.326045747883596e-28,1.2026517617170544e-17,1.1609031140062043,2.889096068092089e-12,0.00020488100491348815,500000.0,500411.32048541575
0.0005565773717314054,0.00011376341500307315,-1.6851162770406794e-05,298.1675522911695,0.0,0.046351445143511985,150.1415503395964,1.0035741193116257e-17,0.0,0.0001488541576762423,50.05483457468821,1.7569219339897894e-16,4.413207955684181e-17,5.185725978336885e-13,2.3242557074657697e-28,1.2026457768566988e-17,1.1609053268097254,2.8891023030149166e-12,0.00020488101079610405,500000.0,500412.21792036557
0.0005571264173762414,0.00011376346784229332,0.00020722463555865276,298.1671234402154,0.0,0.04635137920123201,150.1413411336048,1.0035360939257638e-17,0.0,0.00014885395026342037,50.05476482847056,1.7569497507833238e-16,4.4047272012557017e-17,5.1756871619476e-13,2.3223059448056477e-28,1.2025718707987561e-17,1.160903709208625,2.889032996229664e-12,0.00020488100649580657,500000.0,500410.7953098542
0.0005576754630210775,0.00011376363957690128,0.0004144704510058067,298.16632598730837,0.0,0.04635116793278255,150.1406611870117,1.0034655122148131e-17,0.0,0.0001488532761463746,50.054538144730415,1.756961398762443e-16,4.3962494894266425e-17,5.165651708838362e-13,2.3202072542020613e-28,1.2024344562567372e-17,1.1608984518071457,2.888892744487305e-12,0.00020488099251931457,500000.0,500407.178115065
0.0005582245086659135,0.00011376391814862408,0.0005948587361032382,298.16520349064086,0.0,0.046350826079545306,150.13955824993283,1.0033653384514368e-17,0.0,0.0001488521826657862,50.054170442606356,1.756954292376183e-16,4.3877762161375417e-17,5.155621397999919e-13,2.317977901276481e-28,1.2022410584227815e-17,1.1608899238126364,2.888689620212263e-12,0.00020488096984809875,500000.0,500401.59937676624
0.0005587735543107496,0.0001137642864090461,0.0007399469130668857,298.16381491243413,0.0,0.04635037460545447,150.13810022859403,1.0032399646687766e-17,0.0,0.00014885073714561716,50.053684360967445,1.7569268606311738e-16,4.379309337938333e-17,5.1455986737925e-13,2.3156424697055743e-28,1.2020018582071607e-17,1.1608786502809472,2.888434681721743e-12,0.00020488093987790858,500000.0,500394.38546857634
0.0005593225999555855,0.00011376472310105168,0.0008432654188034569,298.1622312912497,0.0,0.04634983949641082,150.13637129640122,1.003094955107617e-17,0.0,0.00014884902303752653,50.05310796190511,1.7568786025106728e-16,4.370851256225362e-17,5.135586503085255e-13,2.3132305159263403e-28,1.2017291153361565e-17,1.1608652820469412,2.8881413454442747e-12,0.00020488090433886096,500000.0,500385.93748330337
0.0005598716456004216,0.00011376520402419694,0.0009005975139650104,298.16053188398735,0.0,0.04634925033489378,150.13446727683078,1.0029367375645335e-17,0.0,0.00014884713534334958,50.05247319146123,1.7568100870045475e-16,4.3624046831069346e-17,5.125588209979606e-13,2.310774905896483e-28,1.2014364969448101e-17,1.1608505600246677,2.887824652955096e-12,0.00020488086520056273,500000.0,500376.7092921628
0.0005604206912452577,0.00011376570332118712,0.0009101390782814232,298.15879998399294,0.0,0.04634863872676431,150.13249054753317,1.002772258527215e-17,0.0,0.0001488451755628971,50.051814180736436,1.7567228990612623e-16,4.353972495149724e-17,5.1156072970582e-13,2.308310079655828e-28,1.2011383537689536e-17,1.1608352758055258,2.887500474283629e-12,0.00020488082456738703,500000.0,500367.18345967395
0.0005609697368900937,0.00011376619481790766,0.0008725334344566732,298.1571186334236,0.0,0.04634803666297952,150.1305447336018,1.0026086206242863e-17,0.0,0.00014884324643272634,50.051165476709166,1.756619535527733e-16,4.345557582594526e-17,5.105647262526812e-13,2.3058702738408962e-28,1.200848980068636e-17,1.1608202306262323,2.8871846888014375e-12,0.00020488078456940646,500000.0,500357.8462784412
0.0005615187825349298,0.00011376665334800583,0.0007907809916804238,298.15556644916484,0.0,0.04634747490063469,150.12872946344376,1.0024527213165248e-17,0.0,0.000148841446726978,50.050560293925486,1.7565032576297487e-16,4.337162702167454e-17,5.095711422591307e-13,2.303487805247203e-28,1.2005818958190563e-17,1.1608061948208375,2.886892385836406e-12,0.00020488074725460024,500000.0,500349.1632077295
0.0005620678281797657,0.00011376705599553758,0.0006700330573513846,298.1542137702839,0.0,0.04634698144457882,150.12713545042658,1.002310910956158e-17,0.0,0.00014883986638119539,50.05002887479725,1.7563779085743188e-16,4.3287903406823004e-17,5.08580274787527e-13,2.301191496473659e-28,1.2003491862959333e-17,1.160793869791659,2.886637124716398e-12,0.00020488071448774518,500000.0,500341.55594575155
0.0005626168738246018,0.00011376738319531166,0.0005172828972731658,298.15311931247305,0.0,0.0463465802032889,150.12584013898163,1.0021886868301015e-17,0.0,0.00014883858217576066,50.049597038081444,1.7562477063440945e-16,4.320442595874267e-17,5.075923721680728e-13,2.299005322936884e-28,1.2001609310029914e-17,1.160783854344643,2.8864302899668764e-12,0.0002048806878608987,500000.0,500335.3822452
0.0005631659194694378,0.00011376761963920717,0.00034097125089995654,298.15232748481156,0.0,0.04634628988206144,150.1249041194241,1.0020904375214984e-17,0.0,0.0001488376541814556,50.04928498363743,1.756117022705181e-16,4.3121210800271886e-17,5.066076226572324e-13,2.296947336339425e-28,1.2000247471154125e-17,1.1607766169684874,2.8862805711029607e-12,0.0002048806686196771,500000.0,500330.919415344
0.0005637149651142739,0.00011376775494739546,0.00015052793889421074,298.15186648820213,0.0,0.04634612316352985,150.124368473477,1.0020192490147089e-17,0.0,0.000148837123127747,50.04910640746638,1.7559901598480275e-16,4.30382685059031e-17,5.056261464203415e-13,2.2950289114636897e-28,1.1999454671883906e-17,1.1607724753100468,2.8861935899519187e-12,0.0002048806576086639,500000.0,500328.35225195513
0.0005642640107591099,0.0001137677840759995,-4.4125585742230884e-05,298.15174727332413,0.0,0.04634608621012427,150.12425316263085,1.0019767806415309e-17,0.0,0.00014883700880496503,50.04906796441569,1.7558711358998959e-16,4.295560370520067e-17,5.046479911521797e-13,2.2932543435125323e-28,1.1999249635181137e-17,1.160771583713009,2.8861716905431488e-12,0.00020488065523825857,500000.0,500327.76589983667
0.0005648130564039459,0.00011376770744678359,-0.00023308661252932202,298.15196339048913,0.0,0.04634617850595095,150.1245565159506,1.0019632153356776e-17,0.0,0.00014883730955650196,50.04916909742183,1.7557634898044607e-16,4.287321499543408e-17,5.036731314565304e-13,2.291620806337469e-28,1.1999621241058405e-17,1.1607739292575832,2.8862138980896113e-12,0.0002048806614741342,500000.0,500329.14389087853
0.000565362102048782,0.00011376753079895231,-0.0004069686245943021,298.15249171770273,0.0,0.04634639303793203,150.12525581681456,1.0019772848605214e-17,0.0,0.00014883800286052054,50.04940223311997,1.7556701148262732e-16,4.279109515924855e-17,5.027014719120511e-13,2.2901186639454415e-28,1.2000529776094772e-17,1.1607793362972074,2.8863160449886885e-12,0.00020488067584929564,500000.0,500332.3713324534
0.000565911147693618,0.00011376726477706648,-0.0005573613174494955,298.15329400961616,0.0,0.04634671679910006,150.12630893317845,1.0020163669482313e-17,0.0,0.00014883904694623862,50.049753325348284,1.7555931282895432e-16,4.270923166806892e-17,5.017328535698158e-13,2.2887321115441254e-28,1.2001909576172374e-17,1.1607874790638675,2.886471053617023e-12,0.00020488069749759926,500000.0,500337.2429645081
0.000566460193338454,0.00011376692428186816,-0.000677230998349032,298.15431917068884,0.0,0.046347131581387944,150.1276568855733,1.0020766478669478e-17,0.0,0.00014884038333990828,50.05020271127823,1.7555337831901578e-16,4.262760743842653e-17,5.007670634650004e-13,2.287440107489328e-28,1.200367290166987e-17,1.1607979015240435,2.886669358296321e-12,0.00020488072520655798,500000.0,500343.47556944814
0.0005670092389832901,0.0001137665276220365,-0.0007612425739463288,298.1555061219844,0.0,0.04634761501158141,150.12922720275722,1.00215334091492e-17,0.0,0.00014884194019169428,50.05072623013611,1.755492425125056e-16,4.2546201796645166e-17,4.998038465862986e-13,2.286217544628456e-28,1.200571482848558e-17,1.1608100433248516,2.8868994423668866e-12,0.00020488075748634253,500000.0,500350.72401407344
0.0005675582846281261,0.00011376609551407627,-0.0008059887059296931,298.15678710404796,0.0,0.046348141772902425,150.13093787866472,1.0022409487860211e-17,0.0,0.0001488436361986942,50.05129654238774,1.755468495670448e-16,4.24649915980381e-17,4.988429196376359e-13,2.285036598861623e-28,1.2007918892573069e-17,1.1608232703894616,2.887148461085376e-12,0.00020488079265114373,500000.0,500358.6000362511
0.0005681073302729622,0.00011376564998415143,-0.0008101167456291716,298.15809123981137,0.0,0.04634868494660309,150.1327017180958,1.002333555787045e-17,0.0,0.00014884538491336552,50.05188457852305,1.7554605810182263e-16,4.2383952440382886e-17,4.97883985853662e-13,2.283868184996639e-28,1.201016319277678e-17,1.1608369085182804,2.8874029173498755e-12,0.0002048808289085216,500000.0,500366.69277016184
0.0005686563759177981,0.00011376521322937368,-0.0007743494120957022,298.1593481723891,0.0,0.046349217403390396,150.13443084381916,1.0024251346586341e-17,0.0,0.00014884709921198267,50.05246104165343,1.755466502456645e-16,4.2303059908289055e-17,4.969267500969397e-13,2.2826834455882655e-28,1.201232663862191e-17,1.1608502782381995,2.8876493552680635e-12,0.00020488086445206506,500000.0,500374.5899390171
0.0005692054215626342,0.00011376480649683507,-0.000701400251681196,298.16049159287155,0.0,0.046349713173491805,150.13604113449057,1.0025098523055021e-17,0.0,0.00014884869569450207,50.05299788704405,1.75548344325973e-16,4.2222290785034227e-17,4.959709334699456e-13,2.2814551979450233e-28,1.2014295026771127e-17,1.1608627291169016,2.8878750363245073e-12,0.00020488089755261944,500000.0,500381.8986332108
0.0005697544672074702,0.00011376444903623695,-0.0005957917810493485,298.16146248357416,0.0,0.04635014872708251,150.13745637221697,1.0025823590941088e-17,0.0,0.00014885009879656304,50.05346970484652,1.7555081048446008e-16,4.214162417217593e-17,4.950162867221253e-13,2.280159265693744e-28,1.2015966643417259e-17,1.1608736718321244,2.888068564539341e-12,0.0002048809266435361,500000.0,500388.2646403995
0.0005703035128523063,0.00011376415717704548,-0.0004635861568951561,298.16221192027825,0.0,0.04635050410275172,150.1386118978896,1.0026380474966503e-17,0.0,0.00014885124441347804,50.05385493872963,1.7555368837266437e-16,4.2061042462963766e-17,4.940626018107409e-13,2.278775632000675e-28,1.2017257119330616e-17,1.1608826064349627,2.888220430242872e-12,0.00020488095039579543,500000.0,500393.38938856416
0.0005708525584971424,0.00011376394357394535,-0.00031204405770806303,298.1627033018425,0.0,0.046350763830390856,150.1394576006105,1.0026732676238666e-17,0.0,0.0001488520828640263,50.05413688250708,1.7555660599076767e-16,4.198053212424687e-17,4.931097210801191e-13,2.277289357206323e-28,1.20181033034116e-17,1.1608891454643289,2.888323446565662e-12,0.0002048809677794371,500000.0,500397.0436989708
0.0005714016041419783,0.00011376381665490547,-0.00014923122210776083,298.1629139073424,0.0,0.046350917606428906,150.13996010492167,1.0026854895608496e-17,0.0,0.00014885258105892864,50.05430440932543,1.7555919869315647e-16,4.190008425253321e-17,4.921575436577407e-13,2.27569121761529e-28,1.2018465975378171e-17,1.160893030858768,2.88837305871223e-12,0.00020488097810849963,500000.0,500399.0777243651
0.0005719506497868144,0.00011376378029491248,1.6406092780797993e-05,298.16283571792314,0.0,0.04635096069310905,150.14010406415028,1.002673405365813e-17,0.0,0.00014885272378310264,50.05435240284502,1.7556112739551254e-16,4.1819694882538414e-17,4.912060288204035e-13,2.273978036215864e-28,1.2018331282888455e-17,1.1608941439566955,2.8883675131518566e-12,0.0002048809810675886,500000.0,500399.4266593115
0.0005724996954316504,0.0001137638337264812,0.00017647531900971366,298.1624754792133,0.0,0.04635089402813682,150.13989251558823,1.0026369669220632e-17,0.0,0.00014885251404779694,50.05428187565126,1.7556209507839232e-16,4.173936503722331e-17,4.902551962419869e-13,2.272152710822397e-28,1.2017710859418087e-17,1.1608925082426729,2.8883078813836115e-12,0.00020488097671916651,500000.0,500398.1120334295
0.0005730487410764865,0.00011376397168594876,0.00032305889092870845,298.1618540187602,0.0,0.04635072404587183,150.13934630130362,1.0025773591489335e-17,0.0,0.0001488519725163688,50.0540997761623,1.7556186078866805e-16,4.1659100528573165e-17,4.893051231957067e-13,2.270223905835762e-28,1.2016640640959165e-17,1.160888284869078,2.8881979402189283e-12,0.0002048809654916441,500000.0,500395.23862440034
0.0005735977867213224,0.00011376418478273624,0.0004491017824798885,298.16100487008424,0.0,0.04635046222574155,150.13850260536904,1.0024969114274807e-17,0.0,0.00014885113605405493,50.05381850096389,1.7556025048537957e-16,4.1578911520508115e-17,4.883559389335499e-13,2.268205482640908e-28,1.2015178479391978e-17,1.1608817613458495,2.8880439181837996e-12,0.00020488094814931744,500000.0,500390.98724761757
0.0005741468323661585,0.00011376446006781562,0.0005487466600660651,298.1599722887684,0.0,0.04635012439698575,150.13741270179452,1.0023989532013889e-17,0.0,0.00014885005549521513,50.05345514400559,1.755571642525406e-16,4.149881188491e-17,4.874078166016911e-13,2.266115667040815e-28,1.2013400698611652e-17,1.1608733341273416,2.8878541239206452e-12,0.00020488092574608702,500000.0,500385.60388207133
0.0005746958780109946,0.00011376478176812702,0.000617600957856567,298.1588087747179,0.0,0.04634972984047711,150.13613904514824,1.0022876224313885e-17,0.0,0.00014884879275889914,50.05303052665945,1.7555257959819083e-16,4.141881838921745e-17,4.864609631658289e-13,2.263976018725888e-28,1.201139779809712e-17,1.1608634861167932,2.887638478327085e-12,0.00020488089956566922,500000.0,500379.3857666613
0.0005752449236558306,0.00011376513214608938,0.0006529239164883669,298.15757223700854,0.0,0.046349300237668936,150.13475186598964,1.0021676377885732e-17,0.0,0.00014884741747347275,50.05256806269085,1.7554655076570295e-16,4.1338949760013316e-17,4.855156079083993e-13,2.261810257952955e-28,1.2009269544722626e-17,1.1608527603419694,2.8874079764895368e-12,0.00020488087105162954,500000.0,500372.6652394871
0.0005757939693006666,0.00011376549243798091,0.0006537260178869729,298.1563229526175,0.0,0.04634885852327168,150.13332545445914,1.0020440470491128e-17,0.0,0.00014884600329207351,50.05209251926572,1.755392041887848e-16,4.125922567354818e-17,4.84571990116345e-13,2.2596430141988572e-28,1.2007119718789029e-17,1.1608417312196087,2.88717410838362e-12,0.00020488084173100307,500000.0,500365.79218856903
0.0005763430149455026,0.00011376584382207456,0.000620777916523326,298.15512047713224,0.0,0.04634842770176312,150.13193432671596,1.0019219650277682e-17,0.0,0.00014884462409191988,50.05162873890111,1.7553073041470192e-16,4.117966572617827e-17,4.836303466015477e-13,2.2574985621829353e-28,1.2005050789886992e-17,1.1608309749140442,2.8869482686439734e-12,0.00020488081313550137,500000.0,500359.11603161664
0.0005768920605903387,0.00011376616836709604,0.0005565305938435904,298.1540206641152,0.0,0.04634802968818244,150.13064947003505,1.0018063145437783e-17,0.0,0.00014884335025160459,50.05120038763944,1.755213729910349e-16,4.1100288436872e-17,4.826908996862047e-13,2.2553996097542602e-28,1.200315879323976e-17,1.1608210403040202,2.8867411854317017e-12,0.00020488078672432978,500000.0,500352.96814350714
0.0005774411062351748,0.00011376644991375043,0.0004649528536506284,298.1530729405146,0.0,0.04634768423094868,150.12953485359546,1.0017015833781607e-17,0.0,0.0001488422451918012,50.050828791800235,1.755114149517375e-16,4.1021110331031615e-17,4.817538462441909e-13,2.253366196872164e-28,1.2001528658513121e-17,1.1608124220038556,2.8865623966387778e-12,0.00020488076381245933,500000.0,500347.64560482267
0.0005779901518800108,0.00011376667484654732,0.0003512962707355063,298.1523179691071,0.0,0.04634740796891989,150.12864437410062,1.001611609013968e-17,0.0,0.0001488413623470745,50.05053191969784,1.755011636423552e-16,4.094214514945907e-17,4.808193483199167e-13,2.2514147574297283e-28,1.2000230212632734e-17,1.1608055367467593,2.8864197985289284e-12,0.0002048807455078317,500000.0,500343.397057068
0.0005785391975248468,0.00011376683271966982,0.00022180111925712212,298.1517858064044,0.0,0.04634721366691848,150.12801937948518,1.0015394012356484e-17,0.0,0.00014884074271082014,50.05032355608421,1.7549093468806886e-16,4.086340321869373e-17,4.798875257525766e-13,2.249557385795682e-28,1.1999315037981798e-17,1.1608007042379531,2.886319287627494e-12,0.00020488073266044406,500000.0,500340.41132547543
0.0005790882431696828,0.00011376691670882028,8.335945816866265e-05,298.15149463699447,0.0,0.046347109663928854,150.12768688151007,1.0014870105042767e-17,0.0,0.00014884041306318591,50.05021270625614,1.7548103592993599e-16,4.0784891009889366e-17,4.789584511211998e-13,2.247801338592464e-28,1.199881431980495e-17,1.1607981333343254,2.8862645114745857e-12,0.00020488072582559427,500000.0,500338.8093155091
0.0005796372888145189,0.00011376692387038581,-5.684668870603855e-05,298.15145013440593,0.0,0.04634709955668203,150.1276585308223,1.0014554475433753e-17,0.0,0.0001488403849549201,50.050203254356326,1.7547175213472469e-16,4.0706610903223846e-17,4.780321472007937e-13,2.246148789828446e-28,1.1998737764298505e-17,1.1607979141195217,2.8862567380435392e-12,0.0002048807252428017,500000.0,500338.63951278623
0.0005801863344593549,0.00011376685519938433,-0.0001917133238711377,298.1516454659613,0.0,0.04634718212900088,150.12793038808388,1.0014446568719545e-17,0.0,0.00014884065448046263,50.05029388707138,1.7546333122438664e-16,4.062856116456349e-17,4.771085869893795e-13,2.2445968405197786e-28,1.199907361256974e-17,1.1608000161342957,2.8862948474203615e-12,0.00020488073083109635,500000.0,500339.87722775305
0.0005807353801041909,0.00011376671548798245,-0.0003145698795881455,298.15206192628193,0.0,0.04634735152469134,150.12848348399518,1.0014535444224904e-17,0.0,0.00014884120283316664,50.05047828033475,1.7545597267734634e-16,4.055073612680836e-17,4.761876962327229e-13,2.243137801214571e-28,1.1999789734375992e-17,1.1608042927066504,2.886375443682945e-12,0.00020488074220053023,500000.0,500342.4275351243
0.000581284425749027,0.00011376651299632219,-0.00041950473846695324,298.15267015303647,0.0,0.04634759764964889,150.12928512179357,1.0014800564122613e-17,0.0,0.00014884199759662874,50.050745533559336,1.7544981862976153e-16,4.047312656804117e-17,4.752693582548646e-13,2.2417596644686806e-28,1.2000835695107343e-17,1.1608104910228525,2.8864930775566084e-12,0.00020488075867895595,500000.0,500346.1316748475
0.000581833471393863,0.00011376625895651154,-0.0005016451050665669,298.1534318505035,0.0,0.04634790677774129,150.1302908398255,1.001521304461827e-17,0.0,0.00014884299469043293,50.05108082392822,1.7544494805789458e-16,4.039572025470129e-17,4.743534207904918e-13,2.2404468223699825e-28,1.2002145708625886e-17,1.1608182673021803,2.8866405676022474e-12,0.00020488077935237848,500000.0,500350.7765140958
0.0005823825170386991,0.0001137659669385609,-0.0005573781048993458,298.15430192266695,0.0,0.0463482623253645,150.13144692048644,1.0015737297759635e-17,0.0,0.0001488441408575778,50.051466242835815,1.754413742617474e-16,4.0318502621906983e-17,4.73439704422017e-13,2.2391809271637874e-28,1.20036422832321e-17,1.1608272061962306,2.8868094007059505e-12,0.00020488080311654007,500000.0,500356.10652512306
0.000582931562683535,0.0001137656521133153,-0.0005845035883150016,298.1552308992673,0.0,0.04634864575191619,150.13269330703446,1.0016332972790763e-17,0.0,0.0001488453765562794,50.051881768307666,1.7543904570209974e-16,4.024145755337231e-17,4.725280121548322e-13,2.237941875821117e-28,1.2005240376471528e-17,1.1608368433419307,2.8869901904509657e-12,0.00020488082873688904,500000.0,500361.8376201839
0.0005834806083283711,0.00011376533045193377,-0.0005823117959324087,298.15616752579524,0.0,0.04634903753792127,150.13396677193592,1.0016957092395613e-17,0.0,0.00014884663910115037,50.052306321277214,1.7543785007393078e-16,4.016456821918598e-17,4.716181396197949e-13,2.2367088500166913e-28,1.2006851834790083e-17,1.1608466898594179,2.8871731689274607e-12,0.0002048808549137169,500000.0,500367.67210403614
0.0005840296539732072,0.00011376501790371037,-0.0005515845865831208,298.1570613832016,0.0,0.046349418189779674,150.13520417144755,1.0017566273543868e-17,0.0,0.0001488478658898751,50.052718850612266,1.7543762133956264e-16,4.008781792431593e-17,4.707098853718318e-13,2.235461392892565e-28,1.2008389900498851e-17,1.1608562575167019,2.887348686906107e-12,0.00020488088034906348,500000.0,500373.3139656876
0.0005845786996180432,0.00011376472959399499,-0.0004945218716630633,298.1578654052042,0.0,0.04634976922011921,150.13634562117986,1.0018118919544419e-17,0.0,0.0001488489975515443,50.05309939179797,1.7543814930402733e-16,4.001119093013537e-17,4.698030607660849e-13,2.2341804193838667e-28,1.2009773543557431e-17,1.1608650832833516,2.8875076965609263e-12,0.0002048809038119928,500000.0,500378.4837345104
0.0005851277452628793,0.00011376447908199782,-0.0004145982716950817,298.15853816923664,0.0,0.046350074055114834,150.13733743509084,1.0018577273475914e-17,0.0,0.00014884998086044852,50.053430046751224,1.7543919119680136e-16,3.99346732055978e-17,4.688974989281469e-13,2.2328491494975175e-28,1.2010931416470629e-17,1.160872752055008,2.8876421933258214e-12,0.00020488092419900092,500000.0,500382.9321651381
0.0005856767909077152,0.00011376427771449465,-0.0003163586974914458,298.1590458507691,0.0,0.046350318824709205,150.13813468517483,1.0018909232650555e-17,0.0,0.00014885077127381837,50.05369583718061,1.7544048463346821e-16,3.9858253071988704e-17,4.679930623907765e-13,2.2314539014320255e-28,1.2011805234028136e-17,1.1608789164450815,2.88774559529233e-12,0.00020488094058662327,500000.0,500386.4520879455
0.0005862258365525513,0.00011376413410587922,-0.0002051647128278152,298.15936374992134,0.0,0.04635049299845798,150.13870326109907,1.001908983754096e-17,0.0,0.00014885133497380106,50.05388539123698,1.754417612736696e-16,3.978192171260478e-17,4.670896490465765e-13,2.2299847110844945e-28,1.2012352418828892e-17,1.160883312710012,2.8878130422770433e-12,0.000204880952273761,500000.0,500388.8878676271
0.0005867748821973873,0.00011376405376786684,-8.690570939325124e-05,298.15947732317255,0.0,0.04635058983844619,150.1390213372968,1.0019102366489777e-17,0.0,0.00014885165032197385,50.05399143261923,1.7544276047070213e-16,3.9705673524803087e-17,4.661871961613102e-13,2.2284357485267964e-28,1.2012547892744848e-17,1.1608857720929397,2.8878416011927004e-12,0.0002048809588118272,500000.0,500390.1420470486
0.0005873239278422234,0.00011376403890398387,3.230977470899628e-05,298.1593826797633,0.0,0.04635060665071388,150.13908018739198,1.0018938989252273e-17,0.0,0.00014885170866678506,50.054011052090615,1.7544324222329612e-16,3.962950630082528e-17,4.652856822983712e-13,2.226805515316986e-28,1.201238494184021e-17,1.1608862271208928,2.8878303694378668e-12,0.0002048809600214792,500000.0,500390.17890693847
0.0005878729734870594,0.00011376408837533204,0.00014646665274961016,298.15908653028106,0.0,0.04635054482721655,150.13888432012268,1.0018600956318674e-17,0.0,0.00014885151447831266,50.05394575279362,1.7544299879011925e-16,3.955342123313124e-17,4.643851271141625e-13,2.225096817076782e-28,1.2011875131132103e-17,1.1608847126557613,2.887780473400943e-12,0.00020488095599540746,500000.0,500389.02483375295
0.0005884220191318954,0.00011376419783539961,0.0002499439711413564,298.15860560264207,0.0,0.04635040968102695,150.13845094553153,1.0018098325093192e-17,0.0,0.00014885108481903122,50.05380127228612,1.7544186440946285e-16,3.947742274857732e-17,4.634855890917309e-13,2.223316518041472e-28,1.2011047295037732e-17,1.160881361766839,2.887694964546102e-12,0.00020488094708736202,500000.0,500386.7655505979
0.0005889710647767315,0.00011376436002324455,0.0003377887621398499,298.15796556712763,0.0,0.04635021008783756,150.13780881372384,1.0017449247372845e-17,0.0,0.00014885044819252754,50.053587195401654,1.7543972267548341e-16,3.940151818435705e-17,4.625871613819122e-13,2.2214750953377824e-28,1.2009945676381371e-17,1.16087639675202,2.8875786207029293e-12,0.00020488093388828612,500000.0,500383.5404229244
0.0005895201104215675,0.00011376456519661215,0.0004059498661039719,298.1571995360347,0.0,0.04634995795633701,150.13699649931297,1.0016678864455546e-17,0.0,0.00014884964284265606,50.053316382310435,1.7543651125183717e-16,3.932571732630661e-17,4.616899660125385e-13,2.2195860208578635e-28,1.2008627329275135e-17,1.1608701158730048,2.887437664856683e-12,0.00020488091719105895,500000.0,500379.53419415944
0.0005900691560664035,0.0001137648016798973,0.00045146088088111164,298.1563462235223,0.0,0.0463496675581806,150.13606023106138,1.0015817875367427e-17,0.0,0.0001488487146017893,50.0530042449557,1.7543222374648433e-16,3.9250031836568444e-17,4.607941468018724e-13,2.21766500685098e-28,1.200715893635866e-17,1.1608628765739282,2.8872794176562266e-12,0.0002048808979458912,500000.0,500374.96662847715
0.0005906182017112395,0.00011376505649666637,0.0004725642263376472,298.1554478663451,0.0,0.04634935475462997,150.1350513868104,1.0014900858789265e-17,0.0,0.00014884771440722808,50.05266791190277,1.7542690872017091e-16,3.917447460243267e-17,4.598998613685039e-13,2.2157291573784723e-28,1.2005613216965183e-17,1.1608550761119756,2.887111902824224e-12,0.00020488087720884092,500000.0,500370.0806321859
0.0005911672473560756,0.00011376531605287386,0.0004687712596859791,298.1545480159361,0.0,0.04634903616130537,150.1340237879437,1.0013964439706659e-17,0.0,0.00014884669561886316,50.052325326355565,1.754206659477965e-16,3.9099059041184165e-17,4.590072726648691e-13,2.2137960725345838e-28,1.20040651192894e-17,1.1608471306379784,2.8869434265863577e-12,0.00020488085608620657,500000.0,500365.1294889215
0.0005917162930009117,0.00011376556683528312,0.0004408576710234981,298.1536893157603,0.0,0.04634872829446463,150.13303093401026,1.0013045396883089e-17,0.0,0.00014884571127751016,50.051994324223365,1.7541364018767157e-16,3.902379839804072e-17,4.581165404730268e-13,2.2118829442559475e-28,1.2002587992206562e-17,1.1608394538143183,2.8867821528461847e-12,0.00020488083567768748,500000.0,500360.3638708629
0.0005925646506952281,0.00011376590782647005,0.0003551791255988499,298.15253407464104,0.0,0.04634830943829421,150.13168095540271,1.0011740066332746e-17,0.0,0.00014884437287329187,50.05154426221121,1.7540167374722476e-16,3.8907842455701307e-17,4.567442162607159e-13,2.2090025862801646e-28,1.200060102633929e-17,1.1608290156739947,2.886564560593659e-12,0.00020488080792819793,500000.0,500353.9049199164
0.0005934130083895447,0.00011376615778671549,0.00022890238178278872,298.15169156203865,0.0,0.046348001844359124,150.13069137738393,1.0010670792827704e-17,0.0,0.00014884339177939797,50.051214352094426,1.7538905698676695e-16,3.8792323918755644e-17,4.553771281862789e-13,2.2062560115599626e-28,1.1999152125719481e-17,1.16082136417709,2.8864055520084053e-12,0.00020488078758682752,500000.0,500349.17760497244
0.0005939976734529272,0.00011376626213838048,0.00012683243145601085,298.1513360788245,0.0,0.04634787286428657,150.13027825809195,1.0010114200618213e-17,0.0,0.00014884298220169302,50.05107662437102,1.7538042238929264e-16,3.871298019684234e-17,4.5443817732043896e-13,2.204458225502155e-28,1.1998540825445883e-17,1.1608181699032698,2.8863385203101226e-12,0.0002048807790948785,500000.0,500347.19775207096
0.0005945823385163097,0.0001137663049817717,1.9444813968587294e-05,298.1511801339573,0.0,0.046347819059117605,150.13010864564467,1.000972329992989e-17,0.0,0.00014884281404287678,50.05102007800478,1.753721410512765e-16,3.863386089682561e-17,4.535019035817743e-13,2.202744263975888e-28,1.199827264890694e-17,1.1608168584419847,2.8863094094627916e-12,0.00020488077560836267,500000.0,500346.3680236271
0.0005951670035796922,0.0001137662850001193,-8.705649929039215e-05,298.1512247230659,0.0,0.046347842037821295,150.13018775191568,1.0009503513534405e-17,0.0,0.00014884289247013363,50.051046450552526,1.753644483856521e-16,3.8554966674427423e-17,4.5256830970789586e-13,2.2011144231161825e-28,1.1998349286085035e-17,1.1608174700918186,2.8863185701426562e-12,0.00020488077723443009,500000.0,500346.70750680816
0.0005957516686430747,0.00011376620448147306,-0.00018663780205703274,298.1514594460599,0.0,0.04634793900410162,150.13050651921856,1.0009450472520218e-17,0.0,0.00014884320850344241,50.05115272232384,1.7535754252177826e-16,3.8476294626778905e-17,4.5163735550112803e-13,2.1995644258620263e-28,1.1998752860036971e-17,1.1608199348180845,2.8863641741437087e-12,0.0002048807837868936,500000.0,500348.1683963264
0.000596336333706457,0.00011376606912376783,-0.0002737711704981887,298.15186330051455,0.0,0.04634810299457295,150.13104239179992,1.0009550443719281e-17,0.0,0.00014884373978045473,50.051331373584866,1.7535157388140857e-16,3.839783851657244e-17,4.507089608275541e-13,2.1980857475784956e-28,1.1999447285971985e-17,1.160824078218066,2.886442356886181e-12,0.00020488079480208827,500000.0,500350.63990979345
0.0005969209987698395,0.00011376588762902355,-0.0003437741397709908,298.15240614884095,0.0,0.04634832337453569,150.13176092175317,1.000978132184239e-17,0.0,0.00014884445214863835,50.05157091994459,1.7534663642594583e-16,3.831958919989302e-17,4.497830110881475e-13,2.196666210589126e-28,1.2000380783181931e-17,1.1608296339380575,2.8865474882062925e-12,0.00020488080957188937,500000.0,500353.95612660266
0.000597505663833222,0.00011376567112142894,-0.0003930742784480774,298.15305070799417,0.0,0.046348586548932244,150.132618071946,1.0010114117126298e-17,0.0,0.00014884530194845866,50.05185668011484,1.7534276311342702e-16,3.824153522248803e-17,4.4885936465972027e-13,2.1952907809870856e-28,1.200148928085077e-17,1.1608362614797676,2.8866725446304646e-12,0.0002048808271910592,500000.0,500357.90703647304
0.0005980903288966045,0.00011376543244318797,-0.0004193754198263659,298.15375487756324,0.0,0.04634887682269753,150.13356300286998,1.00105148045048e-17,0.0,0.00014884623877633177,50.05217170500202,1.7533992597983468e-16,3.816366352820466e-17,4.4793786162201587e-13,2.1939425105428364e-28,1.2002700409973897e-17,1.1608435677484388,2.886809549000016e-12,0.00020488084661453995,500000.0,500362.2517755199
0.000598674993959987,0.00011376518538040662,-0.00042174322602715097,298.15447424939765,0.0,0.04634917734667317,150.1345411366489,1.0010946388043581e-17,0.0,0.00014884720852236107,50.05249779919949,1.7533803972584824e-16,3.8085960228908114e-17,4.4701833314826166e-13,2.192603539828998e-28,1.200393780743205e-17,1.160851130743986,2.886950046884435e-12,0.00020488086672044203,500000.0,500366.73309492
0.0005992596590233695,0.00011376494386073068,-0.00040062366784393143,298.15516467324665,0.0,0.04634947109815331,150.1354973332284,1.0011371062828085e-17,0.0,0.000148848156519292,50.05281657987925,1.7533696794676929e-16,3.800841139322418e-17,4.4610061106818397e-13,2.191256129038743e-28,1.2005125524630136e-17,1.16085852411952,2.8870855957859395e-12,0.00020488088637533636,500000.0,500371.0922995502
0.000599844324086752,0.00011376472116010572,-0.0003577900757851912,298.1557847568108,0.0,0.04634974185040857,150.13637903086433,1.0011752375453722e-17,0.0,0.00014884903065607249,50.05311052378138,1.753365318681167e-16,3.7931003817554965e-17,4.451845371576148e-13,2.1898836617015083e-28,1.2006192329892148e-17,1.1608653414638335,2.887208244011199e-12,0.00020488090449880968,500000.0,500375.0839575386
0.0006004289891501344,0.00011376452916050475,-0.0002962129768519716,298.1562981636349,0.0,0.04634997508003727,150.13713918522234,1.0012057272601063e-17,0.0,0.00014884978429175112,50.053363947063765,1.7533652145476444e-16,3.785372573950604e-17,4.4426997166214303e-13,2.188471567307673e-28,1.200707566931721e-17,1.1608712190267316,2.887310973260249e-12,0.00020488092012387594,500000.0,500378.4895967253
0.0006010136542135169,0.00011376437770362878,-0.0002198596810957972,298.1566755691635,0.0,0.04635015875710487,150.13773882880585,1.0012257913044785e-17,0.0,0.00014885037879295906,50.05356385857512,1.7533670824252327e-16,3.777656745075007e-17,4.433568005426892e-13,2.1870081062433285e-28,1.2007725043704099e-17,1.1608758555087113,2.8873880779785182e-12,0.0002048809324495802,500000.0,500381.1295565527
0.0006015983192768994,0.00011376427407935024,-0.000133441000073874,298.1568961605742,0.0,0.0463502839706342,150.13814909705206,1.0012333131673918e-17,0.0,0.0001488507855426336,50.0537006353236,1.7533685891291662e-16,3.7699521773036296e-17,4.4244494101966063e-13,2.1854849704579846e-28,1.2008104601844154e-17,1.1608790277268863,2.8874354590205636e-12,0.0002048809408826379,500000.0,500382.8722887135
0.0006021829843402819,0.00011376422267469503,-4.2123975619661654e-05,298.15694860782685,0.0,0.04635034535786174,150.13835261878663,1.0012269479415797e-17,0.0,0.00014885098731854993,50.053768486032524,1.753367487074031e-16,3.762258437422921e-17,4.415343451514613e-13,2.1838976702309687e-28,1.2008194822299347e-17,1.16088060136608,2.8874508171246964e-12,0.00020488094506600866,500000.0,500383.6406419744
0.0006027676494036643,0.00011376422479678021,4.877283296388056e-05,298.15683147144506,0.0,0.046350341320810715,150.13834421775363,1.0012061797250455e-17,0.0,0.00014885097898883608,50.0537656850195,1.753361739772586e-16,3.754575391347873e-17,4.40625001329865e-13,2.1822456929612214e-28,1.200799322178919e-17,1.160880536403107,2.8874337390672686e-12,0.00020488094489331076,500000.0,500383.41489468014
0.0006033523144670468,0.00011376427867415122,0.000134085579007925,298.1565530409394,0.0,0.04635027402471791,150.13813090752552,1.0011713306653894e-17,0.0,0.00014885076750692652,50.0536945704994,1.7533496325614638e-16,3.746903201342207e-17,4.397169336809343e-13,2.180532431656344e-28,1.20075140783317e-17,1.1608788870674174,2.8873856748469698e-12,0.00020488094050871345,500000.0,500382.23246535455
0.0006039369795304292,0.00011376437963289797,0.0002090959108001333,298.15613062418265,0.0,0.04635014918273096,150.1377311940976,1.0011235220671176e-17,0.0,0.00014885037122013632,50.053561312080404,1.7533298626405483e-16,3.7392423065134964e-17,4.388101994551962e-13,2.178764891781104e-28,1.2006787204033035e-17,1.1608757964487053,2.8873098093284886e-12,0.0002048809322926019,500000.0,500380.18438342767
0.0006045216445938117,0.00011376452043442661,0.0002697894029589484,298.1555893383224,0.0,0.04634997564293153,150.13717373817587,1.0010645906359186e-17,0.0,0.00014884981854341962,50.05337546479171,1.7533016033709733e-16,3.731593388054836e-17,4.3790488459980155e-13,2.176953197668563e-28,1.2005855855851177e-17,1.1608714861536225,2.8872108376199374e-12,0.00020488092083408339,500000.0,500377.408779315
0.0006051063096571942,0.00011376469175175268,0.00031306709158718054,298.15496048344136,0.0,0.04634976480599634,150.13649546886427,1.0009969657517843e-17,0.0,0.00014884914608923066,50.05314934021649,1.7532645395740618e-16,3.723957321640254e-17,4.370010978164555e-13,2.175109932273085e-28,1.2004773926299747e-17,1.1608662417206714,2.8870946594248267e-12,0.00020488090689221907,500000.0,500374.08183748816
0.0006056909747205767,0.0001137648827531345,0.00033689949823299413,298.1542796038889,0.0,0.04634952991165304,150.13573927235012,1.0009235159521795e-17,0.0,0.0001488483963760281,50.05289723593599,1.753218872649132e-16,3.716335120097324e-17,4.360989634941133e-13,2.173249354638615e-28,1.2003602597256266e-17,1.1608603947489544,2.8869680122533837e-12,0.00020488089134852044,500000.0,500370.4068027855
0.0006062756397839592,0.00011376508175662978,0.00034041529910678464,298.15358435694964,0.0,0.0463492852384877,150.13495139991693,1.0008473743056424e-17,0.0,0.00014884761525851253,50.05263457140164,1.753165296144626e-16,3.7087278700444145e-17,4.351986139575789e-13,2.171386537517931e-28,1.200240666513023e-17,1.1608543028567408,2.886838066290785e-12,0.00020488087515367585,500000.0,500366.60172433103
0.0006068603048473417,0.00011376527691659082,0.00032392224066089836,298.1529123148384,0.0,0.04634904526478842,150.13417874974354,1.000771753190922e-17,0.0,0.00014884684923273313,50.05237698172963,1.7531049439448385e-16,3.7011366660385605e-17,4.3430018149140364e-13,2.1695364935646624e-28,1.200125075608672e-17,1.1608483286641413,2.8867120049765034e-12,0.00020488085927168086,500000.0,500362.88666585466
0.0006074449699107242,0.0001137654569025006,0.0002888604187238478,298.15229882601017,0.0,0.046348823838840966,150.13346617931896,1.0006997592654117e-17,0.0,0.00014884614277154717,50.05213942170217,1.7530393146549936e-16,3.693562546295129e-17,4.334037905962528e-13,2.1677133168302097e-28,1.2000195648618603e-17,1.160842819012505,2.886596615420194e-12,0.0002048808446245953,500000.0,500359.47111900034
0.0006080296349741066,0.00011376561153200305,0.00023769305728512047,298.1517750551386,0.0,0.046348633405297435,150.13285399948828,1.0006342190939097e-17,0.0,0.00014884553584015335,50.05193533032188,1.7529701770559762e-16,3.6860064334285394e-17,4.3250955090838985e-13,2.165929404035716e-28,1.1999294907974748e-17,1.1608380855882021,2.886497911511195e-12,0.00020488083204103135,500000.0,500356.54232544824
0.000608614300037489,0.00011376573232295273,0.00017374007859378607,298.15136630975786,0.0,0.04634848433058777,150.13237578931808,1.0005775250976133e-17,0.0,0.0001488450617296936,50.051775902322085,1.7528994625248057e-16,3.678469083379591e-17,4.316175511684537e-13,2.1641947966003714e-28,1.1998592017635612e-17,1.1608343880270036,2.8864208105102855e-12,0.0002048808222112337,500000.0,500354.25515487464
0.0006091989651008715,0.00011376581293477606,0.00010096789516855701,298.15109074256804,0.0,0.04634838436364814,150.13205664928,1.000531510099703e-17,0.0,0.00014884474532541494,50.05166950580577,1.752829150911734e-16,3.6709510454796245e-17,4.307278545559955e-13,2.162516662131504e-28,1.1998118156230882e-17,1.1608319204075719,2.88636888022128e-12,0.0002048808156511686,500000.0,500352.7240811832
0.000609783630164254,0.00011376584947666767,2.3747052553585647e-05,298.15095849420726,0.0,0.04634833825939694,150.1319119816073,1.0004973569483295e-17,0.0,0.00014884460189748365,50.05162127563556,1.752761156541354e-16,3.6634526351650375e-17,4.2984049561484456e-13,2.160898976273006e-28,1.1997890734682678e-17,1.1608308018210878,2.886344169534423e-12,0.00020488081267744878,500000.0,500352.01766290184
0.0006103682952276365,0.00011376584066856564,-5.3406483891055226e-05,298.1509713137352,0.0,0.046348347582102496,150.1319468533574,1.0004755473650977e-17,0.0,0.0001488446364695096,50.05163290108883,1.7526972208033705e-16,3.655973921151159e-17,4.2895547889767685e-13,2.1593423588882e-28,1.1997912746105258e-17,1.1608310714464063,2.886347129406038e-12,0.00020488081339423738,500000.0,500352.1557758646
0.000610952960291019,0.00011376578784955731,-0.00012609207412212625,298.1511226660428,0.0,0.04634841069515513,150.13215596327703,1.0004658519017684e-17,0.0,0.00014884484378569529,50.05170261481099,1.752638817256183e-16,3.648514726660332e-17,4.280727793545017e-13,2.157844140860642e-28,1.1998172955310271e-17,1.1608326882938533,2.886376626789006e-12,0.00020488081769256503,500000.0,500353.1096840495
0.0006115376253544015,0.00011376569483694221,-0.00019027239132569465,298.1513983082398,0.0,0.046348522933293355,150.1325241996745,1.0004673605349291e-17,0.0,0.0001488452088639246,50.05182537880142,1.752587074319574e-16,3.641074644717578e-17,4.271923443933955e-13,2.156398590153525e-28,1.1998646886231088e-17,1.1608355355187363,2.8864300481026964e-12,0.00020488082526179743,500000.0,500354.8048755107
0.0006121222904177839,0.00011376556764750618,-0.00024249460692948513,298.1517772911304,0.0,0.04634867694317298,150.13302774358976,1.0004785511889267e-17,0.0,0.0001488457080894737,50.05199325219292,1.7525427195143723e-16,3.6336530661323327e-17,4.263140974503565e-13,2.1549973159040915e-28,1.1999298538733764e-17,1.1608394289511323,2.886503484448801e-12,0.00020488083561231397,500000.0,500357.1264367393
0.0006127069554811664,0.00011376541410025465,-0.0002800726996470804,298.1522333183504,0.0,0.04634886316877913,150.13363564114172,1.0004973914080018e-17,0.0,0.00014884631077387645,50.052195915447776,1.7525060478855974e-16,3.626249218128565e-17,4.254379428225048e-13,2.1536298111631204e-28,1.2000082718282496e-17,1.1608441292533949,2.8865919860334266e-12,0.00020488084810783155,500000.0,500359.9265975705
0.0006132916205445489,0.00011376524332625402,-0.00030122152628063974,298.1527363766496,0.0,0.04634907045036525,150.13431174361415,1.0005214665962275e-17,0.0,0.0001488469810783747,50.05242131715178,1.7524769158090233e-16,3.6188622111992506e-17,4.2456377145246017e-13,2.1522841027719265e-28,1.200094783196448e-17,1.160849356921035,2.8866898696063507e-12,0.00020488086200528822,500000.0,500363.03396202065
0.0006138762856079314,0.00011376506521586096,-0.00030513630202725045,298.15325453758567,0.0,0.046349286699944314,150.13501689551074,1.0005481268736174e-17,0.0,0.00014884768018321205,50.05265640347749,1.7524547599144476e-16,3.611491091268592e-17,4.236914673068495e-13,2.150947468413472e-28,1.2001838981049262e-17,1.1608548092009234,2.8867910601365187e-12,0.00020488087649982284,500000.0,500366.263856894
0.0006144609506713139,0.00011376488983634541,-0.00029201431358154815,298.1537558238829,0.0,0.0463494996130175,150.13571123999216,1.0005746437536562e-17,0.0,0.00014884836857330264,50.05288788678074,1.7524386394421589e-16,3.6041348940282606e-17,4.2282091396941894e-13,2.149607179019187e-28,1.2002701167859e-17,1.160860177917096,2.886889446485156e-12,0.00020488089077216667,500000.0,500369.4291819752
0.0006150456157346963,0.00011376472685376604,-0.00026301899864743857,298.15421003270916,0.0,0.04634969737517143,150.1363565076924,1.0005983675174154e-17,0.0,0.0001488490083074222,50.053103008656,1.7524272990596686e-16,3.596792698313395e-17,4.2195200106808917e-13,2.148251223709223e-28,1.200348243215379e-17,1.1608651671680466,2.8869792305276238e-12,0.00020488090403569098,500000.0,500372.35113243875
0.000615941929926099,0.0001137645206394071,-0.00019260761812413922,298.1547550683418,0.0,0.046349947209652874,150.13717294071745,1.0006238710664085e-17,0.0,0.0001488498177388234,50.05337519423375,1.7524157477818134e-16,3.58556215481777e-17,4.2062288849610305e-13,2.1461182949702513e-28,1.2004419977796904e-17,1.160871479878695,2.8870886078840943e-12,0.0002048809208174726,500000.0,500375.99812499864
0.0006168382441175016,0.0001137643883420933,-0.00010032920608054382,298.15505468991296,0.0,0.04635010669947205,150.1376967287855,1.000630225895299e-17,0.0,0.00014885033703455967,50.053549816579526,1.7524059816243394e-16,3.5743602656636493e-17,4.192971304968309e-13,2.1438950764491013e-28,1.2004935382454938e-17,1.1608755298373703,2.8871516245564187e-12,0.00020488093158389594,500000.0,500378.25341668853
0.0006174466947695247,0.00011376434807579368,-3.18880595094743e-05,298.15509800642843,0.0,0.04635015441382176,150.13785615096467,1.0006214172355246e-17,0.0,0.00014885049508902437,50.053602965179614,1.7523973193755232e-16,3.5667716319977053e-17,4.183989889668374e-13,2.1423264473876135e-28,1.2005009872177441e-17,1.1608767624953855,2.887163946590143e-12,0.0002048809348607909,500000.0,500378.85904628
0.0006180551454215477,0.00011376434954474618,3.626680327767539e-05,298.1550090949377,0.0,0.04635015111656506,150.1378503358679,1.0006013928187158e-17,0.0,0.0001488504893230446,50.05360102626736,1.752385069492811e-16,3.5591954536320806e-17,4.1750231169846336e-13,2.1407087119448904e-28,1.2004856880141153e-17,1.1608767175268329,2.887150979888829e-12,0.00020488093474124594,500000.0,500378.68957005756
0.0006186635960735708,0.00011376439133489121,9.998864641766925e-05,298.1547945849045,0.0,0.04635009853608543,150.13768488202896,1.0005704089414369e-17,0.0,0.0001488503252871493,50.05354586630597,1.7523678544539762e-16,3.5516318420920017e-17,4.1660711579857387e-13,2.139044552813097e-28,1.200448781939847e-17,1.1608754382199793,2.8871138834400994e-12,0.00020488093134034315,500000.0,500377.77487771894
0.0006192720467255939,0.00011376446958498847,0.00015548175797165388,298.1544687219957,0.0,0.04635000139206578,150.13737507743187,1.0005293946039155e-17,0.0,0.0001488500181382353,50.05344258206919,1.7523446349696653e-16,3.5440811302825514e-17,4.1571344485242286e-13,2.137339673241915e-28,1.2003927214866743e-17,1.1608730427826237,2.8870552803985427e-12,0.000204880924972323,500000.0,500376.1900798619
0.000619880497377617,0.00011376457826649662,0.00019952620661104457,298.1540523608347,0.0,0.04634986705331834,150.13694479115452,1.0004798826054041e-17,0.0,0.00014884959154071447,50.053299131132675,1.7523147670563304e-16,3.536543845153943e-17,4.148213654255834e-13,2.1356023903026906e-28,1.2003210964956346e-17,1.160869715772203,2.8869790712904655e-12,0.00020488091612780418,500000.0,500374.0501051997
0.00062048894802964,0.00011376470961943352,0.00022969209078263175,298.1535714661563,0.0,0.04634970500493244,150.13642474735204,1.0004238979759164e-17,0.0,0.00014884907595529687,50.05312575644716,1.7522780418784945e-16,3.529020666653316e-17,4.139309619108977e-13,2.133843030491894e-28,1.2002383756069758e-17,1.1608656947501064,2.8868901529985444e-12,0.00020488090543830946,500000.0,500371.5014047396
0.0006210973986816631,0.00011376485469085623,0.00024448294470225194,298.15305532333366,0.0,0.04634952618999262,150.13585039294654,1.000363816433074e-17,0.0,0.00014884850652496396,50.05293427545968,1.752234691133458e-16,3.521512377587384e-17,4.1304233036492296e-13,2.132073229239094e-28,1.2001495978289085e-17,1.1608612537944996,2.886794080432511e-12,0.00020488089363244016,500000.0,500368.7118083493
0.0006217058493336862,0.0001137650039233681,0.0002433949985474654,298.15253463309,0.0,0.046349342290180555,150.13525956734702,1.0003022068464808e-17,0.0,0.0001488479207646698,50.05273730323485,1.7521853574445534e-16,3.5140198099732734e-17,4.12155571934247e-13,2.130305148877177e-28,1.2000600442751766e-17,1.1608566854824294,2.8866967039618396e-12,0.00020488088148798008,500000.0,500365.8595248006
0.0006223142999857092,0.00011376514775578713,0.00022691158078504492,298.15203960075974,0.0,0.04634916499156395,150.1346901241857,1.0002416686022762e-17,0.0,0.00014884735620346957,50.05254745957907,1.7521310403360242e-16,3.506543790459071e-17,4.1127078627646484e-13,2.128550737802123e-28,1.199974909402154e-17,1.1608522825009184,2.886603804292607e-12,0.0002048808697830116,500000.0,500363.12197269837
0.0006232982109313767,0.00011376534638643557,0.00017157571369727533,298.15136314717466,0.0,0.046348919791653606,150.1339037357019,1.0001522483322178e-17,0.0,0.00014884657655669093,50.05228528960599,1.752036011907111e-16,3.494491439924432e-17,4.0984442480674844e-13,2.1257701783325634e-28,1.1998585825578123e-17,1.1608462020789028,2.8864764723616755e-12,0.0002048808536186634,500000.0,500359.35359148757
0.0006242821218770441,0.00011376547660647857,9.016972248856677e-05,298.15091940549604,0.0,0.04634875820617612,150.1333881915604,1.0000807310832838e-17,0.0,0.00014884606543189263,50.0521134148824,1.7519377614172862e-16,3.4824869523608245e-17,4.0842376581208584e-13,2.123090632491524e-28,1.1997822783609992e-17,1.1608422158449314,2.8863928366234565e-12,0.0002048808430215344,500000.0,500356.882648911
0.0006249372031422261,0.00011376551557163623,2.8465529472998163e-05,298.1507806400523,0.0,0.0463487089659233,150.13323392850998,1.0000459004149849e-17,0.0,0.0001488459124907733,50.05206198573503,1.7518739167106116e-16,3.474521767579755e-17,4.074811515208276e-13,2.1213734331745083e-28,1.1997584159884242e-17,1.1608410230656214,2.88636683820453e-12,0.00020488083985060692,500000.0,500356.1331786179
0.0006255922844074081,0.00011376551365938065,-3.396107076209623e-05,298.1507730587456,0.0,0.0463487096867753,150.1332414999723,1.000022183576804e-17,0.0,0.00014884591999651242,50.052064509672206,1.7518134675418967e-16,3.4665785962748595e-17,4.065411524638512e-13,2.1197119165222127e-28,1.1997571092296668e-17,1.1608410816024688,2.88636584114673e-12,0.00020488084000622227,500000.0,500356.14567139815
0.0006262473656725901,0.00011376547183405096,-9.268925944765053e-05,298.15089130957557,0.0,0.04634875919008835,150.13340708813828,1.0000094530060012e-17,0.0,0.00014884608416403672,50.05211971389635,1.7517579272179883e-16,3.458657293076201e-17,4.056037474195772e-13,2.1181039021168854e-28,1.1997774377942352e-17,1.1608423619358974,2.886388938720678e-12,0.00020488084340990775,500000.0,500356.8983426644
0.0006269024469377721,0.00011376539386851501,-0.00014364698211705818,298.15112127320293,0.0,0.046348852864776136,150.1337157567893,1.0000068116421097e-17,0.0,0.00014884639018519853,50.05222261890676,1.7517084404273266e-16,3.4507574650505435e-17,4.046688855237295e-13,2.1165437569687456e-28,1.1998169749834933e-17,1.160844748577984,2.8864335416189554e-12,0.00020488084975464174,500000.0,500358.3174744244
0.0006275575282029542,0.00011376528602579777,-0.00018338910647077442,298.15144121964636,0.0,0.0463489830563489,150.13414271147164,1.0000126705573234e-17,0.0,0.00014884681347814498,50.05236495862206,1.7516657105836315e-16,3.442878502081456e-17,4.037364901819356e-13,2.1150228565728093e-28,1.1998719860843709e-17,1.1608480498162204,2.8864955913612744e-12,0.000204880858530759,500000.0,500360.28357611643
0.0006282126094681362,0.00011376515654941535,-0.0002093666755720371,298.1518235699291,0.0,0.04634913968971792,150.13465531688718,1.0000248783589521e-17,0.0,0.00014884732168741007,50.052535852946434,1.7516299467606285e-16,3.4350196236714974e-17,4.0280646495953644e-13,2.113530283429854e-28,1.1999377305976584e-17,1.1608520133121196,2.8865698893557274e-12,0.00020488086906742358,500000.0,500362.6410954604
0.0006288676907333182,0.00011376501500678842,-0.00022010544009523516,298.15223707881717,0.0,0.04634931107156795,150.1352156959438,1.0000408930001034e-17,0.0,0.0001488478772606798,50.05272267425234,1.7516008561953564e-16,3.4271799382026966e-17,4.0187870089413333e-13,2.1120536869442297e-28,1.2000088369301239e-17,1.160856346197267,2.8866505087534566e-12,0.00020488088058605747,500000.0,500365.21078288864
0.0006295227719985002,0.00011376487155624623,-0.00021526682193650408,298.1526492028693,0.0,0.0463494847861546,150.1357836314306,1.0000579779187771e-17,0.0,0.0001488484403255869,50.05291201475335,1.7515776842122556e-16,3.419358508180758e-17,4.0095308444646367e-13,2.11058022160171e-28,1.2000797091340502e-17,1.1608607375092785,2.8867312447216e-12,0.00020488089225998742,500000.0,500367.80337983
0.0006301778532636821,0.00011376473620621958,-0.0001956234564280699,298.15302844882837,0.0,0.04634964860070848,150.1363194988133,1.0000734031455838e-17,0.0,0.0001488489715973587,50.05309066425217,1.7515592862795865e-16,3.411554415498284e-17,4.000295053703669e-13,2.1090974700537065e-28,1.2001449306404178e-17,1.1608648808683897,2.8868060633968775e-12,0.00020488090327472976,500000.0,500370.2333781826
0.0006312603473065898,0.00011376455418968719,-0.0001358528962985261,298.1535095935925,0.0,0.046349868399615274,150.13704012889443,1.0000886381998463e-17,0.0,0.00014884968604705307,50.05333091055664,1.7515354262883514e-16,3.3986942930105886e-17,3.985075354622767e-13,2.1065980005936594e-28,1.2002276800294556e-17,1.1608704528219707,2.886902562083831e-12,0.00020488091808722116,500000.0,500373.4525185291
0.0006320037401664136,0.00011376447315306083,-8.099919149155863e-05,298.15369369201596,0.0,0.04634996561271642,150.1373609665603,1.000087759055013e-17,0.0,0.00014885000413277798,50.053437872489084,1.7515204260012575e-16,3.3898872864526954e-17,3.974652221429428e-13,2.104829721489603e-28,1.2002593419339464e-17,1.1608729335549168,2.8869412092162684e-12,0.00020488092468198946,500000.0,500374.8349155963
0.0006327471330262375,0.00011376443514997137,-2.0994639599709512e-05,298.15373870635204,0.0,0.04635001022774656,150.13751142800055,1.0000755016354013e-17,0.0,0.00014885015330317277,50.05348803366407,1.7515037271869978e-16,3.38109960351727e-17,3.9642518174242677e-13,2.1030114714864096e-28,1.2002670810636023e-17,1.1608740969265638,2.886953398015683e-12,0.00020488092777468567,500000.0,500375.41347456316
0.0006334905258860614,0.00011376444192569822,3.852891230171544e-05,298.15364196030197,0.0,0.046350000111330926,150.1374846026788,1.0000512221629939e-17,0.0,0.00014885012670695565,50.05347909021733,1.7514831434000493e-16,3.3723310520779196e-17,3.953873959619651e-13,2.101142252344818e-28,1.2002504366409577e-17,1.1608738895041453,2.8869384712494263e-12,0.0002048809272232752,500000.0,500375.16059413005
0.0006342339187458852,0.00011376449108723359,9.21666145556191e-05,298.1534138462349,0.0,0.046349938188412036,150.1372899650231,1.0000154032520462e-17,0.0,0.00014884993373731595,50.05341420077434,1.751456926612278e-16,3.3635817982281865e-17,3.9435188961792604e-13,2.099226210196282e-28,1.200211197108788e-17,1.1608723845446234,2.8868982739361274e-12,0.00020488092322250694,500000.0,500374.125461268
0.0006349773116057092,0.00011376457644306038,0.0001352010048808771,298.15307650547294,0.0,0.0463498320269027,150.13695202903676,9.99969575836119e-18,0.0,0.00014884959869806107,50.0533015379188,1.7514239048570505e-16,3.35485233331947e-17,3.9331872626321446e-13,2.097272104688345e-28,1.2001531726820376e-17,1.1608697715920457,2.8868369131050508e-12,0.00020488091627625835,500000.0,500372.42732953455
0.0006357207044655331,0.00011376468868209589,0.00016402207988179865,298.15266144903626,0.0,0.046349693007703856,150.13650765981794,9.999161479749094e-18,0.0,0.00014884915813818828,50.05315339189533,1.751383575680677e-16,3.346143412417406e-17,3.922880003843377e-13,2.095292359184373e-28,1.2000817852766297e-17,1.1608663356900166,2.8867603139598012e-12,0.0002048809071422778,500000.0,500370.2425223473
0.000636464097325357,0.00011376481632435283,0.0001764411771120965,298.15220636729293,0.0,0.04634953516258377,150.13600230920898,9.998581570734261e-18,0.0,0.00014884865711981202,50.05298491563428,1.7513361376005237e-16,3.3374559700887807e-17,3.9125982697282616e-13,2.093301808106958e-28,1.2000035187102006e-17,1.1608624282754691,2.8866756182685838e-12,0.00020488089675481453,500000.0,500367.7864735012
0.0006372074901851808,0.00011376494684603898,0.00017184839802553416,298.15175146374645,0.0,0.04634937379888323,150.13548556092795,9.99798970257693e-18,0.0,0.00014884814480149334,50.052812639568394,1.7512824502732843e-16,3.32879102272407e-17,3.9023432955611886e-13,2.0913162341628777e-28,1.1999252876749792e-17,1.160858432733297,2.8865904881256866e-12,0.00020488088613305347,500000.0,500365.2926583228
0.0006379508830450047,0.0001137650678629753,0.00015120953494039704,298.1513356857819,0.0,0.04634922405302492,150.1350064450782,9.997419641130905e-18,0.0,0.0001488476697929257,50.05265290956401,1.75122393148369e-16,3.3201495668057203e-17,3.8921162791489556e-13,2.0893508982344498e-28,1.1998537891461532e-17,1.1608547281678057,2.8865123859421852e-12,0.0002048808762848074,500000.0,500362.99058116577
0.0006386942759048286,0.00011376516825795842,0.00011692402929962327,298.15099320686244,0.0,0.04634909951263779,150.1346089749143,9.99690215561753e-18,0.0,0.00014884727572997083,50.05252039894885,1.7511624078667015e-16,3.3115324833198967e-17,3.8819182665410867e-13,2.08741915979947e-28,1.1997948978066327e-17,1.1608516548926626,2.8864478991419517e-12,0.00020488086811477457,500000.0,500361.0849303494
0.0006394376687646525,0.00011376523915458433,7.256406858612938e-05,298.150750459574,0.0,0.04634901102642582,150.1343282917494,9.996462309775876e-18,0.0,0.00014884699745262167,50.052426823284726,1.751099935707257e-16,3.302940456469077e-17,3.871750055968893e-13,2.0855313208631042e-28,1.1997531565875488e-17,1.1608494846230422,2.8864021671366466e-12,0.0002048808623452947,500000.0,500359.7376946399
0.0006401810616244763,0.00011376527465868105,2.251427698688977e-05,298.15062395909456,0.0,0.04634896579811081,150.134187730037,9.996117352115719e-18,0.0,0.00014884685809524986,50.05237996191194,1.7510386067775327e-16,3.294373913008539e-17,3.86161212760114e-13,2.0836937828141407e-28,1.1997314032786106e-17,1.160848397782627,2.8863784567751468e-12,0.0002048808594560177,500000.0,500359.05468755396
0.0006409244544843003,0.00011376527230657545,-2.8456223174888532e-05,298.1506190944119,0.0,0.0463489668386751,150.13419704306136,9.99587537643247e-18,0.0,0.00014884686732750987,50.052383066422216,1.7509803557572206e-16,3.2858329870612776e-17,3.851504604647056e-13,2.0819085835541114e-28,1.1997305633837551e-17,1.1608484697845156,2.88637792080074e-12,0.00020488085964742866,500000.0,500359.0775814884
0.0006416678473441242,0.00011376523318437987,-7.564492802858694e-05,298.1507299798289,0.0,0.046349012820631516,150.13435193087872,9.995734863063757e-18,0.0,0.00014884702088632787,50.05243470328187,1.750926787327266e-16,3.277317513034065e-17,3.8414272486188717e-13,2.0801733493149313e-28,1.1997496248982584e-17,1.1608496673812323,2.8863995579569864e-12,0.00020488086283114242,500000.0,500359.7820806846
0.000642411240203948,0.00011376516171603303,-0.00011484467519651357,298.150940351004,0.0,0.046349098337070314,150.13463487941831,9.995685122128656e-18,0.0,0.00014884730140780802,50.052529033574814,1.7508790392646442e-16,3.2688270463827216e-17,3.8313794880900456e-13,2.078481653704931e-28,1.1997857922255194e-17,1.1608518551527152,2.8864403728548963e-12,0.00020488086864715145,500000.0,500361.082236093
0.0006431546330637719,0.0001137650651518287,-0.00014271198934556287,298.15122538412237,0.0,0.04634921452670892,150.1350171851453,9.995707564192761e-18,0.0,0.0001488476804345346,50.05265648799337,1.7508376931458167e-16,3.260360909163268e-17,3.821360476896195e-13,2.0768237355755716e-28,1.199834798451316e-17,1.160854811161156,2.8864957134858214e-12,0.0002048808765054451,500000.0,500362.84027781314
0.0006438980259235958,0.00011376495281560908,-0.0001570454338184138,298.15155423701367,0.0,0.046349349993875244,150.13546193507787,9.995777649248289e-18,0.0,0.0001488481213700373,50.05280476032922,1.7508027388101784e-16,3.2519182551465756e-17,3.811369175198052e-13,2.075187496666607e-28,1.1998913416048665e-17,1.160858249992711,2.8865597488743603e-12,0.00020488088564726768,500000.0,500364.88085688296
0.0006446414187834197,0.00011376483518672515,-0.00015695177624936961,298.1518930586862,0.0,0.04634949193045724,150.13592764101867,9.995867315707305e-18,0.0,0.00014884858308186028,50.05296001906904,1.7507735937878376e-16,3.243498147869648e-17,3.8014044452145855e-13,2.0735596801119875e-28,1.1999496015757967e-17,1.1608618508576367,2.886626039151616e-12,0.00020488089521982365,500000.0,500367.0082629712
0.0006453848116432435,0.00011376472290460628,-0.00014288720280591991,298.15220818148157,0.0,0.04634962733249504,150.13637218035558,9.995947657423457e-18,0.0,0.00014884902380857298,50.05310822119558,1.7507491743165263e-16,3.2350996441399926e-17,3.7914651524839913e-13,2.071927118514185e-28,1.2000037887505075e-17,1.16086528806085,2.886688143887814e-12,0.000204880904357283,500000.0,500369.02497467527
0.0006461282045030674,0.00011376462578916329,-0.00011657308707246465,298.1524691986965,0.0,0.0463497441974931,150.13675667441308,9.995991597528589e-18,0.0,0.00014884940500486612,50.05323640516912,1.7507280101033044e-16,3.226721875196069e-17,3.7815502632262255e-13,2.070277935706173e-28,1.2000486733515822e-17,1.1608682609896201,2.8867402119954816e-12,0.00020488091226050087,500000.0,500370.74980841595
0.0006468715973628914,0.00011376455196789095,-8.07953757963529e-05,298.1526516440735,0.0,0.046349832591385594,150.1370489445848,9.995976310318831e-18,0.0,0.00014884969476804962,50.05333384314774,1.7507083909757663e-16,3.2183641180283614e-17,3.7716589288768587e-13,2.0686025932233075e-28,1.2000800466361237e-17,1.1608705208366352,2.8867774987219806e-12,0.00020488091826805635,500000.0,500372.03398551675
0.0006476149902227153,0.00011376450718503392,-3.912181862757406e-05,298.1527390442488,0.0,0.04634988549301252,150.13722624777702,9.995885176785595e-18,0.0,0.00014884987055004112,50.05339295294124,1.7506885309589077e-16,3.210025850945964e-17,3.7617905506634395e-13,2.0668946820390624e-28,1.2000950744625908e-17,1.1608718917506506,2.8867967653747034e-12,0.00020488092191247635,500000.0,500372.773733957
0.0006483583830825391,0.00011376449434894189,4.448842458586355e-06,298.1527241803932,0.0,0.04634989934746672,150.13727706882452,9.995709113881242e-18,0.0,0.0001488499209344124,50.05340989557438,1.750666734197844e-16,3.2017067887154756e-17,3.751944819179191e-13,2.065151417302282e-28,1.2000925147288245e-17,1.1608722846955746,2.88679652960465e-12,0.00020488092295707506,500000.0,500372.9184054688
0.000649101775942363,0.00011376451335324818,4.587023680767003e-05,298.15260946294654,0.0,0.046349874284721454,150.13720182867834,9.995447174957897e-18,0.0,0.00014884984633850516,50.05338481138568,1.7506415474548014e-16,3.193406894928875e-17,3.74212172607554e-13,2.0633737746188075e-28,1.200072782089258e-17,1.1608717029262323,2.8867771469754354e-12,0.00020488092141050847,500000.0,500372.4734739118
0.0006498451688021869,0.00011376456118176126,8.142227968134581e-05,298.1524064062337,0.0,0.04634981399143101,150.1370124691473,9.995106381954975e-18,0.0,0.00014884965860173277,50.05332168158659,1.750611885589667e-16,3.1851263710303444e-17,3.732321547614398e-13,2.061566278095168e-28,1.2000378575278138e-17,1.1608702387775527,2.886740720283736e-12,0.00020488091751823785,500000.0,500371.49826150533
0.0006505885616620108,0.00011376463227824291,0.00010804156843524292,298.1521342804474,0.0,0.04634972525891701,150.1367309887342,9.99470082561287e-18,0.0,0.00014884937953397136,50.053227840132415,1.7505771193042258e-16,3.176865623924561e-17,3.72254480265573e-13,2.059736462541026e-28,1.1999910561869824e-17,1.1608680623435508,2.886690850574421e-12,0.00020488091173243516,500000.0,500370.0987727081
0.0006513319545218346,0.00011376471913637757,0.00012357844073483657,298.1518180983805,0.0,0.04634961726199191,150.13638710659504,9.994250145691592e-18,0.0,0.00014884903859954923,50.05311319492295,1.7505371182793328e-16,3.168625215745808e-17,3.7127921900713994e-13,2.057894100393379e-28,1.1999366805868069e-17,1.16086540341489,2.8866322591686863e-12,0.00020488090466396817,500000.0,500368.41649284447
0.0006520753473816585,0.00011376481304759797,0.00012696370230636943,298.15148614655226,0.0,0.04634950064484201,150.1360153015208,9.99377755712387e-18,0.0,0.000148848669981618,50.05298924064555,1.7504922472392106e-16,3.1604058020733235e-17,3.7030645122310956e-13,2.0560502063369256e-28,1.1998795956838978e-17,1.160862528584076,2.886570320402736e-12,0.00020488089702153981,500000.0,500366.6143302306
0.0006528187402414825,0.00011376490493468646,0.00011827372272203124,298.1511672966978,0.0,0.0463493865021021,150.13565151142032,9.993307615544274e-18,0.0,0.00014884830930993594,50.05286795843451,1.7504433168684145e-16,3.15220806342625e-17,3.693362591924111e-13,2.054216007241915e-28,1.1998247662149243e-17,1.160859715725619,2.886510549731297e-12,0.00020488088954384828,500000.0,500364.86105382536
0.0006535621331013063,0.00011376498619404402,9.868871249819891e-05,298.150888344588,0.0,0.04634928534938585,150.13532979864638,9.992863928453532e-18,0.0,0.00014884799035478724,50.05276070414322,1.7503914954970171e-16,3.1440326370304606e-17,3.6836871903491706e-13,2.052401902341355e-28,1.1997767991227626e-17,1.1608572282120944,2.886458094463557e-12,0.00020488088293104374,500000.0,500363.3156632538
0.0006547453476884928,0.00011376507600048263,5.053296246154884e-05,298.15057990286533,0.0,0.04634917266523853,150.13497424876005,9.992261129311142e-18,0.0,0.00014884763785212528,50.05264216890926,1.750306554071727e-16,3.1310675793090573e-17,3.6683436069611427e-13,2.0495765528703e-28,1.1997237616789235e-17,1.160854479063375,2.8864000046336936e-12,0.0002048808756226998,500000.0,500361.6074782444
0.0006555154337788713,0.00011376510056139808,1.3041219350372641e-05,298.1504908554037,0.0,0.04634914074596189,150.13487701114767,9.99195964013595e-18,0.0,0.0001488475414473372,50.052609751099915,1.7502521462442318e-16,3.122661096726428e-17,3.6583950179298304e-13,2.047787214800986e-28,1.1997084482178291e-17,1.1608537272077797,2.8863833384192206e-12,0.00020488087362396316,500000.0,500361.13239210873
0.0006562855198692497,0.00011376509588853727,-2.480930763807286e-05,298.15049557193254,0.0,0.046349144557181705,150.13489551230836,9.991737917955605e-18,0.0,0.00014884755978891696,50.052615918779544,1.7502002660716762e-16,3.114279745922887e-17,3.6484762313801497e-13,2.0460390643491924e-28,1.1997092556982086e-17,1.1608538702527484,2.8863845448228097e-12,0.00020488087400423455,500000.0,500361.2021462645
0.0006570556059596282,0.0001137650631320823,-5.9319449299098454e-05,298.15058848070095,0.0,0.04634918269310638,150.1350251986352,9.99159396901234e-18,0.0,0.00014884768836230264,50.05265915384713,1.7501521498564646e-16,3.105923362872272e-17,3.638587019442497e-13,2.044329882764717e-28,1.1997252261868288e-17,1.1608548729894628,2.8864026563862094e-12,0.00020488087666991519,500000.0,500361.79212746327
0.0006578256920500066,0.00011376500614755648,-8.723136182546788e-05,298.15075561761,0.0,0.04634925044147686,150.13525080615258,9.991518354276043e-18,0.0,0.00014884791203440004,50.05273436753296,1.7501086417095043e-16,3.0975915693470257e-17,3.6287268992642586e-13,2.042654201393608e-28,1.199753959326281e-17,1.1608566173957597,2.8864350920354163e-12,0.00020488088130725195,500000.0,500362.82778407657
0.0006585957781403851,0.00011376493105088503,-0.0001060115107212212,298.1509761896318,0.0,0.04634934032733059,150.13554812187994,9.991495305678304e-18,0.0,0.0001488482067998434,50.052833487609625,1.7500701291885832e-16,3.089283810257536e-17,3.61889518060503e-13,2.041003918537749e-28,1.1997918808136913e-17,1.160858916255122,2.8864779480586847e-12,0.00020488088741854322,500000.0,500364.1931476436
0.0006593658642307635,0.00011376484555273562,-0.00011409518143013659,298.1512248216185,0.0,0.04634944292652052,150.1358866189914,9.991504451186621e-18,0.0,0.00014884854239355992,50.05294633691289,1.7500365119489079e-16,3.0809994082900784e-17,3.6090910335327515e-13,2.039369151427622e-28,1.1998346282662242e-17,1.1608615335319246,2.8865264205304432e-12,0.00020488089437630707,500000.0,500365.7434263668
0.000660135950321142,0.00011376475814341855,-0.0001110303222342579,298.15147422625785,0.0,0.04634954786189907,150.1362326836685,9.991522973665913e-18,0.0,0.0001488488854899538,50.05306170912367,1.75000722052865e-16,3.0727376288974456e-17,3.5993135686493516e-13,2.0377393073281545e-28,1.1998775100439289e-17,1.1608642093216917,2.8865753112677866e-12,0.0002048809014896116,500000.0,500367.3202892694
0.0006609060364115205,0.00011376467722382337,-9.748339367065925e-05,298.1516979762461,0.0,0.04634964486549617,150.13655305572433,9.991527956805394e-18,0.0,0.00014884920311402847,50.05316851581807,1.7499812887804142e-16,3.064497749393952e-17,3.5895619203643805e-13,2.0361041368662557e-28,1.1999159817582947e-17,1.160866686454253,2.886619556917819e-12,0.00020488090807479752,500000.0,500368.76803718164
0.000661676122501899,0.0001137646102808921,-7.51245154114549e-05,298.1518730729678,0.0,0.046349724786309346,150.13681809305555,9.99149864927095e-18,0.0,0.00014884946587784755,50.05325687478445,1.7499574658341227e-16,3.056279123609759e-17,3.579835323942006e-13,2.0344547326984867e-28,1.1999460880984756e-17,1.1608687357347212,2.8866547224434104e-12,0.00020488091352257833,500000.0,500369.948842153
0.0006624462085922774,0.0001137645631880323,-4.642769532468937e-05,298.1519820718587,0.0,0.04634978044542386,150.13700454156512,9.991418418050014e-18,0.0,0.000148849650726707,50.05331903347213,1.7499343492105024e-16,3.048081235844044e-17,3.570133179030219e-13,2.0327843503165256e-28,1.1999648286021172e-17,1.1608701773607366,2.8866774123366125e-12,0.0002048809173549742,500000.0,500370.7555870629
0.0006632162946826559,0.00011376453968649129,-1.4408213136114885e-05,298.1520145982913,0.0,0.04634980726996909,150.13709758868882,9.991276230088453e-18,0.0,0.00014884974297505325,50.05335005360485,1.7499105255021848e-16,3.0399037401123563e-17,3.5604550947748554e-13,2.0310889912953534e-28,1.1999704186765723e-17,1.1608708968004815,2.886685567146164e-12,0.00020488091926751994,500000.0,500371.1212837551
0.0006639863807730343,0.00011376454108669828,1.7686924675356554e-05,298.15196814000524,0.0,0.04634980365820795,150.1370920460045,9.991067552822145e-18,0.0,0.00014884973747895244,50.05334820544419,1.7498847079446016e-16,3.0317464817803495e-17,3.5508009133034685e-13,2.0293677053025186e-28,1.1999624261250332e-17,1.1608708539367008,2.886678622971016e-12,0.00020488091915357167,500000.0,500371.0243610153
0.0006647564668634128,0.00011376456621471406,4.670751151018291e-05,298.1518480500578,0.0,0.046349771045012686,150.13699256132807,9.990794599366992e-18,0.0,0.00014884963884636773,50.05331503849895,1.749855858884773e-16,3.023609499889017e-17,3.541170709782476e-13,2.0276225858254885e-28,1.1999417717280527e-17,1.1608700847066427,2.8866575205473505e-12,0.00020488091710866522,500000.0,500370.4893781566
0.0006655265529537913,0.00011376461160688656,6.990933058475087e-05,298.15166676826095,0.0,0.046349713663932375,150.13681284800373,9.990465897189865e-18,0.0,0.00014884946067305783,50.0532551245827,1.7498232844206066e-16,3.015493010254133e-17,3.531564769395365e-13,2.025858463000811e-28,1.1999105952287512e-17,1.1608686951428768,2.8866245645306843e-12,0.00020488091341467439,500000.0,500369.58313655853
0.0006662966390441697,0.00011376467192633559,8.521010566437771e-05,298.1514423620916,0.0,0.04634963803809941,150.1365740358441,9.990095239005048e-18,0.0,0.00014884922390765722,50.05317550804307,1.7497866915056264e-16,3.0073973716481455e-17,3.5219835443191347e-13,2.0240823334206993e-28,1.1998720041530031e-17,1.1608668486226426,2.886583151427834e-12,0.0002048809085059158,500000.0,500368.40670856275
0.0006670667251345482,0.00011376474054963656,9.137045880599562e-05,298.15119656393006,0.0,0.046349552263099246,150.13630234819257,9.989700149649008e-18,0.0,0.00014884895454865654,50.05308493133084,1.7497462031674914e-16,2.999323039276534e-17,3.5124275960054985e-13,2.022302596757887e-28,1.1998297359878932e-17,1.1608647479067276,2.8865373993832553e-12,0.0002048809029214029,500000.0,500367.084365337
0.0006678368112249266,0.00011376481025841198,8.808751087994119e-05,298.15095251980335,0.0,0.046349465161627974,150.13602636367727,9.98930004400046e-18,0.0,0.00014884868092963568,50.05299292211173,1.7497023324465486e-16,2.991270510752319e-17,3.5028975291689357e-13,2.020528183518829e-28,1.1997877708462062e-17,1.1608626139671512,2.8864917206100333e-12,0.00020488089724856318,500000.0,500365.7506306884
0.0006686068973153052,0.00011376487396581724,7.599490473786648e-05,298.1507324754202,0.0,0.046349385395528596,150.13577413990313,9.988914263654532e-18,0.0,0.0001488484308676189,50.052908834350504,1.7496559192970328e-16,2.9832402700482424e-17,3.493393924136014e-13,2.0187676613889096e-28,1.1997499335219642e-17,1.160860663747344,2.8864503794838047e-12,0.0002048808920641168,500000.0,500364.53676807653
0.0006693769834056836,0.00011376492540740323,5.6570685418519775e-05,298.15055562271215,0.0,0.0463493206214012,150.13557047828806,9.988560182164773e-18,0.0,0.00014884822895136363,50.05284093645032,1.749608037618992e-16,2.975232734847808e-17,3.4839172740704866e-13,2.0170284059981195e-28,1.1997195233344173e-17,1.1608590890136632,2.8864170790006793e-12,0.00020488088787785555,500000.0,500363.55801018904
0.0006701470694960621,0.00011376495972973957,3.196445322545776e-05,298.15043631326034,0.0,0.046349276771200834,150.13543459375975,9.988251561970769e-18,0.0,0.00014884809423103867,50.05279563436626,1.7495598822284014e-16,2.96724821232008e-17,3.4744679330431385e-13,2.0153159153113555e-28,1.1996990071888147e-17,1.1608580383373188,2.886394615278068e-12,0.00020488088508474272,500000.0,500362.90276020777
0.0006709171555864405,0.00011376497392063475,4.762408357628517e-06,298.15038280753146,0.0,0.04634925752645244,150.13537841161912,9.987997320839734e-18,0.0,0.0001488480385296911,50.052776903806325,1.749512647539992e-16,2.959286867534751e-17,3.4650460797925335e-13,2.0136333272530082e-28,1.1996898047863036e-17,1.1608576039256004,2.88638463280374e-12,0.00020488088392990418,500000.0,500362.62479230383
0.000671687241676819,0.00011376496704452655,-2.227702688541508e-05,298.150396663019,0.0,0.04634926403058573,150.1354056357257,9.987800816234975e-18,0.0,0.00014884806551942163,50.052785979579106,1.7494674102542718e-16,2.9513487066664134e-17,3.4556517000392356e-13,2.011981208240773e-28,1.1996921836757715e-17,1.1608578144170176,2.8863875007507116e-12,0.00020488088448947377,500000.0,500362.73910674563
0.0006724573277671974,0.00011376494026739798,-4.649948707876228e-05,298.1504727969095,0.0,0.046349294858497654,150.1355116498991,9.987659696172346e-18,0.0,0.0001488481706236314,50.05282132272256,1.749425027463535e-16,2.9434335768885986e-17,3.446284588313569e-13,2.0103575565464063e-28,1.1997052700290003e-17,1.1608586341189293,2.8864023177836865e-12,0.00020488088666856597,500000.0,500363.2217063846
0.0006732274138575759,0.0001137648966746918,-6.561417856975969e-05,298.150600198195,0.0,0.04634934623909317,150.13568423877246,9.987566312446963e-18,0.0,0.0001488483417316945,50.05287886082525,1.7493860596346895e-16,2.935541181438026e-17,3.4369443684684484e-13,2.008758096419539e-28,1.1997271710288235e-17,1.160859968581236,2.8864270413220823e-12,0.0002048808902160934,500000.0,500364.0132062068
0.0006739974999479543,0.00011376484090550373,-7.790792827438143e-05,298.1507632024724,0.0,0.04634941250235702,150.1359050359522,9.987508642468301e-18,0.0,0.00014884856063470056,50.05295247082005,1.7493507251923138e-16,2.927671108389709e-17,3.4276305302702064e-13,2.007176768772645e-28,1.199755193853026e-17,1.160861675793654,2.8864587253245027e-12,0.00020488089475453433,500000.0,500365.0258217799
0.0006747675860383328,0.00011376477864550775,-8.23933147563415e-05,298.15094318413804,0.0,0.04634948669908249,150.136151531452,9.987471614169435e-18,0.0,0.0001488488050156757,50.0530346482311,1.7493188901487104e-16,2.9198228697694396e-17,3.4183424778174565e-13,2.0056063848324883e-28,1.1997861364053996e-17,1.1608635817073412,2.886493839412887e-12,0.00020488089982119656,500000.0,500366.1529302245
0.0006755376721287113,0.00011376471603421966,-7.888146074905916e-05,298.1511204823268,0.0,0.04634956132530854,150.13639941830218,9.987438686663033e-18,0.0,0.00014884905077607106,50.0531172894965,1.7492900926913393e-16,2.9119959465719534e-17,3.4090795844883594e-13,2.0040393669359026e-28,1.1998166183248497e-17,1.1608654983790498,2.886528634647004e-12,0.00020488090491645262,500000.0,500367.2801586825
0.0006763077582190897,0.00011376465904777286,-6.797457169650143e-05,298.15127636332966,0.0,0.04634962907670811,150.13662503617832,9.987393520557916e-18,0.0,0.00014884927445843831,50.053192506635746,1.7492635991660577e-16,2.90418983504538e-17,3.399841248773969e-13,2.0024685049917101e-28,1.1998434183374715e-17,1.1608672428654407,2.8865595184015596e-12,0.00020488090955396863,500000.0,500368.2968585659
0.0006770778443094683,0.0001137646129179354,-5.098118050486935e-05,298.1513948278185,0.0,0.046349683558704204,150.13680767162455,9.987321573403583e-18,0.0,0.00014884945552692965,50.053253394108005,1.7492384849009243e-16,2.896404089794779e-17,3.3906269455530633e-13,2.0008876490614846e-28,1.1998637851000322e-17,1.160868655008575,2.886583401702394e-12,0.0002048809133079849,500000.0,500369.10683904035
0.0006778479303998467,0.00011376458164279807,-2.976468786509742e-05,298.1514640918775,0.0,0.04634971988455919,150.13693149539816,9.987211468534981e-18,0.0,0.0001488495782880306,50.053294674692395,1.749213731124175e-16,2.888638359566899e-17,3.381436267991076e-13,1.9992922768857813e-28,1.1998756920190642e-17,1.160869612415603,2.8865979860404684e-12,0.00020488091585313682,500000.0,500369.63733800035
0.0006786180164902252,0.00011376456763435233,-6.542271129656632e-06,298.1514776064898,0.0,0.04634973510615637,150.13698695786928,9.987056009474099e-18,0.0,0.00014884963327399495,50.05331316469233,1.7491883279713213e-16,2.8808924124844925e-17,3.3722689562941185e-13,1.9976798827488166e-28,1.1998780127282823e-17,1.1608700412480963,2.886601963351734e-12,0.00020488091699313602,500000.0,500369.845403891
0.0006793881025806036,0.00011376457153339367,1.634436098850338e-05,298.1514345294522,0.0,0.046349728440260425,150.13697152193188,9.986852750096657e-18,0.0,0.0001488496179694711,50.053308018276496,1.749161373287159e-16,2.873166148647197e-17,3.363124910970529e-13,1.9960501551681733e-28,1.199870602354978e-17,1.1608699218889673,2.8865951121459997e-12,0.0002048809166758343,500000.0,500369.7211404495
0.0006801581886709821,0.0001137645922044932,3.666290156743024e-05,298.15133962115607,0.0,0.04634970127467204,150.1368896829442,9.986604079010484e-18,0.0,0.00014884953683127173,50.05328073412673,1.7491321576392723e-16,2.865459599334222e-17,3.3540041898848116e-13,1.994404932872577e-28,1.1998542796196772e-17,1.160869289096651,2.8865782836986384e-12,0.00020488091499363303,500000.0,500369.2875974793
0.0006809282747613605,0.00011376462690549731,5.2505978894263384e-05,298.1512025937837,0.0,0.04634965696104603,150.1367522976246,9.986316826536234e-18,0.0,0.00014884940062302404,50.05323493170241,1.7491002276219487e-16,2.857772913402501e-17,3.344906990020551e-13,1.9927479509672214e-28,1.1998307148467403e-17,1.1608682268160795,2.88655328334241e-12,0.0002048809121696888,500000.0,500368.5974307554
0.000681698360851739,0.00011376467160912882,6.246776736978235e-05,298.15103699594465,0.0,0.04634960042178911,150.1365753107106,9.986001448672268e-18,0.0,0.0001488492251527469,50.05317592672858,1.7490654219430715e-16,2.8501063327057736e-17,3.335833616326479e-13,1.9910844094117137e-28,1.1998022380278461e-17,1.1608668583331163,2.8865226620069325e-12,0.0002048809085317409,500000.0,500367.72676617064
0.0006824684469421174,0.00011376472144019509,6.576561101442352e-05,298.15085875727635,0.0,0.04634953761565346,150.13637802390062,9.985670881730623e-18,0.0,0.00014884902955663573,50.053110154088266,1.7490278776520146e-16,2.842460159353345e-17,3.326784441184493e-13,1.9894204121856674e-28,1.1997715884147654e-17,1.1608653328898888,2.886489441394543e-12,0.00020488090447653038,500000.0,500366.7669610921
0.0006832385330324959,0.0001137647711817754,6.229650130872607e-05,298.1506845467775,0.0,0.046349474919028265,150.13618109172205,9.985339190857134e-18,0.0,0.00014884883431211523,50.053044499676524,1.7489880068785457e-16,2.834834718320204e-17,3.317759858821747e-13,1.9877623365759458e-28,1.1997416321397769e-17,1.1608638101886974,2.886456801923493e-12,0.0002048809004286064,500000.0,500365.81513927324
0.0006840086191228743,0.00011376481579845021,5.262498649149386e-05,298.15053011210574,0.0,0.04634941848641724,150.1360044499774,9.985020152068137e-18,0.0,0.00014884865918404777,50.052985609776734,1.7489464473291533e-16,2.8272303192455305e-17,3.3087602393258545e-13,1.9861161969025164e-28,1.1997150766590659e-17,1.1608624443746087,2.8864277653002986e-12,0.00020488089679774599,500000.0,500364.96446853504
0.0006851723184376764,0.00011376486404824887,2.890520396035584e-05,298.15036298505197,0.0,0.04634935664216101,150.135813425063,9.98458837989103e-18,0.0,0.0001488484697956579,50.052921924592184,1.7488822170733074e-16,2.815779572570051e-17,3.29520866937303e-13,1.9836622553895626e-28,1.1996863380017522e-17,1.1608609673450578,2.886396276590871e-12,0.00020488089287122954,500000.0,500364.04433151835
0.0006863360177524783,0.0001137648806374357,-4.980637904583903e-07,298.15030021708543,0.0,0.04634933349488543,150.13574774812724,9.984241979285316e-18,0.0,0.00014884840468044698,50.05290002845481,1.7488189125119823e-16,2.804377986908668e-17,3.281715379184071e-13,1.9812580734320602e-28,1.199675541876532e-17,1.1608604595151428,2.886384539411972e-12,0.00020488089152122103,500000.0,500363.7190140191
0.0006871146925344169,0.00011376487254364196,-1.988706774990031e-05,298.15031953224604,0.0,0.046349341466154347,150.13577979328136,9.984062995567474e-18,0.0,0.0001488484364498763,50.05291071148557,1.7487784499570886e-16,2.7967762208409526e-17,3.27271904236114e-13,1.979678240606605e-28,1.1996788595360194e-17,1.1608607072831658,2.88638838566982e-12,0.000204880892179885,500000.0,500363.85864599573
0.0006878933673163556,0.00011376485024321344,-3.67907123799075e-05,298.1503830763182,0.0,0.04634936680135071,150.13586808406637,9.983923832456694e-18,0.0,0.0001488485239826568,50.052940145926186,1.7487402209734494e-16,2.789196317210339e-17,3.2637485810460873e-13,1.9781196531862488e-28,1.1996897813517714e-17,1.1608613899464746,2.8864007297982965e-12,0.00020488089399466929,500000.0,500364.26079732965
0.0006886720420982943,0.00011376481627661038,-4.9638938692533176e-05,298.15048194534023,0.0,0.04634940639544842,150.1360025626395,9.983818096344961e-18,0.0,0.00014884865730718701,50.05298497864987,1.7487045732660742e-16,2.7816380338370015e-17,3.254803691220779e-13,1.9765788808800172e-28,1.1997067766653797e-17,1.1608624297371015,2.8864199127284078e-12,0.00020488089675883576,500000.0,500364.8768454876
0.000689450716880233,0.00011376477426479355,-5.7288639404605005e-05,298.1506040126275,0.0,0.04634945582279302,150.13616889334352,9.983736344321693e-18,0.0,0.00014884882221073112,50.05304043037366,1.748671607111267e-16,2.7741010528264158e-17,3.245883981151429e-13,1.9750512681289673e-28,1.1997277607494148e-17,1.160863715810708,2.886443648957182e-12,0.000204880900177716,500000.0,500365.63843998575
0.0006902293916621717,0.00011376472853729653,-5.912532760527873e-05,298.15073516583607,0.0,0.04634950979166719,150.13634993514336,9.983667058289784e-18,0.0,0.00014884900169923035,50.05310078654573,1.7486411707115255e-16,2.766585007662466e-17,3.236989004919924e-13,1.9735314080741134e-28,1.1997503073856495e-17,1.1608651156315712,2.8864692600585165e-12,0.00020488090389897783,500000.0,500366.4645083416
0.0006910080664441103,0.0001137646836730391,-5.5139607505717845e-05,298.15086080921253,0.0,0.04634956270551473,150.13652755955343,9.983597862526944e-18,0.0,0.0001488491777996423,50.05316000341371,1.748612872078245e-16,2.7590895160764975e-17,3.2281183027261185e-13,1.9720137176598297e-28,1.199771907079251e-17,1.1608664890289293,2.8864939594981188e-12,0.000204880907549993,500000.0,500367.2698636551
0.000691786741226049,0.00011376464401696423,-4.5922684079077176e-05,298.1509674012294,0.0,0.04634960925372585,150.13668456432242,9.983516831301017e-18,0.0,0.0001488493334572168,50.05321234601724,1.7485861222862048e-16,2.7516142143846835e-17,3.2192714421865945e-13,1.9704930199395956e-28,1.1997902314402388e-17,1.1608677029937313,2.8865151463512548e-12,0.00020488091077717308,500000.0,500367.9741918514
0.0006925654160079876,0.00011376461324122274,-3.257776710556189e-05,298.15104380674956,0.0,0.046349644947987295,150.13680641079142,9.98341370178591e-18,0.0,0.00014884945425795715,50.05325296739581,1.748560205512542e-16,2.744158788202479e-17,3.210448054743583e-13,1.9689650667575547e-28,1.199803365711751e-17,1.1608686451120152,2.8865306658241394e-12,0.00020488091328168016,500000.0,500368.51013701974
0.0006933440907899263,0.00011376459400080682,-1.658063024519208e-05,298.15108232238117,0.0,0.04634966654320045,150.13688258734382,9.9832808470671e-18,0.0,0.00014884952978037882,50.053278363141544,1.7485343591517442e-16,2.736722996336546e-17,3.2016478632297566e-13,1.9674269224798116e-28,1.1998099851777802e-17,1.160869234107201,2.886539008720299e-12,0.00020488091484745154,500000.0,500368.829586302
0.0006941227655718649,0.00011376458770848705,3.8152484511554783e-07,298.1510793109602,0.0,0.046349672312582225,150.13690750052052,9.983113933476642e-18,0.0,0.00014884955447898402,50.05328666848305,1.7485078512478887e-16,2.7293066859751166e-17,3.1928706988122696e-13,1.9658772047801775e-28,1.1998094643469056e-17,1.1608694267302584,2.8865394368108002e-12,0.0002048809153595161,500000.0,500368.90771738876
0.0006949014403538036,0.00011376459443800434,1.6580602640109128e-05,298.1510354225173,0.0,0.04634966216600003,150.1368808583364,9.982912234351419e-18,0.0,0.00014884952806429124,50.053277786077054,1.74848005035238e-16,2.7219097986927608e-17,3.184116506817953e-13,1.9643161662872284e-28,1.1998019149961646e-17,1.1608692207235376,2.886532029475182e-12,0.00020488091481187277,500000.0,500368.74465190276
0.0006956801151357423,0.00011376461295858842,3.041916490672176e-05,298.1509553960088,0.0,0.046349637607782934,150.13680753362405,9.982678588841163e-18,0.0,0.00014884945536735084,50.05325334044943,1.748450484664763e-16,2.7145323672571532e-17,3.175385341426632e-13,1.9627456162949574e-28,1.1997881520728247e-17,1.1608686537641324,2.8865176503037077e-12,0.00020488091330468137,500000.0,500368.3646643268
0.0006964587899176809,0.00011376464089771254,4.05877581198282e-05,298.1508474597352,0.0,0.046349601537785626,150.13669691963875,9.98241900932924e-18,0.0,0.0001488493457008754,50.053216463163935,1.7484188850104662e-16,2.7071745035555932e-17,3.166677349780927e-13,1.9611686896963988e-28,1.1997695905405286e-17,1.160867798481372,2.886497836678562e-12,0.0002048809110310175,500000.0,500367.8130175881
0.0006972374646996196,0.0001137646750159654,4.618907347676224e-05,298.15072239180756,0.0,0.04634955791541128,150.1365618417557,9.982141975756024e-18,0.0,0.00014884921178026859,50.053171429999196,1.7483852060021134e-16,2.699836378873406e-17,3.1579927471607e-13,1.95958948685901e-28,1.1997480837493347e-17,1.160866754041985,2.8864746235581666e-12,0.00020488090825450297,500000.0,500367.1507421042
0.0006980161394815582,0.00011376471156244447,4.6814791040569334e-05,298.1505923485492,0.0,0.046349511325217294,150.1364171503717,9.981857498272472e-18,0.0,0.00014884906832859205,50.05312319184425,1.748349623054617e-16,2.6925181988134338e-17,3.1493317860960285e-13,1.9580126260098834e-28,1.1997257219142625e-17,1.1608656352703135,2.8864503217173514e-12,0.0002048809052803837,500000.0,500366.4479583143
0.000698794814263497,0.0001137647466694369,4.2569434400802776e-05,298.15046959491946,0.0,0.046349466494507933,150.1362781582808,9.98157605778649e-18,0.0,0.0001488489305273399,50.05307685374411,1.7483125069202327e-16,2.685220175773663e-17,3.1406947229846396e-13,1.9564427595613384e-28,1.1997046137871035e-17,1.1608645605659886,2.886427275923799e-12,0.0002048809024234107,500000.0,500365.7765143985
0.0006995734890454356,0.00011376477674405437,3.4042239894790336e-05,298.1503652712567,0.0,0.04634942781465951,150.13615909013927,9.981307538974546e-18,0.0,0.0001488488124791987,50.05303715797574,1.748274379793128e-16,2.6779425019311472e-17,3.132081785761326e-13,1.954884105571669e-28,1.1996866746280852e-17,1.1608636399150813,2.886407628731357e-12,0.00020488089997596908,500000.0,500365.202725735
0.0007008034921695126,0.00011376480703503483,1.4355019558600286e-05,298.1502589146877,0.0,0.046349387756815734,150.13603916607423,9.980929275574432e-18,0.0,0.00014884869358192088,50.05299717667028,1.748213598616505e-16,2.6664884109787463e-17,3.118526245082503e-13,1.952452765670886e-28,1.199668384509073e-17,1.1608627126418074,2.8863875711608585e-12,0.00020488089751092173,500000.0,500364.62264435255
0.0007016971990774157,0.00011376481250303321,-2.0631470077582175e-06,298.1502357172163,0.0,0.0463493788684802,150.1360175187366,9.980699449091277e-18,0.0,0.00014884867211910544,50.05298995942037,1.7481702564601963e-16,2.6581982226089636e-17,3.1087151214295215e-13,1.9507132293875744e-28,1.1996643929084882e-17,1.160862545254504,2.8863832545547795e-12,0.00020488089706594215,500000.0,500364.5111808867
0.0007025909059853188,0.0001137648034715466,-1.775070973831315e-05,298.15025858157975,0.0,0.04634938770202691,150.1360532765451,9.980509825276503e-18,0.0,0.00014884870756921414,50.05300188014448,1.7481285611249124e-16,2.6499351039089414e-17,3.09893604906524e-13,1.9489966227008618e-28,1.1996683204628683e-17,1.1608628217279422,2.8863877402728246e-12,0.00020488089780091464,500000.0,500364.66920316976
0.0007034846128932218,0.0001137647815205599,-3.068062201857176e-05,298.1503214281037,0.0,0.04634941232633707,150.13614018420432,9.980356743579859e-18,0.0,0.00014884879373058778,50.05303085342537,1.7480891082414517e-16,2.6416988625267523e-17,3.0891887809209965e-13,1.9473006021497173e-28,1.199679121992162e-17,1.1608634936957254,2.886399920364946e-12,0.00020488089958726251,500000.0,500365.0655565374
0.0007043783198011249,0.0001137647498592177,-3.9269477349745675e-05,298.1504132152277,0.0,0.0463494488190796,150.13626553642942,9.980232006874005e-18,0.0,0.00014884891800688325,50.05307264352065,1.748052192594631e-16,2.633489196629071e-17,3.0794729417112704e-13,1.9456209472284646e-28,1.199694899317748e-17,1.160864462919672,2.8864177279665165e-12,0.00020488090216383022,500000.0,500365.63916767214
0.000705272026709028,0.0001137647128532595,-4.255129235348998e-05,298.15051953418043,0.0,0.04634949184428037,150.13641204881924,9.980124105622314e-18,0.0,0.00014884906326190507,50.053121488082475,1.7480177861536634e-16,2.6253057278596147e-17,3.0697880691164694e-13,1.943952168065126e-28,1.1997131753158535e-17,1.1608655957555427,2.886438437219641e-12,0.00020488090517533942,500000.0,500366.30798496545
0.000706165733616931,0.00011376467541431979,-4.0286009723048254e-05,298.1506246104083,0.0,0.04634953539872859,150.13656027563187,9.980019834987241e-18,0.0,0.0001488492102166493,50.05317090420592,1.7479855514190443e-16,2.617148043084597e-17,3.0601336650533863e-13,1.94228826811056e-28,1.1997312379233291e-17,1.160866741847454,2.886459042553859e-12,0.0002048809082220864,500000.0,500366.9804321698
0.0007070594405248342,0.00011376464233237154,-3.29758238250065e-05,298.15071343837434,0.0,0.04634957362788747,150.1366912527018,9.979906093722525e-18,0.0,0.00014884934006955923,50.05321456953612,1.7479548932475067e-16,2.6090157396377103e-17,3.050509250144292e-13,1.9406235423345134e-28,1.1997465071528528e-17,1.1608677545631079,2.8864766658861686e-12,0.00020488091091426712,500000.0,500367.5678392602
0.0007079531474327372,0.00011376461764458469,-2.1773818377342374e-05,298.15077374519234,0.0,0.0463496015973116,150.1367889962356,9.979771617406215e-18,0.0,0.00014884943697389486,50.05324715532736,1.7479250463175504e-16,2.6009084672011746e-17,3.040914413713347e-13,1.938953338717464e-28,1.1997568727412405e-17,1.160868510314656,2.886488933953761e-12,0.00020488091292333911,500000.0,500367.9961031225
0.0007088468543406403,0.00011376460412880317,-8.302461271637981e-06,298.15079751110346,0.0,0.046349615911759734,150.13684250826006,9.97960840246005e-18,0.0,0.00014884949002598544,50.05326499502818,1.7478951843121575e-16,2.5928259612789565e-17,3.031348852424108e-13,1.9372746184542717e-28,1.1997609556706162e-17,1.1608689240649759,2.886494273402211e-12,0.00020488091402324273,500000.0,500368.2149524925
0.0007097405612485433,0.00011376460298694311,5.581737221309202e-06,298.15078185732057,0.0,0.04634961510217799,150.13684703015196,9.979412633396882e-18,0.0,0.0001488494945080107,50.05326650218831,1.7478645321471005e-16,2.584768063524874e-17,3.021812392772083e-13,1.9355862920949745e-28,1.1997582609092498e-17,1.1608689590200472,2.886492086463735e-12,0.00020488091411616642,500000.0,500368.203633608
0.0007106342681564464,0.00011376461375032264,1.8040800957132243e-05,298.1507292179266,0.0,0.046349599741419514,150.1368044174841,9.979185015436693e-18,0.0,0.0001488494522596328,50.053252295426596,1.7478324653555454e-16,2.576734727056864e-17,3.012304995406754e-13,1.9338892807486773e-28,1.199749207005434e-17,1.160868629527294,2.886482790358398e-12,0.00020488091324025127,500000.0,500367.97245247546
0.0007115279750643496,0.00011376463440668116,2.7494029054337693e-05,298.15064681247503,0.0,0.046349572288991975,150.136722637132,9.978930503538813e-18,0.0,0.00014884937117941508,50.0532250307742,1.747798585461779e-16,2.5687260071078967e-17,3.0028267418360014e-13,1.9321863126922117e-28,1.1997350353802306e-17,1.160867997187174,2.8864677227817203e-12,0.00020488091155925416,500000.0,500367.5602049746
0.0007124216819722526,0.00011376466172264661,3.281522559479044e-05,298.15054551718714,0.0,0.04634953669690927,150.1366144905423,9.97865749042023e-18,0.0,0.00014884926395903776,50.05318897603234,1.747762763536683e-16,2.560742038899023e-17,2.9933778061010627e-13,1.9304814932699948e-28,1.1997176161680399e-17,1.160867160981398,2.8864489314574035e-12,0.0002048809093363051,500000.0,500367.02800709434
0.0007133153888801557,0.00011376469171395465,3.346422826381175e-05,298.1504382992594,0.0,0.04634949783495081,150.1364957520202,9.97837657535115e-18,0.0,0.00014884914623754884,50.05314939010659,1.747725147214518e-16,2.5527830060609562e-17,2.9839584156313393e-13,1.9287797108267104e-28,1.1996991789358398e-17,1.160866242878035,2.8864288785563677e-12,0.0002048809068956406,500000.0,500366.4504338234
0.0007142090957880587,0.00011376472019789469,2.95364136112452e-05,298.15033843146205,0.0,0.04634946081542485,150.13638298148675,9.978099086060227e-18,0.0,0.0001488490344328759,50.053111793814516,1.747686130915911e-16,2.5448491040472633e-17,2.974568806750974e-13,1.927085961113099e-28,1.1996820056657966e-17,1.1608653709195915,2.8864101010459065e-12,0.00020488090457764573,500000.0,500365.905199925
0.0007151028026959618,0.00011376474335190777,2.1725937802885362e-05,298.15025773150245,0.0,0.04634943031042342,150.136291312913,9.977835558101504e-18,0.0,0.00014884894354922335,50.05308123258435,1.7476462943688082e-16,2.5369405035700796e-17,2.965209180940498e-13,1.9254046827679341e-28,1.1996681280572726e-17,1.1608646621230265,2.8863948735564153e-12,0.00020488090269339603,500000.0,500365.4628013232
0.0007165696677507509,0.00011376476235609621,3.6703702055100437e-06,298.1501889031632,0.0,0.04634940346335511,150.13621607478447,9.977454357789514e-18,0.0,0.0001488488689544315,50.0530561487708,1.747580920724594e-16,2.524015026551208e-17,2.949912279168573e-13,1.9226804438020169e-28,1.1996562895484937e-17,1.1608640803623864,2.8863818737846717e-12,0.0002048809011468557,500000.0,500365.09531638137
0.0007175102098184908,0.00011376475991625257,-8.585515264184144e-06,298.15019197397703,0.0,0.04634940412476473,150.13622573558547,9.977250276733145e-18,0.0,0.00014884887853124489,50.05305936914327,1.7475401916030127e-16,2.515763363159449e-17,2.9401467162249726e-13,1.9209588196934772e-28,1.1996568141139178e-17,1.1608641550514285,2.886382521273605e-12,0.00020488090134540766,500000.0,500365.13276224746
0.0007184507518862308,0.00011376474661281902,-1.921426590973495e-05,298.1502290171243,0.0,0.04634941806412329,150.1362784066878,9.977076840938395e-18,0.0,0.00014884893074956662,50.05307692847461,1.7475011211310656e-16,2.507539721073089e-17,2.930414316409549e-13,1.919255697421127e-28,1.1996631793285506e-17,1.1608645622992313,2.8863896881891138e-12,0.00020488090242802692,500000.0,500365.3712082535
0.0007193912939539709,0.00011376472467599679,-2.676399116131022e-05,298.15029217764106,0.0,0.04634944255559064,150.13636525849967,9.976928459060472e-18,0.0,0.0001488490168555144,50.0531058831176,1.7474640411739899e-16,2.4993438646877727e-17,2.9207147856912554e-13,1.9175680852782532e-28,1.199674034814122e-17,1.1608652338347516,2.8864019126475675e-12,0.00020488090421322283,500000.0,500365.767904759
0.0007203318360217108,0.00011376469748407395,-3.028037183936544e-05,298.1503701990453,0.0,0.04634947347008748,150.1364729160119,9.976796286940328e-18,0.0,0.00014884912358876357,50.053141774054296,1.7474290046709142e-16,2.4911754858279393e-17,2.911047746837227e-13,1.9158917159886687e-28,1.199687445391131e-17,1.1608660662414518,2.8864170703458562e-12,0.00020488090642607453,500000.0,500366.25917854276
0.0007212723780894508,0.00011376466905135793,-2.9406891792440088e-05,298.1504501060185,0.0,0.0463495059011545,150.1365854860955,9.976669580821312e-18,0.0,0.00014884923519246104,50.0531793027651,1.7473957936803942e-16,2.4830342371866942e-17,2.90141278050536e-13,1.9142216821419449e-28,1.1997011803063486e-17,1.160866936632509,2.8864326932207736e-12,0.00020488090873990204,500000.0,500366.7700442481
0.0007222129201571909,0.00011376464342866506,-2.4430788172493903e-05,298.1505191379593,0.0,0.04634953489769434,150.1366869310182,9.976537303068061e-18,0.0,0.00014884933576639065,50.053213122522024,1.7473639544360892e-16,2.4749197707990476e-17,2.891809471965896e-13,1.912553164764457e-28,1.1997130456290855e-17,1.1608677210030178,2.886446337429593e-12,0.00020488091082505357,500000.0,500367.2253957306
0.0007231534622249308,0.00011376462410594213,-1.623437802362783e-05,298.1505666269059,0.0,0.04634955619411772,150.13676343355462,9.976389751182592e-18,0.0,0.0001488494116118031,50.053238626879136,1.7473328665432287e-16,2.4668317759481463e-17,2.8822374563144744e-13,1.9108821381456092e-28,1.1997212071494587e-17,1.1608683125171917,2.8864559432097615e-12,0.00020488091239751984,500000.0,500367.56107551325
0.0007240940042926708,0.0001137646135155667,-6.142352965803965e-06,298.1505855012739,0.0,0.04634956681744301,150.13680536352194,9.976219946359228e-18,0.0,0.00014884945318108996,50.05325260528477,1.7473018410633969e-16,2.458770010280833e-17,2.872696454678334e-13,1.9092059354852363e-28,1.1997244489585482e-17,1.1608686367137613,2.886460126001545e-12,0.0002048809132593555,500000.0,500367.7329814479
0.0007250345463604107,0.00011376461271654703,4.298753603664613e-06,298.1505731786164,0.0,0.04634956547329319,150.13680852811575,9.976024553702088e-18,0.0,0.00014884945631739804,50.05325365992378,1.7472702273878324e-16,2.4507343192136032e-17,2.86318629571045e-13,1.907523580496894e-28,1.1997223270118382e-17,1.1608686611736594,2.8864583526755473e-12,0.00020488091332437907,500000.0,500367.72274995403
0.0007259750884281508,0.00011376462130021278,1.3559205847543343e-05,298.1505317436825,0.0,0.046349552661171176,150.13677454531697,9.975804209517326e-18,0.0,0.00014884942262483484,50.0532423302056,1.7472375074207112e-16,2.4427246411554233e-17,2.8537069198705453e-13,1.9058358512874303e-28,1.199715199768619e-17,1.1608683984072312,2.886450981733642e-12,0.0002048809126258478,500000.0,500367.53930385574
0.0007269156304958908,0.00011376463751485611,2.034507440970796e-05,298.15046743896767,0.0,0.046349530522114775,150.13671035041543,9.97556325105722e-18,0.0,0.00014884935897922343,50.05322092824694,1.7472033638659163e-16,2.434740998916937e-17,2.8442583672455624e-13,1.9041450855814736e-28,1.1997041405820074e-17,1.1608679020386399,2.886439171704746e-12,0.00020488091130631462,500000.0,500367.2163442427
0.0007278561725636307,0.00011376465857574733,2.3773013852119187e-05,298.1503895871485,0.0,0.046349502459771805,150.13662696858904,9.975308931665103e-18,0.0,0.00014884927631120604,50.05319312966892,1.7471677167522844e-16,2.4267834796376573e-17,2.834840751910953e-13,1.9024547731813257e-28,1.1996907523805026e-17,1.1608672573153582,2.8864246799109075e-12,0.00020488090959239888,500000.0,500366.8064319197
0.0007287967146313708,0.00011376468110861766,2.3481581674808893e-05,298.1503091208081,0.0,0.04634947259834376,150.13653775906175,9.975050255761221e-18,0.0,0.00014884918786545745,50.05316338822695,1.7471307255872317e-16,2.4188522066371455e-17,2.8254542271061865e-13,1.9007690021545612e-28,1.1996769148294767e-17,1.160866567531872,2.8864095846052275e-12,0.00020488090775869574,500000.0,500366.37264100893
0.0007297372566991108,0.00011376470166151919,1.9664426188840892e-05,298.1502369346212,0.0,0.04634944515696046,150.13645638856093,9.974796605512713e-18,0.0,0.00014884910719151944,50.05313626019328,1.747092757261594e-16,2.4109473073427227e-17,2.816098946351286e-13,1.8990918398552604e-28,1.1996645009980512e-17,1.1608659383603048,2.886395971187549e-12,0.0002048809060861213,500000.0,500365.97900873824
0.0007306777987668507,0.00011376471721029695,1.302090280262528e-05,298.1501823004988,0.0,0.04634942383186989,150.1363948300884,9.974556360096495e-18,0.0,0.00014884904615973096,50.053115737178636,1.7470543245524325e-16,2.4030688819726517e-17,2.806775026169143e-13,1.8974267390730046e-28,1.1996551048947205e-17,1.1608654623767736,2.8863856283101923e-12,0.0002048809048207779,500000.0,500365.6811760844
0.0007316183408345908,0.0001137647255828257,4.633729287480119e-06,298.1501515790381,0.0,0.046349411277924045,150.13636168333267,9.974335712530716e-18,0.0,0.00014884901329604222,50.0531046861841,1.747016005286191e-16,2.395216977577342e-17,2.797482515871847e-13,1.8957760566470128e-28,1.1996498199772312e-17,1.1608652060746913,2.886379798680994e-12,0.00020488090413943035,500000.0,500365.51860288944
0.0007325588829023308,0.00011376472574121065,-4.204654216201141e-06,298.150147409732,0.0,0.04634940876366987,150.13636105742677,9.974137854697625e-18,0.0,0.00014884901267435237,50.05310447713007,1.7469783552977806e-16,2.3873915711027208e-17,2.788221378636555e-13,1.8941407525280066e-28,1.1996490999796099e-17,1.160865201226172,2.8863790199569273e-12,0.00020488090412654116,500000.0,500365.50946935837
0.0007334994249700707,0.00011376471788629477,-1.2188750624638581e-05,298.1501684790506,0.0,0.04634941604362203,150.13639215720687,9.973962635436276e-18,0.0,0.0001488490435063158,50.05311484492142,1.7469418284157334e-16,2.3795925635320944e-17,2.7789914861091583e-13,1.8925203057954503e-28,1.1996527190685173e-17,1.160865441682951,2.8863830753708595e-12,0.00020488090476576595,500000.0,500365.64890267694
0.0007344399670378108,0.00011376470337767153,-1.8190136840200436e-05,298.1502098729552,0.0,0.046349431456027324,150.13644959989068,9.973806719080898e-18,0.0,0.0001488491004553049,50.05313399502307,1.7469067146682699e-16,2.3718197853648487e-17,2.7697926265957475e-13,1.8909128493996435e-28,1.199659832443427e-17,1.1608658858249665,2.8863910561003403e-12,0.00020488090594646268,500000.0,500365.91062971513
0.0007353805091055508,0.00011376468448914289,-2.1414144420118024e-05,298.1502639365005,0.0,0.046349452221750104,150.13652438323263,9.973664198716999e-18,0.0,0.0001488491745962642,50.05315892622776,1.7468731047158302e-16,2.3640730120543867e-17,2.760624524958078e-13,1.8893154941055804e-28,1.1996691240899887e-17,1.1608664640462045,2.8864015213127446e-12,0.00020488090748359213,500000.0,500366.2516616086
0.0007363210511732907,0.00011376466404143405,-2.1502263526723093e-05,298.1503214963988,0.0,0.04634947489317807,150.1366053396311,9.97352755745289e-18,0.0,0.00014884925485734895,50.05318591543252,1.7468408845916245e-16,2.3563519867456135e-17,2.7514868708128217e-13,1.887724786315667e-28,1.199679016930587e-17,1.160867089997962,2.8864127289292545e-12,0.00020488090914760673,500000.0,500366.6192141059
0.0007372615932410307,0.00011376464497008239,-1.8566293191981447e-05,298.1503732554646,0.0,0.0463494958823635,150.13668084689823,9.973388825531011e-18,0.0,0.00014884932971602613,50.05321108798249,1.7468097603917244e-16,2.34865644659927e-17,2.7423793505772776e-13,1.8861372348233128e-28,1.1996879125380297e-17,1.160867673816642,2.88642290096566e-12,0.00020488091069961528,500000.0,500366.95877533563
0.0007382021353087708,0.00011376462989398444,-1.3153007015961728e-05,298.150411149052,0.0,0.04634951198836506,150.13674053644175,9.973240757029182e-18,0.0,0.0001488493888926092,50.05323098715187,1.7467793081780918e-16,2.3409861489675678e-17,2.733301678542774e-13,1.8845498099711744e-28,1.1996944243520167e-17,1.1608681353315387,2.8864304834491755e-12,0.00020488091192649426,500000.0,500367.22210082726
0.0007396821543755902,0.0001137646186938778,-1.78962717945611e-06,298.1504296878326,0.0,0.04634952202582317,150.13678488107885,9.972976207511758e-18,0.0,0.00014884943285520112,50.053245770348596,1.7467315816887103e-16,2.3289669582668422e-17,2.719077123052133e-13,1.8820472367942983e-28,1.199697606773103e-17,1.1608684781933647,2.8864346305008392e-12,0.00020488091283794892,500000.0,500367.40150230756
0.0007406911172647572,0.00011376462095737316,6.011626984605064e-06,298.1504109471229,0.0,0.04634951676972363,150.13677592082303,9.972770119947603e-18,0.0,0.0001488494239705407,50.05324278272505,1.7466983817982563e-16,2.3208084897194468e-17,2.709421668996468e-13,1.8803369512849166e-28,1.1996943813765238e-17,1.1608684089023955,2.886431458737268e-12,0.00020488091265374777,500000.0,500367.33993814536
0.0007417000801539243,0.00011376463042061198,1.2332203800545369e-05,298.15037017701655,0.0,0.046349502713762376,150.13673845576446,9.97254492924487e-18,0.0,0.0001488493868254928,50.05323029204804,1.7466641631357207e-16,2.3126785617381584e-17,2.699799995581914e-13,1.8786245016089795e-28,1.1996873685445554e-17,1.1608681192102308,2.88642403524879e-12,0.0002048809118836381,500000.0,500367.1459816545
0.0007427090430430913,0.00011376464507747187,1.620348529813787e-05,298.15031426356535,0.0,0.046349482309929205,150.13668042844893,9.972305758195629e-18,0.0,0.0001488493292944996,50.053210946237535,1.7466287479019967e-16,2.304577191103271e-17,2.690212133065047e-13,1.8769124438567486e-28,1.1996777522296571e-17,1.1608676705292083,2.886413649865042e-12,0.00020488091069087666,500000.0,500366.8577845282
0.0007437180059322582,0.0001137646621607183,1.7105116940898408e-05,298.15025228722584,0.0,0.046349458940477435,150.1366127947671,9.972059921978386e-18,0.0,0.0001488492622395101,50.053188397815404,1.746592185876149e-16,2.296504439537676e-17,2.680658162004112e-13,1.8752041480321445e-28,1.199667093641813e-17,1.1608671475710666,2.8864020230504995e-12,0.0002048809093006587,500000.0,500366.5272672946
0.0007447269688214252,0.00011376467861780942,1.5015749131331874e-05,298.1501939807495,0.0,0.04634943633636691,150.13654764015882,9.971815657653583e-18,0.0,0.00014884919764233734,50.05316667587745,1.7465547318855575e-16,2.28846038525317e-17,2.67113817857712e-13,1.8735032205929265e-28,1.1996570660896791e-17,1.1608666437813009,2.886391012766005e-12,0.00020488090796139715,500000.0,500366.21122431423
0.0007457359317105923,0.00011376469162449184,1.040657853775168e-05,298.15014809669486,0.0,0.04634941794952237,150.13649614621264,9.971580734433961e-18,0.0,0.00014884914658869295,50.05314950818968,1.7465167989258072e-16,2.2804450925743186e-17,2.6616522582069836e-13,1.8718129015181642e-28,1.1996491743131018e-17,1.1608662456167627,2.8863823025731902e-12,0.00020488090690292673,500000.0,500365.96177655924
0.0007467448945997593,0.0001137646990505498,4.1550914539910434e-06,298.15012096789025,0.0,0.04634940638357773,150.13646674671375,9.971361169490167e-18,0.0,0.00014884911744004637,50.053139706443574,1.7464788869356038e-16,2.2724585849178137e-17,2.6522004236457045e-13,1.8701355201654837e-28,1.1996445070195877e-17,1.1608660182880888,2.8863771245470823e-12,0.0002048809062986019,500000.0,500365.81778287113
0.0007477538574889263,0.0001137646997939947,-2.617833164290711e-06,298.1501155266959,0.0,0.04634940298542155,150.13646380456242,9.971160275698395e-18,0.0,0.00014884911452188812,50.05313872516156,1.7464414950326706e-16,2.264500825560634e-17,2.6427826232564484e-13,1.8684721360588874e-28,1.1996435683062435e-17,1.1608659955295395,2.8863760677911264e-12,0.00020488090623810114,500000.0,500365.798765382
0.0007487628203780933,0.00011376469392399833,-8.753823403593998e-06,298.1501309547549,0.0,0.04634940767050302,150.1364870458963,9.970978213094827e-18,0.0,0.00014884913756270404,50.05314647304223,1.7464050353025313e-16,2.2565717095739832e-17,2.633398723218792e-13,1.866822420378561e-28,1.1996462174737093e-17,1.1608661752235914,2.8863790062604012e-12,0.0002048809067157953,500000.0,500365.90242824407
0.0007497717832672604,0.00011376468261504313,-1.3254979835032173e-05,298.1501629949552,0.0,0.04634941900331761,150.13653182079844,9.970812106429713e-18,0.0,0.00014884918195244803,50.053161399876316,1.7463697666070196e-16,2.248671068427215e-17,2.624048514376442e-13,1.8651847540477412e-28,1.1996517226496899e-17,1.1608665214167504,2.8863851531623945e-12,0.0002048809076361064,500000.0,500366.1060549456
0.0007507807461564274,0.00011376466789804526,-1.5441315365096823e-05,298.15020482538387,0.0,0.04634943450159234,150.13659008862138,9.970656670306787e-18,0.0,0.00014884923971941736,50.05318082503824,1.746335759005988e-16,2.2407986845849367e-17,2.6147317314204e-13,1.8635565757755529e-28,1.1996589110272478e-17,1.1608669719381481,2.8863932237218783e-12,0.00020488090883376083,500000.0,500366.37127447315
0.0007517897090455944,0.00011376465228318347,-1.5047814094736317e-05,298.1502483106274,0.0,0.046349451097276693,150.1366519112416,9.970505198979295e-18,0.0,0.00014884930101070329,50.05320143531373,1.7463028913118058e-16,2.23295431366644e-17,2.605448080247324e-13,1.8619348382859427e-28,1.1996663839604033e-17,1.1608674499454958,2.8864016715751302e-12,0.00020488091010448288,500000.0,500366.6511609322
0.0007527986719347614,0.00011376463832242385,-1.2250303386821262e-05,298.1502854086553,0.0,0.04634946567124171,150.13670718507356,9.970350740113965e-18,0.0,0.0001488493558093537,50.053219862326095,1.7462708795196175e-16,2.2251377097828594e-17,2.596197268590129e-13,1.8603165335880036e-28,1.1996727588268426e-17,1.160867877317139,2.8864089567249463e-12,0.00020488091124059606,500000.0,500366.8983932811
0.0007538076348239285,0.0001137646281836567,-7.61805253581102e-06,298.1503095032234,0.0,0.04634947557378999,150.1367473271233,9.970187259681927e-18,0.0,0.00014884939560596983,50.053233244639955,1.7462393305749747e-16,2.21734864987602e-17,2.5869790349163034e-13,1.8586991874506942e-28,1.1996768981070112e-17,1.160868187688748,2.8864138011811717e-12,0.00020488091206567936,500000.0,500367.0731358774
0.0007548165977130954,0.00011376462330521864,-2.0023650448646672e-06,298.1503164473142,0.0,0.04634947904691785,150.13676664279546,9.970010609444348e-18,0.0,0.0001488494147547847,50.05323968376667,1.7462078123330087e-16,2.20958695326292e-17,2.5777931709808154e-13,1.8570812457187017e-28,1.1996780887991106e-17,1.1608683370292994,2.8864153910952794e-12,0.00020488091246268208,500000.0,500367.14936834207
0.0007558255606022624,0.00011376462418625034,3.6179917049674233e-06,298.1503051515761,0.0,0.04634947548055338,150.13676315591067,9.969819140326497e-18,0.0,0.00014884941129656378,50.05323852087906,1.746175927482297e-16,2.2018524932625592e-17,2.568639534501686e-13,1.8554622909801466e-28,1.1996761436068454e-17,1.1608683100588313,2.8864134931428525e-12,0.00020488091239098457,500000.0,500367.1186511691
0.0007568345234914294,0.00011376463034376731,8.306200111823303e-06,298.15027763399195,0.0,0.04634946546502761,150.13673877867467,9.96961386961264e-18,0.0,0.00014884938712711657,50.05323039347651,1.7461433784949592e-16,2.194145199260779e-17,2.5595180502246157e-13,1.8538430588063996e-28,1.1996714094861731e-17,1.160868121562657,2.8864084684129265e-12,0.00020488091188989167,500000.0,500366.99077731214
0.0007578434863805965,0.00011376464043655755,1.1322100120235242e-05,298.1502385456557,0.0,0.04634945063963907,150.13669882114655,9.969398193007545e-18,0.0,0.00014884934751097084,50.053217071849296,1.7461100128597894e-16,2.186465049348531e-17,2.5504286997753424e-13,1.8522252596578796e-28,1.1996646861029149e-17,1.1608678125985372,2.886401185873308e-12,0.00020488091106855014,500000.0,500366.7913333359
0.0007588524492697635,0.00011376465252700528,1.2236989566055237e-05,298.15019427767027,0.0,0.04634943337263672,150.13665095463074,9.969177212027521e-18,0.0,0.0001488493000536533,50.05320111348981,1.7460758419914462e-16,2.1788120552789295e-17,2.5413715026196325e-13,1.8506112460241508e-28,1.1996570722660058e-17,1.1608674424815526,2.886392854812976e-12,0.0002048809100846414,500000.0,500366.5567295816
0.0007598614121589305,0.00011376466443048913,1.099140827614527e-05,298.1501518183381,0.0,0.04634941633416603,150.13660382835067,9.96895680743726e-18,0.0,0.00014884925333022434,50.05318540191332,1.7460410320044843e-16,2.1711862426689473e-17,2.532346491789152e-13,1.849003587940681e-28,1.1996497694337959e-17,1.1608670780881245,2.886384808126756e-12,0.0002048809091159479,500000.0,500366.3276507735
0.0007608703750480975,0.0001137646740906071,7.889356068419099e-06,298.1501175609503,0.0,0.04634940203765098,150.13656558387834,9.968742623682304e-18,0.0,0.0001488492154124458,50.053172651391996,1.7460058691619884e-16,2.1635876299516228e-17,2.5233536886488745e-13,1.8474046315355506e-28,1.1996438767423509e-17,1.160866782369476,2.8863782745139097e-12,0.0002048809083298174,500000.0,500366.14208174497
0.0007618793379372646,0.00011376467991664396,3.531024894914258e-06,298.15009626282205,0.0,0.0463493924273281,150.1365425190593,9.968539136801371e-18,0.0,0.0001488491925441622,50.05316496152865,1.745970706804782e-16,2.1560162096817987e-17,2.514393080950273e-13,1.8458161119272536e-28,1.19964021205139e-17,1.1608666040210047,2.8863741779964225e-12,0.00020488090785570056,500000.0,500366.02908778744
0.0007628883008264316,0.00011376468102847667,-1.3003595794891531e-06,298.1500903231779,0.0,0.046349388578915955,150.13653811840928,9.968348958254156e-18,0.0,0.00014884918818001118,50.053163494006085,1.7459359033797393e-16,2.1484719350364346e-17,2.5054646076549334e-13,1.8442388929080862e-28,1.1996391878174187e-17,1.1608665699852379,2.8863729971123287e-12,0.00020488090776522077,500000.0,500366.0043572387
0.0007638972637155985,0.00011376467737222433,-5.776787948622253e-06,298.15009948603733,0.0,0.04634939055826569,150.13655259524785,9.968172480654408e-18,0.0,0.00014884920253148323,50.05316831994169,1.7459017623078067e-16,2.1409547137254464e-17,2.496568152709208e-13,1.8426728537426194e-28,1.1996407600257675e-17,1.1608666819115778,2.8863747045882576e-12,0.0002048809080627628,500000.0,500366.06817066297
0.0007649062266047655,0.0001137646696932449,-9.165333366082534e-06,298.15012099828164,0.0,0.04634939745436663,150.136582998609,9.968007908664803e-18,0.0,0.00014884923267291536,50.053178455529746,1.7458684836655182e-16,2.1334644097568773e-17,2.4877035483424995e-13,1.8411169509104164e-28,1.1996444553663286e-17,1.1608669169829422,2.8863787938805677e-12,0.00020488090868767022,500000.0,500366.2060247214
0.0007659151894939325,0.00011376465937720597,-1.0946277681054084e-05,298.1501501766845,0.0,0.04634940757359554,150.13662384245765,9.967851652653271e-18,0.0,0.00014884927316531285,50.05319207181235,1.7458361352162152e-16,2.126000852369445e-17,2.4788705868518457e-13,1.8395694320683262e-28,1.1996494687091262e-17,1.1608672327809113,2.886384384369675e-12,0.000204880909527179,500000.0,500366.39169086993
0.0007669241523830996,0.00011376464819115417,-1.0890870354175183e-05,298.1501812725862,0.0,0.04634941875619076,150.13666813082258,9.967699004448e-18,0.0,0.00014884931707269142,50.05320683644257,1.745804646766196e-16,2.1185638505953437e-17,2.470069038530995e-13,1.838028144798603e-28,1.1996548117433591e-17,1.160867575212129,2.886390384441083e-12,0.0002048809104374887,500000.0,500366.5920988456
0.0007679331152722666,0.00011376463797189163,-9.087040268633713e-06,298.15020847776685,0.0,0.046349428757130856,150.13670859155093,9.967544971381918e-18,0.0,0.00014884935718525362,50.05322032499886,1.7457738277789896e-16,2.1111532101215005e-17,2.4612986724333737e-13,1.8364909272660351e-28,1.1996594859056461e-17,1.1608678880477836,2.886395682879337e-12,0.00020488091126912223,500000.0,500366.7731553117
0.0007689420781614336,0.00011376463031609911,-5.910857912024162e-06,298.150226897033,0.0,0.046349435624879996,150.13673890315397,9.96738512220084e-18,0.0,0.00014884938723571444,50.0532304299962,1.7457434043215132e-16,2.103768750265075e-17,2.452559276365025e-13,1.8349559547287555e-28,1.1996626495884771e-17,1.1608681224096673,2.886399335311534e-12,0.0002048809118921432,500000.0,500366.90548326814
0.0007705629949513893,0.00011376462598522228,5.673780525462621e-07,298.15023057127047,0.0,0.04634943691883186,150.13675605170718,9.967108654282297e-18,0.0,0.00014884940423524366,50.053236146387796,1.7456945901928587e-16,2.091959922653789e-17,2.4385836883028367e-13,1.832491881920195e-28,1.199663276445395e-17,1.1608682549880618,2.8864002819013254e-12,0.00020488091224458584,500000.0,500366.96895424905
0.0007716849335426299,0.00011376462908629527,4.706074776057947e-06,298.1502139863476,0.0,0.046349430360294736,150.13674377550478,9.96690174759281e-18,0.0,0.00014884939206293116,50.05323205323331,1.7456603328322828e-16,2.0838253945435424e-17,2.4289565803923127e-13,1.8307875209849753e-28,1.1996604217776264e-17,1.1608681600568769,2.8863972699469947e-12,0.00020488091199222352,500000.0,500366.89995099884
0.0007728068721338707,0.00011376463616239822,7.576380183648384e-06,298.1501854886944,0.0,0.04634941894330253,150.13671576160158,9.966684559465318e-18,0.0,0.0001488493642878612,50.05322271337657,1.745625421006141e-16,2.0757227652673505e-17,2.419367230432694e-13,1.8290854787460132e-28,1.1996555190587712e-17,1.160867943440651,2.886391945746256e-12,0.00020488091141637716,500000.0,500366.75827470905
0.0007739288107251113,0.00011376464547609718,8.66817814635908e-06,298.15015087357654,0.0,0.046349404791430696,150.13667888875156,9.966461625059402e-18,0.0,0.00014884932772980575,50.053210420086124,1.7455898192647594e-16,2.0676520006696926e-17,2.4098156038288226e-13,1.82738786892544e-28,1.19964956464556e-17,1.1608676583264081,2.886385402695303e-12,0.00020488091065843758,500000.0,500366.57668279466
0.000775050749316352,0.00011376465493373821,7.86143060512848e-06,298.150116870482,0.0,0.04634939046363885,150.1366414460271,9.96623855992943e-18,0.0,0.00014884929060676228,50.05319793680849,1.745553663946847e-16,2.0596130858849395e-17,2.400301685880941e-13,1.8256971459896164e-28,1.1996437154932756e-17,1.1608673688058548,2.886378922701474e-12,0.0002048809098887843,500000.0,500366.39422017895
0.0007761726879075926,0.00011376466251601276,5.415793573745017e-06,298.1500897766178,0.0,0.04634937842801338,150.1366114281469,9.966020893587751e-18,0.0,0.00014884926084489847,50.05318792885729,1.7455172223899463e-16,2.051606002318378e-17,2.390825454234058e-13,1.824015601374853e-28,1.1996390542185303e-17,1.160867136694734,2.886373714999316e-12,0.0002048809092717466,500000.0,500366.2482190093
0.0007772946264988334,0.00011376466668011701,1.907688458652382e-06,298.15007420874633,0.0,0.046349370570231856,150.13659494327482,9.965812964127046e-18,0.0,0.00014884924450000368,50.05318243259844,1.745480835064774e-16,2.0436307064444412e-17,2.381386853969972e-13,1.8223449050391451e-28,1.1996363745234685e-17,1.1608670092218112,2.8863706761658322e-12,0.00020488090893287613,500000.0,500366.1668737908
0.000778416565090074,0.00011376466665630262,-1.8911752942074068e-06,298.15007222096983,0.0,0.04634936783110884,150.13659503894334,9.96561708071907e-18,0.0,0.00014884924459347918,50.05318246403139,1.7454448461264134e-16,2.0356871144062426e-17,2.371985780120783e-13,1.8206857810645953e-28,1.1996360295343999e-17,1.160867009950827,2.886370218517152e-12,0.00020488090893481414,500000.0,500366.1638307733
0.0007795385036813147,0.00011376466257606325,-5.181810156712127e-06,298.15008298178196,0.0,0.04634937004992337,150.13661119455116,9.965433126189284e-18,0.0,0.00014884926060918757,50.053187849595815,1.7454095323349576e-16,2.02777509549387e-17,2.3626220712682155e-13,1.819037893149038e-28,1.1996378762999056e-17,1.1608671348564548,2.8863722041341098e-12,0.0002048809092668598,500000.0,500366.23594773223
0.0007806604422725554,0.000113764655404947,-7.308447456112107e-06,298.15010307614165,0.0,0.04634937604653926,150.13663958736723,9.965258686254161e-18,0.0,0.00014884928875717594,50.05319731485327,1.7453750469119986e-16,2.019894475939105e-17,2.3532955154708413e-13,1.8173999539491479e-28,1.1996413277088857e-17,1.1608673543810615,2.8863759980860694e-12,0.0002048809098504379,500000.0,500366.36469228537
0.0007817823808637961,0.00011376464670085326,-7.889500880152572e-06,298.150127343072,0.0,0.04634938391682418,150.136674049461,9.965089663368341e-18,0.0,0.00014884932292240076,50.053208803512554,1.745341392810881e-16,2.0120450516696044e-17,2.344005866721005e-13,1.815770038243343e-28,1.1996454964934923e-17,1.1608676208337625,2.886380624945551e-12,0.00020488091055876823,500000.0,500366.5207518724
0.0007829043194550367,0.00011376463826038419,-6.881698689322924e-06,298.1501500350742,0.0,0.046349391464892475,150.1367074678383,9.964921212990987e-18,0.0,0.00014884935605285853,50.053219944213176,1.7453084301555942e-16,2.0042266068220313e-17,2.3347528676758956e-13,1.8141460081031648e-28,1.1996493945399013e-17,1.160867879216372,2.886384988500212e-12,0.00020488091124564516,500000.0,500366.6706672817
0.0007840262580462773,0.00011376463173629072,-4.570180914243493e-06,298.1501660315589,0.0,0.04634939667067907,150.13673329902437,9.964748779592762e-18,0.0,0.00014884938166118163,50.05322855546342,1.7452759129361298e-16,1.9964389335745342e-17,2.3255362733616684e-13,1.8125259590563148e-28,1.199652141502233e-17,1.1608680789342705,2.8863881037098423e-12,0.00020488091177656945,500000.0,500366.7839396393
0.0007851481966375181,0.0001137646283064696,-1.4929220036651716e-06,298.150171854576,0.0,0.04634939809450667,150.1367468795542,9.964569013617352e-18,0.0,0.00014884939512389215,50.0532330825373,1.7452435447635413e-16,1.9886818491326902e-17,2.316355870928582e-13,1.8109085922941264e-28,1.1996531394351082e-17,1.1608681839292088,2.8863892926115418e-12,0.00020488091205568494,500000.0,500366.8391220318
0.0007862701352287587,0.0001137646284571439,1.681655337331383e-06,298.15016629683623,0.0,0.04634939514209341,150.1367462843975,9.964380394690786e-18,0.0,0.00014884939453246589,50.05323288365996,1.745211041624054e-16,1.9809552067156245e-17,2.307211491809898e-13,1.8092934438383007e-28,1.1996521807742035e-17,1.1608681793167137,2.886388307408714e-12,0.0002048809120434232,500000.0,500366.82774679066
0.0007873920738199994,0.00011376463191714969,4.297734473362697e-06,298.15015055759204,0.0,0.046349388144870926,150.1367325871306,9.964183452645963e-18,0.0,0.0001488493809512739,50.05322831674489,1.745178189206859e-16,1.9732588987338872e-17,2.2981030143392863e-13,1.8076809327757489e-28,1.1996494717017886e-17,1.1608680733977552,2.886385360131412e-12,0.00020488091176185135,500000.0,500366.7554238725
0.00078851401241124,0.00011376463774994697,5.846194473208452e-06,298.15012788052746,0.0,0.04634937824752353,150.1367094956513,9.963980559375158e-18,0.0,0.00014884935805642037,50.05322061794696,1.7451448835061136e-16,1.9655928519223563e-17,2.2890303567924486e-13,1.8060722268825817e-28,1.1996455698875739e-17,1.160867894842067,2.8863810569799975e-12,0.00020488091128718412,500000.0,500366.6400129253
0.0007896359510024808,0.00011376464457821326,6.062378520862025e-06,298.15010278795165,0.0,0.04634936713347798,150.1366824629764,9.963775351593989e-18,0.0,0.00014884933125416518,50.05321160521634,1.7451111468488904e-16,1.9579570158006833e-17,2.2799934627297076e-13,1.8044689606411722e-28,1.1996412528214132e-17,1.1608676858127698,2.8863762546408e-12,0.00020488091073150668,500000.0,500366.5073606763
0.0007907578895937214,0.00011376465088887309,4.9686906156720824e-06,298.1500800871649,0.0,0.046349356652081536,150.13665747958353,9.963571919762091e-18,0.0,0.0001488493064836204,50.05320327568415,1.745077116992506e-16,1.9503513471730738e-17,2.2709922820501717e-13,1.802872870464079e-28,1.1996373469798328e-17,1.1608674926286693,2.8863718716654542e-12,0.0002048809102179516,500000.0,500366.3855900909
0.0007918798281849621,0.00011376465535130043,2.8557908427535526e-06,298.1500638664269,0.0,0.04634934842968092,150.13663981360259,9.96337394278193e-18,0.0,0.0001488492889677442,50.05319738566215,1.745043012895121e-16,1.9427757940941198e-17,2.262026751920841e-13,1.8012854269748973e-28,1.1996345552115473e-17,1.1608673560233271,2.886368696272979e-12,0.00020488090985480386,500000.0,500366.2991977938
0.0007936614412640731,0.00011376465660247757,-1.3950936126979383e-06,298.1500572947314,0.0,0.04634934250455736,150.13663486221824,9.963076626090301e-18,0.0,0.0001488492840566358,50.053195734215635,1.7449893105796302e-16,1.9308076811897242e-17,2.247862717491258e-13,1.7987844496334953e-28,1.1996334205113048e-17,1.1608673177218738,2.8863672874811263e-12,0.0002048809097529844,500000.0,500366.27155542513
0.0007948917613879495,0.00011376465319783462,-3.9074047356113214e-06,298.15006623369084,0.0,0.04634934363021422,150.136648343186,9.962884090495554e-18,0.0,0.0001488492974205053,50.05320022805251,1.74495294226575e-16,1.9225869042923167e-17,2.2381335831790077e-13,1.7970714306739638e-28,1.1996349539326162e-17,1.1608674219459572,2.8863688943673755e-12,0.00020488091003005075,500000.0,500366.3316628728
0.000796122081511826,0.00011376464733307891,-5.351769496795523e-06,298.1500825368893,0.0,0.046349347762723606,150.13667156408258,9.962699434461268e-18,0.0,0.00014884932044078832,50.053207969028655,1.7449173312194125e-16,1.9144018345880948e-17,2.2284467001584007e-13,1.7953685304887003e-28,1.1996377534319569e-17,1.1608676014798749,2.8863719315127846e-12,0.00020488091050731855,500000.0,500366.43673277606
0.0007973524016357024,0.00011376464052729809,-5.446827689706161e-06,298.1501012182597,0.0,0.04634935304539108,150.13669851063366,9.962518634303122e-18,0.0,0.0001488493471547801,50.053216952079495,1.7448824475896182e-16,1.9062522434001223e-17,2.2188017943251783e-13,1.793673892090308e-28,1.199640961809021e-17,1.1608678098208223,2.886375454293765e-12,0.00020488091106116607,500000.0,500366.5582610085
0.0007985827217595788,0.0001137646344308138,-4.2585191220514205e-06,298.1501170524166,0.0,0.046349357461122585,150.13672264898656,9.962337206846873e-18,0.0,0.0001488493710846527,50.05322499892117,1.744848124540615e-16,1.8981378962386652e-17,2.2091985874918147e-13,1.791985574070278e-28,1.199643680712597e-17,1.1608679964485786,2.8863784633541314e-12,0.00020488091155729184,500000.0,500366.6656039957
0.0007998130418834553,0.00011376463042701948,-2.147963466765637e-06,298.1501258164963,0.0,0.046349359319075245,150.13673850208957,9.962151300843442e-18,0.0,0.00014884938680031755,50.053230283590686,1.7448141113158662e-16,1.8900585724131292e-17,2.1996368204566047e-13,1.7903020039254154e-28,1.199645184138798e-17,1.1608681190141836,2.886380143065879e-12,0.00020488091188311663,500000.0,500366.7333400709
0.0008010433620073318,0.0001137646293185593,3.241460767482528e-07,298.15012523992414,0.0,0.04634935763822376,150.13674289215768,9.961958573482994e-18,0.0,0.00014884939115123756,50.05323174666441,1.7447801354333887e-16,1.8820140802613166e-17,2.1901162704412492e-13,1.7886223237989816e-28,1.1996450817226443e-17,1.1608681529467735,2.886380045402868e-12,0.00020488091197332203,500000.0,500366.747022554
0.0008022736821312082,0.00011376463116133974,2.533612205427431e-06,298.1501154632974,0.0,0.04634935235023923,150.13673559784783,9.9617586795847e-18,0.0,0.00014884938391796762,50.05322931435007,1.7447459660772245e-16,1.8740042649898377e-17,2.1806367594151709e-13,1.7869465598442505e-28,1.1996433976378082e-17,1.1608680965349085,2.8863781810977257e-12,0.00020488091182335839,500000.0,500366.70614935365
0.0008035040022550846,0.00011376463528308894,3.9492244544147075e-06,298.15009889969804,0.0,0.04634934427680451,150.1367192807809,9.961553269200453e-18,0.0,0.0001488493677393065,50.05322387399024,1.7447114684039225e-16,1.8660290078004053e-17,2.1711981515691241e-13,1.7852755588726168e-28,1.1996405467455095e-17,1.160867970358433,2.886374997180801e-12,0.00020488091148793456,500000.0,500366.6236834789
0.0008047343223789611,0.0001137646404826677,4.263735137406867e-06,298.15007953212904,0.0,0.0463493348860061,150.13669869643851,9.961345489503019e-18,0.0,0.00014884934732995982,50.0532170109878,1.7446766339480197e-16,1.8580882159142188e-17,2.1618003405791327e-13,1.7836107497549843e-28,1.1996372138163182e-17,1.160867811187075,2.8863712462528563e-12,0.0002048809110647981,500000.0,500366.52223152225
0.0008059646425028376,0.00011376464535660642,3.460904344036511e-06,298.1500618385307,0.0,0.04634932589322524,150.13667940135412,9.961139122404474e-18,0.0,0.00014884932819881637,50.05321057780374,1.7446415769447324e-16,1.8501818070562818e-17,2.152443230177673e-13,1.7819537320364954e-28,1.1996341686992756e-17,1.1608676619843534,2.8863677829745452e-12,0.00020488091066816195,500000.0,500366.4279111046
0.0008071949626267139,0.00011376464866135147,1.8028304962947404e-06,298.1500496443898,0.0,0.04634931881838446,150.13666631892787,9.960937601856899e-18,0.0,0.0001488493152270604,50.0532062158223,1.7446064984509036e-16,1.842309692033791e-17,2.143126713481994e-13,1.7803058668811397e-28,1.1996320690680037e-17,1.1608675608183534,2.8863653446525355e-12,0.00020488091039922522,500000.0,500366.36362388666
0.0008084252827505904,0.00011376464961340813,-2.5229950258334624e-07,298.1500452089768,0.0,0.04634931461910141,150.13666255112156,9.960743178604026e-18,0.0,0.000148849311490056,50.053204959188854,1.7445716306481898e-16,1.83447176044816e-17,2.1338506565921053e-13,1.7786679430951704e-28,1.1996313033295786e-17,1.160867531673669,2.886364374626035e-12,0.00020488091032174786,500000.0,500366.34354418004
0.0008096556028744669,0.00011376464805531723,-2.1750004641133173e-06,298.15004876062335,0.0,0.04634931348782664,150.136668721337,9.960556434148115e-18,0.0,0.0001488493176058594,50.05320701573574,1.7445371775302968e-16,1.8266678729142326e-17,2.1246148902811196e-13,1.7770400094092392e-28,1.1996319107357085e-17,1.1608675793704868,2.8863649302994904e-12,0.0002048809104485437,500000.0,500366.37013968406
0.0008108859229983432,0.0001137646444572573,-3.498348378130238e-06,298.15005856023265,0.0,0.046349314849886386,150.13668296807356,9.960376235527053e-18,0.0,0.00014884933172893157,50.0532117648679,1.7445032665344405e-16,1.8188978610595217e-17,2.1154192111172088e-13,1.7754213992037063e-28,1.1996335923029392e-17,1.16086768951555,2.8863666918016555e-12,0.00020488091074135015,500000.0,500366.43425748264
0.0008121162431222197,0.00011376463976589333,-3.92870891593853e-06,298.15007143967085,0.0,0.046349317548226014,150.1367015433553,9.960200109966217e-18,0.0,0.00014884935014343372,50.05321795706904,1.7444699215644822e-16,1.8111615347050063e-17,2.1062633909873223e-13,1.7738109276220006e-28,1.1996358033698452e-17,1.1608678331292377,2.8863690619098287e-12,0.00020488091112312855,500000.0,500366.51803157007
0.0008133465632460962,0.00011376463514589542,-3.4082889631444703e-06,298.1500836574537,0.0,0.046349320159336446,150.13671983609186,9.960024924342026e-18,0.0,0.00014884936827781335,50.05322405507405,1.7444370625654839e-16,1.803458694021449e-17,2.0971471921715138e-13,1.7722072034098092e-28,1.1996379007021589e-17,1.1608679745582655,2.8863713278020868e-12,0.0002048809114990993,500000.0,500366.5997452647
0.0008145768833699727,0.00011376463168184835,-2.1166708871230226e-06,298.1500918492509,0.0,0.04634932135759259,150.13673355225907,9.959847690013713e-18,0.0,0.00014884938187486563,50.05322862732274,1.7444045305830452e-16,1.7957891434441347e-17,2.0880703840176687e-13,1.7706089745299884e-28,1.1996393059018631e-17,1.1608680806009284,2.8863728425006594e-12,0.00020488091178099993,500000.0,500366.65937746817
0.000815807203493849,0.00011376463011525962,-4.137607177166249e-07,298.1500938364028,0.0,0.04634932023669346,150.13673975612255,9.959666290469017e-18,0.0,0.00014884938802402857,50.05323069508735,1.7443721310344868e-16,1.7881527038668368e-17,2.079032757066539e-13,1.7690154215018544e-28,1.199639644410166e-17,1.1608681285579152,2.886373180731184e-12,0.00020488091190848734,500000.0,500366.6834451509
0.0008170375236177255,0.00011376463068011165,1.2588559101933265e-06,298.1500890991077,0.0,0.04634931651065736,150.1367375213115,9.959479955439636e-18,0.0,0.00014884938580687464,50.053229949530426,1.7443396835326448e-16,1.7805492202049055e-17,2.0700341312848258e-13,1.7674263283436876e-28,1.1996388268617484e-17,1.1608681112664603,2.886372231836664e-12,0.00020488091186252026,500000.0,500366.6679767079
0.000818267843741602,0.00011376463307291186,2.4914258253854635e-06,298.15007881352074,0.0,0.046349310550427854,150.13672804939634,9.9592893762467e-18,0.0,0.00014884937641467138,50.05322679123668,1.744307065468702e-16,1.7729785627236826e-17,2.0610743567100878e-13,1.7658420948306222e-28,1.1996370554637428e-17,1.1608680380171934,2.8863702098090737e-12,0.00020488091166779657,500000.0,500366.6189706585
0.0008194981638654784,0.00011376463655741953,3.0054829991667055e-06,298.15006546710515,0.0,0.04634930325587119,150.136714255259,9.959096453079318e-18,0.0,0.00014884936273730696,50.05322219198196,1.7442742388657125e-16,1.765440622147291e-17,2.052153306811395e-13,1.7642635980920605e-28,1.199634757866124e-17,1.1608679313481918,2.8863675824231206e-12,0.00020488091138423086,500000.0,500366.55036151066
0.0008207284839893548,0.00011376464017040673,2.7151927793202166e-06,298.1500521716059,0.0,0.04634929580428582,150.13669995245493,9.958903757712124e-18,0.0,0.00014884934855563734,50.05321742314574,1.7442412548351575e-16,1.757935300387267e-17,2.0432708667074922e-13,1.7626919324970568e-28,1.1996324690381624e-17,1.1608678207461425,2.886364941645337e-12,0.00020488091109020965,500000.0,500366.48013917415
0.0008219588041132313,0.00011376464297164967,1.7375252191358302e-06,298.15004186124975,0.0,0.04634928934485199,150.13668886346127,9.958713861300337e-18,0.0,0.00014884933756022128,50.05321372574342,1.7442082358422727e-16,1.750462498944953e-17,2.0344269194570543e-13,1.7611281343559887e-28,1.199630693431253e-17,1.1608677349935075,2.886362850815677e-12,0.0002048809108622474,500000.0,500366.42568974494
0.0008231891242371078,0.00011376464427379026,3.516635601350468e-07,298.15003658101966,0.0,0.046349284717685756,150.13668370962324,9.958528701020259e-18,0.0,0.00014884933244906965,50.05321200702876,1.7441753414294666e-16,1.743022108599796e-17,2.0256213339262214e-13,1.7595729145824367e-28,1.1996297826156494e-17,1.160867695131925,2.886361707710328e-12,0.00020488091075628054,500000.0,500366.3995545206
0.0008244194443609842,0.00011376464379744675,-1.0775216600392996e-06,298.1500370325043,0.0,0.04634928226425718,150.13668559705127,9.958349137861627e-18,0.0,0.00014884933431880856,50.053212635761604,1.7441427267255164e-16,1.7356140024731642e-17,2.0168539570829584e-13,1.7580264944365668e-28,1.1996298572046452e-17,1.160867709713921,2.8863616558089013e-12,0.00020488091079504488,500000.0,500366.4066122741
0.0008256497644848606,0.00011376464171780172,-2.1945044003316826e-06,298.15004247403147,0.0,0.04634928177044933,150.1366938321735,9.95817480243058e-18,0.0,0.00014884934248181317,50.053215380715976,1.7441105043153582e-16,1.728238033855605e-17,2.008124612304731e-13,1.7564885758641264e-28,1.1996307896917793e-17,1.1608677733767474,2.886362562774465e-12,0.00020488091096428426,500000.0,500366.44329460413
0.0008268800846087371,0.00011376463859657665,-2.740542784068351e-06,298.1500509820963,0.0,0.04634928254970205,150.1367061910573,9.958004251918818e-18,0.0,0.0001488493547332201,50.05321950046769,1.7440787186691716e-16,1.7208940393096412e-17,1.9994331037596402e-13,1.7549584337338378e-28,1.199632249391707e-17,1.1608678689247967,2.886364068107835e-12,0.00020488091121828635,500000.0,500366.4989267437
0.0008281104047326135,0.00011376463522217987,-2.6119044324735248e-06,298.1500599906707,0.0,0.04634928363838977,150.1367195522848,9.957835383961835e-18,0.0,0.00014884936797837604,50.05322395438504,1.7440473387578133e-16,1.7135818459318984e-17,1.9907792254396332e-13,1.7534351047527718e-28,1.1996337951521177e-17,1.1608679722230395,2.886365684600204e-12,0.0002048809114928913,500000.0,500366.55875170615
0.00082934072485649,0.00011376463240273318,-1.8767993327804368e-06,298.15006695933744,0.0,0.046349284048792724,150.13673071638834,9.957665990925539e-18,0.0,0.0001488493790452473,50.053227675815776,1.7440162696951314e-16,1.7063012803264e-17,1.9821627722876287e-13,1.7519176437854098e-28,1.1996349902264026e-17,1.1608680585329614,2.8863669254657723e-12,0.00020488091172233503,500000.0,500366.60779501055
0.0008305710449803664,0.00011376463076579949,-7.491414455760217e-07,298.1500699977875,0.0,0.04634928301387812,150.13673719875723,9.95749430893034e-18,0.0,0.00014884938547052765,50.053229836429736,1.7439853794938196e-16,1.6990521775531553e-17,1.973583550543289e-13,1.7504053399755052e-28,1.199635509631693e-17,1.1608681086433723,2.886367424262907e-12,0.00020488091185554702,500000.0,500366.6345671526
0.0008324398534382056,0.00011376463116315552,1.0518267431705934e-06,298.15006545242363,0.0,0.04634927791718984,150.1367356278742,9.957227262979975e-18,0.0,0.00014884938391082766,50.05322931195339,1.743938506308639e-16,1.6881009295533012e-17,1.9606228832323387e-13,1.7481174241054056e-28,1.1996347237151177e-17,1.1608680964793674,2.8863664316873513e-12,0.0002048809118232106,500000.0,500366.62163578125
0.0008338201096085645,0.000113764633328592,1.9090727328865066e-06,298.1500564285994,0.0,0.046349271864917434,150.13672705630918,9.95702598023537e-18,0.0,0.000148849375411071,50.053226453760566,1.7439037583343879e-16,1.6800587248782252e-17,1.951105034915758e-13,1.7464352260258727e-28,1.1996331690528028e-17,1.1608680301902428,2.886364601764526e-12,0.0002048809116469896,500000.0,500366.57776547037
0.0008352003657789233,0.00011376463619186082,2.0732891228962204e-06,298.15004558242566,0.0,0.0463492649597292,150.1367157219286,9.956823574126898e-18,0.0,0.00014884936417218863,50.05322267448844,1.7438688715249085e-16,1.6720555294821226e-17,1.94163335817371e-13,1.744760523560716e-28,1.1996313011111136e-17,1.1608679425388284,2.886362403770011e-12,0.0002048809114139797,500000.0,500366.52159104875
0.0008365806219492822,0.00011376463877071912,1.5472226776140794e-06,298.1500360406665,0.0,0.046349258402162884,150.13670551357023,9.956622693492928e-18,0.0,0.00014884935404967337,50.05321927061443,1.743833930440199e-16,1.664091196180134e-17,1.932207679301515e-13,1.7430944059792191e-28,1.1996296574420006e-17,1.1608678635938994,2.8863604348404076e-12,0.00020488091120411485,500000.0,500366.4713792389
0.000837960878119641,0.00011376464024737342,5.479208098218422e-07,298.15003029540696,0.0,0.046349253191757936,150.1366996689923,9.956425607615038e-18,0.0,0.00014884934825352112,50.05321732155626,1.743799083388745e-16,1.6561655718464655e-17,1.9228278156998458e-13,1.7414377321708906e-28,1.1996286664813343e-17,1.1608678183900356,2.886359176524063e-12,0.00020488091108394625,500000.0,500366.44215085736
0.0008393411342899999,0.00011376464020023278,-5.826216829473939e-07,298.1500295131676,0.0,0.04634924984379821,150.13669985733145,9.956233553312521e-18,0.0,0.00014884934843855657,50.05321738377789,1.7437644891111316e-16,1.6482784873946187e-17,1.9134935646645525e-13,1.7397908818420186e-28,1.1996285287746621e-17,1.1608678198331235,2.8863588604734673e-12,0.0002048809110877825,500000.0,500366.44144998863
0.0008407213904603587,0.00011376463870219864,-1.4895056568249278e-06,298.15003327864633,0.0,0.04634924826917899,150.13670578996079,9.956046436396664e-18,0.0,0.00014884935431862766,50.053219361055646,1.7437302683881972e-16,1.640429753570975e-17,1.9042046992788901e-13,1.7381536645034271e-28,1.199629172923169e-17,1.1608678656914784,2.886359416641637e-12,0.00020488091120969098,500000.0,500366.4676116622
0.0008421016466307177,0.00011376463626626922,-1.9088721420899295e-06,298.150039820856,0.0,0.046349247840892005,150.13671543584925,9.955862946238842e-18,0.0,0.00014884936388011842,50.05322257627566,1.7436964715871198e-16,1.632619163279242e-17,1.8949609720471725e-13,1.7365254020862745e-28,1.199630294461371e-17,1.1608679402610214,2.8863605137866416e-12,0.00020488091140792442,500000.0,500366.5108628534
0.0008434819028010765,0.00011376463366270139,-1.7408998305307718e-06,298.1500466333959,0.0,0.046349247617497764,150.13672574544265,9.955681027061608e-18,0.0,0.0001488493740996231,50.05322601276446,1.7436630677737867e-16,1.624846499336701e-17,1.8857621247421028e-13,1.7349051515095708e-28,1.1996314624908081e-17,1.1608680199623784,2.886361675994554e-12,0.0002048809116198001,500000.0,500366.5567872507
0.0008448621589714353,0.00011376463166791579,-1.0724571789431585e-06,298.1500512863427,0.0,0.04634924665002375,150.13673364478234,9.955498550047158e-18,0.0,0.0001488493819295409,50.05322864571255,1.7436299578771917e-16,1.6171115449892436e-17,1.876607901204423e-13,1.7332920000235028e-28,1.1996322592605105e-17,1.16086808102748,2.886362437096787e-12,0.00020488091178213374,500000.0,500366.59101608384
0.0008462424151417942,0.00011376463082392403,-1.410180876164394e-07,298.1500521740697,0.0,0.04634924427600223,150.13673698796745,9.955313974281414e-18,0.0,0.000148849385242371,50.05322975971026,1.7435970085002542e-16,1.6094140940062347e-17,1.8674980590791205e-13,1.731685332602088e-28,1.199632408730938e-17,1.160868106864065,2.8863624843954503e-12,0.00020488091185081694,500000.0,500366.60367168137
0.000847622671312153,0.00011376463128290604,7.481604407083011e-07,298.1500489676136,0.0,0.04634924030943397,150.13673517249572,9.955126791179953e-18,0.0,0.00014884938344077734,50.05322915389283,1.7435640954119526e-16,1.601753957185515e-17,1.8584323768936897e-13,1.7300849944089871e-28,1.1996318543466895e-17,1.1608680928135422,2.886361747199423e-12,0.00020488091181346547,500000.0,500366.592186327
0.0008490029274825119,0.0001137646327829883,1.3222063679225537e-06,298.15004264034013,0.0,0.04634923507039271,150.13672923516165,9.954937620165165e-18,0.0,0.00014884937755266434,50.05322717391123,1.7435311418314794e-16,1.5941309633881736e-17,1.849410654469303e-13,1.728491299145328e-28,1.1996307634489307e-17,1.1608680468924815,2.8863604043275376e-12,0.0002048809116913903,500000.0,500366.5616659061
0.0008503831836528707,0.00011376463475621694,1.4240533618163796e-06,298.15003508127086,0.0,0.04634922925305542,150.1367214245749,9.954747942591444e-18,0.0,0.00014884936980736092,50.053224569416614,1.7434981391243558e-16,1.5865449551055428e-17,1.8404327069375192e-13,1.7269048891879427e-28,1.1996294607978714e-17,1.1608679864872957,2.88635881243623e-12,0.00020488091153081099,500000.0,500366.5228094255
0.0008517634398232297,0.00011376463652571448,1.053577308381484e-06,298.15002844598536,0.0,0.046349223684729005,150.13671442058865,9.954559581780375e-18,0.0,0.00014884936286174176,50.05322223382993,1.7434651446053964e-16,1.5789957803612023e-17,1.831498354731981e-13,1.7253265017727923e-28,1.1996283169795169e-17,1.1608679323188031,2.8863573831436116e-12,0.00020488091138681108,500000.0,500366.48820623074
0.0008531436959935885,0.0001137646375231995,3.569660689781412e-07,298.15002446908346,0.0,0.046349219059989,150.13671047310848,9.954374112172673e-18,0.0,0.00014884935894642063,50.05322091723436,1.7434322590320173e-16,1.5714832837976293e-17,1.8226074130340773e-13,1.7237567219465235e-28,1.1996276302036893e-17,1.1608679017834367,2.886356451478519e-12,0.00020488091130563678,500000.0,500366.4682990553
0.0008545239521639473,0.0001137646374575801,-4.2831630171214294e-07,298.15002395524476,0.0,0.04634921573461834,150.13671073460765,9.95419238722151e-18,0.0,0.00014884935920398876,50.0532210038464,1.7433995923115612e-16,1.564007299780138e-17,1.8137596839942893e-13,1.7221958002306225e-28,1.1996275388089393e-17,1.160867903792203,2.8863561772813783e-12,0.00020488091131097683,500000.0,500366.4682955153
0.0008559042083343062,0.00011376463638644132,-1.0528746096588995e-06,298.1500265921744,0.0,0.04634921363823317,150.136714977099,9.95401432224474e-18,0.0,0.00014884936340841398,50.05322241765868,1.7433672287229426e-16,1.5565676494567343e-17,1.8049549538798729e-13,1.7206435861923813e-28,1.1996279891058924e-17,1.1608679365822883,2.886356507433014e-12,0.000204880911398145,500000.0,500366.4869070318
0.000857284464504665,0.00011376463467546032,-1.3331610195127005e-06,298.1500311198519,0.0,0.046349212323887605,150.13672175281565,9.95383898044294e-18,0.0,0.0001488493701243433,50.053224676008504,1.7433352022899269e-16,1.5491641423526578e-17,1.7961929956220065e-13,1.7190995899145727e-28,1.199628764473229e-17,1.1608679889594553,2.886357206150827e-12,0.00020488091153738288,500000.0,500366.5171711798
0.0008586647206750239,0.00011376463286556871,-1.2039723389939174e-06,298.1500357807104,0.0,0.04634921113043332,150.1367289201337,9.95366491577409e-18,0.0,0.00014884937722851622,50.05322706491207,1.7433034892237064e-16,1.5417965816725148e-17,1.7874735755780098e-13,1.7175631440057784e-28,1.199629562752172e-17,1.1608680443645123,2.886357939580577e-12,0.00020488091168467,500000.0,500366.5489681639
0.0008600449768453828,0.00011376463149442638,-7.310750981736275e-07,298.1500388948745,0.0,0.04634920940072135,150.13673435038203,9.953490651342109e-18,0.0,0.00014884938261051396,50.05322887470388,1.743272018722974e-16,1.5344647714243484e-17,1.7787964621360864e-13,1.7160336100504346e-28,1.199630095139544e-17,1.1608680863384206,2.8863583853020964e-12,0.00020488091179625217,500000.0,500366.57235256594
0.0008614252330157417,0.00011376463092989603,-8.285260859690157e-08,298.15003937591285,0.0,0.04634920668513596,150.13673658714,9.953315137719565e-18,0.0,0.000148849384826404,50.05322961983617,1.7432406976740288e-16,1.527168523053676e-17,1.7701614333953596e-13,1.7145105634665472e-28,1.1996301748566979e-17,1.1608681036200308,2.8863583315509155e-12,0.0002048809118421931,500000.0,500366.58062599995
0.0008628054891861005,0.00011376463126681789,5.291486140764025e-07,298.1500370295832,0.0,0.046349202867760605,150.1367352549217,9.953138049785617e-18,0.0,0.00014884938350392008,50.05322917512783,1.743209440703677e-16,1.5199076595648042e-17,1.7615682815941755e-13,1.7129938998261699e-28,1.199629768509513e-17,1.160868093306058,2.8863577357833714e-12,0.00020488091181477473,500000.0,500366.5722064148
0.0008641857453564593,0.00011376463231553633,9.186552895093646e-07,298.15003255528086,0.0,0.04634919818040072,150.13673110460047,9.9529598387671e-18,0.0,0.0001488493793874971,50.053227790908245,1.7431781958811335e-16,1.5126820160250863e-17,1.753016813134742e-13,1.7114838342398421e-28,1.1996289963376804e-17,1.16086806120231,2.886356726727322e-12,0.0002048809117294311,500000.0,500366.55078227323
0.0008665453982746273,0.00011376463471168377,8.185302975257763e-07,298.1500234346343,0.0,0.046349189429649953,150.13672162082693,9.952655306764567e-18,0.0,0.00014884936998215537,50.05322462819662,1.743124805667987e-16,1.5004103526993676e-17,1.7384934411749832e-13,1.7089186806662261e-28,1.1996274233092735e-17,1.1608679878505817,2.886354698119013e-12,0.00020488091153443507,500000.0,500366.5036944699
0.0008679365690807406,0.0001137646356069771,3.5174712892695905e-07,298.15001994796836,0.0,0.04634918490288676,150.13671807795117,9.952478211044094e-18,0.0,0.00014884936646795602,50.053223446485326,1.743093433618306e-16,1.4932231118739763e-17,1.729987427246544e-13,1.7074169889225255e-28,1.1996268209479112e-17,1.1608679604435417,2.886353850955455e-12,0.00020488091146157703,500000.0,500366.4859660478
0.0008693277398868539,0.00011376463571508836,-2.3397418897536288e-07,298.15001905363806,0.0,0.04634918133824903,150.13671765163977,9.952304069026876e-18,0.0,0.0001488493660435979,50.053223303787625,1.7430622395750753e-16,1.4860710669861627e-17,1.721523067917323e-13,1.7059235665282802e-28,1.1996266642724595e-17,1.1608679571340028,2.886353494563496e-12,0.00020488091145277903,500000.0,500366.48302279727
0.0008707189106929671,0.00011376463502271173,-7.391574402790666e-07,298.1500206908146,0.0,0.046349178751998725,150.13672039457228,9.952132972498003e-18,0.0,0.00014884936876130892,50.05322421766607,1.743031296036009e-16,1.478954046949141e-17,1.7131001590838864e-13,1.7044383549324718e-28,1.1996269428249417e-17,1.1608679783292868,2.886353622543048e-12,0.00020488091150912393,500000.0,500366.4949380315
0.0008721100814990804,0.00011376463376830558,-1.001310379121925e-06,298.15002401567085,0.0,0.0463491768526821,150.1367253626587,9.951964322103087e-18,0.0,0.00014884937368509418,50.053225873375865,1.7430006404238945e-16,1.471871871837255e-17,1.7047184864077604e-13,1.7029610161385693e-28,1.1996275115358663e-17,1.160868016729622,2.8863540780274835e-12,0.0002048809116112062,500000.0,500366.51713413914
0.0008735012523051937,0.0001137646323557637,-9.456923515969019e-07,298.1500277024877,0.0,0.046349175146644196,150.1367309568269,9.951797045088035e-18,0.0,0.0001488493792295929,50.05322773781151,1.7429702641877458e-16,1.4648243561217404e-17,1.6963778295888904e-13,1.7014910406787808e-28,1.1996281424890743e-17,1.1608680599708667,2.8863546098578845e-12,0.0002048809117261574,500000.0,500366.5420324122
0.000874892423111307,0.00011376463122221063,-6.038387575214291e-07,298.15003037422804,0.0,0.04634917309961462,150.13673544643945,9.951629946762091e-18,0.0,0.00014884938367900702,50.053229234005634,1.7429401175734328e-16,1.45781131364113e-17,1.6880779684697555e-13,1.7000279032785945e-28,1.1996285989460833e-17,1.1608680946716068,2.8863549543196076e-12,0.00020488091181840477,500000.0,500366.5615280655
0.0008762835939174203,0.0001137646306984734,-9.713253180761625e-08,298.1500310389781,0.0,0.04634917030724427,150.1367375217052,9.951462092363047e-18,0.0,0.0001488493857347762,50.05322992529447,1.7429101273207234e-16,1.4508325629972637e-17,1.6798186892169448e-13,1.6985712118199569e-28,1.199628710377102e-17,1.1608681107044432,2.8863549188832277e-12,0.00020488091186102598,500000.0,500366.56957201246
0.0008776747647235336,0.0001137646309072747,4.053793853968908e-07,298.1500293922915,0.0,0.046349166619537446,150.13673669674768,9.951293094946658e-18,0.0,0.0001488493849151902,50.05322964969442,1.7428802209030832e-16,1.4438879312866204e-17,1.6715997885710258e-13,1.6971208244035838e-28,1.1996284244419524e-17,1.1608681043125437,2.8863544410450843e-12,0.00020488091184403396,500000.0,500366.5640274812
0.0008790659355296469,0.00011376463173155554,7.42579954443302e-07,298.1500258893553,0.0,0.046349162179568915,150.13673343501992,9.951123217542228e-18,0.0,0.00014884938167972808,50.05322856171345,1.742850349456782e-16,1.4369772553946155e-17,1.6634210748502617e-13,1.6956768693309344e-28,1.199627819396273e-17,1.1608680790793604,2.886353603558e-12,0.00020488091177695483,500000.0,500366.5472107298
0.0008804571063357601,0.00011376463286111057,8.12627568902147e-07,298.1500215700641,0.0,0.04634915736648408,150.1367289646688,9.950953262649507e-18,0.0,0.00014884937724600602,50.053227070796446,1.7428205022677643e-16,1.4301003802992847e-17,1.6552823655118216e-13,1.6942396834105116e-28,1.1996270740178751e-17,1.160868044501014,2.8863526023639683e-12,0.0002048809116850328,500000.0,500366.5249790979
0.0008818482771418734,0.00011376463389978404,6.035874172607171e-07,298.1500177018942,0.0,0.04634915266447974,150.13672485413073,9.950784292112726e-18,0.0,0.00014884937316901177,50.053225699835444,1.742790708509209e-16,1.4232571551205337e-17,1.6471834822029964e-13,1.6928096842604482e-28,1.199626406209955e-17,1.160868012704768,2.8863516791949955e-12,0.00020488091160050665,500000.0,500366.50471067044
0.0008832394479479867,0.00011376463449643384,1.939689876523627e-07,298.1500153625073,0.0,0.04634914850273477,150.13672249362656,9.950617273675034e-18,0.0,0.00014884937082704566,50.053224912308266,1.742761026095276e-16,1.4164474282917074e-17,1.6391242450048254e-13,1.6913872214135447e-28,1.1996260012425824e-17,1.1608679944399105,2.8863510418863577e-12,0.0002048809115519519,500000.0,500366.49286790297
0.0008846306187541,0.00011376463445648227,-2.7600522346799717e-07,298.15001509919233,0.0,0.046349145119068805,150.1367226535167,9.950452771019716e-18,0.0,0.00014884937098386269,50.053224965040954,1.7427315216816368e-16,1.409671043433381e-17,1.6311044677551793e-13,1.6899724551047405e-28,1.1996259532047082e-17,1.1608679956629242,2.886350798602395e-12,0.00020488091155520312,500000.0,500366.49294765736
0.0008860217895602133,0.00011376463379872158,-6.520109713295024e-07,298.1500167723707,0.0,0.04634914249051248,150.13672525939992,9.950290775925201e-18,0.0,0.00014884937356569958,50.05322583322932,1.7427022485899585e-16,1.40292783722387e-17,1.6231239559048745e-13,1.6885653008530241e-28,1.1996262380999623e-17,1.1608680157985332,2.8863509267198097e-12,0.00020488091160873102,500000.0,500366.50446585706
0.0008874129603663266,0.00011376463274107418,-8.159799367359424e-07,298.1500196268117,0.0,0.04634914035071234,150.136729448491,9.950130731462413e-18,0.0,0.00014884937771716904,50.05322722923431,1.7426732298716404e-16,1.3962176398563188e-17,1.6151825074764783e-13,1.6871654552234356e-28,1.1996267260901094e-17,1.1608680481756195,2.8863512851182756e-12,0.00020488091169480128,500000.0,500366.5232659902
0.0008888041311724399,0.00011376463162260999,-7.228173434702477e-07,298.1500225588849,0.0,0.04634913828524409,150.13673387836445,9.949971731459366e-18,0.0,0.00014884938210735628,50.05322870551237,1.7426444517921868e-16,1.3895402778130027e-17,1.607279916668837e-13,1.6857724913060618e-28,1.1996272274402534e-17,1.1608680824144528,2.8863516642576637e-12,0.00020488091178582076,500000.0,500366.5430014292
0.0008901953019785531,0.00011376463078945102,-4.1214875713262195e-07,298.15002448601945,0.0,0.04634913587106449,150.13673717867445,9.949812825050321e-18,0.0,0.0001488493853776655,50.0532298052117,1.7426158694425775e-16,1.3828955779539852e-17,1.599415978820308e-13,1.6843859903680063e-28,1.1996275560360175e-17,1.1608681079194196,2.8863518564189268e-12,0.00020488091185362237,500000.0,500366.5572678223
0.0008915864727846664,0.00011376463048279002,7.729618105159148e-09,298.15002469515355,0.0,0.04634913281337916,150.13673839450485,9.94965332393962e-18,0.0,0.0001488493865813686,50.05323020997829,1.7425874221984667e-16,1.3762833715433455e-17,1.5915904950684463e-13,1.6830056657703089e-28,1.199627589288245e-17,1.1608681173070396,2.8863517226551618e-12,0.00020488091187857813,500000.0,500366.56167207315
0.000893793715126619,0.00011376463115834343,5.769923507774895e-07,298.15002140482375,0.0,0.04634912654166578,150.1367357226166,9.94939870965283e-18,0.0,0.00014884938392968998,50.05322931830492,1.7425424403759174e-16,1.3658586755741923e-17,1.5792529653179103e-13,1.68082819085042e-28,1.1996270193584656e-17,1.160868096626755,2.8863508148717354e-12,0.0002048809118236023,500000.0,500366.5471785312
0.0008960009574685716,0.00011376463264449933,6.648010284046722e-07,298.1500158148517,0.0,0.04634911927920664,150.13672984143915,9.949143732161627e-18,0.0,0.00014884937809624024,50.05322735670493,1.7424975657102856e-16,1.3555147606727231e-17,1.5670110415517644e-13,1.678666774260853e-28,1.1996260541109602e-17,1.1608680511320135,2.8863494538215977e-12,0.00020488091170266047,500000.0,500366.5180840316
0.0008982081998105243,0.00011376463372993161,1.9263441306904032e-07,298.15001182314273,0.0,0.04634911250653003,150.13672554678308,9.948891622966753e-18,0.0,0.00014884937383570824,50.05322592402625,1.7424528711654034e-16,1.3452510424903352e-17,1.5548640330639358e-13,1.6765226672912192e-28,1.1996253636680498e-17,1.1608680179043704,2.886348381787295e-12,0.0002048809116143291,500000.0,500366.49698625924
0.000900415442152477,0.00011376463345541067,-4.718910225587015e-07,298.15001229549324,0.0,0.04634910739604023,150.13672663637308,9.948645068372209e-18,0.0,0.0001488493749132549,50.05322628637064,1.7424085691383892e-16,1.3350669337232431e-17,1.5428112419809696e-13,1.6743967555666122e-28,1.1996254407129803e-17,1.160868026308107,2.8863481555571386e-12,0.00020488091163666934,500000.0,500366.5014071795
0.0009026226844944295,0.00011376463191938923,-7.740048907523179e-07,298.15001662916677,0.0,0.04634910382740222,150.13673272042112,9.94840395379526e-18,0.0,0.0001488493809424345,50.053228313788885,1.7423648504775396e-16,1.3249618158027964e-17,1.5308519317212337e-13,1.672288696839326e-28,1.1996261816241889e-17,1.1608680733293544,2.886348674645171e-12,0.00020488091176166918,500000.0,500366.5290275978
0.0009048299268363822,0.00011376463032390344,-4.256275619110806e-07,298.1500208474932,0.0,0.046349100331441954,150.13673903989724,9.948165104011701e-18,0.0,0.00014884938720502344,50.05323041969513,1.7423217113394966e-16,1.3149350366361991e-17,1.5189853279557004e-13,1.6701969465990131e-28,1.199626902736972e-17,1.1608681221709483,2.886349187203875e-12,0.0002048809118915082,500000.0,500366.5572397673
0.0009064287454517627,0.00011376462999707217,7.579751265914998e-08,298.1500211545069,0.0,0.04634909678607444,150.13674033584073,9.947991114092769e-18,0.0,0.00014884938848789864,50.05323085108476,1.7422906910163432e-16,1.307720676686962e-17,1.5104471943271678e-13,1.6686909543954628e-28,1.1996269525710285e-17,1.1608681321760281,2.886349039199623e-12,0.00020488091191810538,500000.0,500366.56207531574
0.0009080275640671433,0.00011376463052575475,5.05627496683998e-07,298.1500187882337,0.0,0.046349092195067276,150.13673824468424,9.947815780721216e-18,0.0,0.00014884938641271665,50.053230153268466,1.7422597465464025e-16,1.3005468405817901e-17,1.5019570200808456e-13,1.667192482580245e-28,1.1996265428335069e-17,1.1608681159918057,2.88634837817722e-12,0.00020488091187508171,500000.0,500366.5510853994
0.0009096263826825239,0.00011376463156018321,6.629790375484664e-07,298.15001496453976,0.0,0.04634908698592061,150.1367341512086,9.947639980162012e-18,0.0,0.00014884938235238445,50.05322878791041,1.7422288353774593e-16,1.2934133114983683e-17,1.4935145502662405e-13,1.6657019146243462e-28,1.1996258825547888e-17,1.160868084325507,2.886347431151101e-12,0.00020488091179090098,500000.0,500366.5309475356
0.0009112252012979044,0.000113764632560094,5.043828103391166e-07,298.15001142639886,0.0,0.046349081818964445,150.1367301943934,9.947465152212026e-18,0.0,0.0001488493784275409,50.05322746811281,1.742197987161146e-16,1.2863198806550683e-17,1.4851195382346641e-13,1.6642198201184795e-28,1.1996252713846421e-17,1.1608680537158766,2.886346529814296e-12,0.00020488091170952927,500000.0,500366.5117480602
0.000912824019913285,0.00011376463308258679,1.3639004304801352e-07,298.1500095295328,0.0,0.04634907723552719,150.13672812774337,9.94729252018816e-18,0.0,0.0001488493763766552,50.05322677846657,1.742167277347183e-16,1.2792663376948116e-17,1.4767717342220644e-13,1.6627466309715711e-28,1.1996249423966688e-17,1.1608680377211398,2.886345935814571e-12,0.00020488091166700933,500000.0,500366.5016321703
0.0009144228385286656,0.00011376463295186151,-2.5969919390669886e-07,298.15000974115344,0.0,0.04634907345047718,150.13672864727553,9.947122608138163e-18,0.0,0.00014884937688977647,50.05322695101287,1.7421367850385938e-16,1.272252464824431e-17,1.4684708790508503e-13,1.6612824657343946e-28,1.1996249759132037e-17,1.1608680417229509,2.886345743053069e-12,0.00020488091167764763,500000.0,500366.5037132587
0.0009160216571440461,0.00011376463228019221,-5.1819719128535e-07,298.1500116183474,0.0,0.046349070326588304,150.13673130848127,9.946955157652306e-18,0.0,0.00014884937952620742,50.05322783755948,1.7421065593678448e-16,1.2652780359217679e-17,1.460216703803962e-13,1.6598271234460735e-28,1.1996252957893746e-17,1.1608680622843368,2.8863458712693025e-12,0.0002048809117323074,500000.0,500366.5157590612
0.0009176204757594266,0.00011376463137983321,-5.493073246508104e-07,298.15001411974947,0.0,0.04634906748221167,150.13673487510175,9.946789347184503e-18,0.0,0.0001488493830602896,50.05322902595715,1.742076605092147e-16,1.2583428195440581e-17,1.4520089336781147e-13,1.6583801817791026e-28,1.1996257229940448e-17,1.160868089846455,2.886346123981135e-12,0.0002048809118055777,500000.0,500366.5318826608
0.0009192192943748072,0.0001137646306212662,-3.6149871662430913e-07,298.1500160688214,0.0,0.04634906446453132,150.1367378803479,9.946624167904387e-18,0.0,0.000148849386037811,50.053230027201444,1.7420468864810165e-16,1.2514465832166131e-17,1.443847293641188e-13,1.6569411834512445e-28,1.1996260552587221e-17,1.1608681130679865,2.886346276354771e-12,0.00020488091186730907,500000.0,500366.54519897496
0.0009208181129901877,0.00011376463028768925,-4.853937576807297e-08,298.15001661097887,0.0,0.046349060927412804,150.13673920299854,9.946458820857967e-18,0.0,0.00014884938734716432,50.053230467494814,1.7420173443971715e-16,1.2445890983620785e-17,1.4357315139425646e-13,1.6555097817551325e-28,1.1996261456647094e-17,1.1608681232795677,2.8863461628106006e-12,0.00020488091189445521,500000.0,500366.55052056
0.000923884584139366,0.00011376463113133212,4.2890730326655164e-07,298.15001301777573,0.0,0.04634905233025894,150.13673586668043,9.946140263972767e-18,0.0,0.0001488493840357017,50.05322935395757,1.7419609783091558e-16,1.2315443432754963e-17,1.420293147345674e-13,1.6527852591036189e-28,1.1996255225980704e-17,1.1608680974536676,2.8863450558221246e-12,0.00020488091182580044,500000.0,500366.5332903183
0.0009257915480529391,0.00011376463200991913,3.535384318131299e-07,298.1500098661363,0.0,0.04634904655129475,150.13673239058323,9.945942812868366e-18,0.0,0.00014884938058707723,50.05322819429706,1.7419260671433918e-16,1.2235029507751765e-17,1.4107762233612255e-13,1.6511054111980776e-28,1.1996249774883272e-17,1.1608680705580445,2.886344181724467e-12,0.00020488091175430194,500000.0,500366.5163466512
0.0009276985119665122,0.00011376463242416155,2.1972634595020012e-08,298.15000833982765,0.0,0.04634904133987055,150.13673075289176,9.94574784653977e-18,0.0,0.00014884937896109498,50.05322764753215,1.741891336259554e-16,1.215515455840003e-17,1.4013230879160757e-13,1.6494373865016623e-28,1.1996247118253904e-17,1.1608680578771073,2.8863436106252934e-12,0.0002048809117205913,500000.0,500366.5082867687
0.0009296054758800852,0.00011376463210057778,-3.209043344873562e-07,298.1500091837023,0.0,0.046349037030244074,150.13673203635804,9.94555616876477e-18,0.0,0.00014884938023122292,50.053228074635335,1.7418568961601886e-16,1.2075815068313204e-17,1.3919333228661575e-13,1.647781371396618e-28,1.1996248536628879e-17,1.1608680677827732,2.886343491130228e-12,0.00020488091174692422,500000.0,500366.5139844319
0.0009315124397936583,0.00011376463127672232,-4.3731673759287057e-07,298.15001151810935,0.0,0.04634903333206684,150.1367353004704,9.945367201012402e-18,0.0,0.00014884938346501386,50.05322916205482,1.7418228108712856e-16,1.1997007385101571e-17,1.3826064940276838e-13,1.6461369805230962e-28,1.1996252517724043e-17,1.1608680930029378,2.8863436614891826e-12,0.00020488091181396873,500000.0,500366.528813526
0.0009334194037072314,0.00011376463051201261,-2.6536066715258264e-07,298.1500135285023,0.0,0.04634902956159898,150.13673833041648,9.945179442289694e-18,0.0,0.00014884938646664636,50.05323017140694,1.741789053072974e-16,1.1918727775042987e-17,1.3733421590080369e-13,1.644503500466601e-28,1.1996255941996184e-17,1.1608681164125119,2.88634377687368e-12,0.00020488091187620004,500000.0,500366.54231362353
0.0009353263676208045,0.00011376463028811467,5.647854718391187e-08,298.1500137511541,0.0,0.04634902513013209,150.13673921921256,9.944991541033749e-18,0.0,0.00014884938734548826,50.05323046693328,1.741755529646011e-16,1.1840972546443895e-17,1.364139882022612e-13,1.6428803425883345e-28,1.1996256293024428e-17,1.160868123266559,2.886343554228249e-12,0.00020488091189442063,500000.0,500366.5456445868
0.0009372333315343775,0.00011376463069087075,3.0526363123840283e-07,298.15001202771435,0.0,0.046349019932747745,150.13673762699705,9.944803189492124e-18,0.0,0.000148849385764592,50.053229935329334,1.741722150468325e-16,1.176373815051452e-17,1.3549992449051204e-13,1.64126737810091e-28,1.1996253298571372e-17,1.1608681109372452,2.8863429575015132e-12,0.00020488091186164476,500000.0,500366.5374039329
0.0009391402954479506,0.00011376463138599663,3.251191982102198e-07,298.15000950206417,0.0,0.04634901437802039,150.13673487724822,9.944615234662881e-18,0.0,0.00014884938303608782,50.05322901782196,1.7416888870839745e-16,1.1687021192086361e-17,1.3459198471243112e-13,1.6396649377598292e-28,1.1996248925182993e-17,1.1608680896578005,2.8863422011093046e-12,0.00020488091180507613,500000.0,500366.52394292643
0.0009410472593615237,0.00011376463187664763,1.22536024685195e-07,298.1500077520033,0.0,0.046349009073210774,150.13673293704434,9.94442901048534e-18,0.0,0.00014884938111018705,50.05322837020417,1.7416557838900415e-16,1.161081835380084e-17,1.3369012959820552e-13,1.6380735017140478e-28,1.1996245885387712e-17,1.1608680746378157,2.8863415865594457e-12,0.00020488091176514746,500000.0,500366.5144949487
0.0009429542232750967,0.00011376463184289684,-1.523201205976961e-07,298.15000771885514,0.0,0.046349004409343864,150.13673307302105,9.944245417241009e-18,0.0,0.00014884938124266463,50.053228414752354,1.741622921090402e-16,1.1535126291518838e-17,1.3279431945486507e-13,1.6364933315383288e-28,1.1996245797494867e-17,1.1608680756710088,2.8863412975194105e-12,0.00020488091176789407,500000.0,500366.51487955643
0.0009448611871886698,0.00011376463133349318,-3.1487739835602966e-07,298.15000915308815,0.0,0.04634900032683624,150.13673509217443,9.944064371429469e-18,0.0,0.00014884938324217153,50.05322908712208,1.7415903587593474e-16,1.145994157543079e-17,1.319045135422061e-13,1.6349242660601696e-28,1.1996248232509557e-17,1.1608680912650606,2.8863412911085014e-12,0.00020488091180934884,500000.0,500366.5240309445
0.0009467681511022428,0.00011376463070178594,-2.6835375418187947e-07,298.1500108802419,0.0,0.04634899639381193,150.13673759554504,9.943884940727381e-18,0.0,0.00014884938572174371,50.05322992092219,1.7415580991724844e-16,1.1385260705642967e-17,1.3102067036245601e-13,1.6333658210168829e-28,1.1996251171316164e-17,1.1608681106031147,2.8863413455475476e-12,0.00020488091186075653,500000.0,500366.53529411106
0.0009486751150158158,0.0001137646303516532,-5.920488627290306e-08,298.1500116377094,0.0,0.04634899211663757,150.13673898412245,9.94370601242031e-18,0.0,0.0001488493870960815,50.053230383067785,1.741526089320728e-16,1.1311080185934192e-17,1.3014274857763654e-13,1.631817482582282e-28,1.1996252443257487e-17,1.160868121321507,2.886341218544143e-12,0.00020488091188924996,500000.0,500366.54119706125
0.0009505820789293889,0.00011376463047282518,1.6444749963074893e-07,298.15001089629055,0.0,0.046348987263419114,150.13673850673806,9.94352702070145e-18,0.0,0.00014884938662045727,50.053230223131024,1.7414942585554574e-16,1.123739660249353e-17,1.2927070790626804e-13,1.6302789957100617e-28,1.1996251138538546e-17,1.1608681176121483,2.8863408052496424e-12,0.0002048809118793891,500000.0,500366.53833756654
0.0009536759748989366,0.00011376463141972128,2.1943585420631502e-07,298.15000747953474,0.0,0.046348978472416764,150.13673476165977,9.943237042285424e-18,0.0,0.00014884938290370586,50.053228973308286,1.7414428938596982e-16,1.111889956264231e-17,1.2786830281186972e-13,1.6278040492159812e-28,1.1996245216125153e-17,1.1608680886254232,2.8863397031460096e-12,0.00020488091180233167,500000.0,500366.5200395022
0.0009555663769907043,0.0001137646317286331,6.430794473760396e-09,298.15000638711535,0.0,0.046348973430603034,150.13673354096647,9.943062049442098e-18,0.0,0.0001488493816911665,50.05322856557082,1.7414117179977441e-16,1.1047130334710146e-17,1.2701891855305206e-13,1.6263054091100185e-28,1.199624330875628e-17,1.1608680791689037,2.8863392129246316e-12,0.00020488091177719273,500000.0,500366.5141048793
0.0009574567790824719,0.00011376463148941082,-2.3252465687024093e-07,298.1500070617188,0.0,0.04634896905873773,150.13673449041332,9.942889682862237e-18,0.0,0.00014884938263015938,50.053228881323996,1.7413807856957803e-16,1.0975838011826875e-17,1.2617517837286968e-13,1.6248173414111787e-28,1.1996244439421773e-17,1.1608680864920649,2.886339059063651e-12,0.0002048809117966604,500000.0,500366.5184012635
0.0009593471811742395,0.00011376463088227127,-3.1479137367861467e-07,298.1500088356924,0.0,0.04634896513655302,150.13673689649644,9.94271950404507e-18,0.0,0.00014884938501329856,50.053229682696816,1.7413501457729886e-16,1.0905019382779613e-17,1.2533704412228717e-13,1.6233395458488395e-28,1.1996247460301885e-17,1.1608681050780434,2.88633911881168e-12,0.0002048809118460688,500000.0,500366.5294185883
0.0009612375832660072,0.00011376463033578959,-1.8275518827525574e-07,298.1500103137813,0.0,0.04634896114022992,150.1367390624266,9.942550365341427e-18,0.0,0.00014884938715834396,50.05323040400641,1.741319780993665e-16,1.0834671183295938e-17,1.2450447712596503e-13,1.6218714683142176e-28,1.1996249972695961e-17,1.1608681218071415,2.886339127275445e-12,0.0002048809118905409,500000.0,500366.53913438995
0.0009631279853577748,0.00011376463020452376,5.9007957540519766e-08,298.1500104196226,0.0,0.04634895663641636,150.1367395844587,9.94238126958957e-18,0.0,0.00014884938767358691,50.053230577266206,1.7412896219155738e-16,1.0764790185200738e-17,1.2367743926690337e-13,1.6204126672170694e-28,1.1996250126132683e-17,1.160868125825501,2.8863388762492998e-12,0.00020488091190122316,500000.0,500366.5410432281
0.0009650183874495425,0.00011376463053374508,2.381396848408001e-07,298.15000909808975,0.0,0.046348951569781006,150.13673828335715,9.942212034916635e-18,0.0,0.00014884938638132878,50.05323014272191,1.741259600437991e-16,1.0695373265170857e-17,1.228558937213721e-13,1.618963057865202e-28,1.1996247825838268e-17,1.1608681157472593,2.886338350705998e-12,0.00020488091187443146,500000.0,500366.5344533653
0.0009669087895413101,0.00011376463105752091,2.402792494299313e-07,298.1500072543286,0.0,0.04634894626535601,150.13673621198691,9.942043337510547e-18,0.0,0.00014884938432540665,50.053229451382116,1.7412296972234755e-16,1.0626417408272019e-17,1.2203980490295929e-13,1.617522895547534e-28,1.1996244627928199e-17,1.1608680997132446,2.886337720539798e-12,0.00020488091183180714,500000.0,500366.524409239
0.0009687991916330778,0.00011376463140529258,8.009363299484985e-08,298.15000606000166,0.0,0.046348941176050214,150.13673483744196,9.941876173935504e-18,0.0,0.0001488493829603349,50.053228992352935,1.741199948836335e-16,1.0557919654417595e-17,1.2122913775491742e-13,1.616092520904183e-28,1.1996242546701016e-17,1.1608680890671332,2.8863372099057863e-12,0.00020488091180350583,500000.0,500366.51778872166
0.0009706895937248454,0.00011376463135617337,-1.2320978201636145e-07,298.150006157098,0.0,0.04634893657183807,150.13673503424397,9.941711168748947e-18,0.0,0.0001488493831531365,50.05322905718612,1.7411704159714317e-16,1.0489877024568365e-17,1.204238569331455e-13,1.6146721007837414e-28,1.1996242685858929e-17,1.16086809057079,2.8863369445007695e-12,0.0002048809118075031,500000.0,500366.518596424
0.000972579995816613,0.00011376463096777933,-2.3457136574111515e-07,298.1500072933982,0.0,0.046348932382298764,150.13673657428285,9.941548200578959e-18,0.0,0.00014884938467765735,50.053229569833405,1.74114114031917e-16,1.0422286485699078e-17,1.1962392643163145e-13,1.6132614802967014e-28,1.1996244611785866e-17,1.1608681024604515,2.8863368796392007e-12,0.0002048809118391102,500000.0,500366.5256447389
0.0009744703979083807,0.00011376463051066349,-1.910553130124887e-07,298.1500085755451,0.0,0.04634892827675334,150.13673838640105,9.941386551424667e-18,0.0,0.00014884938647192456,50.05323017318765,1.741112119371432e-16,1.0355144964910505e-17,1.1882930983426976e-13,1.6118602835595965e-28,1.1996246788634075e-17,1.1608681164538497,2.8863368463385725e-12,0.00020488091187630982,500000.0,500366.5338480196
0.0009763608000001483,0.00011376463027375969,-3.4279737178330504e-08,298.1500091045284,0.0,0.046348923902057734,150.1367393266687,9.941225421341516e-18,0.0,0.00014884938740181695,50.05323048588063,1.7410833120573915e-16,1.0288449400804684e-17,1.1803997094775767e-13,1.6104681343068396e-28,1.1996247670835887e-17,1.160868123706037,2.8863366718610504e-12,0.0002048809118955888,500000.0,500366.53786799544
0.000978251202091916,0.00011376463037927171,1.2629577689206928e-07,298.15000854649435,0.0,0.04634891910885103,150.13673891126385,9.941064439557935e-18,0.0,0.00014884938698766107,50.05323034661369,1.7410546676592848e-16,1.022219679405054e-17,1.172558743659573e-13,1.609084855090683e-28,1.1996246684436048e-17,1.160868120476066,2.886336289656802e-12,0.00020488091188700233,500000.0,500366.5355251299
0.0009801416041836837,0.0001137646307218654,1.8883659472168189e-07,298.1500072883146,0.0,0.04634891402587642,150.1367375572192,9.940903851915786e-18,0.0,0.0001488493856429138,50.05322989441898,1.7410261576932423e-16,1.0156384225386541e-17,1.1647698562217463e-13,1.607710520681151e-28,1.1996244494536388e-17,1.1608681099884646,2.8863357709975432e-12,0.0002048809118591224,500000.0,500366.52886533336
0.0009820320062754512,0.00011376463105644979,1.2246058591806768e-07,298.1500061259849,0.0,0.04634890895269209,150.13673623488458,9.940744303315805e-18,0.0,0.00014884938432960465,50.0532294527959,1.7409977909242583e-16,1.0091008834165358e-17,1.157032708843945e-13,1.6063453483823573e-28,1.1996242469600793e-17,1.160868099746047,2.8863352670977195e-12,0.00020488091183189425,500000.0,500366.52247321425
0.0009839224083672189,0.00011376463116483889,-1.9772817267598082e-08,298.1500057271985,0.0,0.046348904155971635,150.13673580808896,9.940586391817885e-18,0.0,0.00014884938390415572,50.05322930973146,1.7409696037977432e-16,1.002606777499937e-17,1.1493469643293162e-13,1.6049895101760752e-28,1.1996241757516712e-17,1.160868096428002,2.8863349068278992e-12,0.00020488091182307365,500000.0,500366.52036104427
0.0009858128104589866,0.00011376463099029532,-1.4158443755511943e-07,298.1500062235053,0.0,0.04634889970506082,150.13673650146364,9.940430292986705e-18,0.0,0.00014884938458927216,50.053229540114195,1.740941634370286e-16,9.961558181423835e-18,1.141712282651981e-13,1.6036429908024664e-28,1.1996242584439588e-17,1.1608681017711948,2.886334717793151e-12,0.0002048809118372778,500000.0,500366.52350116987
0.000987703212550754,0.0001137646306592632,-1.676819905323464e-07,298.15000717376967,0.0,0.04634889544541537,150.1367378143986,9.940275681551019e-18,0.0,0.00014884938588863636,50.053229977048595,1.7409138974314497e-16,9.897477158223906e-18,1.1341283205772227e-13,1.6023055757424463e-28,1.1996244191974892e-17,1.1608681119048723,2.8863346177023817e-12,0.00020488091186421684,500000.0,500366.52947692916
0.0009895936146425218,0.00011376463038653467,-8.932441376575269e-08,298.1500078893987,0.0,0.04634889111450953,150.13673889650144,9.940121973457895e-18,0.0,0.00014884938695914777,50.053230337027195,1.740886376330726e-16,9.833821804289106e-18,1.1265947347276884e-13,1.6009769652282478e-28,1.1996245396303845e-17,1.1608681202537392,2.886334475296964e-12,0.00020488091188641122,500000.0,500366.53428566357
0.0009914840167342895,0.00011376463033285856,3.567703255640395e-08,298.1500078877913,0.0,0.04634888651587129,150.13673911134484,9.939968710234154e-18,0.0,0.0001488493871698361,50.05323040787512,1.7408590352714503e-16,9.77058924883966e-18,1.1191111858514501e-13,1.5996569324602063e-28,1.199624536774256e-17,1.1608681218968935,2.8863341969393476e-12,0.0002048809118907793,500000.0,500366.5349870588
0.0009933744188260572,0.00011376463050769574,1.2429978399513653e-07,298.1500071806693,0.0,0.04634888163793765,150.1367384214719,9.939815833995592e-18,0.0,0.00014884938648356558,50.05323017710483,1.7408318426928194e-16,9.707776677101931e-18,1.1116773415183862e-13,1.5983454244693212e-28,1.1996244126445026e-17,1.1608681165447154,2.886333782749814e-12,0.00020488091187655124,500000.0,500366.5314757785
0.0009952648209178246,0.00011376463077541782,1.2374218105493013e-07,298.15000622679463,0.0,0.046348876646478084,150.13673736385456,9.939663687747729e-18,0.0,0.00014884938543270387,50.05322982373432,1.7408047900931381e-16,9.645381330630128e-18,1.1042928756782759e-13,1.597042542736113e-28,1.1996242461103525e-17,1.1608681083491108,2.8863333189724e-12,0.0002048809118547643,500000.0,500366.5263196907
0.0009971552230095923,0.00011376463095338671,4.2359457932344126e-08,298.1500056038165,0.0,0.04634887176471846,150.13673666158275,9.939512760513653e-18,0.0,0.0001488493847341408,50.05322958883045,1.7407778947338717e-16,9.583400483526919e-18,1.0969574656225488e-13,1.595748429631201e-28,1.199624136480603e-17,1.1608681029010641,2.8863329161130853e-12,0.0002048809118402814,500000.0,500366.52290899405
0.00099904562510136,0.0001137646309313186,-6.183155229167526e-08,298.15000563314067,0.0,0.046348867127450795,150.13673675128558,9.939363361149309e-18,0.0,0.0001488493848207616,50.05322961795848,1.7407511858340017e-16,9.521831412107548e-18,1.0896707885193113e-13,1.5944631390293869e-28,1.1996241390105473e-17,1.1608681035766224,2.8863326370519724e-12,0.0002048809118420773,500000.0,500366.5232445775
0.0010009360271931275,0.00011376463073463312,-1.2109873930707223e-07,298.1500061991025,0.0,0.046348862703606164,150.13673753232328,9.939215434837544e-18,0.0,0.00014884938559278933,50.05322987756667,1.7407246843531972e-16,9.460671377664713e-18,1.0824325197264703e-13,1.5931865741361072e-28,1.1996242338151278e-17,1.1608681095976316,2.886332461458176e-12,0.00020488091185808338,500000.0,500366.5267950762
0.0010028264292848952,0.00011376463049668182,-1.0193862076620026e-07,298.1500068596437,0.0,0.046348858330198035,150.13673847673815,9.939068625163642e-18,0.0,0.00014884938652679334,50.05323019164226,1.7406983897220497e-16,9.399917631844348e-18,1.0752423337607459e-13,1.5919185254735588e-28,1.1996243448964262e-17,1.160868116881885,2.8863323057976774e-12,0.0002048809118774476,500000.0,500366.53105092054
0.001004716831376663,0.00011376463036555452,-2.2908454430435116e-08,298.15000715249016,0.0,0.04634885382622663,150.13673899822174,9.938922520125634e-18,0.0,0.00014884938704149255,50.053230364719205,1.7406722813083655e-16,9.339567439514072e-18,1.0680999070573114e-13,1.590658773068326e-28,1.1996243927806688e-17,1.1608681208960032,2.8863320813251855e-12,0.00020488091188811862,500000.0,500366.53327351465
0.0010066072334684304,0.0001137646304098231,6.141183795070458e-08,298.1500068870841,0.0,0.046348849107881555,150.1367388252883,9.938776911459905e-18,0.0,0.000148849386867729,50.05323030628842,1.740646332389212e-16,9.279618100892207e-18,1.0610049205818329e-13,1.5894071962526796e-28,1.1996243447073695e-17,1.1608681195408388,2.8863317502461328e-12,0.0002048809118845161,500000.0,500366.53223442106
0.0010101001761809157,0.00011376463084584817,6.97515948019355e-08,298.1500053514456,0.0,0.046348839956731336,150.1367371033127,9.938509391033055e-18,0.0,0.00014884938515624492,50.05322973077222,1.7405987530248724e-16,9.169893878249606e-18,1.0480190908789797e-13,1.587116099647043e-28,1.1996240762279066e-17,1.1608681061930832,2.886330934745815e-12,0.0002048809118490328,500000.0,500366.52386589546
0.0010123693377413338,0.00011376463094786935,-5.159158704559462e-08,298.15000500085637,0.0,0.04634883423327874,150.1367367021958,9.938337789366776e-18,0.0,0.00014884938475579105,50.05322959611288,1.7405681241437373e-16,9.099333122565215e-18,1.0396682458295932e-13,1.5856429775318323e-28,1.1996240130777034e-17,1.160868103069975,2.8863305249971406e-12,0.00020488091184073045,500000.0,500366.521918125
0.0010146384993017519,0.0001137646306972746,-1.563972670451191e-07,298.1500057686817,0.0,0.04634882894080448,150.13673769713517,9.938168502252228e-18,0.0,0.00014884938573942293,50.05322992687676,1.740537773852979e-16,9.0293347096125e-18,1.0313839527197316e-13,1.584181981760282e-28,1.1996241422266401e-17,1.1608681107412748,2.886330329054009e-12,0.0002048809118611236,500000.0,500366.5265210767
0.00101690766086217,0.00011376463029818312,-1.245807326291962e-07,298.1500069430467,0.0,0.04634882382982746,150.13673927999403,9.938001004293067e-18,0.0,0.00014884938730593317,50.05323045364377,1.7405077258586194e-16,8.959894116378196e-18,1.0231656753708165e-13,1.5827327719943823e-28,1.1996243412900951e-17,1.1608681229584108,2.886330214107907e-12,0.00020488091189360124,500000.0,500366.5337739494
0.001019176822422588,0.00011376463013148341,3.7470213208573964e-08,298.15000731365495,0.0,0.046348818434814545,150.13673994278105,9.937834254269736e-18,0.0,0.00014884938796026076,50.053230673673276,1.7404779432336932e-16,8.891006809938662e-18,1.0150128774773791e-13,1.581294836393905e-28,1.1996244021956752e-17,1.1608681280614845,2.886329948911813e-12,0.0002048809119071671,500000.0,500366.53659706115
0.0010214459839830061,0.0001137646303898497,1.8291941686138266e-07,298.15000634186305,0.0,0.04634881252027432,150.13673892267184,9.937667676564486e-18,0.0,0.00014884938694612214,50.05323033265162,1.7404483545673593e-16,8.822668330560273e-18,1.0069250324812853e-13,1.5798678966846561e-28,1.1996242323403103e-17,1.160868120152283,2.8863294268196676e-12,0.00020488091188614152,500000.0,500366.5315333133
0.0010237151455434242,0.00011376463086145981,1.6007857894288562e-07,298.1500047802578,0.0,0.046348806345102696,150.13673705830033,9.937501786492584e-18,0.0,0.00014884938509496037,50.053229710166164,1.7404189213743124e-16,8.754874345801262e-18,9.989016288162397e-14,1.578452122162144e-28,1.199623961107555e-17,1.160868105715184,2.8863287875958556e-12,0.00020488091184776237,500000.0,500366.52265408234
0.0010259843071038423,0.00011376463109231644,-3.037778897173271e-08,298.15000407476737,0.0,0.04634880046418835,150.13673614710575,9.937337799633176e-18,0.0,0.00014884938418880254,50.05322940545494,1.7403896809880514e-16,8.687620618982721e-18,9.909421649504236e-14,1.577047922348808e-28,1.1996238370789192e-17,1.1608680986481184,2.8863283073393007e-12,0.0002048809118289755,500000.0,500366.5184035533
0.0010282534686642604,0.00011376463081308699,-2.170475169486855e-07,298.1500049952752,0.0,0.046348795206716614,150.1367372554139,9.937176484751992e-18,0.0,0.00014884938528483114,50.0532297740142,1.7403607166213592e-16,8.620902913214212e-18,9.830461380029496e-14,1.5756554733179153e-28,1.1996239926112835e-17,1.1608681071959936,2.8863281375026326e-12,0.00020488091185169892,500000.0,500366.52364286
0.0010305226302246785,0.0001137646302343365,-2.112241259382169e-07,298.1500067738414,0.0,0.046348790315327994,150.13673954956812,9.937017320099738e-18,0.0,0.00014884938755653767,50.0532305379159,1.7403320765596025e-16,8.5547169194196e-18,9.752130365535902e-14,1.5742744202153158e-28,1.1996242956816329e-17,1.1608681249129162,2.8863281363674007e-12,0.00020488091189879704,500000.0,500366.53429134225
0.0010327917917850966,0.00011376462989444229,4.640047483024367e-09,298.15000768611156,0.0,0.04634878513200226,150.13674089805662,9.936858846971403e-18,0.0,0.00014884938889068717,50.05323098654752,1.7403037190580795e-16,8.489058283055583e-18,9.67442345283259e-14,1.5729040787860777e-28,1.1996244498413143e-17,1.1608681353178836,2.8863279751583477e-12,0.00020488091192645728,500000.0,500366.5403190306
0.0010350609533455147,0.00011376463015772504,2.390413937872443e-07,298.1500066697152,0.0,0.04634877921145716,150.13673985848246,9.936700013381838e-18,0.0,0.00014884938785725055,50.053230639036556,1.7402755417538137e-16,8.423922713240938e-18,9.597335580397666e-14,1.57154399462488e-28,1.1996242724489954e-17,1.1608681272581776,2.8863274460645077e-12,0.0002048809119050316,500000.0,500366.5351149891
0.0010373301149059328,0.0001137646308293682,2.6180774250438335e-07,298.1500044651401,0.0,0.04634877279180403,150.13673720215183,9.936541266137581e-18,0.0,0.00014884938522092037,50.05322975252439,1.740247475396593e-16,8.359306073636026e-18,9.520861870565154e-14,1.5701943333039802e-28,1.1996238908081022e-17,1.1608681066975937,2.8863266844185814e-12,0.00020488091185037397,500000.0,500366.52250527946
0.0010395992764663509,0.00011376463128300332,2.3564076865147577e-08,298.15000309179896,0.0,0.046348766638608235,150.1367354089458,9.936384271791732e-18,0.0,0.00014884938344031392,50.05322915376441,1.7402195553577153e-16,8.295204359957254e-18,9.444997587790474e-14,1.5688557156295598e-28,1.1996236520930747e-17,1.1608680928107522,2.886326074584144e-12,0.00020488091181345761,500000.0,500366.51418147766
0.001041868438026769,0.00011376463103192103,-2.716952588350999e-07,298.1500039925821,0.0,0.04634876134673865,150.13673640581538,9.936230394087559e-18,0.0,0.00014884938442585944,50.053229485171784,1.7401918971147103e-16,8.231613585868746e-18,9.369737992651387e-14,1.567528534151304e-28,1.1996238043623724e-17,1.160868100496976,2.8863258974886723e-12,0.00020488091183389043,500000.0,500366.519015255
0.001044137599587187,0.00011376463023029366,-3.371484299518097e-07,298.1500065281399,0.0,0.04634875672776031,150.13673958237058,9.936079292749721e-18,0.0,0.00014884938757240082,50.0532305432521,1.7401645890641999e-16,8.168529655702767e-18,9.295078221294247e-14,1.5662125167070584e-28,1.1996242377010301e-17,1.1608681250366868,2.8863260385502815e-12,0.00020488091189912604,500000.0,500366.5338887439
0.0010464067611476052,0.00011376462960197305,-7.588873138923715e-08,298.15000834636123,0.0,0.04634875189696104,150.13674207277992,9.935929034947282e-18,0.0,0.0001488493900386797,50.05323137258218,1.7401375992407204e-16,8.105948387462966e-18,9.221013314075391e-14,1.5649067322508578e-28,1.1996245477365887e-17,1.160868144271068,2.886326051003452e-12,0.00020488091195025812,500000.0,500366.5452597058
0.0010486759227080233,0.00011376462979157149,2.9254639380837383e-07,298.1500075084932,0.0,0.04634874606647888,150.1367413249323,9.935777806501063e-18,0.0,0.00014884938929446816,50.05323112232826,1.7401107903099651e-16,8.043865628872226e-18,9.147538379366476e-14,1.5636104464239867e-28,1.1996244011618816e-17,1.1608681384670125,2.8863255588775064e-12,0.0002048809119348288,500000.0,500366.5413314117
0.0010509450842684414,0.00011376463071237673,4.161256782635434e-07,298.15000447264146,0.0,0.04634873934229752,150.13673768213386,9.93562572536835e-18,0.0,0.00014884938568012867,50.05322990694323,1.7400840411733666e-16,7.98227740880116e-18,9.074648745404886e-14,1.5623237306405222e-28,1.1996238767334565e-17,1.1608681102789884,2.8863246404522294e-12,0.00020488091185989462,500000.0,500366.5240237139
0.0010532142458288592,0.00011376463153735635,1.3860194366225035e-07,298.15000194978325,0.0,0.0463487327352392,150.13673441872263,9.935474966064611e-18,0.0,0.00014884938244192334,50.05322881803993,1.7400573679617226e-16,7.921179948947891e-18,9.002339949725792e-14,1.5610474402940787e-28,1.1996234405184081e-17,1.1608680850244135,2.8863238094830105e-12,0.00020488091179275862,500000.0,500366.5088490195
0.0010554834073892773,0.00011376463142857252,-3.1369365195750463e-07,298.15000249040617,0.0,0.046348727269453216,150.1367348522125,9.935327847537936e-18,0.0,0.00014884938286891994,50.053228961625386,1.7400309239055475e-16,7.860569520741056e-18,8.930607557670749e-14,1.5597823678412098e-28,1.1996235309920672e-17,1.1608680883545452,2.886323558951811e-12,0.00020488091180161135,500000.0,500366.5111931164
0.0010583120814658658,0.00011376463008405855,-5.806322023772422e-07,298.150006862924,0.0,0.04634872193351387,150.13674017882246,9.935149435900459e-18,0.0,0.0001488493881463958,50.05323073627007,1.739998462879734e-16,7.785690333385065e-18,8.841988061451323e-14,1.558220746335367e-28,1.1996242796579058e-17,1.1608681295132983,2.8863239605542455e-12,0.0002048809119110265,500000.0,500366.5363445379
0.0010611407555424543,0.0001137646287593798,-1.6748802080898763e-07,298.15001082510673,0.0,0.04634871657332974,150.13674542690228,9.934972969063979e-18,0.0,0.00014884939334601488,50.05323248473406,1.7399665647991502e-16,7.711554236465131e-18,8.754247946244938e-14,1.5566744967559148e-28,1.1996249578104743e-17,1.1608681700648507,2.8863243013614325e-12,0.00020488091201882751,500000.0,500366.56054116576
0.0010628342258145408,0.00011376462882467979,3.172542713105774e-07,298.15001034263895,0.0,0.04634871231518629,150.13674517045956,9.934865927308477e-18,0.0,0.00014884939308969908,50.053232398543585,1.7399476308612101e-16,7.667522819247524e-18,8.702136716173839e-14,1.5557551666771064e-28,1.1996248730716666e-17,1.1608681680658643,2.8863239664347423e-12,0.0002048809120135135,500000.0,500366.55885822285
0.0010645276960866274,0.00011376462966166809,6.788892138751905e-07,298.1500074660178,0.0,0.04634870711386587,150.13674185879387,9.934757397070739e-18,0.0,0.00014884938980435736,50.053231293789764,1.739928698831388e-16,7.623753356159449e-18,8.650335517618858e-14,1.5548404860066937e-28,1.199624376744398e-17,1.160868142443673,2.8863231711355757e-12,0.00020488091194540025,500000.0,500366.54292945936
0.001066221166358714,0.00011376463090106886,7.166960104640967e-07,298.15000347452013,0.0,0.046348701420708106,150.13673695392058,9.934648310552246e-18,0.0,0.00014884938493946908,50.05322965788556,1.7399097275246346e-16,7.580244350315065e-18,8.59884259364024e-14,1.5539308621653152e-28,1.1996236887602622e-17,1.1608681045026858,2.8863221545240307e-12,0.0002048809118445391,500000.0,500366.5197973928
0.0010679146366308005,0.000113764631942686,4.044534702929815e-07,298.15000029367,0.0,0.046348695969288596,150.13673283210076,9.934540276572684e-18,0.0,0.00014884938085091992,50.05322828303908,1.7398907583699262e-16,7.536994367017548e-18,8.5476562459876e-14,1.5530269245452195e-28,1.1996231401521753e-17,1.1608680726163243,2.8863212835704192e-12,0.00020488091175977337,500000.0,500366.50064902863
0.001069608106902887,0.00011376463227214622,-1.0429491073293167e-07,298.1499994832852,0.0,0.046348691388287046,150.1367315298105,9.934434726806697e-18,0.0,0.0001488493795577242,50.053227848179475,1.7398718903165675e-16,7.494001971679383e-18,8.496774762426997e-14,1.5521291766723075e-28,1.1996229990811968e-17,1.1608680625307695,2.8863208600836615e-12,0.00020488091173296222,500000.0,500366.49491921364
0.0010713015771749736,0.00011376463172713092,-5.600013156099934e-07,298.1500014322369,0.0,0.04634868787609232,150.136733689692,9.934332171461056e-18,0.0,0.00014884938169701373,50.05322856755353,1.739853226808753e-16,7.451265674496692e-18,8.446196359089721e-14,1.5512377197615398e-28,1.1996233324013143e-17,1.1608680792149766,2.8863209647937604e-12,0.00020488091177731498,500000.0,500366.5054108435
0.0010729950474470602,0.00011376463057508392,-7.434286499295419e-07,298.1500051749855,0.0,0.04634868510582672,150.1367382528976,9.934231950883975e-18,0.0,0.00014884938621902,50.05323008815811,1.739834823941926e-16,7.408783910500982e-18,8.395919167248859e-14,1.5503521899672696e-28,1.1996239741185761e-17,1.1608681144818598,2.8863214190805907e-12,0.00020488091187106737,500000.0,500366.5269575773
0.0010746885177191467,0.00011376462937618835,-5.683048114454453e-07,298.15000888276415,0.0,0.046348682392819605,150.1367430015835,9.93413257477709e-18,0.0,0.0001488493909249162,50.0532316705989,1.7398166638162353e-16,7.366555061671828e-18,8.345941267658349e-14,1.5494719283265145e-28,1.1996246098345714e-17,1.16086815118289,2.886321876001134e-12,0.00020488091196863226,500000.0,500366.54906486324
0.0010763819879912333,0.00011376462870851487,-1.2099435385047215e-07,298.1500107594703,0.0,0.04634867903053848,150.13674564708626,9.93403245315982e-18,0.0,0.00014884939354566301,50.05323255187147,1.7397986640638955e-16,7.324577508576252e-18,8.296260753136451e-14,1.5485962855674124e-28,1.1996249307658597e-17,1.160868171621956,2.88632199032056e-12,0.00020488091202296684,500000.0,500366.5610567117
0.0010777273153678689,0.0001137646287723964,2.7463304426036675e-07,298.1500103373394,0.0,0.0463486756331112,150.13674539582993,9.933951752328803e-18,0.0,0.00014884939329491505,50.05323246755324,1.7397844044627546e-16,7.291407755576684e-18,8.25700428332825e-14,1.5479037209399123e-28,1.1996248568430495e-17,1.1608681696663918,2.8863217168758654e-12,0.00020488091201776822,500000.0,500366.55949541077
0.0010790726427445047,0.00011376462932558949,5.81497724882374e-07,298.1500084025333,0.0,0.04634867163763548,150.13674320732005,9.933870082203694e-18,0.0,0.0001488493911235246,50.05323173738512,1.7397701382069186e-16,7.258394864399302e-18,8.217933466403936e-14,1.5472139143466282e-28,1.199624522869871e-17,1.1608681527318434,2.8863211522777178e-12,0.00020488091197274995,500000.0,500366.54891025624
0.0010804179701211405,0.00011376463019081998,7.15184897721167e-07,298.1500055630379,0.0,0.046348667260780685,150.1367397834101,9.93378789384076e-18,0.0,0.00014884938772732702,50.05323059535401,1.7397558498298992e-16,7.225538121611862e-18,8.179047464010894e-14,1.546527058995061e-28,1.19962403337028e-17,1.1608681262450924,2.886320410426539e-12,0.00020488091190233837,500000.0,500366.53267170605
0.001081763297497776,0.00011376463111211778,6.422288636909658e-07,298.1500026514671,0.0,0.04634866281540017,150.1367361375219,9.933705866376931e-18,0.0,0.00014884938411105457,50.05322937931884,1.7397415489493434e-16,7.192836834244458e-18,8.140345457593284e-14,1.5458434250940315e-28,1.199623531486351e-17,1.1608680980419892,2.886319649430279e-12,0.0002048809118273641,500000.0,500366.5155700404
0.001083108624874412,0.00011376463182638589,3.887933157106772e-07,298.15000049287914,0.0,0.04634865862305759,150.13673331129348,9.933624716445685e-18,0.0,0.00014884938130741373,50.05322843654538,1.739727267097628e-16,7.160290316687803e-18,8.101826632523871e-14,1.545163280176023e-28,1.199623159060357e-17,1.1608680761765549,2.8863190274846628e-12,0.0002048809117692377,500000.0,500366.50247703976
0.0010846843364464736,0.00011376463215197122,-3.145043194888657e-08,298.14999965622843,0.0,0.04634865433734336,150.13673202419918,9.933531484232061e-18,0.0,0.0001488493800294278,50.0532280068003,1.739710623342651e-16,7.122366145801611e-18,8.056943355691495e-14,1.5443713294576164e-28,1.1996230136808539e-17,1.1608680662096196,2.886318618798909e-12,0.00020488091174274188,500000.0,500366.49675450195
0.0010862600480185355,0.00011376463183016165,-4.3330842772949857e-07,298.1500008728551,0.0,0.04634865084289159,150.13673330023246,9.933440512025762e-18,0.0,0.0001488493812925918,50.053228431561685,1.7396941325183678e-16,7.08465219629339e-18,8.012308868292466e-14,1.543584469023878e-28,1.1996232213059316e-17,1.1608680760609718,2.886318602619306e-12,0.00020488091176893043,500000.0,500366.50305876136
0.0010878357595905971,0.00011376463099225327,-6.67756996873446e-07,298.1500036479662,0.0,0.046348647979228275,150.1367366195737,9.933351487710514e-18,0.0,0.00014884938458154337,50.05322953752985,1.7396778365912628e-16,7.047147286744266e-18,7.967921760802535e-14,1.542802504765982e-28,1.1996236968717557e-17,1.1608681017113285,2.886318888340046e-12,0.00020488091183711856,500000.0,500366.51881843817
0.001089411471162659,0.00011376462995945452,-6.493412112349879e-07,298.15000691438644,0.0,0.04634864535376411,150.1367407105135,9.933263567226193e-18,0.0,0.0001488493886354774,50.05323090073686,1.7396617382655037e-16,7.009850204906777e-18,7.923780593196124e-14,1.5420250467020919e-28,1.199624256911341e-17,1.1608681333277415,2.8863192744181036e-12,0.00020488091192116668,500000.0,500366.5379846424
0.0010909871827347207,0.0001137646291210655,-3.8802625723075167e-07,298.1500094370204,0.0,0.0463486424906869,150.13674403175787,9.933175693712156e-18,0.0,0.00014884939192631575,50.0532320073395,1.739645799945932e-16,6.972759728568512e-18,7.879883921643578e-14,1.5412516476766929e-28,1.1996246890891056e-17,1.1608681589928138,2.8863195247722005e-12,0.00020488091198939392,500000.0,500366.5533245995
0.0010925628943067825,0.00011376462878852157,1.535206801893911e-08,298.15001027551904,0.0,0.0463486390093531,150.13674535029014,9.933086992983546e-18,0.0,0.00014884939323161434,50.053232446269384,1.7396299579122088e-16,6.935874652120902e-18,7.83623032891172e-14,1.5404819618456763e-28,1.19962483174121e-17,1.1608681691727711,2.8863194572382785e-12,0.00020488091201645598,500000.0,500366.55913269555
0.0010941386058788442,0.00011376462907989803,4.078760943583291e-07,298.15000913230097,0.0,0.04634863476544885,150.13674419863347,9.932997097146573e-18,0.0,0.0001488493920879047,50.05323206167708,1.7396141462557409e-16,6.899193808868926e-18,7.792818447098218e-14,1.5397158637574718e-28,1.1996246337078454e-17,1.160868160253049,2.8863190110264727e-12,0.00020488091199274408,500000.0,500366.55334520503
0.001095714317450906,0.00011376462987798853,6.424898929994606e-07,298.1500064563281,0.0,0.0463486299022273,150.13674104082438,9.932906275346846e-18,0.0,0.00014884938895524445,50.05323100826507,1.739598321422159e-16,6.862716080796712e-18,7.749646964321885e-14,1.5389534837070074e-28,1.1996241721740168e-17,1.1608681358216115,2.886318268040045e-12,0.0002048809119277963,500000.0,500366.53826982976
0.0010972900290229677,0.00011376463087762095,6.337957783222405e-07,298.1500032641099,0.0,0.04634862479267773,150.13673708508253,9.932815323092724e-18,0.0,0.00014884938503149334,50.05322968883482,1.739582478050827e-16,6.826440392084508e-18,7.706714612999561e-14,1.5381951472066702e-28,1.1996236218966596e-17,1.1608681052205003,2.886317420128385e-12,0.00020488091184644726,500000.0,500366.51965788065
0.0010988657405950294,0.00011376463170212521,3.880046721467158e-07,298.15000075247195,0.0,0.04634861989717541,150.1367338226979,9.932725256692942e-18,0.0,0.00014884938179515425,50.05322860055897,1.7395666503297227e-16,6.790365690398959e-18,7.664020144962579e-14,1.5374412379991703e-28,1.1996231886318445e-17,1.160868079980477,2.886316695966044e-12,0.00020488091177934994,500000.0,500366.5045105181
0.0011004414521670913,0.00011376463204475145,-3.5710470819726964e-10,298.14999984977555,0.0,0.04634861559063696,150.13673246813627,9.932636930193545e-18,0.0,0.00014884938045027946,50.05322814832133,1.73955089855473e-16,6.754490920576724e-18,7.621562302545163e-14,1.5366920517767018e-28,1.1996230319818654e-17,1.1608680694918792,2.886316275278526e-12,0.00020488091175146738,500000.0,500366.4984511586
0.001102017163739153,0.00011376463178228987,-3.8463603622857936e-07,298.1500008727456,0.0,0.04634861202365163,150.13673350920246,9.932550717740422e-18,0.0,0.0001488493814804911,50.05322849474839,1.7395352861064782e-16,6.7188150038136575e-18,7.57933979664799e-14,1.5359476738684831e-28,1.199623206397426e-17,1.1608680775264488,2.886316222368712e-12,0.00020488091177282624,500000.0,500366.503643736
0.0011035928753112148,0.00011376463101894355,-6.213410758572647e-07,298.15000341532306,0.0,0.0463486090688593,150.136736533342,9.932466378556879e-18,0.0,0.0001488493844767722,50.053229502300944,1.7395198555540014e-16,6.683336827620153e-18,7.537351299678048e-14,1.535207942455508e-28,1.1996236420695181e-17,1.1608681008942852,2.8863164634494617e-12,0.00020488091183494658,500000.0,500366.51802491886
0.0011047420000803506,0.00011376463033784025,-6.38891882995807e-07,298.15000558623274,0.0,0.04634860706606999,150.13673923134363,9.932405553607047e-18,0.0,0.00014884938715023377,50.05323040129969,1.739508722605912e-16,6.657587441578882e-18,7.506876831630216e-14,1.5346711710514667e-28,1.199624014241189e-17,1.160868121744468,2.8863167037548e-12,0.0002048809118903741,500000.0,500366.5306925246
0.0011058911248494866,0.00011376462970771305,-5.35005772652526e-07,298.1500075323628,0.0,0.04634860500097617,150.13674172752374,9.932344878666719e-18,0.0,0.00014884938962360435,50.053231233014316,1.7394976739969835e-16,6.631942129657854e-18,7.476525524374177e-14,1.5341364953965628e-28,1.1996243477734616e-17,1.1608681410341528,2.886316904294762e-12,0.0002048809119416532,500000.0,500366.54230664315
0.0011070402496186223,0.00011376462924368863,-3.3797380044313484e-07,298.15000890144717,0.0,0.04634860273286739,150.1367435660796,9.932284033378074e-18,0.0,0.00014884939144498946,50.05323184548733,1.7394866894452103e-16,6.6064004715686806e-18,7.446296883384929e-14,1.5336037869099752e-28,1.1996245821052135e-17,1.160868155239039,2.886316997076628e-12,0.00020488091197941503,500000.0,500366.5507502592
0.001108189374387758,0.00011376462902229865,-8.994468130240567e-08,298.1500094713585,0.0,0.046348600168205016,150.1367444440114,9.932222797340384e-18,0.0,0.00014884939231398742,50.0532321377034,1.7394757469338297e-16,6.5809620414352695e-18,7.41619040847802e-14,1.5330729614225966e-28,1.1996246790486016e-17,1.1608681620163106,2.8863169385927472e-12,0.00020488091199743152,500000.0,500366.554636392
0.001109338499156894,0.00011376462907063779,1.6047045635284078e-07,298.15000918081694,0.0,0.046348597273873526,150.13674425404756,9.932161081687258e-18,0.0,0.00014884939212424648,50.053232073899814,1.739464826344601e-16,6.555626418069479e-18,7.386205605227804e-14,1.532543989325228e-28,1.1996246280684058e-17,1.1608681605365359,2.8863167158775435e-12,0.00020488091199349773,500000.0,500366.55350330257
0.0011104876239260298,0.00011376462936457858,3.6718075062379805e-07,298.1500081304504,0.0,0.046348594079362294,150.1367430917121,9.932098936637566e-18,0.0,0.00014884939097047152,50.05323168592282,1.739453912869219e-16,6.5303931888041655e-18,7.356341988823196e-14,1.532016896303382e-28,1.199624446464332e-17,1.1608681515383137,2.8863163469435944e-12,0.00020488091196957712,500000.0,500366.5478398925
0.0011116367486951656,0.00011376462983626546,4.947851452734067e-07,298.15000655470004,0.0,0.04634859066760614,150.13674122565476,9.932036533718805e-18,0.0,0.0001488493891190088,50.053231063336,1.7394429993321184e-16,6.505261949756043e-18,7.326599083772539e-14,1.5314917538255407e-28,1.1996241745413737e-17,1.160868137098863,2.8863158756307093e-12,0.00020488091193119172,500000.0,500366.5389391823
0.0011127858734643016,0.00011376463039500649,5.24110248627792e-07,298.1500047525201,0.0,0.04634858714945099,150.13673901493786,9.931974111117454e-18,0.0,0.00014884938692584173,50.053230325845085,1.7394320863395416e-16,6.4802323253978805e-18,7.296976446601951e-14,1.5309686551076452e-28,1.1996238636952154e-17,1.1608681199944793,2.8863153585130104e-12,0.00020488091188572197,500000.0,500366.5285050729
0.0011139349982334373,0.00011376463092869227,4.535261952170681e-07,298.15000308173217,0.0,0.04634858366191957,150.13673690341824,9.931911970003004e-18,0.0,0.00014884938483102146,50.053229621425004,1.7394211828989141e-16,6.45530390848123e-18,7.267473595106683e-14,1.5304477149044459e-28,1.1996235754419525e-17,1.1608681036570963,2.886314863877097e-12,0.00020488091184229116,500000.0,500366.5186240517
0.0011150841230025733,0.00011376463133747587,3.013880791207037e-07,298.15000185093214,0.0,0.046348580327047015,150.13673528640396,9.931850384437705e-18,0.0,0.00014884938322646637,50.053229081865226,1.7394103041009322e-16,6.430476302478252e-18,7.238090057917408e-14,1.529929029394333e-28,1.1996233628349705e-17,1.1608680911432643,2.886314451123925e-12,0.00020488091180902477,500000.0,500366.51113736373
0.001116233247771709,0.00011376463155094417,1.0078159794855745e-07,298.1500012674132,0.0,0.04634857723089372,150.13673444267056,9.931789553529668e-18,0.0,0.00014884938238856157,50.053228800105146,1.7393994677978408e-16,6.405749111504082e-18,7.208825363482918e-14,1.5294126607801684e-28,1.199623261511562e-17,1.1608680846084958,2.8863141606933447e-12,0.00020488091179165295,500000.0,500366.5073260385
0.0011173823725408448,0.00011376463153986443,-1.0734583172683431e-07,298.1500014034963,0.0,0.046348574409188395,150.13673448795439,9.931729567710381e-18,0.0,0.0001488493824320512,50.05322881472945,1.739388690976974e-16,6.381121935867607e-18,7.179679035407291e-14,1.5288986253834777e-28,1.1996232839050848e-17,1.1608680849476731,2.886314007446193e-12,0.0002048809117925546,500000.0,500366.50769872265
0.0011185314973099808,0.00011376463131889685,-2.8361715901941173e-07,298.15000219205405,0.0,0.046348571844012844,150.13673536421385,9.931670398366545e-18,0.0,0.00014884938329939114,50.05322910638797,1.7393779865713273e-16,6.356594370733037e-18,7.15065059134479e-14,1.528386891116566e-28,1.1996234184749854e-17,1.1608680917120138,2.8863139795969883e-12,0.00020488091181053672,500000.0,500366.5119482543
0.0011196806220791166,0.00011376463094108161,-3.970317968619645e-07,298.1500034478869,0.0,0.046348569470539974,150.13673686145526,9.931611910573471e-18,0.0,0.00014884938478238843,50.05322960507212,1.7393673612337187e-16,6.332166006035855e-18,7.121739543923858e-14,1.5278773873278534e-28,1.1996236333822062e-17,1.1608681032778319,2.886314042604306e-12,0.00020488091184128296,500000.0,500366.51906064304
0.0011208297468482523,0.00011376463048617437,-4.2941660192661545e-07,298.15000490771445,0.0,0.04634856719129056,150.1367386639148,9.931553893486775e-18,0.0,0.00014884938656798674,50.0532302055112,1.739356814381556e-16,6.307836428628744e-18,7.092945403083774e-14,1.5273700150749248e-28,1.1996238833639993e-17,1.1608681172036186,2.886314146663785e-12,0.00020488091187830282,500000.0,500366.5275368222
0.0011219788716173883,0.00011376463004413982,-3.790695188595099e-07,298.15000628411156,0.0,0.046348564896307676,150.13674041540958,9.931496103821631e-18,0.0,0.00014884938830305732,50.05323078895943,1.7393463386717563e-16,6.283605224628238e-18,7.064267679254552e-14,1.526864667358877e-28,1.199624119006547e-17,1.1608681307353421,2.8863142369376093e-12,0.00020488091191427513,500000.0,500366.5357019659
0.001123127996386524,0.00011376462969741592,-2.602577202382806e-07,298.15000732169295,0.0,0.046348562484833856,150.13674178955605,9.931438313735966e-18,0.0,0.00014884938966401514,50.053231246605655,1.739335921737637e-16,6.259471981930224e-18,7.035705886569944e-14,1.5263612503067714e-28,1.1996242964045231e-17,1.1608681413493813,2.8863142642980468e-12,0.00020488091194249117,500000.0,500366.54203485744
0.00112427712115566,0.00011376462950582406,-9.922841733640148e-08,298.1500078433663,0.0,0.04634855988375415,150.13674254951292,9.931380352781409e-18,0.0,0.00014884939041604977,50.05323149949072,1.7393255487689592e-16,6.235436293503495e-18,7.007259545643823e-14,1.525859694568852e-28,1.1996243851124214e-17,1.160868147214462,2.8863141942503084e-12,0.00020488091195808273,500000.0,500366.5454455083
0.0011254262459247958,0.00011376462949660147,7.132560690360208e-08,298.1500077791949,0.0,0.04634855705977875,150.13674258744408,9.931322136566416e-18,0.0,0.0001488493904522497,50.05323151166376,1.7393152054067358e-16,6.211497758833166e-18,6.978928185241506e-14,1.5253599680498093e-28,1.1996243731067573e-17,1.1608681474967877,2.8863140125903476e-12,0.00020488091195883324,500000.0,500366.54545568477
0.0011265753706939316,0.00011376462966111855,2.187638318165207e-07,298.15000717349625,0.0,0.04634855402345511,150.13674193751535,9.931263677579106e-18,0.0,0.00014884938980648787,50.053231294515115,1.7393048803901126e-16,6.187655984790405e-18,6.950711342677111e-14,1.5248620776466504e-28,1.199624268006429e-17,1.1608681424605312,2.8863137269298663e-12,0.000204880911945445,500000.0,500366.54225430236
0.0011283708096737504,0.00011376463012814464,3.3985269210890444e-07,298.15000561486283,0.0,0.046348549022741416,150.13674009070812,9.931172203354203e-18,0.0,0.0001488493879733194,50.05323067808016,1.7392887732908496e-16,6.1505972182559764e-18,6.906852139088583e-14,1.5240879657934375e-28,1.1996239985417895e-17,1.1608681281637587,2.8863131608369e-12,0.00020488091190743891,500000.0,500366.5334421506
0.001130166248653569,0.00011376463065997409,3.14258034833673e-07,298.15000392552275,0.0,0.046348543942824685,150.13673798733527,9.931081073428404e-18,0.0,0.00014884938588578526,50.053229976110266,1.7392727081569827e-16,6.113772222056393e-18,6.863269612030566e-14,1.5233186905947448e-28,1.199623706615875e-17,1.1608681118832025,2.8863125659608295e-12,0.0002048809118641592,500000.0,500366.52355240437
0.0011319616876333879,0.00011376463104037396,1.6969949171345405e-07,298.1500027800128,0.0,0.046348539047989495,150.13673648349354,9.930990876444388e-18,0.0,0.0001488493843926415,50.05322947401462,1.7392567130503048e-16,6.077179596629998e-18,6.819962101713754e-14,1.5225544519142166e-28,1.1996235081939564e-17,1.1608681002382641,2.8863120718179073e-12,0.00020488091183320264,500000.0,500366.5165830558
0.0011337571266132065,0.00011376463113775922,-2.4574519295437047e-08,298.1500025619084,0.0,0.04634853449906162,150.13673610014652,9.930901985099318e-18,0.0,0.00014884938401038474,50.053229345474314,1.739240823706526e-16,6.0408179132442854e-18,6.776927910980412e-14,1.521795350060309e-28,1.1996234692195064e-17,1.160868097257072,2.886311753446003e-12,0.00020488091182527753,500000.0,500366.514921616
0.0011355525655930253,0.00011376463094645746,-1.8694327398992528e-07,298.1500032480843,0.0,0.046348530302973624,150.13673685975206,9.930814436275429e-18,0.0,0.00014884938476128032,50.05322959797644,1.7392250690394246e-16,6.004685724101975e-18,6.734165319919854e-14,1.5210413466225785e-28,1.1996235857169193e-17,1.1608681031132717,2.88631160851387e-12,0.00020488091184084548,500000.0,500366.5186040761
0.0011370047648218218,0.00011376463063883108,-2.5679325698029385e-07,298.1500042583249,0.0,0.04634852709593839,150.13673807947984,9.930744458323178e-18,0.0,0.0001488493859687727,50.05323000401726,1.739212433799868e-16,5.9756280242329806e-18,6.699775406900852e-14,1.520435129358513e-28,1.1996237582147216e-17,1.1608681125304436,2.886311579819219e-12,0.0002048809118658798,500000.0,500366.5243728461
0.0011384569640506186,0.00011376463029362009,-2.506565840033739e-07,298.1500053492253,0.0,0.04634852393483984,150.1367394480103,9.930674962448487e-18,0.0,0.00014884938732379193,50.053230459666565,1.739199893245688e-16,5.946718750103097e-18,6.665561147721544e-14,1.5198320380756976e-28,1.1996239445853904e-17,1.1608681230981688,2.886311568500176e-12,0.0002048809118939727,500000.0,500366.530774788
0.001139909163279415,0.00011376463000854856,-1.755969875903e-07,298.1500062131907,0.0,0.046348520700237525,150.13674057844023,9.930605680923401e-18,0.0,0.00014884938844275214,50.05323083593687,1.7391874359968618e-16,5.9179571149225916e-18,6.631521612388663e-14,1.5192319519969929e-28,1.1996240919480403e-17,1.1608681318248832,2.8863115156379114e-12,0.00020488091191717153,500000.0,500366.5359984208
0.0011427465860088968,0.00011376462985221081,5.205985153210906e-08,298.1500065835588,0.0,0.04634851389052142,150.13674120090383,9.930470275517018e-18,0.0,0.00014884938905640685,50.05323104228949,1.7391632728626072e-16,5.862183236302444e-18,6.565512944393307e-14,1.518067837677246e-28,1.1996241533543475e-17,1.160868136610753,2.886311162843456e-12,0.00020488091192989415,500000.0,500366.5386823632
0.0011455840087383786,0.00011376463020660358,2.1559170578323168e-07,298.15000536028117,0.0,0.046348506456580944,150.13673980131324,9.930334810650082e-18,0.0,0.0001488493876653455,50.05323057452099,1.7391392816101898e-16,5.806964690314983e-18,6.500161514553837e-14,1.5169147768141943e-28,1.1996239408063131e-17,1.1608681257619533,2.8863105040799225e-12,0.00020488091190105402,500000.0,500366.53192254464
0.0011484214314678603,0.0001137646307376508,1.7904127284362073e-07,298.1500036774855,0.0,0.04634849880673163,150.1367377023228,9.930200133878778e-18,0.0,0.00014884938558088135,50.053229873583575,1.739115439506929e-16,5.752296060430288e-18,6.435460921506884e-14,1.5157730415797844e-28,1.1996236492812175e-17,1.1608681095053437,2.8863097523615044e-12,0.00020488091185783797,500000.0,500366.5220510174
0.001151258854197342,0.00011376463097589334,-2.278342732014052e-08,298.1500030128293,0.0,0.046348491514756104,150.13673676258742,9.93006750957377e-18,0.0,0.00014884938464573215,50.05322955912358,1.7390917971012741e-16,5.698171786487292e-18,6.371404579381399e-14,1.5146430170907742e-28,1.1996235328154397e-17,1.1608681022121778,2.886309190729374e-12,0.00020488091183845005,500000.0,500366.5177699936
0.0011540962769268238,0.00011376463070541573,-2.103350711861802e-07,298.15000396188486,0.0,0.0463484848445499,150.13673783694682,9.92993756172879e-18,0.0,0.00014884938570740782,50.05322991613115,1.7390684354632134e-16,5.644586378065617e-18,6.307985974740883e-14,1.5135247902247282e-28,1.1996236937984937e-17,1.1608681104921383,2.8863089375621462e-12,0.00020488091186046125,500000.0,500366.52294000663
0.0011569336996563055,0.00011376463015743702,-2.1486266533215972e-07,298.15000570132526,0.0,0.04634847851351152,150.13674000997221,9.929809704232374e-18,0.0,0.00014884938785832897,50.053230639416704,1.739045393354311e-16,5.5915344032342076e-18,6.24519866692267e-14,1.512417967964144e-28,1.1996239906851369e-17,1.1608681272670638,2.8863088400415966e-12,0.0002048809119050552,500000.0,500366.53311377874
0.0011597711223857872,0.00011376462981445655,-2.807063348423686e-08,298.1500066897527,0.0,0.0463484719319204,150.1367413713807,9.929682624161673e-18,0.0,0.0001488493892045924,50.053231092121926,1.7390226299925985e-16,5.539010476064061e-18,6.183036284098436e-14,1.5113219153530987e-28,1.1996241584806151e-17,1.1608681377665087,2.886308604078014e-12,0.0002048809119329666,500000.0,500366.53930907586
0.0011626085451152688,0.00011376462998613522,1.8757463193463674e-07,298.15000602412005,0.0,0.04634846472130345,150.13674069518103,9.929555423593237e-18,0.0,0.00014884938853071923,50.0532308655206,1.73900005779322e-16,5.487009290951313e-18,6.121492562142046e-14,1.5102362160257735e-28,1.199624041933952e-17,1.1608681325110197,2.8863080530309195e-12,0.00020488091191899556,500000.0,500366.5359067021
0.0011644160640081318,0.00011376463035546577,2.423267753048612e-07,298.15000481451295,0.0,0.04634845981020043,150.1367392351791,9.929474317646055e-18,0.0,0.00014884938708102465,50.053230378035494,1.738985742749141e-16,5.4541532309817845e-18,6.082607217279095e-14,1.5095499694092547e-28,1.1996238326458808e-17,1.1608681212049388,2.886307549851258e-12,0.0002048809118889398,500000.0,500366.52897553705
0.001166223582900995,0.00011376463074245823,1.875889235390017e-07,298.1500036050205,0.0,0.04634845487751161,150.13673770525128,9.92939363389485e-18,0.0,0.0001488493855620037,50.05322986723818,1.7389714764457185e-16,5.421505876891565e-18,6.043968882661868e-14,1.5088680803847813e-28,1.1996236233860563e-17,1.1608681093581856,2.8863070438445047e-12,0.00020488091185744676,500000.0,500366.5218109893
0.001168031101793858,0.00011376463096647223,4.553830139643776e-08,298.15000295972743,0.0,0.046348450144019074,150.1367368205781,9.929313863550648e-18,0.0,0.0001488493846827047,50.05322957155865,1.7389572818527576e-16,5.389065930627522e-18,6.005576019176589e-14,1.508190712835602e-28,1.1996235111309906e-17,1.1608681025005883,2.886306643289259e-12,0.00020488091183921674,500000.0,500366.51775394613
0.0011700925999589356,0.000113764630903906,-1.3693528372776477e-07,298.150003247674,0.0,0.046348445134147105,150.1367370708298,9.929224343041984e-18,0.0,0.00014884938492828835,50.05322965414078,1.7389412209096776e-16,5.352319271016744e-18,5.962086131410286e-14,1.5074237643044354e-28,1.1996235591421893e-17,1.1608681044158893,2.8863063814121962e-12,0.00020488091184430832,500000.0,500366.51906103984
0.0011721540981240132,0.00011376463054368613,-2.4132227381101624e-07,298.15000444389074,0.0,0.046348440488073454,150.13673849953423,9.929136291197052e-18,0.0,0.0001488493863422201,50.05323012960054,1.7389253282979498e-16,5.315838769006604e-18,5.918911230552518e-14,1.5066626799324271e-28,1.199623763312733e-17,1.1608681154430722,2.8863062949759803e-12,0.00020488091187362265,500000.0,500366.52583734883
0.0011742155962890907,0.00011376463009286705,-2.0717967810680503e-07,298.1500058576818,0.0,0.046348435952731894,150.13674028693373,9.929049162699452e-18,0.0,0.0001488493881117712,50.053230724643605,1.738909607227958e-16,5.27962247153866e-18,5.876049001691143e-14,1.505907185007726e-28,1.1996240048990926e-17,1.1608681292437113,2.8863062536735284e-12,0.00020488091191030983,500000.0,500366.5341789966
0.001176277094454168,0.00011376462981186072,-5.30177318383741e-08,298.1500066689409,0.0,0.046348431209842,150.1367414020206,9.928962244287118e-18,0.0,0.00014884938921477448,50.0532310955482,1.7388940277965105e-16,5.2436684286014876e-18,5.833497140186454e-14,1.5051569613202156e-28,1.1996241429098974e-17,1.1608681378459804,2.886306100438335e-12,0.00020488091193317785,500000.0,500366.5392580673
0.0011783385926192457,0.00011376462986474381,1.331652947383855e-07,298.1500064001742,0.0,0.04634842605886652,150.13674119519214,9.92887506174765e-18,0.0,0.00014884938900719725,50.05323102574699,1.7388785432777991e-16,5.207974713960886e-18,5.7912533744874e-14,1.5044118072968442e-28,1.1996240952550803e-17,1.160868136227105,2.8863057418155305e-12,0.0002048809119288743,500000.0,500366.5380988562
0.0011804000907843233,0.00011376463022379881,2.439496731625803e-07,298.15000519488217,0.0,0.04634842053368281,150.13673977618592,9.928787652803178e-18,0.0,0.00014884938759783607,50.05323055182475,1.7388631164235807e-16,5.17253944025462e-18,5.7493154793659e-14,1.5036717323313414e-28,1.1996238866048627e-17,1.160868125235583,2.8863052024144624e-12,0.00020488091189965478,500000.0,500366.5313100933
0.0011824615889494009,0.00011376463068381423,2.144516974935684e-07,298.15000374016194,0.0,0.04634841488510454,150.13673795746314,9.928700547282157e-18,0.0,0.00014884938579218577,50.05322994464329,1.7388477406239284e-16,5.1373607597750856e-18,5.707681271964909e-14,1.5029369303994804e-28,1.1996236350838922e-17,1.1608681111534238,2.886304611740291e-12,0.0002048809118622192,500000.0,500366.52276521036
0.0011845230871144782,0.00011376463098038704,6.146849483377984e-08,298.15000287042784,0.0,0.04634840943629001,150.1367367858327,9.928614459920758e-18,0.0,0.00014884938462807928,50.05322955319227,1.738832443456247e-16,5.102436850141464e-18,5.666348592604726e-14,1.5022076457963232e-28,1.1996234841433173e-17,1.1608681020746299,2.8863041295129467e-12,0.00020488091183808443,500000.0,500366.5173690498
0.0011865845852795558,0.0001137646309411787,-1.2832663625775756e-07,298.1500030897737,0.0,0.04634840439787416,150.13673694360725,9.928529877851318e-18,0.0,0.00014884938478197876,50.053229604943965,1.7388172706153921e-16,5.0677658940522354e-18,5.6253152822179405e-14,1.5014840097153628e-28,1.1996235204459249e-17,1.1608681032748909,2.886303854250397e-12,0.00020488091184127515,500000.0,500366.51825146854
0.0011886460834446334,0.00011376463058481001,-2.4678261180166484e-07,298.1500042824005,0.0,0.04634839974709776,150.13673835706427,9.928446778620818e-18,0.0,0.0001488493861807938,50.05323007532049,1.7388022593617948e-16,5.0333460629062576e-18,5.584579168420665e-14,1.5007659466975947e-28,1.1996237240837495e-17,1.1608681141841797,2.886303766694815e-12,0.00020488091187027607,500000.0,500366.5249707882
0.001190707581609711,0.00011376463011228717,-2.2488397163442767e-07,298.1500057722727,0.0,0.046348395238287064,150.13674023039206,9.928364635715732e-18,0.0,0.00014884938803553645,50.05323069901068,1.7387874165609256e-16,4.999175516153423e-18,5.544138068339042e-14,1.5000531870494977e-28,1.1996239788337541e-17,1.1608681286492224,2.8863037395699586e-12,0.0002048809119087295,500000.0,500366.53372785886
0.0011927690797747883,0.00011376462979328483,-7.390280849029102e-08,298.1500067060874,0.0,0.04634839054184083,150.13674149591048,9.928282713373335e-18,0.0,0.0001488493892876814,50.053231120066805,1.738772714002752e-16,4.9652524125609595e-18,5.503989806157962e-14,1.4993454069082803e-28,1.199624137997575e-17,1.1608681384146395,2.8863036096584076e-12,0.00020488091193468958,500000.0,500366.5395162453
0.001194830577939866,0.00011376462981197642,1.2075181922261868e-07,298.15000654148747,0.0,0.04634838543265936,150.136741424451,9.928200484442757e-18,0.0,0.0001488493892143124,50.053231095395475,1.7387581038186673e-16,4.931574931885871e-18,5.464132235615077e-14,1.4986423839203815e-28,1.199624108333547e-17,1.1608681378424464,2.8863032711644344e-12,0.00020488091193316847,500000.0,500366.5389850028
0.0011968920761049435,0.00011376463016055672,2.4784059241685393e-07,298.150005361179,0.0,0.0463483799202829,150.1367400469156,9.928117932428459e-18,0.0,0.00014884938784606649,50.053230635298945,1.7387435453265556e-16,4.8981412902064335e-18,5.4245632543092016e-14,1.497944108548788e-28,1.199623904060578e-17,1.16086812717158,2.8863027369580888e-12,0.00020488091190480138,500000.0,500366.5323769283
0.0011982102691412923,0.00011376463045687765,2.510072831349563e-07,298.1500044130761,0.0,0.0463483763057365,150.1367388753654,9.928065229930644e-18,0.0,0.00014884938668294895,50.05323024418037,1.7387342559166084e-16,4.876889515794868e-18,5.3994116146355454e-14,1.4975001895822386e-28,1.1996237402022558e-17,1.1608681181004958,2.886302356398617e-12,0.00020488091188068707,500000.0,500366.5268541057
0.001199528462177641,0.00011376463072140607,1.9647458261701648e-07,298.15000359609587,0.0,0.046348372730047965,150.13673782968627,9.928012833316498e-18,0.0,0.00014884938564462325,50.05322989502523,1.7387249907002457e-16,4.855736239282066e-18,5.37437655089072e-14,1.4970583714766977e-28,1.1996235988903656e-17,1.160868110002656,2.8863019993674717e-12,0.00020488091185916002,500000.0,500366.52197301626
0.0012008466552139898,0.00011376463089471282,1.0180436645111075e-07,298.1500030905592,0.0,0.04634836926585256,150.13673714516662,9.927960907276405e-18,0.0,0.00014884938496436022,50.05322966627499,1.73871576095702e-16,4.8346810351531844e-18,5.349457557739446e-14,1.4966187065251632e-28,1.199623511125353e-17,1.1608681046973273,2.8863017007492496e-12,0.0002048809118450565,500000.0,500366.51882390963
0.0012021648482503386,0.00011376463094365801,-9.242464068269898e-09,298.1500029897507,0.0,0.04634836595365434,150.13673695301185,9.927909547354883e-18,0.0,0.00014884938477224033,50.05322960167147,1.7387065779922856e-16,4.813723465824575e-18,5.324654115097654e-14,1.4961812165951203e-28,1.199623492944606e-17,1.1608681031989996,2.8863014789758593e-12,0.0002048809118410734,500000.0,500366.5180024823
0.0012034830412866874,0.00011376463086555473,-1.1073151507107491e-07,298.15000328885515,0.0,0.046348362796737146,150.1367372638599,9.927858767561889e-18,0.0,0.0001488493850788102,50.053229704761186,1.7386974512494943e-16,4.792863084676802e-18,5.2999656922828944e-14,1.4957458905685887e-28,1.199623543520166e-17,1.1608681055899261,2.8863013338037756e-12,0.00020488091184742938,500000.0,500366.51953614247
0.0012051759050402658,0.00011376463062370037,-1.9152396078601484e-07,298.1500040982575,0.0,0.04634835891553482,150.13673822348386,9.927794293375333e-18,0.0,0.0001488493860281346,50.05323002398849,1.7386858217170948e-16,4.7662153450877096e-18,5.2684278788382195e-14,1.4951899358778191e-28,1.1996236815907368e-17,1.1608681129936609,2.8863012298669246e-12,0.00020488091186711126,500000.0,500366.52409542183
0.0012068687687938442,0.00011376463032069968,-1.970470715510874e-07,298.15000506373923,0.0,0.04634835510906664,150.13673942519475,9.927730389151248e-18,0.0,0.00014884938721747016,50.05323042392378,1.7386742929639255e-16,4.739726187913557e-18,5.237077740104311e-14,1.494637344625178e-28,1.1996238465007688e-17,1.1608681222692292,2.886301157687555e-12,0.00020488091189176913,500000.0,500366.5297267511
0.0012085616325474226,0.00011376463006996668,-1.3267409301672486e-07,298.15000582680545,0.0,0.04634835123871609,150.13674041997047,9.927666744881788e-18,0.0,0.00014884938820164493,50.05323075487014,1.7386628528347414e-16,4.713394657444281e-18,5.205914146247405e-14,1.4940879758699473e-28,1.1996239766183059e-17,1.1608681299447603,2.886301048674768e-12,0.00020488091191217352,500000.0,500366.534325253
0.001211221343560772,0.0001137646299552673,3.4439845358120524e-08,298.1500061021055,0.0,0.04634834481660234,150.1367408773626,9.927566779432528e-18,0.0,0.00014884938865186096,50.053230906263614,1.7386450148714338e-16,4.672340500828819e-18,5.1573261888980696e-14,1.4932311340889364e-28,1.199624022283081e-17,1.1608681334559803,2.8863007027777597e-12,0.00020488091192150766,500000.0,500366.5362986384
0.0012138810545741215,0.00011376463019663732,1.6159636878211298e-07,298.1500052637453,0.0,0.04634833795929571,150.13673992502578,9.92746676466998e-18,0.0,0.00014884938770443583,50.05323058767559,1.7386272967721503e-16,4.631669695304443e-18,5.109191930645285e-14,1.4923819199731084e-28,1.1996238765049027e-17,1.1608681260670741,2.8863001432004667e-12,0.00020488091190186522,500000.0,500366.5316836533
0.0012165407655874711,0.00011376463058990141,1.5103549523023065e-07,298.15000401246897,0.0,0.04634833091634317,150.13673837131896,9.927367213473385e-18,0.0,0.00014884938616079716,50.05323006860026,1.7386096791952308e-16,4.59137863078017e-18,5.061507105475097e-14,1.491540495180881e-28,1.1996236597543564e-17,1.1608681140283315,2.886299501196993e-12,0.0002048809118698618,500000.0,500366.5243630575
0.0012192004766008206,0.00011376463081527644,1.3116133241389806e-08,298.15000336163746,0.0,0.04634832407858889,150.13673748230858,9.927268983436664e-18,0.0,0.00014884938527615546,50.05322977112428,1.7385921918678479e-16,4.5514636981169e-18,5.0142674389278635e-14,1.4907071259264153e-28,1.1996235462468136e-17,1.1608681071290698,2.8862989705242805e-12,0.000204880911851521,500000.0,500366.5202760755
0.00122186018761417,0.00011376463068486398,-1.392961178931601e-07,298.1500038518107,0.0,0.046348317675684876,150.13673800191103,9.927172607395175e-18,0.0,0.00014884938578804845,50.0532299432577,1.7385748902257786e-16,4.511921359132375e-18,4.9674687332882496e-14,1.489881920382719e-28,1.1996236289142997e-17,1.1608681111213048,2.886298657326147e-12,0.00020488091186213385,500000.0,500366.5228198819
0.0012245198986275195,0.00011376463029921113,-1.8051625134117935e-07,298.150005098028,0.0,0.04634831158474025,150.13673953204622,9.927077843551699e-18,0.0,0.00014884938730180927,50.05323045228685,1.7385578095547094e-16,4.472748114887767e-18,4.9211068383240905e-14,1.4890646754595173e-28,1.1996238415748278e-17,1.1608681229270517,2.8862984913676585e-12,0.00020488091189351787,500000.0,500366.5300150994
0.001227179609640869,0.00011376462997271777,-7.349028434555955e-08,298.1500060794698,0.0,0.04634830542149027,150.13674082796067,9.92698384597472e-18,0.0,0.0001488493885833577,50.053230883230476,1.738540934802972e-16,4.4339404851391804e-18,4.8751776345757157e-14,1.488254974587557e-28,1.1996240087304175e-17,1.1608681329217867,2.88629827871098e-12,0.00020488091192008754,500000.0,500366.5359811086
0.0012298393206542184,0.0001137646300028927,1.0092710803420366e-07,298.1500058890844,0.0,0.04634829882231533,150.13674071177496,9.92688977843126e-18,0.0,0.00014884938846491412,50.05323084340212,1.7385242101537303e-16,4.3954950181643955e-18,4.829677045456039e-14,1.4874524398243036e-28,1.1996239744424146e-17,1.1608681319980616,2.886297844108005e-12,0.00020488091191763193,500000.0,500366.5352526653
0.0012324990316675678,0.00011376463035187468,1.8641192676130393e-07,298.15000472937646,0.0,0.04634829183349077,150.13673933338725,9.926795688020381e-18,0.0,0.00014884938709509125,50.05323038277542,1.738507579824068e-16,4.357408336905379e-18,4.7846010867238576e-14,1.4866570691126041e-28,1.1996237735244533e-17,1.160868121314899,2.8862972220899527e-12,0.00020488091188923215,500000.0,500366.5286722241
0.0012351587426809173,0.00011376463073059467,1.1278773620780913e-07,298.1500035575199,0.0,0.04634828480832161,150.13673783726253,9.926702326445169e-18,0.0,0.00014884938560854097,50.05322988289706,1.738491041924823e-16,4.319677121651687e-18,4.7399458330979746e-14,1.485869115926471e-28,1.1996235705326759e-17,1.1608681097213853,2.8862965935809096e-12,0.00020488091185841232,500000.0,500366.5216779996
0.0012378184536942667,0.00011376463082527836,-5.711500488839642e-08,298.1500033402352,0.0,0.046348278130307306,150.1367374656776,9.926610551441705e-18,0.0,0.00014884938523688804,50.0532297579226,1.7384746452194782e-16,4.282298092822324e-18,4.6957073959258054e-14,1.485088837771019e-28,1.1996235316637957e-17,1.1608681068228948,2.886296144820578e-12,0.00020488091185070706,500000.0,500366.5200510418
0.0012404781647076162,0.00011376463055001322,-1.8375629148995686e-07,298.1500042792957,0.0,0.046348271904450775,150.13673855877224,9.92652062900951e-18,0.0,0.00014884938631735573,50.05323012124929,1.7384584462467178e-16,4.245267979984007e-18,4.65188189279461e-14,1.4843162332731134e-28,1.1996236916062757e-17,1.1608681152494122,2.8862959179681073e-12,0.00020488091187310784,500000.0,500366.5252680423
0.0012431378757209659,0.0001137646301231073,-1.6191461254658356e-07,298.1500056251029,0.0,0.04634826586393218,150.13674025223415,9.926431993819016e-18,0.0,0.00014884938799304286,50.053230684729,1.73844246282509e-16,4.208583508053103e-18,4.6084654409903996e-14,1.4835509817706803e-28,1.1996239214901961e-17,1.160868128318013,2.886295772635508e-12,0.000204880911907849,500000.0,500366.5331768929
0.0012457975867343153,0.00011376462989202644,-6.542516975665089e-09,298.1500062784575,0.0,0.046348259584073695,150.13674117039702,9.92634369561649e-18,0.0,0.00014884938890007875,50.0532309897362,1.7384266582012994e-16,4.172241412231054e-18,4.56545418050509e-14,1.4827926451508273e-28,1.1996240323427296e-17,1.1608681353919454,2.8862954985576694e-12,0.0002048809119266541,500000.0,500366.53732740844
0.0012484572977476648,0.00011376463005091434,1.5720475417583503e-07,298.1500056852055,0.0,0.04634825282759063,150.13674054461856,9.926255164682191e-18,0.0,0.00014884938827641191,50.05323078001761,1.7384109690386406e-16,4.136238468822515e-18,4.522844307619225e-14,1.4820409698592524e-28,1.1996239288946487e-17,1.160868130528012,2.8862949866768974e-12,0.00020488091191372395,500000.0,500366.5342168803
0.0012511170087610142,0.00011376463047642674,1.9481081322094674e-07,298.1500043074633,0.0,0.04634824574523677,150.1367388632361,9.926166685615281e-18,0.0,0.00014884938660619237,50.05323021837723,1.738395355946853e-16,4.100571517932546e-18,4.480632092475139e-14,1.4812960456660931e-28,1.199623690591963e-17,1.160868117502072,2.8862943217306465e-12,0.0002048809118790962,500000.0,500366.5262563825
0.0012537767197743637,0.00011376463082056144,7.197438074586664e-08,298.15000327169287,0.0,0.046348238762345506,150.13673750403942,9.926079180018896e-18,0.0,0.000148849385255396,50.053229764148526,1.7383798350158546e-16,4.065237458182595e-18,4.438813864729366e-14,1.4805581865181903e-28,1.1996235110941977e-17,1.160868106967296,2.886293717898235e-12,0.00020488091185109087,500000.0,500366.5199492013
0.001256436430787713,0.00011376463079963918,-1.1204619002125802e-07,298.1500034303095,0.0,0.046348232225633196,150.13673759015475,9.925993436129481e-18,0.0,0.0001488493853375188,50.05322979176414,1.738364465358012e-16,4.030233218586998e-18,4.397385979970087e-14,1.4798276157065016e-28,1.199623536947143e-17,1.1608681076077767,2.8862933405269876e-12,0.0002048809118527935,500000.0,500366.5204854834
0.0012590961418010626,0.0001137646304228714,-2.0739850995165058e-07,298.1500046769276,0.0,0.04634822612384079,150.1367390851127,9.925909467027993e-18,0.0,0.00014884938681640405,50.05323028906576,1.738349298999655e-16,3.995555728467892e-18,4.356344792089547e-14,1.479104232182784e-28,1.1996237498608578e-17,1.1608681191415307,2.8862931731973513e-12,0.00020488091188345446,500000.0,500366.52756387374
0.001261755852814412,0.0001137646299925481,-1.3397608827420943e-07,298.1500060074216,0.0,0.04634822008750488,150.1367407921045,9.925826473643113e-18,0.0,0.000148849388505505,50.053230857056114,1.738334337522422e-16,3.9612019112405194e-18,4.3156866560064395e-14,1.4783876342541497e-28,1.1996239772077081e-17,1.1608681323147452,2.8862930262661893e-12,0.00020488091191847373,500000.0,500366.53549207625
0.0012644155638277615,0.00011376462985839061,4.906516959008924e-08,298.1500063365217,0.0,0.04634821368919157,150.13674132653404,9.925743485948784e-18,0.0,0.00014884938903209793,50.05323103413265,1.7383195290398117e-16,3.927168706704525e-18,4.275407957262528e-14,1.4776773933062185e-28,1.1996240324097403e-17,1.1608681364216238,2.886292691056295e-12,0.00020488091192939135,500000.0,500366.5378135848
0.001267075274841111,0.00011376463013644826,1.9658088068057273e-07,298.1500053713417,0.0,0.046348206787064535,150.13674022894574,9.925660140118256e-18,0.0,0.00014884938794066678,50.053230667120076,1.7383048082833678e-16,3.8934531020132366e-18,4.235505143050068e-14,1.4769733483083727e-28,1.1996238651140733e-17,1.1608681279096227,2.8862921077706468e-12,0.00020488091190676332,500000.0,500366.5324993914
0.0012697349858544606,0.00011376463060768423,1.860400762534043e-07,298.1500038726975,0.0,0.04634819964883405,150.1367383665372,9.92557698389417e-18,0.0,0.0001488493860909734,50.053230045128444,1.7382901486919383e-16,3.860052147938668e-18,4.1959747310376295e-14,1.476275693537318e-28,1.1996236061191519e-17,1.160868113483976,2.886291418489521e-12,0.0002048809118684146,500000.0,500366.5237301727
0.00127239469686781,0.0001137646308920888,2.4182697928458335e-08,298.1500030488292,0.0,0.04634819273895293,150.13673724382056,9.92549503850896e-18,0.0,0.00014884938497462935,50.053229669738464,1.7382755837062558e-16,3.8269629459710646e-18,4.15681328751732e-14,1.4755847745732288e-28,1.1996234631433615e-17,1.1608681047776805,2.886290854029404e-12,0.00020488091184527006,500000.0,500366.5185705182
0.0012750544078811595,0.00011376463075483185,-1.6030480562686162e-07,298.15000358078936,0.0,0.046348186344432975,150.13673779052135,9.925414969653556e-18,0.0,0.00014884938551338825,50.053229850906035,1.7382611796374186e-16,3.794182617335207e-18,4.118017393098504e-14,1.4749007591830772e-28,1.1996235532720984e-17,1.1608681089794413,2.8862905478115932e-12,0.0002048809118564399,500000.0,500366.5212753613
0.0012763707442737839,0.00011376463052831332,-2.048698786522164e-07,298.1500043244688,0.0,0.04634818337350394,150.13673868896404,9.925376057182817e-18,0.0,0.0001488493864025167,50.05323014989132,1.738254130786533e-16,3.7780723505492256e-18,4.0989507011493013e-14,1.474564754975785e-28,1.1996236804730872e-17,1.1608681159137093,2.8862904892360858e-12,0.00020488091187487374,500000.0,500366.52552205854
0.0012776870806664085,0.00011376463027778457,-1.9944283866068148e-07,298.15000511867095,0.0,0.0463481804319205,150.13673968246658,9.925337404034695e-18,0.0,0.00014884938738588988,50.05323048056809,1.7382471343346692e-16,3.76203666987787e-18,4.0799722774271516e-14,1.474230324657709e-28,1.19962381636303e-17,1.1608681235829872,2.8862904416183534e-12,0.0002048809118952615,500000.0,500366.53017154936
0.001279003417059033,0.0001137646300647261,-1.476243450424577e-07,298.15000576957067,0.0,0.04634817744454046,150.13674052761897,9.925298842581788e-18,0.0,0.000148849388222185,50.05323076178724,1.7382401833893114e-16,3.746075232435731e-18,4.0610817169743677e-14,1.473897396206769e-28,1.199623927619665e-17,1.160868130105211,2.8862903678487736e-12,0.0002048809119126,500000.0,500366.53408366506
0.0012817297690709722,0.00011376462991287302,2.581987157365108e-08,298.1500061616037,0.0,0.04634817090343839,150.1367411321901,9.925218779207895e-18,0.0,0.00014884938881823658,50.053230962220475,1.7382258866330632e-16,3.713250918012268e-18,4.022233724676341e-14,1.4732124203162226e-28,1.199623993691038e-17,1.1608681347537941,2.8862900342311953e-12,0.00020488091192495764,500000.0,500366.53674519784
0.001284456121082911,0.00011376463015561697,1.642277426951921e-07,298.15000531456036,0.0,0.046348163880056144,150.1367401744959,9.925138397009662e-18,0.0,0.00014884938786541844,50.053230641818985,1.7382116782827228e-16,3.680740677609198e-18,3.983757444238667e-14,1.4725335857311493e-28,1.1996238467552838e-17,1.1608681273228283,2.886289463123038e-12,0.0002048809119052034,500000.0,500366.5320971866
0.0012871824730948502,0.00011376463057211472,1.576319713787643e-07,298.1500039885295,0.0,0.04634815664431152,150.13673852888593,9.925058251739596e-18,0.0,0.00014884938623058313,50.05323009207717,1.7381975363656676e-16,3.648541580348081e-18,3.945649414021018e-14,1.471861086611393e-28,1.1996236174854254e-17,1.1608681145728483,2.8862887967928547e-12,0.00020488091187130923,500000.0,500366.524342971
0.0012899088251067893,0.00011376463081287737,1.3350731043052086e-08,298.15000329313,0.0,0.04634814962335402,150.13673757903598,9.92497928166814e-18,0.0,0.00014884938528554207,50.05322977429085,1.7381834923122286e-16,3.6166505996188786e-18,3.9079060486840107e-14,1.4711952321511866e-28,1.1996234966454588e-17,1.1608681072025353,2.886288247293844e-12,0.0002048809118517162,500000.0,500366.51997707476
0.0012926351771187282,0.0001137646306721935,-1.4670798380257545e-07,298.15000382106115,0.0,0.04634814306860595,150.1367381393866,9.924902071801e-18,0.0,0.00014884938583775226,50.05322995998166,1.7381696065965795e-16,3.585064750216363e-18,3.870523803912796e-14,1.4705361586994253e-28,1.1996235861309856e-17,1.1608681115092019,2.886287930957722e-12,0.00020488091186316492,500000.0,500366.5227202363
0.0012953615291306673,0.00011376463026227595,-1.8601050131049536e-07,298.15000514468545,0.0,0.04634813684291886,150.13673976567136,9.924826353520466e-18,0.0,0.00014884938744675672,50.05323050103815,1.7381559176548038e-16,3.5537810851345356e-18,3.833499182008643e-14,1.4698836610238972e-28,1.1996238124232426e-17,1.1608681240577483,2.8862877696801807e-12,0.0002048809118965236,500000.0,500366.5303667796
0.0012980878811426064,0.0001137646299255053,-6.824883243422357e-08,298.15000615460866,0.0,0.04634813052783112,150.1367411023572,9.924751206613876e-18,0.0,0.00014884938876864542,50.05323094554692,1.738142407934008e-16,3.5227966795802265e-18,3.796828721423354e-14,1.4692373058588432e-28,1.1996239847967828e-17,1.1608681343670952,2.8862875525840933e-12,0.00020488091192392966,500000.0,500366.5365165667
0.0013008142331545453,0.00011376462994934532,1.1002489660270591e-07,298.15000598465105,0.0,0.046348123772001745,150.13674101133455,9.924675818917163e-18,0.0,0.00014884938867506758,50.05323091408012,1.7381290166103065e-16,3.492108640617302e-18,3.760509008457261e-14,1.4685967424576416e-28,1.1996239543392523e-17,1.1608681336372968,2.886287111780205e-12,0.00020488091192198959,500000.0,500366.53590617276
0.0013035405851664844,0.00011376463032114828,1.9864218360658072e-07,298.15000475225827,0.0,0.04634811659088962,150.13673954267753,9.9246001722156e-18,0.0,0.00014884938721566795,50.05323042333165,1.73811568929875e-16,3.4617141274602515e-18,3.7245366929514717e-14,1.4679619511443427e-28,1.199623741241503e-17,1.1608681222555295,2.886286465793533e-12,0.00020488091189173265,500000.0,500366.5289010622
0.0013062669371784236,0.0001137646307322575,1.2026209423342922e-07,298.1500034804669,0.0,0.04634810936173869,150.13673791840154,9.924525069494524e-18,0.0,0.0001488493856019837,50.05322988070226,1.738102423383923e-16,3.4316103562905667e-18,3.6889084839318943e-14,1.4673332169351173e-28,1.1996235213825119e-17,1.1608681096705051,2.886285807947123e-12,0.00020488091185827701,500000.0,500366.52130964346
0.0013077010192692016,0.00011376463081814967,2.167998125737038e-08,298.1500032562575,0.0,0.046348105718471,150.13673758011143,9.92448617807756e-18,0.0,0.0001488493852648397,50.05322976733186,1.7380954856482756e-16,3.415891190205233e-18,3.6703046460468856e-14,1.4670050615733795e-28,1.1996234822025157e-17,1.1608681070411428,2.8862855453444176e-12,0.0002048809118512872,500000.0,500366.5197909947
0.0013091351013599796,0.00011376463077422534,-7.589008724727217e-08,298.1500034451002,0.0,0.046348102233866685,150.1367377557832,9.92444782841971e-18,0.0,0.00014884938543725058,50.053229825308264,1.7380885935420877e-16,3.4002512955821043e-18,3.651794624731184e-14,1.4666786996957303e-28,1.1996235140371164e-17,1.160868108385771,2.88628536163278e-12,0.0002048809118548617,500000.0,500366.52068621415
0.0013105691834507575,0.00011376463062055366,-1.4542077729158048e-07,298.150003969167,0.0,0.04634809888339686,150.13673836596016,9.924409973599284e-18,0.0,0.00014884938604044096,50.05323002814186,1.7380817549421906e-16,3.384690283727153e-18,3.633377957985978e-14,1.4663540970538434e-28,1.199623603506064e-17,1.1608681130900245,2.886285242654389e-12,0.00020488091186736734,500000.0,500366.5235985474
0.0013120032655415355,0.00011376463040680681,-1.6999335364262774e-07,298.1500046615179,0.0,0.04634809560635164,150.13673921398325,9.924372483705212e-18,0.0,0.00014884938687943812,50.05323031026964,1.73807497152387e-16,3.36920775719713e-18,3.6150541745090977e-14,1.4660311893725378e-28,1.1996237219094288e-17,1.1608681196333215,2.8862851569744366e-12,0.00020488091188476185,500000.0,500366.52758936153
0.0013134373476323138,0.00011376463019563631,-1.4635307620445152e-07,298.1500053208865,0.0,0.04634809232615764,150.1367400518062,9.92433518964692e-18,0.0,0.00014884938770832256,50.05323058899685,1.7380682389079832e-16,3.353803316121997e-18,3.596822801322972e-14,1.4657099008474668e-28,1.1996238346457623e-17,1.1608681260977505,2.8862850662490937e-12,0.0002048809119019467,500000.0,500366.5314904429
0.0013141044239949559,0.0001137646301180922,-1.162447193257168e-07,298.15000555188277,0.0,0.04634809077506561,150.1367403596372,9.924317876115554e-18,0.0,0.00014884938801269787,50.05323069134851,1.7380651273305502e-16,3.3466727296186756e-18,3.5883836501086326e-14,1.465561154432266e-28,1.1996238740706228e-17,1.160868128471559,2.8862850100873704e-12,0.00020488091190825716,500000.0,500366.5329037506
0.0013147715003575982,0.00011376463006403261,-8.103959157828518e-08,298.1500057054441,0.0,0.04634808919527061,150.1367405744897,9.924300541054159e-18,0.0,0.00014884938822489196,50.053230762702604,1.7380620227756428e-16,3.339558872190393e-18,3.57996429755015e-14,1.4654127313328879e-28,1.1996239001837505e-17,1.1608681301264514,2.8862849392730755e-12,0.00020488091191265647,500000.0,500366.5338758004
0.0013154385767202403,0.00011376463003493154,-4.3624806163654885e-08,298.1500057783585,0.0,0.04634808758497108,150.13674069052783,9.924283179514196e-18,0.0,0.000148849388339119,50.05323080111355,1.7380589240561852e-16,3.3324617042934908e-18,3.571564697080658e-14,1.4652646296517993e-28,1.1996239124329255e-17,1.160868131017304,2.8862848531180873e-12,0.0002048809119150247,500000.0,500366.53438167804
0.0013173266220927072,0.0001137646300700061,4.967818331661944e-08,298.15000561707194,0.0,0.04634808288375799,150.13674055399187,9.92423393368993e-18,0.0,0.00014884938820144375,50.053230754818095,1.7380501772012206e-16,3.312463123047867e-18,3.547896088654261e-14,1.4648471826815073e-28,1.1996238838984399e-17,1.1608681299435892,2.886284538745769e-12,0.00020488091191217037,500000.0,500366.5336398924
0.001319214667465174,0.0001137646302138661,1.0500420931962711e-07,298.15000512874855,0.0,0.04634807804958683,150.136739986759,9.92418466661086e-18,0.0,0.00014884938763676467,50.05323056493506,1.7380414579598193e-16,3.2925823379751027e-18,3.5243668954004006e-14,1.4644320855340609e-28,1.1996237991450585e-17,1.1608681255396949,2.886284160944699e-12,0.0002048809119004632,500000.0,500366.53090753034
0.0013222313975231083,0.00011376463046357848,9.467727000095841e-08,298.15000433601836,0.0,0.04634807030125763,150.13673900183403,9.924106508135792e-18,0.0,0.000148849386656594,50.05323023533584,1.7380276039488474e-16,3.261084025663408e-18,3.48708819662364e-14,1.4637744179643417e-28,1.1996236615903229e-17,1.1608681178954094,2.886283552343191e-12,0.00020488091188014187,500000.0,500366.52625813737
0.0013252481275810425,0.00011376463057501323,1.4020448339532715e-08,298.150004019958,0.0,0.04634806272193418,150.13673856436972,9.92402949418975e-18,0.0,0.0001488493862191898,50.05323008825139,1.738013877932086e-16,3.2299145949985875e-18,3.450198733633759e-14,1.4631237765273387e-28,1.1996236059974226e-17,1.160868114484129,2.886283032926411e-12,0.00020488091187107345,500000.0,500366.5242418701
0.0013282648576389768,0.0001137646304965982,-5.745953468839148e-08,298.15000430400096,0.0,0.046348055374648096,150.13673887854742,9.923953786713298e-18,0.0,0.00014884938652698265,50.0532301917526,1.738000312829932e-16,3.1990734867111123e-18,3.4136978379352836e-14,1.4624801907473065e-28,1.1996236535868056e-17,1.1608681168845993,2.8862826283270957e-12,0.0002048809118774548,500000.0,500366.5257490683
0.0013312815876969112,0.0001137646303318459,-6.892262398778852e-08,298.15000483226663,0.0,0.046348048132885185,150.1367395345466,9.923879115673474e-18,0.0,0.00014884938717366595,50.0532304092117,1.7379869170315774e-16,3.168558195394978e-18,3.377582541304895e-14,1.4618434890578788e-28,1.1996237431759258e-17,1.1608681219280579,2.8862822719158605e-12,0.00020488091189086217,500000.0,500366.5288102128
0.0013342983177548455,0.00011376463022270508,-2.6961333196232857e-08,298.1500051559397,0.0,0.04634804082315439,150.13673997037205,9.923805088378993e-18,0.0,0.0001488493876020635,50.05323055326836,1.737973674603234e-16,3.1383655875716695e-18,3.3418491370748424e-14,1.4612134557831822e-28,1.1996237976049965e-17,1.1608681252691173,2.886281877827619e-12,0.00020488091189974392,500000.0,500366.5307906346
0.0013373150478127797,0.00011376463023477067,2.4088591241726934e-08,298.15000508883526,0.0,0.04634803336528522,150.13673992632422,9.923731506360216e-18,0.0,0.00014884938755470244,50.0532305373428,1.737960562464408e-16,3.10849235023491e-18,3.306493708453488e-14,1.4605899595046226e-28,1.1996237848653993e-17,1.1608681248997619,2.886281409362132e-12,0.00020488091189876204,500000.0,500366.5305086464
0.001340331777870714,0.00011376463032802548,4.436904482844938e-08,298.150004778912,0.0,0.04634802580818723,150.13673956083682,9.923658457498165e-18,0.0,0.00014884938718865798,50.05323041425433,1.7379475682202214e-16,3.0789351417672164e-18,3.271512303524076e-14,1.4599729800458547e-28,1.1996237303936308e-17,1.160868122045012,2.8862808937348103e-12,0.00020488091189117306,500000.0,500366.52874316316
0.0013433485079286484,0.00011376463041283716,2.6714391275639294e-08,298.1500045153886,0.0,0.04634801826140991,150.13673922877697,9.923586173538513e-18,0.0,0.00014884938685575446,50.05323030231009,1.7379346955580145e-16,3.0496906375214464e-18,3.236900987422222e-14,1.4593625447940696e-28,1.1996236839117836e-17,1.160868119448727,2.8862803859811554e-12,0.00020488091188427117,500000.0,500366.5271676435
0.0013463652379865827,0.00011376463042840051,-6.31836523638274e-09,298.15000448037955,0.0,0.04634801079926973,150.136739170881,9.923514817489777e-18,0.0,0.000148849386794664,50.053230281767775,1.7379219564341244e-16,3.0207555393082624e-18,3.2026558544751014e-14,1.4587586457866792e-28,1.1996236767284139e-17,1.1608681189722962,2.886279921458879e-12,0.00020488091188300466,500000.0,500366.5268935615
0.001349381968044517,0.00011376463038124645,-2.6025786943489144e-08,298.150004638779,0.0,0.04634800341378444,150.13673936129217,9.923444372776476e-18,0.0,0.00014884938697975152,50.05323034400716,1.7379093590149371e-16,2.9921265760995262e-18,3.168773031305232e-14,1.4581612028689866e-28,1.1996237028080371e-17,1.1608681204157947,2.8862794941890172e-12,0.000204880911886842,500000.0,500366.5277753031
0.0013544915554401114,0.00011376463030980136,-1.6764145542167443e-08,298.1500048577169,0.0,0.04634799089432565,150.13673965045675,9.923326702570272e-18,0.0,0.00014884938726018518,50.05323043830863,1.7378883328734967e-16,2.944323247583609e-18,3.11219703579411e-14,1.4571636102670543e-28,1.1996237385243278e-17,1.160868122602899,2.8862787622144553e-12,0.00020488091189265614,500000.0,500366.52907408704
0.001359601142835706,0.00011376463030786492,6.422801210292203e-09,298.15000484798543,0.0,0.04634797828991627,150.13673966442676,9.923210904059931e-18,0.0,0.0001488493872677839,50.05323044086457,1.7378676727871123e-16,2.8973727203206537e-18,3.0566303319906156e-14,1.4561837458568857e-28,1.1996237349630693e-17,1.160868122662179,2.886277986944917e-12,0.00020488091189281373,500000.0,500366.5290677288
0.0013647107302313002,0.00011376463034536025,1.1196836605126849e-08,298.15000472208743,0.0,0.046347965637316656,150.13673952228083,9.923097013198157e-18,0.0,0.0001488493871206053,50.0532303913739,1.737847363250261e-16,2.851260251291687e-18,3.002055474108516e-14,1.4552213396071623e-28,1.199623711465018e-17,1.1608681215143595,2.886277189017965e-12,0.00020488091188976238,500000.0,500366.52834384923
0.0013698203176268947,0.00011376463036170106,1.127990951626627e-09,298.15000467120745,0.0,0.0463479530105758,150.13673946388866,9.922985158954757e-18,0.0,0.0001488493870564623,50.05323036980541,1.737827404396976e-16,2.8059710435692807e-18,2.9484549493978236e-14,1.4542761464901493e-28,1.199623700897694e-17,1.16086812101413,2.886276405029202e-12,0.00020488091188843258,500000.0,500366.5280263348
0.0013749299050224892,0.00011376463034902449,-5.320449144609084e-09,298.1500047113928,0.0,0.04634794041930364,150.13673952038036,9.922875333142896e-18,0.0,0.0001488493871062181,50.053230386537415,1.7378077970708556e-16,2.7614904534189887e-18,2.895811425835496e-14,1.4533478661179527e-28,1.1996237060193295e-17,1.160868121402191,2.886275638499132e-12,0.00020488091188946417,500000.0,500366.52824625233
0.001384827825593723,0.00011376463033195726,-2.6765042577432296e-09,298.1500047568365,0.0,0.04634791601926509,150.1367396001624,9.922667945078096e-18,0.0,0.00014884938717320604,50.05323040906471,1.7377707801279313e-16,2.6775560376443787e-18,2.7964736074039248e-14,1.4515962189416108e-28,1.1996237104619764e-17,1.1608681219246615,2.8862741478763026e-12,0.00020488091189085306,500000.0,500366.5285185422
0.001394725746164957,0.00011376463033324512,1.0573309133233603e-09,298.1500047431973,0.0,0.04634789159680593,150.13673960727405,9.922467433512565e-18,0.0,0.00014884938716814674,50.05323040736485,1.737734998593241e-16,2.596495457558874e-18,2.700536985596214e-14,1.4499045519190707e-28,1.1996237048650049e-17,1.1608681218852392,2.8862726460042106e-12,0.00020488091189074827,500000.0,500366.528448381
0.0014046236667361908,0.00011376463033548051,2.737118203134035e-10,298.150004728881,0.0,0.04634786717320176,150.13673961063424,9.922273615500535e-18,0.0,0.0001488493871593682,50.05323040441432,1.7377004111452761e-16,2.518213973027166e-18,2.6078894371274976e-14,1.4482709065810745e-28,1.1996236992655762e-17,1.1608681218168106,2.8862711438853846e-12,0.00020488091189056637,500000.0,500366.52836454596
0.0014145215873074247,0.000113764630332508,-5.634002213618869e-10,298.1500047314319,0.0,0.0463478427559758,150.1367396346133,9.922086282510878e-18,0.0,0.00014884938717103167,50.05323040833779,1.7376669794147581e-16,2.4426175370550423e-18,2.518419659183161e-14,1.446693325293332e-28,1.1996236966760689e-17,1.1608681219078085,2.8862696449747693e-12,0.00020488091189080828,500000.0,500366.5283780499
0.0014342880879912655,0.0001137646303266595,-4.2481099742353956e-10,298.1500047350474,0.0,0.04634779399383585,150.13673968215298,9.921730388897557e-18,0.0,0.00014884938719397973,50.05323041605732,1.737603468549388e-16,2.2992078056002784e-18,2.3486914945312284e-14,1.4437006561538352e-28,1.1996236915606409e-17,1.1608681220868489,2.886266651376442e-12,0.00020488091189128422,500000.0,500366.5284013619
0.0014540545886751063,0.00011376463032223767,-1.8761404746006786e-10,298.1500047341544,0.0,0.046347745230004275,150.1367397240442,9.921397690108196e-18,0.0,0.00014884938721132783,50.053230421893744,1.737544099739937e-16,2.1654242647758537e-18,2.1903559967029527e-14,1.4409089609207767e-28,1.1996236860648097e-17,1.160868122222215,2.886263656919096e-12,0.00020488091189164404,500000.0,500366.5283981979
0.00152907163335304,0.00011376463030502783,-2.2941240168603346e-10,298.15000473349323,0.0,0.04634756016480341,150.13673988472348,9.920425786312533e-18,0.0,0.00014884938727884782,50.053230444609284,1.7373706976537452e-16,1.7783359814382933e-18,1.7322297351868168e-14,1.432832785275474e-28,1.1996236706250835e-17,1.16086812274906,2.8862522929805525e-12,0.00020488091189304456,500000.0,500366.52839645924
0.0017134904928784917,0.00011376463026256065,-2.3027570044125418e-10,298.150004733269,0.0,0.04634710521273779,150.13674028035902,9.918940072746609e-18,0.0,0.00014884938744546124,50.05323050066237,1.737105748429021e-16,1.2016691792446466e-18,1.0497338684843004e-14,1.4208065335473895e-28,1.1996236482882117e-17,1.1608681240490997,2.88622435683932e-12,0.0002048809118965005,500000.0,500366.52839666023
0.0027134904928784918,0.00011376463003243898,-2.301216680441202e-10,298.15000473296453,0.0,0.04634463839552797,150.13674242499235,9.916754444472938e-18,0.0,0.0001488493883483075,50.053230804403505,1.7367172806618325e-16,5.106914588626382e-19,2.3197154486668832e-15,1.406452888561397e-28,1.1996236272416955e-17,1.160868131093711,2.886072882990775e-12,0.00020488091191522758,500000.0,500366.5283974159
0.0037134904928784918,0.00011376462980233775,-2.3010123688842145e-10,298.15000473270726,0.0,0.04634217171099088,150.13674456947842,9.915866073862353e-18,0.0,0.00014884938925107354,50.05323110811766,1.7365604406171483e-16,3.579961399709239e-19,5.12057947196973e-16,1.4033374937473633e-28,1.199623628279232e-17,1.160868138137684,2.8859214170795408e-12,0.000204880911933953,500000.0,500366.52839814435
0.004713490492878492,0.00011376462957224914,-2.3008861182041734e-10,298.15000473245266,0.0,0.04633970515911889,150.13674671384823,9.915264283318829e-18,0.0,0.00014884939015379008,50.05323141181517,1.736454771343682e-16,3.242050168130641e-19,1.1297857532456242e-16,1.4027045815635124e-28,1.1996236341985271e-17,1.1608681451812681,2.8857699590918177e-12,0.00020488091195267736,500000.0,500366.5283988741
0.005713490492878492,0.00011376462934217075,-2.3007840332478723e-10,298.1500047321983,0.0,0.04633723873990542,150.13674885811122,9.914725911209922e-18,0.0,0.00014884939105646648,50.05323171549919,1.7363604249780832e-16,3.167179730312331e-19,2.4915254766049315e-17,1.4026208490992664e-28,1.1996236411954955e-17,1.1608681522245385,2.8856185090255304e-12,0.00020488091197140088,500000.0,500366.5283996327
0.006713490492878492,0.0001137646291121067,-2.300640453211956e-10,298.1500047319436,0.0,0.046334772453337676,150.1367510022511,9.914201565107834e-18,0.0,0.00014884939195908658,50.05323201916426,1.7362685828564163e-16,3.1503969720605573e-19,5.491925739533746e-18,1.4026583957662591e-28,1.1996236484297347e-17,1.1608681592673695,2.885467066879168e-12,0.00020488091199012326,500000.0,500366.5284003648
0.007713490492878492,0.00011376462888205497,-2.3005173217521121e-10,298.15000473168914,0.0,0.046332306299410785,150.1367531462759,9.913680336117493e-18,0.0,0.00014884939286165838,50.05323232281311,1.736177297201154e-16,3.146435689957003e-19,1.2099453965267443e-18,1.4027227149016665e-28,1.1996236557162181e-17,1.1608681663098241,2.8853156326525693e-12,0.00020488091200884464,500000.0,500366.52840109786
0.008713490492878494,0.00011376462865201551,-2.3003944647885113e-10,298.15000473143465,0.0,0.04632984027811746,150.13675529018582,9.913159816037691e-18,0.0,0.000148849393764182,50.05323262644575,1.73608613802856e-16,3.145303117187204e-19,2.6641125600948737e-19,1.4027929436323824e-28,1.1996236630137763e-17,1.1608681733519028,2.885164206345365e-12,0.00020488091202756502,500000.0,500366.5284018323
0.009713490492878493,0.00011376462842198835,-2.3002715762327476e-10,298.15000473118016,0.0,0.04632737438945041,150.13675743398073,9.912639473496983e-18,0.0,0.00014884939466665737,50.05323293006215,1.7359950104625132e-16,3.144794345439954e-19,5.860334791050026e-20,1.402864478556847e-28,1.1996236703135807e-17,1.160868180393605,2.885012787957014e-12,0.0002048809120462844,500000.0,500366.52840256755
0.010713490492878494,0.00011376462819197139,-2.3001695675160861e-10,298.150004730926,0.0,0.046324908633404896,150.13675957766893,9.912119191304e-18,0.0,0.00014884939556909272,50.053233233665104,1.735903893578439e-16,3.1444230929567867e-19,1.285687844419204e-20,1.4029363044174666e-28,1.199623677613514e-17,1.160868187434995,2.884861377487529e-12,0.00020488091206500293,500000.0,500366.52840333217
0.011713490492878493,0.00011376462796196876,-2.3000262524382352e-10,298.15000473067136,0.0,0.04632244300996859,150.13676172123405,9.91159894362105e-18,0.0,0.00014884939647147178,50.05323353724912,1.7358127827630837e-16,3.144082163969278e-19,2.7911870303048323e-21,1.4030081974111561e-28,1.1996236849131247e-17,1.1608681944759462,2.8847099749357506e-12,0.0002048809120837203,500000.0,500366.52840406966
0.012713490492878494,0.00011376462773197845,-2.2999030827416986e-10,298.1500047304169,0.0,0.04631997751913672,150.13676386468416,9.911078724756254e-18,0.0,0.00014884939737380253,50.05323384081691,1.7357216770001653e-16,3.14374793960282e-19,5.774803986791439e-22,1.4030801082270555e-28,1.1996236922124266e-17,1.1608682015165206,2.8845585803016574e-12,0.00020488091210243666,500000.0,500366.52840480837
0.013713490492878493,0.00011376462750200042,-2.2997802442877464e-10,298.1500047301625,0.0,0.04631751216090199,150.13676600801926,9.910558533455027e-18,0.0,0.00014884939827608502,50.05323414436846,1.73563057606566e-16,3.14341521831803e-19,9.086497829097551e-23,1.4031520260053271e-28,1.1996236995113775e-17,1.1608682085567188,2.8844071935849076e-12,0.00020488091212115202,500000.0,500366.52840554796
0.014713490492878494,0.00011376462727203469,-2.2996573592292706e-10,298.1500047299082,0.0,0.04631504693525717,150.13676815123947,9.910038369439363e-18,0.0,0.00014884939917831933,50.053234447903804,1.7355394799099268e-16,3.143082855136658e-19,0.0,1.4032239483556121e-28,1.1996237068099319e-17,1.160868215596541,2.8842558147849645e-12,0.00020488091213986638,500000.0,500366.52840628906
0.015713490492878495,0.00011376462704208123,-2.299534620250159e-10,298.15000472965374,0.0,0.04631258184219497,150.1367702943448,9.909518232647937e-18,0.0,0.00014884940008050545,50.053234751422956,1.7354483885220782e-16,3.1427506011343877e-19,0.0,1.4032958747586812e-28,1.1996237141080144e-17,1.1608682226359874,2.8841044439014873e-12,0.00020488091215857977,500000.0,500366.5284070312
0.016713490492878492,0.00011376462681214005,-2.2994117275597692e-10,298.15000472939937,0.0,0.046310116881708115,150.1367724373352,9.908998123066498e-18,0.0,0.00014884940098264333,50.05323505492589,1.7353573018995264e-16,3.1424183993045314e-19,0.0,1.4033678050956067e-28,1.1996237214057525e-17,1.1608682296750579,2.8839530809340376e-12,0.00020488091217729215,500000.0,500366.5284077743
0.017713490492878493,0.00011376462658221324,-2.2992680905778e-10,298.15000472914477,0.0,0.046307652053786785,150.1367745802024,9.90847804068666e-18,0.0,0.00014884940188472485,50.05323535840986,1.7352662200408074e-16,3.142086232665558e-19,0.0,1.403439739330994e-28,1.1996237287031094e-17,1.1608682367136887,2.8838017258819168e-12,0.00020488091219600336,500000.0,500366.5284084906
0.018713490492878494,0.00011376462635229458,-2.2991866441412453e-10,298.15000472889096,0.0,0.0463051873584313,150.1367767229711,9.907957985512015e-18,0.0,0.0001488494027867744,50.05323566188308,1.7351751429464994e-16,3.1417541011985294e-19,0.0,1.4035116774654657e-28,1.1996237360001436e-17,1.1608682437520699,2.8836503787456188e-12,0.00020488091221471393,500000.0,500366.52840926393
0.019713490492878495,0.00011376462612239231,-2.299022737953511e-10,298.1500047286362,0.0,0.046302722795624314,150.13677886560856,9.907437957536052e-18,0.0,0.00014884940368875958,50.053235965334665,1.735084070615535e-16,3.1414220049061847e-19,0.0,1.4035836194985562e-28,1.199623743296605e-17,1.1608682507899495,2.8834990395234395e-12,0.00020488091223342314,500000.0,500366.5284099823
0.020713490492878493,0.00011376462589250028,-2.2989203491934525e-10,298.15000472838204,0.0,0.04630025836536609,150.13678100813928,9.906917956760871e-18,0.0,0.00014884940459070466,50.053236268772736,1.734993003048239e-16,3.141089943775147e-19,0.0,1.4036555654309713e-28,1.1996237505927466e-17,1.1608682578275158,2.8833477082160996e-12,0.0002048809122521315,500000.0,500366.52841072984
0.021713490492878493,0.00011376462566262259,-2.298776851584238e-10,298.15000472812756,0.0,0.04629779406764432,150.13678315054696,9.906397983182348e-18,0.0,0.0001488494054925934,50.05323657219189,1.734901940243935e-16,3.140757917810381e-19,0.0,1.4037275152627478e-28,1.1996237578885726e-17,1.1608682648646431,2.8831963848222984e-12,0.0002048809122708387,500000.0,500366.5284114507
0.022713490492878494,0.00011376462543275511,-2.2986746827560432e-10,298.1500047278735,0.0,0.046295329902456765,150.1367852928479,9.90587803680193e-18,0.0,0.00014884940639444205,50.053236875597555,1.734810882202798e-16,3.140425927001938e-19,0.0,1.4037994689940633e-28,1.1996237651839279e-17,1.1608682719014576,2.88304506934246e-12,0.00020488091228954507,500000.0,500366.5284122006
0.023713490492878495,0.00011376462520289987,-2.2985522876259852e-10,298.15000472761926,0.0,0.04629286586979372,150.13678743503414,9.905358117616833e-18,0.0,0.0001488494072962427,50.05323717898708,1.7347198289244e-16,3.140093971351069e-19,0.0,1.403871426625074e-28,1.1996237724789396e-17,1.160868278937898,2.882893761775797e-12,0.00020488091230825043,500000.0,500366.52841295203
0.024713490492878496,0.00011376462497305903,-2.298408524537324e-10,298.1500047273648,0.0,0.04629040196964524,150.1367895770971,9.9048382256245e-18,0.0,0.00014884940819798683,50.0532374823576,1.734628780408276e-16,3.1397620508511054e-19,0.0,1.403943388155811e-28,1.1996237797734809e-17,1.1608682859738972,2.88274246212155e-12,0.00020488091232695465,500000.0,500366.5284136757
0.025713490492878494,0.0001137646247432284,-2.298306398410586e-10,298.15000472711074,0.0,0.04628793820200917,150.13679171905338,9.90431836082556e-18,0.0,0.00014884940909969086,50.05323778571464,1.7345377366545563e-16,3.139430165497005e-19,0.0,1.4040153535869103e-28,1.1996237870677372e-17,1.160868293009584,2.8825911703799947e-12,0.00020488091234565804,500000.0,500366.5284144287
0.026713490492878494,0.0001137646245134121,-2.2981630675486883e-10,298.15000472685625,0.0,0.04628547456687322,150.13679386088668,9.903798523216575e-18,0.0,0.00014884941000133868,50.05323808905277,1.734446697662605e-16,3.1390983152898056e-19,0.0,1.4040873229182695e-28,1.1996237943615687e-17,1.1608683000448323,2.882439886549945e-12,0.00020488091236436025,500000.0,500366.5284151549
0.027713490492878495,0.00011376462428360601,-2.2980607672448964e-10,298.1500047266024,0.0,0.046283011064235144,150.1367960026133,9.903278712798464e-18,0.0,0.0001488494109029464,50.05323839237742,1.7343556634325753e-16,3.13876650022014e-19,0.0,1.4041592961500992e-28,1.1996238016549435e-17,1.1608683070797678,2.8822886106318104e-12,0.00020488091238306163,500000.0,500366.5284159103
0.028713490492878496,0.00011376462405381424,-2.297917651552709e-10,298.1500047263479,0.0,0.04628054769408266,150.13679814421698,9.902758929567288e-18,0.0,0.00014884941180449794,50.05323869568318,1.7342646339638327e-16,3.1384347202898156e-19,0.0,1.4042312732826417e-28,1.199623808947991e-17,1.1608683141142653,2.8821373426244454e-12,0.00020488091240176184,500000.0,500366.52841663884
0.029713490492878494,0.0001137646238240348,-2.297794527167784e-10,298.15000472609375,0.0,0.04627808445641092,150.1368002857056,9.902239173522854e-18,0.0,0.0001488494127060011,50.05323899897265,1.73417360925631e-16,3.1381029754896755e-19,0.0,1.4043032543161027e-28,1.1996238162406219e-17,1.160868321148385,2.8819860825277613e-12,0.00020488091242046105,500000.0,500366.52841736836
0.030713490492878495,0.00011376462359426553,-2.2976927210372056e-10,298.1500047258398,0.0,0.04627562135121532,150.13680242708776,9.901719444665567e-18,0.0,0.00014884941360746436,50.053239302248734,1.734082589310049e-16,3.1377712658196137e-19,0.0,1.4043752392507097e-28,1.1996238235329153e-17,1.160868328182194,2.8818348303417454e-12,0.00020488091243915942,500000.0,500366.52841812704
0.03171349049287849,0.0001137646233645106,-2.297549404480061e-10,298.15000472558546,0.0,0.046273158378483455,150.1368045683469,9.901199742990885e-18,0.0,0.00014884941450887134,50.05323960550589,1.7339915741243306e-16,3.1374395912765213e-19,0.0,1.4044472280864032e-28,1.1996238308246993e-17,1.1608683352155642,2.88168358606527e-12,0.00020488091245785664,500000.0,500366.5284188588
0.03271349049287849,0.00011376462313476796,-2.2974264532832016e-10,298.1500047253313,0.0,0.04627069553821057,150.1368067094911,9.900680068498221e-18,0.0,0.00014884941541023003,50.05323990874679,1.7339005636989826e-16,3.137107951852594e-19,0.0,1.404519220823759e-28,1.1996238381161559e-17,1.1608683422485575,2.881532349698168e-12,0.00020488091247655287,500000.0,500366.52841959166
0.0337134904928785,0.00011376462290503757,-2.2973037665436573e-10,298.15000472507717,0.0,0.046268232830389465,150.13680885052062,9.900160421187777e-18,0.0,0.00014884941631154069,50.05324021197155,1.7338095580340577e-16,3.1367763475478915e-19,0.0,1.4045912174627319e-28,1.199623845407244e-17,1.1608683492811764,2.8813811212402285e-12,0.0002048809124952481,500000.0,500366.528420326
0.0347134904928785,0.00011376462267531947,-2.297181038704847e-10,298.1500047248231,0.0,0.046265770255012814,150.13681099143525,9.89964080105623e-18,0.0,0.0001488494172128031,50.05324051518008,1.7337185571289797e-16,3.136444778356921e-19,0.0,1.4046632180035067e-28,1.1996238526979638e-17,1.160868356313419,2.8812299006908507e-12,0.00020488091251394231,500000.0,500366.5284210612
0.035713490492878495,0.00011376462244561365,-2.2970583241828016e-10,298.150004724569,0.0,0.046263307812073357,150.13681313223506,9.899121208103234e-18,0.0,0.0001488494181140173,50.0532408183724,1.7336275609837062e-16,3.1361132442765015e-19,0.0,1.404735222446266e-28,1.1996238599882132e-17,1.1608683633452854,2.88107868804979e-12,0.00020488091253263553,500000.0,500366.5284217974
0.036713490492878496,0.000113764622215918,-2.2969565322444379e-10,298.15000472431507,0.0,0.04626084550156642,150.1368152729284,9.898601642328359e-18,0.0,0.00014884941901519165,50.05324112155132,1.7335365695981362e-16,3.1357817453025155e-19,0.0,1.40480723079158e-28,1.1996238672781427e-17,1.1608683703768412,2.880927483316802e-12,0.0002048809125513279,500000.0,500366.5284225629
0.0377134904928785,0.00011376462198623668,-2.2968131985877635e-10,298.1500047240608,0.0,0.04625838332347963,150.13681741349876,9.898082103727705e-18,0.0,0.00014884941991630973,50.053241424711324,1.733445582971561e-16,3.135450281433441e-19,0.0,1.4048792430390314e-28,1.1996238745676016e-17,1.160868377407958,2.880776286490935e-12,0.00020488091257001915,500000.0,500366.52842330135
0.0387134904928785,0.00011376462175656765,-2.296690269543708e-10,298.1500047238067,0.0,0.046255921277808226,150.13681955395424,9.897562592301234e-18,0.0,0.00014884942081737956,50.05324172785509,1.7333546011040449e-16,3.1351188526611987e-19,0.0,1.4049512591892247e-28,1.1996238818567292e-17,1.1608683844386984,2.880625097572039e-12,0.00020488091258870938,500000.0,500366.52842404065
0.0397134904928785,0.0001137646215269109,-2.2965675732882225e-10,298.15000472355274,0.0,0.04625345936454496,150.13682169429492,9.897043108047663e-18,0.0,0.0001488494217184012,50.05324203098266,1.733263623995317e-16,3.1347874589856345e-19,0.0,1.4050232792422342e-28,1.1996238891454231e-17,1.1608683914690632,2.8804739165598384e-12,0.00020488091260739862,500000.0,500366.5284247815
0.0407134904928785,0.00011376462129726848,-2.2964241553357316e-10,298.1500047232985,0.0,0.046250997583680065,150.13682383451268,9.896523650964231e-18,0.0,0.0001488494226193666,50.05324233409132,1.733172651644912e-16,3.134456100401976e-19,0.0,1.4050953031983036e-28,1.1996238964336955e-17,1.1608683984989894,2.8803227434533695e-12,0.00020488091262608668,500000.0,500366.52842549555
0.0417134904928785,0.00011376462106763419,-2.296342949445111e-10,298.1500047230449,0.0,0.04624853593521384,150.13682597463205,9.896004221053458e-18,0.0,0.0001488494235203001,50.05324263718925,1.7330816840532494e-16,3.1341247769044446e-19,0.0,1.4051673310576346e-28,1.199623903721717e-17,1.1608684055286669,2.880171578253466e-12,0.0002048809126447741,500000.0,500366.52842626633
0.0427134904928785,0.00011376462083801628,-2.296179097256649e-10,298.15000472279047,0.0,0.04624607441912893,150.13682811462033,9.895484818307867e-18,0.0,0.0001488494244211693,50.053242940265555,1.7329907212190505e-16,3.1337934884955856e-19,0.0,1.405239362820205e-28,1.199623911009173e-17,1.1608684125578426,2.8800204209581087e-12,0.00020488091266346016,500000.0,500366.52842698246
0.0437134904928785,0.0001137646206084086,-2.2960767921180924e-10,298.15000472253666,0.0,0.046243613035425624,150.13683025450197,9.894965442731052e-18,0.0,0.00014884942532199838,50.053243243328374,1.7328997631428911e-16,3.1334622351624806e-19,0.0,1.4053113984865603e-28,1.1996239182964038e-17,1.1608684195867058,2.879869271568068e-12,0.00020488091268214539,500000.0,500366.5284277277
0.044713490492878497,0.00011376462037881316,-2.295954401848507e-10,298.15000472228274,0.0,0.046241151784094145,150.13683239426896,9.894446094320177e-18,0.0,0.0001488494262227794,50.05324354637503,1.7328088098243366e-16,3.1331310169097327e-19,0.0,1.405383438056743e-28,1.1996239255831749e-17,1.1608684266151938,2.8797181300827025e-12,0.0002048809127008296,500000.0,500366.5284284741
0.0457134904928785,0.00011376462014923207,-2.2958109159324446e-10,298.1500047220286,0.0,0.0462386906651247,150.1368345339129,9.893926773071656e-18,0.0,0.00014884942712350404,50.05324384940274,1.7327178612627316e-16,3.1327998337292326e-19,0.0,1.4054554815307992e-28,1.1996239328694775e-17,1.1608684336432424,2.8795669965009754e-12,0.00020488091271951268,500000.0,500366.52842919336
0.0467134904928785,0.00011376461991966118,-2.2957089809652006e-10,298.15000472177485,0.0,0.04623622967851509,150.13683667345038,9.893407478988044e-18,0.0,0.00014884942802418876,50.05324415241701,1.7326269174585093e-16,3.1324686856167227e-19,0.0,1.4055275289089671e-28,1.1996239401555067e-17,1.1608684406709795,2.8794158708234353e-12,0.00020488091273819492,500000.0,500366.5284299422
0.0477134904928785,0.00011376461969010251,-2.2955866169766192e-10,298.1500047215209,0.0,0.04623376882425556,150.1368388128732,9.892888212064841e-18,0.0,0.0001488494289248255,50.05324445541513,1.7325359784109174e-16,3.1321375725720623e-19,0.0,1.4055995801917046e-28,1.1996239474411296e-17,1.160868447698342,2.879264753049098e-12,0.00020488091275687616,500000.0,500366.52843069175
0.0487134904928785,0.00011376461946055822,-2.2954430372806845e-10,298.1500047212668,0.0,0.046231308102336235,150.13684095217295,9.892368972301115e-18,0.0,0.00014884942982540576,50.053244758394285,1.732445044119763e-16,3.1318064945889744e-19,0.0,1.4056716353788541e-28,1.1996239547261866e-17,1.1608684547252643,2.8791136431773286e-12,0.00020488091277555623,500000.0,500366.5284314142
0.0497134904928785,0.00011376461923102413,-2.2953411013678746e-10,298.1500047210131,0.0,0.04622884751275495,150.1368430913662,9.891849759696789e-18,0.0,0.00014884943072594606,50.05324506135999,1.7323541145850177e-16,3.1314754516624457e-19,0.0,1.4057436944708755e-28,1.1996239620110719e-17,1.1608684617518747,2.8789625412084562e-12,0.00020488091279423546,500000.0,500366.5284321661
0.0507134904928785,0.00011376461900150434,-2.2951978982175304e-10,298.150004720759,0.0,0.04622638705549944,150.1368452304366,9.891330574248917e-18,0.0,0.00014884943162643015,50.053245364306804,1.7322631898062337e-16,3.1311444437932737e-19,0.0,1.4058157574678838e-28,1.199623969295431e-17,1.1608684687780473,2.8788114471412403e-12,0.00020488091281291356,500000.0,500366.52843289083
0.0517134904928785,0.00011376461877199475,-2.2950959422388122e-10,298.1500047205053,0.0,0.04622392673056743,150.1368473694005,9.890811415957839e-18,0.0,0.00014884943252687426,50.05324566724017,1.7321722697833803e-16,3.1308134709721694e-19,0.0,1.4058878243700777e-28,1.19962397657949e-17,1.1608684758039076,2.8786603609761386e-12,0.0002048809128315908,500000.0,500366.5284336449
0.0527134904928785,0.00011376461854249948,-2.2949526868324836e-10,298.15000472025133,0.0,0.04622146653794666,150.13684950824154,9.890292284819726e-18,0.0,0.00014884943342726215,50.05324597015463,1.7320813545158725e-16,3.130482533200877e-19,0.0,1.4059598951775576e-28,1.1996239838631075e-17,1.1608684828293296,2.8785092827118364e-12,0.0002048809128502669,500000.0,500366.52843437233
0.0537134904928785,0.00011376461831301647,-2.2948299975002144e-10,298.1500047199974,0.0,0.046219006477632364,150.13685164696784,9.889773180834988e-18,0.0,0.0001488494343276019,50.053246273052906,1.7319904440037153e-16,3.130151630470869e-19,0.0,1.4060319698904073e-28,1.1996239911462529e-17,1.1608684898543764,2.878358212348473e-12,0.00020488091286894198,500000.0,500366.5284351007
0.0547134904928785,0.00011376461808354365,-2.2947282760170616e-10,298.1500047197438,0.0,0.046216546549619826,150.13685378558773,9.889254104002817e-18,0.0,0.00014884943522790173,50.053246575937756,1.7318995382468007e-16,3.129820762780946e-19,0.0,1.4061040485093021e-28,1.1996239984291715e-17,1.1608684968791116,2.878207149885904e-12,0.00020488091288761623,500000.0,500366.5284358582
0.0557134904928785,0.00011376461785408515,-2.2945849868755708e-10,298.1500047194898,0.0,0.046214086753896724,150.13685592408473,9.88873505431962e-18,0.0,0.00014884943612814531,50.05324687880369,1.7318086372445126e-16,3.129489930128813e-19,0.0,1.406176131034058e-28,1.1996240057116289e-17,1.1608685039034081,2.878056095322983e-12,0.00020488091290628933,500000.0,500366.52843658876
0.0567134904928785,0.00011376461762463892,-2.2944622847198819e-10,298.15000471923594,0.0,0.04621162709045831,150.13685806246696,9.88821603178491e-18,0.0,0.0001488494370283407,50.05324718165342,1.7317177409967097e-16,3.1291591325066317e-19,0.0,1.4062482174648486e-28,1.199624012993704e-17,1.160868510927329,2.877905048659652e-12,0.00020488091292496143,500000.0,500366.52843732026
0.0577134904928785,0.00011376461739520496,-2.294339712797149e-10,298.1500047189822,0.0,0.04620916755929733,150.13686020073453,9.887697036397585e-18,0.0,0.00014884943792848799,50.05324748448697,1.731626849503249e-16,3.1288283699138006e-19,0.0,1.4063203078019303e-28,1.199624020275368e-17,1.1608685179508742,2.877754009895538e-12,0.00020488091294363253,500000.0,500366.52843805304
0.0587134904928785,0.00011376461716578323,-2.2942171791573805e-10,298.1500047187284,0.0,0.04620670816040659,150.13686233888757,9.887178068156392e-18,0.0,0.0001488494388285873,50.05324778730438,1.7315359627639118e-16,3.1284976423458983e-19,0.0,1.4063924020455622e-28,1.1996240275566421e-17,1.1608685249740456,2.8776029790302435e-12,0.00020488091296230263,500000.0,500366.528438787
0.0597134904928785,0.00011376461693637169,-2.294115453852707e-10,298.1500047184748,0.0,0.0462042488937813,150.13686447693414,9.886659127061051e-18,0.0,0.0001488494397286466,50.05324809010835,1.7314450807786146e-16,3.1281669497987763e-19,0.0,1.4064645001960251e-28,1.1996240348375406e-17,1.160868531996905,2.877451956063732e-12,0.0002048809129809719,500000.0,500366.52843954996
0.060713490492878504,0.00011376461670697446,-2.2939723542168152e-10,298.1500047182209,0.0,0.04620178975940918,150.1368666148579,9.886140213107557e-18,0.0,0.00014884944062864972,50.05324839289343,1.7313542035466849e-16,3.127836292270922e-19,0.0,1.4065366022532737e-28,1.1996240421179482e-17,1.1608685390193263,2.8773009409948126e-12,0.00020488091299964,500000.0,500366.52844028606
0.0617134904928785,0.0001137646164775895,-2.293849542392514e-10,298.1500047179672,0.0,0.046199330757285474,150.13686875266694,9.88562132629545e-18,0.0,0.00014884944152860472,50.05324869566231,1.731263331068052e-16,3.1275056697541134e-19,0.0,1.406608708217589e-28,1.1996240493980451e-17,1.1608685460413721,2.8771499338234355e-12,0.00020488091301830712,500000.0,500366.5284410234
0.0627134904928785,0.00011376461624821686,-2.2937263332570986e-10,298.15000471771344,0.0,0.04619687188740283,150.13687089036105,9.885102466624177e-18,0.0,0.0001488494424285113,50.05324899841493,1.7311724633426155e-16,3.127175073608564e-19,1.0088488937503808e-32,1.4066808180710053e-28,1.1996240566777897e-17,1.1608685530630405,2.8769989345499413e-12,0.00020488091303697323,500000.0,500366.5284417606
0.0637134904928785,0.00011376461601885655,-2.29360301375187e-10,298.1500047174597,0.0,0.046194413149754025,150.1368730279403,9.884583634091258e-18,0.0,0.00014884944332836954,50.05324930115129,1.731081600369882e-16,3.126844521109305e-19,1.2323017146652969e-32,1.4067529318501072e-28,1.199624063957119e-17,1.1608685600843318,2.87684794317242e-12,0.00020488091305563834,500000.0,500366.5284424982
0.0647134904928785,0.0001137646157895086,-2.2934796417086406e-10,298.150004717206,0.0,0.046191954544331754,150.1368751654045,9.884064828695716e-18,0.0,0.00014884944422817928,50.05324960387133,1.730990742149749e-16,3.1265140036126164e-19,1.2817169038450065e-32,1.4068250495370373e-28,1.1996240712359734e-17,1.1608685671052448,2.876696959691296e-12,0.00020488091307430245,500000.0,500366.5284432354
0.0657134904928785,0.00011376461556017296,-2.2933563411442646e-10,298.1500047169523,0.0,0.0461894960711288,150.1368773027538,9.883546050436092e-18,0.0,0.00014884944512794066,50.05324990657512,1.7308998886819347e-16,3.126183521114746e-19,1.2925854312252798e-32,1.406897171131801e-28,1.1996240785145987e-17,1.1608685741257807,2.8765459841060723e-12,0.00020488091309296555,500000.0,500366.5284439726
0.0667134904928785,0.00011376461533084965,-2.2932330920001448e-10,298.1500047166987,0.0,0.04618703773013791,150.13687943998823,9.8830272993108e-18,0.0,0.00014884944602765372,50.05325020926265,1.7308090399661496e-16,3.125853073611942e-19,1.2949204104208567e-32,1.4069692966344994e-28,1.199624085792699e-17,1.1608685811459396,2.8763950164163578e-12,0.00020488091311162765,500000.0,500366.52844471025
0.0677134904928785,0.00011376461510153866,-2.2931098061896328e-10,298.150004716445,0.0,0.04618457952135182,150.13688157710774,9.882508575319326e-18,0.0,0.00014884944692731837,50.0532505119339,1.730718196002297e-16,3.1255226611007492e-19,1.295367109342454e-32,1.4070414260455002e-28,1.199624093070481e-17,1.160868588165721,2.8762440566217563e-12,0.00020488091313028875,500000.0,500366.5284454477
0.0687134904928785,0.00011376461487224,-2.2929865379481274e-10,298.15000471619135,0.0,0.04618212144476329,150.13688371411234,9.881989878459672e-18,0.0,0.00014884944782693466,50.0532508145889,1.7306273567900546e-16,3.1251922835771394e-19,1.2953961771697678e-32,1.4071135593650994e-28,1.1996241003477981e-17,1.1608685951851254,2.8760931047218146e-12,0.00020488091314894885,500000.0,500366.52844618534
0.0697134904928785,0.00011376461464295367,-2.2928633388624166e-10,298.15000471593765,0.0,0.046179663500365044,150.136885851002,9.881471208730246e-18,0.0,0.00014884944872650254,50.05325111722762,1.7305365223291505e-16,3.1248619410374865e-19,1.295332926182859e-32,1.4071856965932567e-28,1.1996241076247874e-17,1.1608686022041523,2.875942160716133e-12,0.00020488091316760794,500000.0,500366.5284469228
0.0707134904928785,0.00011376461441367967,-2.2927399129555495e-10,298.15000471568413,0.0,0.046177205688149835,150.13688798777682,9.880952566129594e-18,0.0,0.00014884944962602204,50.05325141985006,1.730445692619334e-16,3.124531633477851e-19,1.2952492823761515e-32,1.4072578377303209e-28,1.1996241149013692e-17,1.1608686092228016,2.8757912246043154e-12,0.00020488091318626603,500000.0,500366.5284476605
0.0717134904928785,0.000113764614184418,-2.2926167378087555e-10,298.1500047154305,0.0,0.04617474800811043,150.13689012443672,9.880433950656703e-18,0.0,0.00014884945052549316,50.053251722456245,1.730354867660373e-16,3.1242013608948735e-19,1.2951611409612355e-32,1.4073299827762573e-28,1.1996241221775612e-17,1.1608686162410737,2.875640296385994e-12,0.00020488091320492312,500000.0,500366.5284483982
0.07271349049287851,0.00011376461395516865,-2.2924935085751e-10,298.1500047151769,0.0,0.04617229046023956,150.1368922609817,9.879915362309902e-18,0.0,0.0001488494514249159,50.05325202504615,1.7302640474520365e-16,3.1238711232846526e-19,1.2950720129585686e-32,1.407402131731612e-28,1.1996241294533475e-17,1.1608686232589687,2.8754893760607533e-12,0.0002048809132235792,500000.0,500366.5284491358
0.0737134904928785,0.0001137646137259316,-2.292370349354634e-10,298.15000471492334,0.0,0.04616983304453001,150.136894397412,9.879396801087314e-18,0.0,0.00014884945232429038,50.053252327619845,1.7301732319939702e-16,3.1235409206433756e-19,1.2949826735670978e-32,1.4074742845963208e-28,1.1996241367287982e-17,1.1608686302764872,2.875338463628025e-12,0.00020488091324223428,500000.0,500366.52844987396
0.0747134904928785,0.00011376461349670689,-2.2922470331412061e-10,298.15000471466976,0.0,0.04616737576097449,150.13689653372728,9.878878266988891e-18,0.0,0.00014884945322361643,50.05325263017724,1.7300824212861385e-16,3.1232107529678084e-19,1.2948932938760227e-32,1.4075464413705102e-28,1.1996241440037396e-17,1.160868637293628,2.8751875590876576e-12,0.00020488091326088836,500000.0,500366.5284506118
0.0757134904928785,0.00011376461326749452,-2.2921237580728853e-10,298.1500047144163,0.0,0.046164918609565744,150.1368986699277,9.878359760011889e-18,0.0,0.0001488494541228941,50.05325293271836,1.7299916153281137e-16,3.122880620253652e-19,1.2948039115534872e-32,1.4076186020547539e-28,1.19962415127834e-17,1.1608686443103913,2.8750366624390547e-12,0.00020488091327954143,500000.0,500366.5284513497
0.0767134904928785,0.00011376461303829445,-2.292000643600194e-10,298.1500047141627,0.0,0.04616246159029655,150.13690080601327,9.877841280155752e-18,0.0,0.00014884945502212344,50.05325323524323,1.7299008141197586e-16,3.1225505224976577e-19,1.2947145349909746e-32,1.4076907666488877e-28,1.19962415855261e-17,1.1608686513267779,2.874885773681888e-12,0.0002048809132981935,500000.0,500366.5284520876
0.0777134904928785,0.00011376461280910671,-2.291877389285706e-10,298.15000471390925,0.0,0.04616000470315963,150.13690294198403,9.877322827418053e-18,0.0,0.0001488494559213044,50.05325353775184,1.7298100176606666e-16,3.1222204596954923e-19,1.2946251659486577e-32,1.407762935153267e-28,1.1996241658264424e-17,1.160868658342787,2.874734892815618e-12,0.00020488091331684457,500000.0,500366.52845282573
0.0787134904928785,0.0001137646125799313,-2.2917541924324647e-10,298.1500047136557,0.0,0.046157547948147776,150.1369050778399,9.876804401798259e-18,0.0,0.00014884945682043697,50.05325384024418,1.7297192259507655e-16,3.121890431844062e-19,1.2945358049095946e-32,1.4078351075680207e-28,1.1996241730998586e-17,1.160868665358419,2.874584019840026e-12,0.00020488091333549464,500000.0,500366.5284535636
0.0797134904928785,0.00011376461235076819,-2.2916310336789217e-10,298.1500047134022,0.0,0.046155091325253715,150.13690721358097,9.876286003295092e-18,0.0,0.00014884945771952127,50.053254142720284,1.729628438989783e-16,3.121560438939516e-19,1.2944464518968266e-32,1.4079072838934414e-28,1.1996241803729272e-17,1.1608686723736743,2.8744331547546355e-12,0.0002048809133541437,500000.0,500366.52845430165
0.0807134904928785,0.00011376461212161741,-2.2915077565925356e-10,298.1500047131487,0.0,0.046152634834470185,150.13690934920717,9.875767631906918e-18,0.0,0.00014884945861855716,50.053254445180116,1.729537656777426e-16,3.12123048097819e-19,1.2943571069536798e-32,1.4079794641294605e-28,1.1996241876455459e-17,1.1608686793885523,2.8742822975590008e-12,0.00020488091337279176,500000.0,500366.52845503966
0.0817134904928785,0.00011376461189247895,-2.2913846264372751e-10,298.1500047128953,0.0,0.046150178475789956,150.13691148471858,9.875249287632347e-18,0.0,0.0001488494595175447,50.05325474762368,1.729446879313526e-16,3.1209005579562245e-19,1.29426777007314e-32,1.4080516482766021e-28,1.199624194917889e-17,1.1608686864030529,2.8741314482527155e-12,0.00020488091339143882,500000.0,500366.5284557779
0.0827134904928785,0.00011376461166335281,-2.2912614124569007e-10,298.1500047126419,0.0,0.046147722249205776,150.13691362011517,9.87473097046912e-18,0.0,0.0001488494604164839,50.053255050051,1.7293561065976336e-16,3.1205706698697196e-19,1.2941784412591684e-32,1.4081238363349593e-28,1.1996242021898186e-17,1.1608686934171768,2.8739806068353458e-12,0.00020488091341008488,500000.0,500366.52845651616
0.0837134904928785,0.00011376461143423898,-2.2911383092225515e-10,298.15000471238835,0.0,0.04614526615471042,150.13691575539698,9.874212680416635e-18,0.0,0.0001488494613153748,50.05325535246208,1.7292653386296386e-16,3.1202408167152683e-19,1.294089120534059e-32,1.4081960283046042e-28,1.1996242094613122e-17,1.160868700430924,2.873829773306514e-12,0.00020488091342872993,500000.0,500366.5284572544
0.0847134904928785,0.00011376461120513749,-2.2910150877476105e-10,298.15000471213494,0.0,0.04614281019229659,150.13691789056386,9.873694417473605e-18,0.0,0.0001488494622142173,50.05325565485685,1.7291745754093387e-16,3.119910998489078e-19,1.2939998078659477e-32,1.4082682241859116e-28,1.199624216732395e-17,1.1608687074442932,2.8736789476658665e-12,0.00020488091344737398,500000.0,500366.5284579924
0.0857134904928785,0.00011376461097604828,-2.2908919442864e-10,298.15000471188154,0.0,0.04614035436195711,150.1369200256161,9.873176181638496e-18,0.0,0.00014884946311301156,50.05325595723543,1.729083816936475e-16,3.119581215187405e-19,1.2939105032641723e-32,1.4083404239789508e-28,1.1996242240030679e-17,1.1608687144572867,2.8735281299129127e-12,0.00020488091346601702,500000.0,500366.52845873084
0.0867134904928785,0.0001137646107469714,-2.2907687204621435e-10,298.1500047116281,0.0,0.04613789866368469,150.13692216055344,9.872657972909616e-18,0.0,0.00014884946401175743,50.053256259597724,1.7289930632107113e-16,3.1192514668067363e-19,1.2938212067388588e-32,1.4084126276837926e-28,1.1996242312733639e-17,1.1608687214699025,2.8733773200473083e-12,0.00020488091348465907,500000.0,500366.52845946915
0.08771349049287851,0.00011376461051790894,-2.2906247531754305e-10,298.15000471137455,0.0,0.04613544309746954,150.13692429536772,9.872139791285056e-18,0.0,0.00014884946491044673,50.053256561941005,1.728902314231727e-16,3.118921753342903e-19,1.2937319182605363e-32,1.4084848353008908e-28,1.1996242385432807e-17,1.1608687284820773,2.8732265180683067e-12,0.00020488091350329994,500000.0,500366.5284601796
0.08871349049287851,0.00011376461028885464,-2.2905430462935453e-10,298.15000471112165,0.0,0.04613298766331201,150.1369264300837,9.87162163676628e-18,0.0,0.000148849465809104,50.053256864273514,1.728811569999783e-16,3.1185920747930892e-19,1.2936426378710227e-32,1.408557046830466e-28,1.1996242458128409e-17,1.1608687354940024,2.8730757239763592e-12,0.00020488091352194012,500000.0,500366.5284609459
0.08971349049287851,0.00011376461005981675,-2.29037880817538e-10,298.1500047108678,0.0,0.04613053236119483,150.1369285646686,9.87110350934715e-18,0.0,0.00014884946670769685,50.053257166584366,1.7287208305138257e-16,3.1182624311523243e-19,1.2935533655097298e-32,1.408629262272342e-28,1.1996242530819683e-17,1.160868742505425,2.872924937769833e-12,0.000204880913540579,500000.0,500366.5284616564
0.0907134904928785,0.00011376460983078707,-2.2902968080442183e-10,298.15000471061495,0.0,0.04612807719112073,150.13693069915502,9.870585409031624e-18,0.0,0.00014884946760625748,50.053257468884375,1.7286300957745217e-16,3.1179328224183443e-19,1.2934641012601002e-32,1.4087014816273262e-28,1.1996242603507953e-17,1.1608687495165964,2.872774159449766e-12,0.00020488091355921718,500000.0,500366.5284624229
0.0917134904928785,0.00011376460960177381,-2.2901325339508633e-10,298.15000471036115,0.0,0.04612562215307249,150.13693283351043,9.87006733581249e-18,0.0,0.00014884946850475368,50.05325777116273,1.7285393657806232e-16,3.1176032485858385e-19,1.293374845011972e-32,1.4087737048946505e-28,1.199624267619087e-17,1.1608687565272653,2.8726233890141612e-12,0.00020488091357785405,500000.0,500366.52846313367
0.0927134904928785,0.00011376460937276873,-2.2900506045348922e-10,298.15000471010836,0.0,0.046123167247052864,150.1369349677674,9.869549289694361e-18,0.0,0.00014884946940321774,50.053258073430264,1.7284486405328985e-16,3.1172737096528276e-19,1.2932855968938027e-32,1.408845932075616e-28,1.199624274887156e-17,1.1608687635376833,2.8724726264642467e-12,0.00020488091359649024,500000.0,500366.5284639006
0.0937134904928785,0.00011376460914378011,-2.2898863646183907e-10,298.1500047098545,0.0,0.046120712473044556,150.1369371018932,9.86903127066969e-18,0.0,0.00014884947030161725,50.053258375676094,1.7283579200300844e-16,3.1169442056138496e-19,1.293196356762101e-32,1.408918163169558e-28,1.1996242821546665e-17,1.1608687705475982,2.8723218717979555e-12,0.0002048809136151251,500000.0,500366.5284646109
0.0947134904928785,0.00011376460891480176,-2.2897834391052798e-10,298.1500047096015,0.0,0.046118257831047844,150.13693923591237,9.86851327874192e-18,0.0,0.00014884947119997647,50.05325867790837,1.7282672042727536e-16,3.1166147364665154e-19,1.2931071247513094e-32,1.408990398177339e-28,1.1996242894218557e-17,1.1608687775571982,2.8721711250161528e-12,0.00020488091363375912,500000.0,500366.52846534963
0.0957134904928785,0.00011376460868583569,-2.2896606903069412e-10,298.1500047093482,0.0,0.046115803321053056,150.1369413698169,9.86799531390756e-18,0.0,0.00014884947209828744,50.05325898012443,1.728176493260316e-16,3.1162853022066188e-19,1.2930179007647285e-32,1.4090626370986042e-28,1.199624296688656e-17,1.1608687845664227,2.872020386117908e-12,0.00020488091365239214,500000.0,500366.5284660884
0.0967134904928785,0.00011376460845688194,-2.2895375384212276e-10,298.15000470909496,0.0,0.04611334894305289,150.1369435036067,9.867477376165776e-18,0.0,0.0001488494729965501,50.05325928232424,1.7280857869925906e-16,3.115955902830599e-19,1.292928684847482e-32,1.4091348799337463e-28,1.1996243039550555e-17,1.16086879157527,2.87186965510285e-12,0.00020488091367102415,500000.0,500366.5284668271
0.0977134904928785,0.00011376460822794048,-2.2894145386736974e-10,298.15000470884166,0.0,0.04611089469704014,150.13694563728177,9.866959465515142e-18,0.0,0.0001488494738947645,50.05325958450783,1.7279950854693336e-16,3.115626538334728e-19,1.2928394769818465e-32,1.4092071266830925e-28,1.1996243112210857e-17,1.1608687985837411,2.871718931970684e-12,0.00020488091368965516,500000.0,500366.52846756595
0.0987134904928785,0.00011376460799901133,-2.289291460068836e-10,298.1500047085885,0.0,0.04610844058300754,150.13694777084217,9.866441581954091e-18,0.0,0.0001488494747929306,50.053259886675185,1.7279043886903106e-16,3.115297208715209e-19,1.2927502771674895e-32,1.4092793773466851e-28,1.1996243184867106e-17,1.1608688055918357,2.8715682167209446e-12,0.00020488091370828517,500000.0,500366.5284683049
0.0997134904928785,0.00011376460777009451,-2.289168358932362e-10,298.1500047083353,0.0,0.04610598660094782,150.13694990428775,9.86592372548075e-18,0.0,0.0001488494756910483,50.05326018882624,1.727813696655146e-16,3.1149679139682756e-19,1.292661085407516e-32,1.4093516319247199e-28,1.1996243257519703e-17,1.1608688125995525,2.8714175093531352e-12,0.00020488091372691418,500000.0,500366.52846904355
0.1007134904928785,0.00011376460754118998,-2.289045357848158e-10,298.1500047080821,0.0,0.0461035327508538,150.13695203761867,9.86540589609456e-18,0.0,0.00014884947658911778,50.0532604909611,1.727723009363765e-16,3.1146386540904607e-19,1.2925719017128957e-32,1.4094238904174186e-28,1.1996243330168333e-17,1.1608688196068933,2.8712668098668954e-12,0.00020488091374554218,500000.0,500366.52846978256
0.1017134904928785,0.00011376460731229983,-2.2889015088800723e-10,298.15000470782866,0.0,0.04610107903271569,150.1369541708267,9.864888093791781e-18,0.0,0.0001488494774871308,50.05326079307697,1.7276323268154988e-16,3.114309429077371e-19,1.2924827260417064e-32,1.4094961528250234e-28,1.1996243402812674e-17,1.160868826613794,2.8711161182615046e-12,0.00020488091376416902,500000.0,500366.52847049374
0.1027134904928785,0.00011376460708341786,-2.28881982101223e-10,298.15000470757593,0.0,0.0460986254465338,150.1369563039364,9.864370318576149e-18,0.0,0.00014884947838511177,50.05326109518205,1.7275416490110064e-16,3.1139802389267965e-19,1.2923935584780414e-32,1.4095684191478188e-28,1.1996243475453464e-17,1.1608688336204445,2.8709654345375678e-12,0.00020488091378279518,500000.0,500366.52847126056
0.10371349049287851,0.00011376460685455229,-2.288655645481519e-10,298.15000470732235,0.0,0.04609617199229087,150.13695843691514,9.863852570440311e-18,0.0,0.00014884947928302833,50.05326139726549,1.7274509759490225e-16,3.1136510836334025e-19,1.2923043988961728e-32,1.4096406893856416e-28,1.1996243548089145e-17,1.1608688406265926,2.870814758693326e-12,0.00020488091380142,500000.0,500366.52847197186
0.10471349049287851,0.00011376460662569491,-2.2885737494006489e-10,298.1500047070696,0.0,0.046093718669989674,150.13696056979552,9.863334849388154e-18,0.0,0.00014884948018091274,50.0532616993381,1.7273603076302073e-16,3.1133219631947514e-19,1.2922152474129033e-32,1.4097129635391605e-28,1.1996243620723192e-17,1.1608688476324902,2.8706640907297264e-12,0.00020488091382004416,500000.0,500366.5284727389
0.10571349049287851,0.00011376460639685396,-2.2884095497941824e-10,298.1500047068161,0.0,0.046091265479612946,150.13696270254488,9.862817155412973e-18,0.0,0.00014884948107873273,50.05326200138906,1.7272696440533994e-16,3.112992877605814e-19,1.29212610393676e-32,1.4097852416080755e-28,1.1996243693351634e-17,1.1608688546378851,2.870513430644937e-12,0.00020488091383866701,500000.0,500366.52847345016
0.10671349049287851,0.00011376460616802326,-2.2883068782669957e-10,298.1500047065632,0.0,0.046088812421160946,150.13696483518765,9.862299488517817e-18,0.0,0.0001488494819765124,50.053262303426465,1.7271789852191118e-16,3.112663826864241e-19,1.292036968561454e-32,1.4098575235930366e-28,1.1996243765977015e-17,1.1608688616429659,2.8703627784396935e-12,0.000204880913857289,500000.0,500366.5284741894
0.1077134904928785,0.00011376460593920485,-2.2881841726476004e-10,298.1500047063101,0.0,0.046086359494623974,150.13696696771586,9.861781848698995e-18,0.0,0.00014884948287424392,50.053262605447664,1.727088331126705e-16,3.1123348109656055e-19,1.2919478411859516e-32,1.4099298094939975e-28,1.1996243838598462e-17,1.1608688686476711,2.8702121341130833e-12,0.00020488091387590998,500000.0,500366.52847492875
0.1087134904928785,0.00011376460571039874,-2.2880611394797983e-10,298.150004706057,0.0,0.04608390669999477,150.1369691001294,9.861264235955684e-18,0.0,0.0001488494837719271,50.05326290745263,1.7269976817760503e-16,3.112005829906323e-19,1.2918587218734375e-32,1.410002099311143e-28,1.1996243911215386e-17,1.1608688756519994,2.8700614976647702e-12,0.00020488091389453,500000.0,500366.5284756679
0.1097134904928785,0.00011376460548160492,-2.2879381232834551e-10,298.1500047058039,0.0,0.04608145403726612,150.13697123242835,9.860746650286607e-18,0.0,0.0001488494846695621,50.05326320944138,1.7269070371669094e-16,3.1116768836826633e-19,1.2917696106032612e-32,1.4100743930448925e-28,1.1996243983828425e-17,1.1608688826559515,2.8699108690944013e-12,0.000204880913913149,500000.0,500366.5284764075
0.1107134904928785,0.00011376460525282341,-2.2878151067042807e-10,298.1500047055509,0.0,0.04607900150643076,150.13697336461263,9.860229091690206e-18,0.0,0.00014884948556714877,50.05326351141388,1.7268163972989995e-16,3.111347972291176e-19,1.2916805073877127e-32,1.4101466906949906e-28,1.1996244056437558e-17,1.1608688896595267,2.8697602484015472e-12,0.000204880913931767,500000.0,500366.528477147
0.1117134904928785,0.00011376460502405626,-2.2876713537482731e-10,298.1500047052976,0.0,0.046076549107478944,150.13697549667404,9.859711560163971e-18,0.0,0.00014884948646467906,50.053263813367415,1.7267257621719348e-16,3.111019095727504e-19,1.2915914121863995e-32,1.4102189922619509e-28,1.199624412904298e-17,1.1608688966626621,2.869609635585478e-12,0.00020488091395038383,500000.0,500366.5284778585
0.1127134904928785,0.00011376460479529728,-2.2875897989543773e-10,298.15000470504503,0.0,0.046074096840411,150.13697762863725,9.859194055710014e-18,0.0,0.00014884948736217736,50.053264115310206,1.7266351317859956e-16,3.1106902539892923e-19,1.291502325075603e-32,1.4102912977461986e-28,1.1996244201645593e-17,1.1608689036655482,2.8694590306466713e-12,0.00020488091396900001,500000.0,500366.5284786263
0.1137134904928785,0.00011376460456655471,-2.287425653737504e-10,298.15000470479157,0.0,0.046071644705209636,150.13697976046947,9.858676578321948e-18,0.0,0.00014884948825961118,50.0532644172313,1.72654450614017e-16,3.110361447070985e-19,1.2914132459324727e-32,1.4103636071473123e-28,1.199624427424252e-17,1.1608689106679313,2.8693084335834924e-12,0.00020488091398761484,500000.0,500366.52847933787
0.1147134904928785,0.00011376460433782241,-2.2873229707548465e-10,298.1500047045388,0.0,0.0460691927018751,150.13698189219517,9.858159128002412e-18,0.0,0.00014884948915700472,50.05326471913886,1.726453885234799e-16,3.110032674970522e-19,1.291324174908617e-32,1.4104359204660675e-28,1.199624434683665e-17,1.1608689176700004,2.8691578443965455e-12,0.00020488091400622883,500000.0,500366.5284800775
0.1157134904928785,0.00011376460410910237,-2.2872003290754584e-10,298.1500047042858,0.0,0.046066740830397725,150.13698402380635,9.857641704747985e-18,0.0,0.00014884949005435012,50.05326502103023,1.726363269069379e-16,3.1097039376833213e-19,1.2912351118648175e-32,1.410508237702339e-28,1.1996244419426718e-17,1.1608689246716941,2.869007263084974e-12,0.00020488091402484182,500000.0,500366.5284808172
0.1167134904928785,0.00011376460388039464,-2.287077293550063e-10,298.1500047040328,0.0,0.04606428909077025,150.13698615530294,9.857124308558181e-18,0.0,0.00014884949095164725,50.05326532290536,1.726272657643782e-16,3.109375235206098e-19,1.2911460568922486e-32,1.4105805588564229e-28,1.1996244492012301e-17,1.1608689316730112,2.868856689648466e-12,0.0002048809140434538,500000.0,500366.528481557
0.1177134904928785,0.00011376460365169921,-2.2869543499625781e-10,298.1500047037798,0.0,0.04606183748298541,150.13698828668484,9.856606939431395e-18,0.0,0.00014884949184889605,50.05326562476426,1.7261820509577416e-16,3.1090465675349794e-19,1.2910570099398436e-32,1.4106528839284512e-28,1.1996244564594328e-17,1.1608689386739517,2.868706124086665e-12,0.00020488091406206478,500000.0,500366.5284822964
0.1187134904928785,0.00011376460342301815,-2.2868106197974399e-10,298.1500047035267,0.0,0.04605938600703349,150.13699041794396,9.856089597364355e-18,0.0,0.0001488494927460885,50.0532659266042,1.726091449010699e-16,3.1087179346656824e-19,1.2909679710090737e-32,1.410725212918604e-28,1.1996244637172374e-17,1.1608689456744525,2.8685555663986904e-12,0.0002048809140806746,500000.0,500366.5284830084
0.11971349049287851,0.00011376460319434524,-2.286729109062698e-10,298.1500047032742,0.0,0.046056934662914814,150.1369925491049,9.855572282360087e-18,0.0,0.00014884949364324897,50.05326622843337,1.726000851803141e-16,3.108389336595994e-19,1.2908789401682784e-32,1.4107975458272598e-28,1.1996244709747234e-17,1.1608689526747038,2.868405016585221e-12,0.00020488091409928376,500000.0,500366.5284837762
0.12071349049287851,0.00011376460296568875,-2.2865650281387034e-10,298.15000470302084,0.0,0.04605448345061207,150.13699468013493,9.855054994411741e-18,0.0,0.00014884949454034498,50.05326653024088,1.7259102593339196e-16,3.1080607733205064e-19,1.290789917289979e-32,1.4108698826543704e-28,1.1996244782317114e-17,1.1608689596744524,2.8682544746444163e-12,0.0002048809141178916,500000.0,500366.5284844879
0.12171349049287851,0.00011376460273704249,-2.2864624977118034e-10,298.15000470276806,0.0,0.04605203237012557,150.13699681105854,9.854537733521878e-18,0.0,0.00014884949543740087,50.05326683203489,1.7258196716034388e-16,3.107732244836795e-19,1.290700902503458e-32,1.410942223400398e-28,1.1996244854884043e-17,1.160868966673888,2.8681039405770066e-12,0.00020488091413649857,500000.0,500366.52848522796
0.12271349049287851,0.0001137646025084086,-2.2863388989017714e-10,298.1500047025152,0.0,0.04604958142144547,150.1369989418672,9.854020499690576e-18,0.0,0.00014884949633440817,50.05326713381256,1.725729088611707e-16,3.107403751086248e-19,1.2906118859364688e-32,1.4110145680648545e-28,1.1996244927446275e-17,1.1608689736729445,2.8679534143828703e-12,0.00020488091415510456,500000.0,500366.52848596673
0.12371349049287851,0.00011376460227978708,-2.2862152931055003e-10,298.1500047022623,0.0,0.04604713060456457,150.13700107256108,9.853503292911062e-18,0.0,0.00014884949723136694,50.05326743557393,1.7256385103576013e-16,3.1070752921741176e-19,1.2905228895191138e-32,1.4110869166490528e-28,1.1996245000005197e-17,1.160868980671623,2.867802896060211e-12,0.00020488091417370955,500000.0,500366.5284867045
0.1247134904928785,0.00011376460205117792,-2.2860915951475944e-10,298.1500047020094,0.0,0.04604467991947563,150.1370032031401,9.852986113184227e-18,0.0,0.00014884949812827726,50.05326773731899,1.725547936841239e-16,3.1067468680420874e-19,1.2904338970622094e-32,1.4111592691524407e-28,1.1996245072560277e-17,1.1608689876699234,2.8676523856092674e-12,0.00020488091419231352,500000.0,500366.5284874413
0.1257134904928785,0.00011376460182258113,-2.2859680000506095e-10,298.15000470175653,0.0,0.0460422293661714,150.13700533360424,9.852468960509081e-18,0.0,0.00014884949902513894,50.0532680390477,1.7254573680624413e-16,3.1064184786866406e-19,1.2903449139950172e-32,1.411231625575389e-28,1.1996245145110599e-17,1.1608689946678445,2.867501883029683e-12,0.00020488091421091647,500000.0,500366.52848817717
0.1267134904928785,0.00011376460159399671,-2.2858442102483844e-10,298.1500047015038,0.0,0.04603977894464466,150.13700746395352,9.851951834883898e-18,0.0,0.0001488494999219521,50.0532683407601,1.7253668040208836e-16,3.1060901241040925e-19,1.2902559392516833e-32,1.4113039859179841e-28,1.1996245217657925e-17,1.1608690016653873,2.8673513883210566e-12,0.00020488091422951843,500000.0,500366.5284889121
0.1277134904928785,0.00011376460136542465,-2.285720632801592e-10,298.1500047012509,0.0,0.04603732865488818,150.137009594188,9.851434736307537e-18,0.0,0.00014884950081871676,50.05326864245618,1.7252762447164305e-16,3.105761804290618e-19,1.290166972595313e-32,1.4113763501807071e-28,1.1996245290201066e-17,1.1608690086625517,2.8672009014828992e-12,0.00020488091424811938,500000.0,500366.5284896459
0.1287134904928785,0.00011376460113686495,-2.2855969647968446e-10,298.15000470099807,0.0,0.04603487849689475,150.13701172430765,9.850917664778855e-18,0.0,0.0001488495017154329,50.05326894413595,1.7251856901488041e-16,3.1054335192428646e-19,1.290078013998215e-32,1.411448718363512e-28,1.1996245362739794e-17,1.1608690156593378,2.867050422514938e-12,0.00020488091426671933,500000.0,500366.5284903788
0.1297134904928785,0.00011376460090831763,-2.285473263164343e-10,298.1500047007453,0.0,0.04603242847065711,150.1370138543124,9.850400620295976e-18,0.0,0.00014884950261210046,50.05326924579939,1.7250951403177313e-16,3.1051052689567054e-19,1.2899890634017257e-32,1.4115210904665052e-28,1.1996245435275252e-17,1.1608690226557452,2.8668999514166536e-12,0.00020488091428531827,500000.0,500366.5284911106
0.1307134904928785,0.00011376460067978265,-2.285349720071804e-10,298.1500047004925,0.0,0.04602997857616807,150.13701598420243,9.849883602857654e-18,0.0,0.00014884950350871958,50.05326954744653,1.7250045952229922e-16,3.104777053428748e-19,1.2899001208543417e-32,1.4115934664900773e-28,1.199624550780736e-17,1.1608690296517745,2.866749488187777e-12,0.00020488091430391622,500000.0,500366.5284918418
0.1317134904928785,0.00011376460045126005,-2.2852260352376814e-10,298.1500047002397,0.0,0.04602752881342038,150.13701811397755,9.84936661246222e-18,0.0,0.00014884950440529016,50.05326984907734,1.7249140548642856e-16,3.10444887265499e-19,1.2898111863107846e-32,1.4116658464343613e-28,1.1996245580334436e-17,1.160869036647425,2.8665990328276975e-12,0.00020488091432251316,500000.0,500366.52849257155
0.1327134904928785,0.00011376460022274772,-2.2851232636151898e-10,298.1500046999872,0.0,0.046025079182409355,150.1370202436462,9.848849649109848e-18,0.0,0.0001488495053018204,50.05327015069461,1.724823519241595e-16,3.1041207266325397e-19,1.2897222598242232e-32,1.4117382302997745e-28,1.1996245652858118e-17,1.1608690436427616,2.866448585336515e-12,0.00020488091434110923,500000.0,500366.52849332866
0.1337134904928785,0.0001137645999942498,-2.2849790794964346e-10,298.1500046997342,0.0,0.04602262968312273,150.13702237319188,9.848332712795992e-18,0.0,0.00014884950619829408,50.053270452292836,1.724732988354225e-16,3.103792615356429e-19,1.2896333413020678e-32,1.4118106180859058e-28,1.1996245725377804e-17,1.1608690506376567,2.8662981457129638e-12,0.00020488091435970417,500000.0,500366.52849405666
0.1347134904928785,0.0001137645997657643,-2.2848550779364674e-10,298.1500046994815,0.0,0.0460201803155557,150.13702450262252,9.847815803521788e-18,0.0,0.000148849507094719,50.05327075387468,1.7246424622022846e-16,3.103464538823888e-19,1.2895444308578377e-32,1.411883009793605e-28,1.1996245797893001e-17,1.1608690576321714,2.866147713957135e-12,0.00020488091437829807,500000.0,500366.5284947833
0.1357134904928785,0.00011376459953729114,-2.2847315811274052e-10,298.15000469922876,0.0,0.046017731079701175,150.1370266319385,9.847298921284926e-18,0.0,0.00014884950799109553,50.053271055440256,1.724551940785391e-16,3.1031364970309493e-19,1.2894555284028408e-32,1.4119554054227777e-28,1.1996245870405282e-17,1.160869064626309,2.8659972900686096e-12,0.00020488091439689097,500000.0,500366.5284955094
0.1367134904928785,0.00011376459930882826,-2.2846287843365985e-10,298.15000469897626,0.0,0.04601528197555438,150.13702876114792,9.846782066085357e-18,0.0,0.0001488495088874317,50.05327135699225,1.7244614241035565e-16,3.1028084899742783e-19,1.2893666339796104e-32,1.4120278049736229e-28,1.199624594291353e-17,1.1608690716201315,2.865846874047288e-12,0.00020488091441548303,500000.0,500366.5284962623
0.1377134904928785,0.0001137645990803798,-2.2844845793011851e-10,298.15000469872336,0.0,0.04601283300310309,150.13703089023437,9.84626523791975e-18,0.0,0.00014884950978371128,50.05327165852522,1.724370912156183e-16,3.102480517649677e-19,1.2892777475619505e-32,1.412100208446213e-28,1.1996246015417188e-17,1.160869078613513,2.8656964658920344e-12,0.00020488091443407393,500000.0,500366.5284969861
0.1387134904928785,0.00011376459885194165,-2.2843816254016675e-10,298.15000469847087,0.0,0.04601038416234507,150.1370330192142,9.845748436787718e-18,0.0,0.0001488495106799504,50.05327196004459,1.724280404943211e-16,3.1021525800537646e-19,1.2891888691644697e-32,1.4121726158410697e-28,1.1996246087917337e-17,1.1608690856065789,2.865546065603142e-12,0.00020488091445266399,500000.0,500366.52849773696
0.1397134904928785,0.0001137645986235179,-2.284237375962846e-10,298.15000469821797,0.0,0.04600793545326811,150.1370351480711,9.845231662686754e-18,0.0,0.00014884951157613296,50.053272261544926,1.7241899024642038e-16,3.101824677182498e-19,1.2890999987836353e-32,1.4122450271580732e-28,1.19962461604138e-17,1.1608690925992036,2.865395673179612e-12,0.00020488091447125288,500000.0,500366.5284984589
0.1407134904928785,0.00011376459839510447,-2.284134415852489e-10,298.1500046979656,0.0,0.046005486875869965,150.1370372768214,9.844714915617908e-18,0.0,0.00014884951247227512,50.053272563031676,1.7240994047193346e-16,3.101496809032949e-19,1.2890111364365762e-32,1.4123174423976476e-28,1.1996246232906062e-17,1.160869099591513,2.8652452886215877e-12,0.00020488091448984093,500000.0,500366.52849920763
0.1417134904928785,0.00011376459816670543,-2.2839902655400445e-10,298.1500046977127,0.0,0.04600303843013844,150.13703940544877,9.844198195576238e-18,0.0,0.0001488495133683607,50.05327286449941,1.7240089117077496e-16,3.101168975600257e-19,1.288922282055166e-32,1.412389861559828e-28,1.1996246305394614e-17,1.1608691065833814,2.865094911928041e-12,0.0002048809145084278,500000.0,500366.52849992755
0.14271349049287851,0.00011376459793831672,-2.2838872977227863e-10,298.15000469746036,0.0,0.04600059011607128,150.13704153396952,9.843681502563741e-18,0.0,0.00014884951426440582,50.053273165953534,1.7239184234297508e-16,3.100841176881929e-19,1.2888334357462925e-32,1.4124622846447387e-28,1.1996246377878852e-17,1.160869113574934,2.8649445430992557e-12,0.00020488091452701383,500000.0,500366.5285006744
0.14371349049287852,0.00011376459770994239,-2.283743245117457e-10,298.15000469720746,0.0,0.04599814193365632,150.13704366236746,9.843164836576484e-18,0.0,0.00014884951516039446,50.05327346738867,1.7238279398847237e-16,3.100513412873392e-19,1.288744597404311e-32,1.4125347116527505e-28,1.1996246450359503e-17,1.1608691205660464,2.864794182134111e-12,0.00020488091454559868,500000.0,500366.52850139234
0.14471349049287852,0.00011376459748157836,-2.283640199238258e-10,298.1500046969551,0.0,0.04599569388289127,150.1370457906588,9.84264819761536e-18,0.0,0.00014884951605634265,50.05327376881021,1.7237374610727706e-16,3.100185683571749e-19,1.2886557671050932e-32,1.4126071425842192e-28,1.1996246522837071e-17,1.1608691275568432,2.864643829032891e-12,0.0002048809145641827,500000.0,500366.52850213734
0.14571349049287852,0.00011376459725322666,-2.2835168969105112e-10,298.1500046967025,0.0,0.0459932459637665,150.13704791883555,9.842131585677343e-18,0.0,0.0001488495169522425,50.05327407021549,1.7236469869934196e-16,3.0998579889726805e-19,1.288566944784809e-32,1.4126795774391725e-28,1.1996246595309964e-17,1.1608691345472633,2.8644934837948852e-12,0.0002048809145827657,500000.0,500366.5285028815
0.14671349049287852,0.00011376459702488941,-2.2833725431193215e-10,298.1500046964497,0.0,0.04599079817627216,150.13705004688921,9.841615000760549e-18,0.0,0.00014884951784808562,50.05327437160168,1.723556517646262e-16,3.099530329072518e-19,1.288478130493936e-32,1.4127520162174805e-28,1.1996246667778341e-17,1.1608691415372407,2.864343146419334e-12,0.00020488091460134754,500000.0,500366.5285035961
0.14771349049287852,0.00011376459679656036,-2.2832903638551506e-10,298.15000469619764,0.0,0.04598835052040865,150.1370521748446,9.84109844286696e-18,0.0,0.00014884951874389655,50.05327467297707,1.723466053031666e-16,3.0992027038685917e-19,1.2883893242291208e-32,1.412824458919754e-28,1.1996246740243989e-17,1.160869148526967,2.864192816906783e-12,0.0002048809146199287,500000.0,500366.52850436623
0.14871349049287852,0.0001137645965682478,-2.2831257787769694e-10,298.15000469594463,0.0,0.04598590299615868,150.13705430266893,9.840581911989619e-18,0.0,0.00014884951963964278,50.053274974330684,1.7233755931484884e-16,3.098875113355377e-19,1.2883005259061845e-32,1.4128969055459998e-28,1.1996246812704206e-17,1.160869155516189,2.8640424952554703e-12,0.00020488091463850854,500000.0,500366.5285050789
0.1497134904928785,0.00011376459633994554,-2.2830225554999667e-10,298.15000469569225,0.0,0.04598345560352252,150.13705643038662,9.840065408131124e-18,0.0,0.00014884952053534857,50.0532752756707,1.7232851379971103e-16,3.098547557530556e-19,1.2882117356587696e-32,1.412969356096558e-28,1.199624688516208e-17,1.160869162505095,2.863892181466088e-12,0.00020488091465708754,500000.0,500366.5285058186
0.1507134904928785,0.0001137645961116556,-2.282899278051815e-10,298.15000469543975,0.0,0.045981008342490526,150.13705855798972,9.839548931289677e-18,0.0,0.000148849521431006,50.053275576994466,1.7231946875772525e-16,3.0982200363901837e-19,1.288122953392719e-32,1.4130418105716456e-28,1.1996246957616007e-17,1.1608691694936244,2.8637418755378774e-12,0.00020488091467566553,500000.0,500366.52850655746
0.1517134904928785,0.00011376459588337803,-2.282775723007613e-10,298.15000469518736,0.0,0.045978561213055415,150.1370606854781,9.839032481463277e-18,0.0,0.00014884952232661493,50.0532758783019,1.723104241888493e-16,3.0978925499306306e-19,1.2880341791320515e-32,1.4131142689710935e-28,1.1996247030065596e-17,1.1608691764817753,2.8635915774703996e-12,0.00020488091469424253,500000.0,500366.52850729553
0.1527134904928785,0.00011376459565511489,-2.282631513007107e-10,298.1500046949346,0.0,0.04597611421520746,150.13706281284357,9.838516058649126e-18,0.0,0.0001488495232221672,50.053276179590306,1.7230138009304433e-16,3.0975650981475074e-19,1.2879454128502373e-32,1.413186731295296e-28,1.1996247102510217e-17,1.1608691834694844,2.863441287262835e-12,0.00020488091471281835,500000.0,500366.5285080041
0.1537134904928785,0.00011376459542685995,-2.2825493716146202e-10,298.1500046946826,0.0,0.045973667348947006,150.13706494011078,9.837999662850098e-18,0.0,0.0001488495241176873,50.05327648086788,1.7229233647035164e-16,3.097237681038755e-19,1.2878566546342988e-32,1.4132591975448664e-28,1.1996247174952531e-17,1.1608691904569426,2.8632910049159192e-12,0.00020488091473139347,500000.0,500366.5285087682
0.1547134904928785,0.00011376459519862146,-2.2823848616851398e-10,298.15000469442964,0.0,0.04597122061425682,150.13706706724705,9.83748329405895e-18,0.0,0.0001488495250131428,50.053276782123746,1.722832933206532e-16,3.0969102985986023e-19,1.287767904328921e-32,1.4133316677193344e-28,1.1996247247390252e-17,1.1608691974438972,2.863140730427851e-12,0.0002048809147499673,500000.0,500366.5285094751
0.1557134904928785,0.0001137645949703912,-2.2823024685054133e-10,298.15000469417765,0.0,0.04596877401113967,150.13706919428495,9.836966952280026e-18,0.0,0.00014884952590856604,50.053277083368755,1.7227425064401797e-16,3.0965829508252274e-19,1.2876791621118555e-32,1.4134041418194977e-28,1.1996247319824823e-17,1.1608692044306,2.8629904637995266e-12,0.0002048809147685404,500000.0,500366.52851023717
0.1567134904928785,0.00011376459474217741,-2.2821378241510514e-10,298.15000469392476,0.0,0.0459663275395783,150.13707132119183,9.836450637506269e-18,0.0,0.0001488495268039246,50.053277384592015,1.7226520844032475e-16,3.0962556377133314e-19,1.2875904278257044e-32,1.4134766198448106e-28,1.1996247392253626e-17,1.160869211416798,2.8628402050291936e-12,0.00020488091478711222,500000.0,500366.52851094207
0.1577134904928785,0.00011376459451397186,-2.282055546195492e-10,298.1500046936728,0.0,0.04596388119957554,150.1370734480004,9.8359343497418e-18,0.0,0.00014884952769925088,50.05327768580442,1.722561667096441e-16,3.0959283592608842e-19,1.2875017016024692e-32,1.413549101796339e-28,1.1996247464680915e-17,1.160869218402745,2.8626899541178753e-12,0.00020488091480568333,500000.0,500366.5285117021
0.1587134904928785,0.00011376459428578068,-2.281911766978127e-10,298.1500046934202,0.0,0.04596143499111669,150.13707557468624,9.835418088981638e-18,0.0,0.00014884952859452075,50.05327798699784,1.7224712545189353e-16,3.095601115462959e-19,1.28741298332023e-32,1.413621587673471e-28,1.1996247537103122e-17,1.1608692253882513,2.8625397110641113e-12,0.00020488091482425327,500000.0,500366.52851243294
0.1597134904928785,0.00011376459405760187,-2.2817880143461562e-10,298.15000469316783,0.0,0.04595898891419697,150.1370777012573,9.834901855225109e-18,0.0,0.00014884952948974203,50.053278288174944,1.7223808466705695e-16,3.095273906316289e-19,1.2873242730630117e-32,1.413694077477058e-28,1.1996247609520687e-17,1.160869232373379,2.8623894758677395e-12,0.00020488091484282221,500000.0,500366.528513163
0.1607134904928785,0.00011376459382943542,-2.2816646181337364e-10,298.15000469291545,0.0,0.0459565429688092,150.13707982771373,9.834385648470826e-18,0.0,0.00014884953038491483,50.05327858933574,1.7222904435511249e-16,3.094946731817115e-19,1.2872355707944064e-32,1.413766571206886e-28,1.1996247681935393e-17,1.1608692393581288,2.8622392485284854e-12,0.00020488091486139015,500000.0,500366.5285138916
0.1617134904928785,0.00011376459360128129,-2.281541268420453e-10,298.150004692663,0.0,0.04595409715494618,150.1370819540556,9.833869468717596e-18,0.0,0.00014884953128003927,50.05327889048027,1.7222000451603917e-16,3.0946195919617226e-19,1.2871468765209443e-32,1.4138390688634224e-28,1.1996247754346029e-17,1.1608692463425012,2.862089029045879e-12,0.0002048809148799571,500000.0,500366.5285146197
0.1627134904928785,0.00011376459337313953,-2.2814177394363597e-10,298.1500046924107,0.0,0.04595165147260065,150.13708408028273,9.8333533159643e-18,0.0,0.00014884953217511517,50.05327919160848,1.72210965149814e-16,3.0942924867466595e-19,1.287058190252481e-32,1.413911570446612e-28,1.1996247826752589e-17,1.1608692533264953,2.861938817419498e-12,0.00020488091489852302,500000.0,500366.5285153464
0.1637134904928785,0.00011376459314500802,-2.2813150879983685e-10,298.15000469215863,0.0,0.04594920592176796,150.13708620640352,9.832837190210045e-18,0.0,0.00014884953307015084,50.05327949272316,1.7220192625642482e-16,3.093965416168354e-19,1.2869695119674957e-32,1.4139840759568082e-28,1.1996247899155483e-17,1.1608692603101753,2.861788613649349e-12,0.0002048809149170881,500000.0,500366.52851610025
0.1647134904928785,0.0001137645929168909,-2.2811711971927013e-10,298.1500046919061,0.0,0.04594676050243589,150.13708833240162,9.832321091451432e-18,0.0,0.00014884953396513003,50.05327979381886,1.72192887835812e-16,3.093638380222616e-19,1.286880841667712e-32,1.4140565853941032e-28,1.1996247971554203e-17,1.160869267293415,2.8616384177341685e-12,0.00020488091493565204,500000.0,500366.52851682523
0.1657134904928785,0.00011376459268878614,-2.2810475156320533e-10,298.1500046916537,0.0,0.045944315214599664,150.13709045828497,9.831805019688273e-18,0.0,0.0001488495348600607,50.05328009489822,1.721838498879681e-16,3.0933113789060737e-19,1.2867921793706665e-32,1.4141290987586742e-28,1.1996248043949277e-17,1.1608692742762763,2.861488229674069e-12,0.00020488091495421496,500000.0,500366.5285175491
0.1667134904928785,0.00011376459246069165,-2.2809448766913408e-10,298.15000469140165,0.0,0.04594187005825465,150.137092584062,9.83128897492069e-18,0.0,0.00014884953575495112,50.053280395964066,1.721748124129012e-16,3.092984412215409e-19,1.2867035250684652e-32,1.4142016160509643e-28,1.1996248116341016e-17,1.1608692812588237,2.8613380494690164e-12,0.00020488091497277705,500000.0,500366.52851829986
0.1677134904928785,0.00011376459223261155,-2.280800948368148e-10,298.15000469114915,0.0,0.04593942503338858,150.13709470971625,9.830772957143861e-18,0.0,0.000148849536649785,50.0532806970109,1.7216577541052417e-16,3.0926574801460247e-19,1.2866148787245382e-32,1.4142741372708678e-28,1.1996248188728023e-17,1.1608692882409302,2.861187877117701e-12,0.00020488091499133796,500000.0,500366.5285190219
0.1687134904928785,0.00011376459200454175,-2.280698108234106e-10,298.15000469089716,0.0,0.04593698013999924,150.137096835264,9.830256966359914e-18,0.0,0.0001488495375445785,50.05328099804413,1.721567388808706e-16,3.092330582695344e-19,1.286526240417775e-32,1.4143466624188764e-28,1.1996248261111743e-17,1.1608692952227215,2.861037712620569e-12,0.00020488091500989804,500000.0,500366.5285197706
0.1697134904928785,0.00011376459177648631,-2.2805542316505568e-10,298.15000469064466,0.0,0.045934535378074466,150.13709896068914,9.829741002564696e-18,0.0,0.00014884953843931562,50.05328129905842,1.7214770282387532e-16,3.092003719858749e-19,1.2864376100524647e-32,1.4144191914946905e-28,1.1996248333490441e-17,1.1608693022040733,2.8608875559765045e-12,0.00020488091502845695,500000.0,500366.5285204906
0.1707134904928785,0.00011376459154844118,-2.2804514077992473e-10,298.1500046903926,0.0,0.04593209074761199,150.1371010860078,9.829225065759364e-18,0.0,0.0001488495393340123,50.053281600059115,1.7213866723955059e-16,3.091676891633499e-19,1.2863489877134974e-32,1.4144917244990686e-28,1.1996248405866037e-17,1.1608693091851097,2.860737407185821e-12,0.00020488091504701502,500000.0,500366.5285212374
0.1717134904928785,0.00011376459132041043,-2.2803073757575027e-10,298.1500046901402,0.0,0.04592964624859964,150.13710321120374,9.828709155938692e-18,0.0,0.0001488495402286525,50.053281901040805,1.7212963212781406e-16,3.091350098014451e-19,1.2862603732968517e-32,1.4145642614319215e-28,1.1996248478237381e-17,1.1608693161657055,2.860587266247237e-12,0.00020488091506557193,500000.0,500366.5285219554
0.1727134904928785,0.00011376459109238998,-2.2802046471525296e-10,298.1500046898882,0.0,0.04592720188103517,150.13710533629325,9.828193273105926e-18,0.0,0.00014884954112325235,50.05328220200894,1.721205974887133e-16,3.091023338999709e-19,1.2861717669573777e-32,1.4146368022935233e-28,1.1996248550605664e-17,1.1608693231459868,2.8604371331612756e-12,0.000204880915084128,500000.0,500366.52852270013
0.17371349049287851,0.00011376459086438181,-2.2800815992926132e-10,298.15000468963603,0.0,0.045924757644908956,150.13710746126836,9.827677417256703e-18,0.0,0.00014884954201780393,50.05328250296084,1.7211156332217686e-16,3.0906966145845046e-19,1.2860831685242428e-32,1.4147093470841127e-28,1.1996248622969925e-17,1.1608693301258914,2.8602870079270035e-12,0.00020488091510268306,500000.0,500366.52852344426
0.17471349049287851,0.00011376459063638805,-2.2799374402575419e-10,298.1500046893836,0.0,0.045922313540211195,150.13710958612066,9.827161588389551e-18,0.0,0.00014884954291229894,50.053282803893715,1.7210252962817992e-16,3.0903699247651115e-19,1.2859945780993234e-32,1.4147818958034935e-28,1.199624869532892e-17,1.1608693371053551,2.860136890543798e-12,0.00020488091512123696,500000.0,500366.52852415916
0.17571349049287852,0.00011376459040840458,-2.2798346794998391e-10,298.15000468913166,0.0,0.0459198695669397,150.13711171086658,9.82664578650469e-18,0.0,0.00014884954380675364,50.05328310481303,1.7209349640672072e-16,3.090043269538555e-19,1.2859059956722476e-32,1.4148544484525788e-28,1.1996248767685776e-17,1.1608693440845042,2.8599867810118323e-12,0.00020488091513979,500000.0,500366.5285249012
0.17671349049287852,0.00011376459018043342,-2.279711551679091e-10,298.15000468887956,0.0,0.0459174257250848,150.13711383549804,9.826130011599879e-18,0.0,0.00014884954470116,50.0532834057161,1.7208446365776709e-16,3.0897166489006187e-19,1.285817421198921e-32,1.4149270050309443e-28,1.1996248840038017e-17,1.1608693510632762,2.8598366793304377e-12,0.00020488091515834204,500000.0,500366.5285256422
0.17771349049287852,0.00011376458995247667,-2.2795674742400787e-10,298.1500046886271,0.0,0.045914982014636736,150.13711596000672,9.825614263672174e-18,0.0,0.00014884954559550982,50.05328370660014,1.7207543138126624e-16,3.0893900628472645e-19,1.2857288547064743e-32,1.4149995655389203e-28,1.1996248912386211e-17,1.160869358041607,2.8596865854988113e-12,0.00020488091517689293,500000.0,500366.52852635394
0.17871349049287852,0.00011376458972452813,-2.2794854612055752e-10,298.1500046883755,0.0,0.045912538435595826,150.1371180844172,9.825098542724801e-18,0.0,0.00014884954648982743,50.053284007473366,1.720663995772673e-16,3.089063511376343e-19,1.285640296243774e-32,1.4150721299770328e-28,1.1996248984731226e-17,1.1608693650196868,2.8595364995176072e-12,0.00020488091519544311,500000.0,500366.52852712077
0.17971349049287852,0.00011376458949659603,-2.279321006642785e-10,298.1500046881229,0.0,0.04591009498794487,150.13712020869693,9.824582848750323e-18,0.0,0.00014884954738408047,50.053284308324876,1.7205736824564963e-16,3.088736994482361e-19,1.2855517456804332e-32,1.4151446983448753e-28,1.1996249057070757e-17,1.1608693719972631,2.859386421384991e-12,0.000204880915213992,500000.0,500366.5285278305
0.18071349049287852,0.00011376458926867422,-2.279218086976923e-10,298.15000468787105,0.0,0.04590765167168412,150.13712233287015,9.824067181751891e-18,0.0,0.0001488495482782931,50.053284609162795,1.7204833738645864e-16,3.088410512162896e-19,1.285463203154853e-32,1.4152172706432244e-28,1.1996249129407438e-17,1.1608693789745244,2.8592363511016815e-12,0.00020488091523254001,500000.0,500366.52852856746
0.18171349049287852,0.00011376458904076474,-2.2790950017673883e-10,298.150004687619,0.0,0.04590520848680392,150.13712445692894,9.823551541725869e-18,0.0,0.00014884954917245745,50.053284909984484,1.7203930699964067e-16,3.0880840644136746e-19,1.2853746685701253e-32,1.4152898468721677e-28,1.1996249201740712e-17,1.160869385951409,2.8590862886668525e-12,0.00020488091525108703,500000.0,500366.5285293032
0.1827134904928785,0.00011376458881286764,-2.2789709612141813e-10,298.1500046873669,0.0,0.04590276543329697,150.137126580873,9.823035928674003e-18,0.0,0.00014884955006657313,50.05328521078981,1.7203027708522128e-16,3.0877576511768724e-19,1.2852861350936903e-32,1.4153624270312382e-28,1.1996249274068826e-17,1.1608693929279141,2.8589362340807546e-12,0.00020488091526963306,500000.0,500366.52853003715
0.1837134904928785,0.00011376458858498295,-2.2788468851023784e-10,298.1500046871148,0.0,0.04590032251115605,150.1371287047023,9.822520342589603e-18,0.0,0.00014884955096064015,50.05328551157876,1.7202124764308532e-16,3.087431272557305e-19,1.2851976194208902e-32,1.4154350111215377e-28,1.1996249346394326e-17,1.1608693999040396,2.85878618734163e-12,0.00020488091528817807,500000.0,500366.52853076893
0.1847134904928785,0.00011376458835711068,-2.2787227587221712e-10,298.15000468686276,0.0,0.04589787972037392,150.13713082841664,9.82200478347427e-18,0.0,0.00014884955185465838,50.05328581235131,1.7201221867325614e-16,3.0871049284972105e-19,1.285109107194633e-32,1.4155075991429849e-28,1.1996249418715602e-17,1.1608694068797847,2.8586361484498205e-12,0.00020488091530672208,500000.0,500366.5285314986
0.1857134904928785,0.00011376458812925079,-2.2785987061015175e-10,298.1500046866107,0.0,0.04589543706094343,150.13713295201634,9.821489251326617e-18,0.0,0.00014884955274862803,50.05328611310753,1.7200319017571344e-16,3.0867786189930207e-19,1.285020604170109e-32,1.4155801910956247e-28,1.1996249491032535e-17,1.160869413855151,2.8584861174049105e-12,0.00020488091532526508,500000.0,500366.5285322265
0.1867134904928785,0.00011376458790140332,-2.2784746381835574e-10,298.15000468635867,0.0,0.04589299453285734,150.1371350755012,9.820973746144561e-18,0.0,0.00014884955364254899,50.05328641384735,1.719941621504205e-16,3.0864523440406015e-19,1.284932109368017e-32,1.4156527869796583e-28,1.19962495633456e-17,1.160869420830137,2.8583360942064047e-12,0.00020488091534380707,500000.0,500366.528532952
0.1877134904928785,0.00011376458767356617,-2.278371534788781e-10,298.1500046861069,0.0,0.04589055213611098,150.13713719887951,9.820458267928399e-18,0.0,0.0001488495545364294,50.05328671457356,1.7198513459738087e-16,3.086126103637015e-19,1.2848436226344435e-32,1.4157253867955177e-28,1.199624963565581e-17,1.1608694278048073,2.8581860788542664e-12,0.0002048809153623482,500000.0,500366.52853370376
0.1887134904928785,0.00011376458744574349,-2.2782268607403823e-10,298.1500046858547,0.0,0.04588810987069211,150.1371393221349,9.819942816674132e-18,0.0,0.00014884955543025303,50.05328701528068,1.7197610751652796e-16,3.085799897777889e-19,1.2847551438537466e-32,1.4157979905430726e-28,1.199624970796108e-17,1.1608694347790347,2.858036071347439e-12,0.00020488091538088817,500000.0,500366.5285344254
0.1897134904928785,0.00011376458721793114,-2.278123421411649e-10,298.15000468560294,0.0,0.04588566773659856,150.1371414452837,9.819427392382506e-18,0.0,0.0001488495563240361,50.053287315974146,1.719670809078699e-16,3.085473726459827e-19,1.2846666730502351e-32,1.4158705982228472e-28,1.1996249780263081e-17,1.1608694417529457,2.8578860716861216e-12,0.0002048809153994273,500000.0,500366.5285351728
0.1907134904928785,0.00011376458699013326,-2.277978809011115e-10,298.15000468535067,0.0,0.0458832257338181,150.1371435683096,9.818911995050298e-18,0.0,0.0001488495572177624,50.05328761664854,1.719580547713564e-16,3.085147589678941e-19,1.2845782102234893e-32,1.4159432098345166e-28,1.1996249852559934e-17,1.1608694487264142,2.8577360798693122e-12,0.00020488091541796526,500000.0,500366.5285358903
0.1917134904928785,0.00011376458676234573,-2.2778753264290035e-10,298.1500046850991,0.0,0.04588078386234852,150.13714569122882,9.818396624678193e-18,0.0,0.00014884955811144809,50.05328791730926,1.719490291069915e-16,3.084821487432222e-19,1.2844897553742034e-32,1.4160158253788508e-28,1.1996249924854185e-17,1.1608694556995656,2.8575860958973703e-12,0.00020488091543650235,500000.0,500366.52853663376
0.1927134904928785,0.00011376458653457056,-2.277751704534985e-10,298.1500046848471,0.0,0.04587834212218017,150.13714781403343,9.817881281263505e-18,0.0,0.00014884955900508525,50.053288217953664,1.7194000391473411e-16,3.0844954197153825e-19,1.2844013084606007e-32,1.4160884448558846e-28,1.199624999714451e-17,1.1608694626723386,2.857436119769315e-12,0.00020488091545503844,500000.0,500366.52853737504
0.1937134904928785,0.0001137645863068099,-2.2776067975961739e-10,298.15000468459493,0.0,0.04587590051330328,150.13714993671502,9.81736596480399e-18,0.0,0.00014884955989866551,50.053288518578945,1.7193097919454522e-16,3.08416938652464e-19,1.284312869525988e-32,1.4161610682655329e-28,1.1996250069429817e-17,1.160869469644668,2.8572861514845433e-12,0.00020488091547357334,500000.0,500366.5285380863
0.1947134904928785,0.00011376458607905747,-2.2775242571036326e-10,298.1500046843434,0.0,0.045873459035718205,150.13715205929833,9.816850675301626e-18,0.0,0.00014884956079221342,50.053288819193334,1.7192195494645302e-16,3.083843387857293e-19,1.2842244385751935e-32,1.4162336956085159e-28,1.199625014171326e-17,1.160869476616745,2.8571361910436416e-12,0.00020488091549210758,500000.0,500366.52853885153
0.1957134904928785,0.00011376458585132157,-2.277359010348542e-10,298.15000468409113,0.0,0.045871017689407725,150.1371541817506,9.816335412749933e-18,0.0,0.0001488495616856965,50.05328911978592,1.7191293117035247e-16,3.083517423708301e-19,1.284136015543388e-32,1.4163063268842975e-28,1.1996250213990506e-17,1.1608694835883162,2.856986238444876e-12,0.00020488091551064047,500000.0,500366.528539559
0.1967134904928785,0.00011376458562359603,-2.2772553917222514e-10,298.1500046838395,0.0,0.045868576474372105,150.13715630409618,9.81582017715191e-18,0.0,0.00014884956257913887,50.053289420364834,1.7190390786628947e-16,3.083191494075095e-19,1.2840476005173805e-32,1.4163789620937373e-28,1.1996250286264718e-17,1.1608694905595702,2.8568362936887865e-12,0.00020488091552917252,500000.0,500366.52854029223
0.1977134904928785,0.00011376458539588287,-2.2771316962667404e-10,298.15000468358755,0.0,0.0458661353906017,150.13715842632718,9.81530496850394e-18,0.0,0.0001488495634725327,50.053289720927424,1.7189488503420762e-16,3.0828655989534138e-19,1.283959193419601e-32,1.416451601236663e-28,1.1996250358535874e-17,1.1608694975304459,2.8566863567747113e-12,0.00020488091554770357,500000.0,500366.52854102326
0.1987134904928785,0.0001137645851681821,-2.2770077017097256e-10,298.1500046833357,0.0,0.04586369443808928,150.13716054844338,9.814789786804975e-18,0.0,0.00014884956436587787,50.053290021473636,1.7188586267408087e-16,3.082539738339808e-19,1.2838707943012847e-32,1.4165242443135415e-28,1.1996250430802695e-17,1.1608695045009416,2.8565364277021384e-12,0.00020488091556623362,500000.0,500366.52854175225
0.1997134904928785,0.00011376458494049371,-2.2768837512752025e-10,298.15000468308386,0.0,0.04586125361682768,150.137162670445,9.814274632054175e-18,0.0,0.00014884956525917448,50.053290322003534,1.71876840785899e-16,3.082213912230618e-19,1.283782403137424e-32,1.416596891324324e-28,1.1996250503065096e-17,1.1608695114710588,2.8563865064707978e-12,0.00020488091558476266,500000.0,500366.5285424798
0.2007134904928785,0.00011376458471281564,-2.2767806148668967e-10,298.1500046828323,0.0,0.04585881292681217,150.1371647923401,9.813759504251174e-18,0.0,0.00014884956615243054,50.05329062251979,1.7186781936965406e-16,3.081888120622659e-19,1.2836940199436322e-32,1.4166695422693082e-28,1.1996250575324348e-17,1.1608695184408597,2.8562365930805498e-12,0.00020488091560329086,500000.0,500366.52854323265
0.2017134904928785,0.00011376458448515204,-2.2766361097151088e-10,298.15000468258023,0.0,0.04585637236803055,150.13716691411236,9.81324440339166e-18,0.0,0.00014884956704562985,50.05329092301697,1.718587984252728e-16,3.0815623635112583e-19,1.2836056446686202e-32,1.4167421971486192e-28,1.1996250647578775e-17,1.1608695254102182,2.856086687530254e-12,0.0002048809156218179,500000.0,500366.52854395565
0.2027134904928785,0.00011376458425750085,-2.2765118978083975e-10,298.1500046823284,0.0,0.045853931940478106,150.13716903576986,9.812729329475569e-18,0.0,0.00014884956793878045,50.05329122349776,1.7184977795274878e-16,3.081236640893306e-19,1.2835172773849758e-32,1.4168148559625214e-28,1.1996250719830761e-17,1.1608695323791964,2.855936789819858e-12,0.0002048809156403439,500000.0,500366.5285446767
0.2037134904928785,0.00011376458402985997,-2.276408808457154e-10,298.1500046820768,0.0,0.045851491644150186,150.13717115732092,9.812214282502775e-18,0.0,0.00014884956883189058,50.053291523964944,1.7184075795208737e-16,3.0809109527652817e-19,1.283428918047458e-32,1.4168875187113914e-28,1.19962507920778e-17,1.1608695393478594,2.8557868999494015e-12,0.00020488091565886907,500000.0,500366.52854542364
0.2047134904928785,0.00011376458380223354,-2.2762642987770847e-10,298.1500046818248,0.0,0.04584905147903458,150.13717327874912,9.811699262469494e-18,0.0,0.000148849569724944,50.05329182441306,1.7183173842321886e-16,3.0805852991230106e-19,1.2833405666558823e-32,1.4169601853950418e-28,1.1996250864320569e-17,1.1608695463160799,2.855637017917727e-12,0.00020488091567739307,500000.0,500366.5285461403
0.20571349049287851,0.00011376458357461535,-2.2761817482797998e-10,298.1500046815735,0.0,0.04584661144513159,150.13717540007914,9.811184269378155e-18,0.0,0.00014884957061796512,50.0532921248503,1.7182271936617768e-16,3.080259679964105e-19,1.2832522232551807e-32,1.4170328560140392e-28,1.1996250936561005e-17,1.1608695532840483,2.855487143725391e-12,0.0002048809156959164,500000.0,500366.5285469113
0.20671349049287852,0.00011376458334701368,-2.2760167252394143e-10,298.1500046813213,0.0,0.04584417154242402,150.13717752127812,9.810669303222154e-18,0.0,0.00014884957151092135,50.05329242526574,1.7181370078086373e-16,3.079934095282964e-19,1.2831638877307593e-32,1.4171055305681021e-28,1.1996251008795921e-17,1.160869560251511,2.855337277370683e-12,0.00020488091571443836,500000.0,500366.5285476242
0.20771349049287852,0.00011376458311942238,-2.2759130695809185e-10,298.15000468106984,0.0,0.045841731770912116,150.1371796423705,9.810154364004418e-18,0.0,0.00014884957240383692,50.053292725667504,1.7180468266731515e-16,3.0796085450775743e-19,1.2830755602406544e-32,1.4171782090579508e-28,1.199625108102813e-17,1.1608695672186564,2.855187418854287e-12,0.0002048809157329595,500000.0,500366.5285483631
0.20871349049287852,0.00011376458289184553,-2.2757685766371945e-10,298.15000468081786,0.0,0.045839292130583735,150.13718176334007,9.8096394517203e-18,0.0,0.00014884957329669579,50.0532930260502,1.7179566502546122e-16,3.079283029342974e-19,1.2829872406321051e-32,1.4172508914834086e-28,1.1996251153254891e-17,1.1608695741853596,2.8550375681749927e-12,0.00020488091575147945,500000.0,500366.5285490716
0.20971349049287852,0.00011376458266427691,-2.2756861833876258e-10,298.1500046805666,0.0,0.04583685262143919,150.13718388421145,9.809124566372127e-18,0.0,0.00014884957418952232,50.05329332642201,1.7178664785533058e-16,3.0789575480769056e-19,1.2828989290348796e-32,1.4173235778450604e-28,1.1996251225479699e-17,1.1608695811518106,2.8548877253334787e-12,0.00020488091576999874,500000.0,500366.52854983433
0.21071349049287852,0.00011376458243672479,-2.2755211062001594e-10,298.1500046803145,0.0,0.04583441324346132,150.13718600495193,9.808609707954413e-18,0.0,0.00014884957508228412,50.05329362677207,1.7177763115684103e-16,3.078632101274276e-19,1.282810625331316e-32,1.4173962681425784e-28,1.1996251297699194e-17,1.1608695881177566,2.8547378903279746e-12,0.00020488091578851667,500000.0,500366.52855053917
0.21171349049287852,0.00011376458220918095,-2.2754383978764598e-10,298.15000468006326,0.0,0.04583197399665284,150.137188125594,9.808094876469318e-18,0.0,0.0001488495759750134,50.053293927111184,1.7176861493001648e-16,3.0783066889326644e-19,1.2827223296185742e-32,1.4174689623767584e-28,1.1996251369916103e-17,1.1608695950834493,2.8545880631594236e-12,0.00020488091580703392,500000.0,500366.5285512978
0.21271349049287852,0.00011376458198165153,-2.2752942597186821e-10,298.1500046798114,0.0,0.04582953488099916,150.13719024611345,9.807580071912864e-18,0.0,0.0001488495768676861,50.05329422743127,1.717595991747989e-16,3.0779813110475603e-19,1.28263404182369e-32,1.4175416605471495e-28,1.1996251442127923e-17,1.1608696020487006,2.8544382438263192e-12,0.00020488091582555003,500000.0,500366.5285520264
0.21371349049287852,0.00011376458175413452,-2.2751700781112472e-10,298.15000467955974,0.0,0.04582709589649549,150.13719236651818,9.807065294284985e-18,0.0,0.00014884957776031008,50.05329452773499,1.7175058389117893e-16,3.077655967615763e-19,1.2825457619950494e-32,1.4176143626544533e-28,1.1996251514336248e-17,1.1608696090135722,2.8542884323287696e-12,0.0002048809158440651,500000.0,500366.528552753
0.21471349049287852,0.00011376458152662989,-2.275046255376341e-10,298.1500046793081,0.0,0.04582465704313468,150.1371944868083,9.80655054358373e-18,0.0,0.0001488495786528855,50.053294828022366,1.717415690791286e-16,3.077330658633262e-19,1.2824574900889123e-32,1.4176870686986808e-28,1.1996251586540988e-17,1.1608696159780647,2.8541386286662614e-12,0.0002048809158625792,500000.0,500366.5285534777
0.21571349049287852,0.00011376458129913765,-2.274922343511163e-10,298.15000467905645,0.0,0.04582221832090952,150.13719660698382,9.806035819808082e-18,0.0,0.00014884957954541225,50.05329512829337,1.7173255473862459e-16,3.0770053840967585e-19,1.2823692261512716e-32,1.41775977867999e-28,1.1996251658741464e-17,1.1608696229421778,2.8539888328384077e-12,0.00020488091588109227,500000.0,500366.52855420014
0.2167134904928785,0.00011376458107165572,-2.274819394980338e-10,298.15000467880503,0.0,0.04581977972981535,150.13719872705295,9.805521122957218e-18,0.0,0.0001488495804378986,50.053295428550804,1.7172354086965359e-16,3.0766801440026677e-19,1.2822809701433367e-32,1.4178324925987101e-28,1.1996251730938649e-17,1.1608696299059758,2.8538390448450857e-12,0.0002048809158996045,500000.0,500366.5285549484
0.2177134904928785,0.00011376458084418822,-2.274674874688618e-10,298.1500046785533,0.0,0.04581734126983998,150.13720084699938,9.805006453027575e-18,0.0,0.00014884958133032827,50.05329572878917,1.7171452747215563e-16,3.0763549383467537e-19,1.2821927220681786e-32,1.4179052104548231e-28,1.1996251803131882e-17,1.1608696368693316,2.853689264685306e-12,0.00020488091591811558,500000.0,500366.52855566697
0.2187134904928785,0.00011376458061673105,-2.2745717261132088e-10,298.1500046783019,0.0,0.045814902940981186,150.13720296683937,9.804491810020572e-18,0.0,0.0001488495822227174,50.053296029013914,1.7170551454615942e-16,3.076029767125922e-19,1.2821044819516662e-32,1.4179779322487295e-28,1.199625187532041e-17,1.1608696438323716,2.853539492359266e-12,0.00020488091593662578,500000.0,500366.5285564113
0.2197134904928785,0.00011376458038928832,-2.274427327765401e-10,298.15000467805004,0.0,0.0458124647432268,150.1372050865566,9.803977193932083e-18,0.0,0.00014884958311504987,50.05329632921959,1.7169650209158144e-16,3.0757046303360643e-19,1.2820162497648979e-32,1.4180506579805694e-28,1.1996251947505325e-17,1.1608696507949694,2.853389727865886e-12,0.00020488091595513482,500000.0,500366.5285571256
0.2207134904928785,0.00011376458016185592,-2.2743239863146615e-10,298.15000467779873,0.0,0.04581002667657459,150.13720720616743,9.803462604763368e-18,0.0,0.0001488495840073418,50.05329662941165,1.7168749010845042e-16,3.0753795279741144e-19,1.2819280255304252e-32,1.4181233876505054e-28,1.1996252019686987e-17,1.160869657757251,2.853239971205521e-12,0.00020488091597364302,500000.0,500366.5285578659
0.2217134904928785,0.00011376457993443589,-2.274200436216223e-10,298.15000467754726,0.0,0.04580758874101492,150.13720932566375,9.80294804251136e-18,0.0,0.00014884958489958522,50.053296929587376,1.716784785967158e-16,3.075054460035907e-19,1.2818398092124003e-32,1.418196121258614e-28,1.1996252091864019e-17,1.1608696647191543,2.8530902223773435e-12,0.00020488091599215022,500000.0,500366.52855860395
0.2227134904928785,0.00011376457970702822,-2.2740766686878413e-10,298.1500046772957,0.0,0.0458051509365406,150.13721144504555,9.802433507174973e-18,0.0,0.00014884958579178007,50.05329722974679,1.7166946755635505e-16,3.0747294265180374e-19,1.2817516008513758e-32,1.4182688588053542e-28,1.1996252164037657e-17,1.1608696716806792,2.8529404813808628e-12,0.0002048809160106564,500000.0,500366.5285593402
0.2237134904928785,0.00011376457947963293,-2.2739529539771055e-10,298.1500046770442,0.0,0.04580271326314441,150.13721356431282,9.801918998752982e-18,0.0,0.00014884958668392643,50.05329752988987,1.7166045698734467e-16,3.074404427416802e-19,1.2816634004187898e-32,1.4183416002909176e-28,1.1996252236207225e-17,1.160869678641825,2.8527907482158466e-12,0.0002048809160291616,500000.0,500366.5285600744
0.2247134904928785,0.00011376457925225002,-2.273829066068012e-10,298.15000467679266,0.0,0.04580027572081916,150.13721568346548,9.801404517243396e-18,0.0,0.0001488495875760241,50.053297830016604,1.7165144688965198e-16,3.074079462728379e-19,1.281575207914923e-32,1.4184143457151795e-28,1.1996252308373062e-17,1.160869685602592,2.852641022881861e-12,0.00020488091604766579,500000.0,500366.5285608063
0.2257134904928785,0.00011376457902487949,-2.273705273049059e-10,298.1500046765412,0.0,0.04579783830955768,150.13721780250364,9.800890062645232e-18,0.0,0.0001488495884680732,50.053298130127004,1.716424372632609e-16,3.0737545324491646e-19,1.281487023352947e-32,1.4184870950785076e-28,1.1996252380534787e-17,1.16086969256298,2.852491305378395e-12,0.00020488091606616894,500000.0,500366.5285615366
0.2267134904928785,0.00011376457879752135,-2.2735814158596338e-10,298.1500046762897,0.0,0.04579540102935276,150.13721992142723,9.800375634957328e-18,0.0,0.0001488495893600737,50.053298430221055,1.7163342810814726e-16,3.0734296365757777e-19,1.2813988467354732e-32,1.4185598483812043e-28,1.1996252452692746e-17,1.1608696995229888,2.8523415957051107e-12,0.0002048809160846711,500000.0,500366.5285622642
0.2277134904928785,0.00011376457857017558,-2.2734576882549048e-10,298.1500046760383,0.0,0.04579296388019723,150.13722204023634,9.799861234178152e-18,0.0,0.00014884959025202567,50.053298730298785,1.7162441942429004e-16,3.0731047751042735e-19,1.281310678029742e-32,1.4186326056232473e-28,1.1996252524846317e-17,1.160869706482619,2.852191893861662e-12,0.00020488091610317225,500000.0,500366.52856299054
0.2287134904928785,0.00011376457834284218,-2.273333998490074e-10,298.1500046757868,0.0,0.04579052686208389,150.13722415893088,9.799346860305698e-18,0.0,0.00014884959114392903,50.05329903036018,1.7161541121164894e-16,3.0727799480309615e-19,1.28122251726139e-32,1.4187053668051746e-28,1.1996252596997071e-17,1.1608697134418704,2.8520421998474927e-12,0.0002048809161216724,500000.0,500366.5285637144
0.2297134904928785,0.00011376457811551907,-2.273230978786386e-10,298.1500046755356,0.0,0.04578808997500809,150.13722627751923,9.798832513340908e-18,0.0,0.00014884959203579205,50.053299330407995,1.716064034702444e-16,3.0724551553527573e-19,1.2811343644433193e-32,1.4187781319269362e-28,1.1996252669143869e-17,1.1608697204008072,2.8518925136626776e-12,0.0002048809161401717,500000.0,500366.52856446436
0.2307134904928785,0.00011376457788821039,-2.273086660457178e-10,298.150004675284,0.0,0.04578565321895764,150.13722839598492,9.798318193278883e-18,0.0,0.00014884959292759843,50.053299630436776,1.715973961999884e-16,3.0721303970652384e-19,1.281046219524861e-32,1.418850900988579e-28,1.199625274128531e-17,1.160869727359302,2.8517428353060974e-12,0.00020488091615866985,500000.0,500366.52856518445
0.2317134904928785,0.00011376457766091413,-2.2729626330876215e-10,298.1500046750326,0.0,0.04578321659392777,150.1372305143359,9.797803900119655e-18,0.0,0.00014884959381935604,50.053299930449164,1.7158838940088005e-16,3.0718056731649796e-19,1.280958082548878e-32,1.4189236739907642e-28,1.1996252813424347e-17,1.1608697343174168,2.851593164777539e-12,0.00020488091617716696,500000.0,500366.5285659022
0.2327134904928785,0.00011376457743362815,-2.272859864144364e-10,298.15000467478137,0.0,0.04578078009991388,150.1372326325807,9.797289633863541e-18,0.0,0.00014884959471107338,50.053300230447974,1.7157938307292547e-16,3.0714809836488897e-19,1.2808699535176562e-32,1.4189964509332052e-28,1.19962528855594e-17,1.160869741275217,2.851443502077071e-12,0.00020488091619566323,500000.0,500366.5285666457
0.2337134904928785,0.00011376457720635452,-2.27273624757679e-10,298.15000467453007,0.0,0.04577834373690628,150.1372347507111,9.79677539450745e-18,0.0,0.00014884959560274217,50.0533005304305,1.715703772160763e-16,3.071156328512699e-19,1.280781832382366e-32,1.4190692318162793e-28,1.1996252957689829e-17,1.160869748232639,2.85129384720397e-12,0.0002048809162141585,500000.0,500366.52856738766
0.2347134904928785,0.00011376457697909535,-2.272591776435554e-10,298.1500046742784,0.0,0.045775907504895255,150.13723686871876,9.796261182049298e-18,0.0,0.00014884959649435426,50.053300830393944,1.7156137183028766e-16,3.0708317077527753e-19,1.280693719192383e-32,1.419142016640265e-28,1.1996253029816566e-17,1.1608697551896188,2.851144200157513e-12,0.0002048809162326526,500000.0,500366.52856809925
0.2357134904928785,0.00011376457675184442,-2.272509391138526e-10,298.15000467402757,0.0,0.045773471403881105,150.13723898662826,9.795746996490877e-18,0.0,0.00014884959738593398,50.05330113034649,1.7155236691559324e-16,3.0705071213662747e-19,1.2806056139370615e-32,1.4192148054054174e-28,1.1996253101940469e-17,1.160869762146346,2.8509945609381533e-12,0.00020488091625114603,500000.0,500366.5285688646
0.23671349049287851,0.00011376457652460996,-2.2723446537908112e-10,298.15000467377575,0.0,0.045771035433846724,150.13724110440708,9.795232837825327e-18,0.0,0.00014884959827744906,50.05330143027732,1.7154336247187702e-16,3.0701825693479873e-19,1.2805175165580448e-32,1.4192875981115765e-28,1.1996253174058812e-17,1.1608697691025691,2.8508449295442468e-12,0.00020488091626963813,500000.0,500366.5285695723
0.23771349049287852,0.00011376457629738585,-2.2722411914417355e-10,298.1500046735247,0.0,0.04576859959479233,150.13724322207943,9.794718706056641e-18,0.0,0.00014884959916892354,50.05330173019449,1.7153435849920786e-16,3.0698580516955744e-19,1.280429427162308e-32,1.4193603947593357e-28,1.1996253246174669e-17,1.1608697760584756,2.85069530597648e-12,0.00020488091628812939,500000.0,500366.5285703058
0.23871349049287852,0.00011376457607017407,-2.2721177304687154e-10,298.1500046732734,0.0,0.04576616388670831,150.1372453396375,9.79420460118052e-18,0.0,0.00014884960006034963,50.05330203009538,1.7152535499750707e-16,3.0695335684049965e-19,1.2803413456592455e-32,1.41943319534879e-28,1.1996253318286447e-17,1.1608697830140047,2.850545690233862e-12,0.00020488091630661964,500000.0,500366.52857103746
0.23971349049287852,0.00011376457584297467,-2.2719940448192684e-10,298.15000467302207,0.0,0.04576372830958745,150.13724745708106,9.793690523196612e-18,0.0,0.00014884960095172713,50.05330232997994,1.7151635196677067e-16,3.0692091194726986e-19,1.2802532720844243e-32,1.4195059998800008e-28,1.1996253390393888e-17,1.1608697899691547,2.850396082316207e-12,0.0002048809163251089,500000.0,500366.528571767
0.24071349049287852,0.00011376457561578764,-2.2718703361019902e-10,298.15000467277076,0.0,0.04576129286342257,150.1372495744102,9.793176472103175e-18,0.0,0.0001488496018430561,50.05330262984818,1.7150734940696734e-16,3.06888470489487e-19,1.2801652064206212e-32,1.4195788083532153e-28,1.1996253462497017e-17,1.160869796923926,2.850246482223055e-12,0.00020488091634359712,500000.0,500366.52857249434
0.24171349049287852,0.00011376457538861298,-2.271746658059383e-10,298.1500046725195,0.0,0.04575885754820649,150.1372516916248,9.792662447898629e-18,0.0,0.00014884960273433645,50.05330292970007,1.7149834731806666e-16,3.0685603246679856e-19,1.2800771486862593e-32,1.419651620768571e-28,1.1996253534597221e-17,1.1608698038783185,2.8500968899539625e-12,0.00020488091636208433,500000.0,500366.52857321943
0.24271349049287852,0.00011376457516145036,-2.2716262197580266e-10,298.1500046722683,0.0,0.045756422363932424,150.13725380872634,9.79214845058405e-18,0.0,0.00014884960362556964,50.05330322953609,1.714893457000948e-16,3.068235978734226e-19,1.2799890920325182e-32,1.4197244371261461e-28,1.1996253606692621e-17,1.1608698108323428,2.849947305509279e-12,0.00020488091638057058,500000.0,500366.52857394714
0.24371349049287852,0.00011376457493429768,-2.271526728305536e-10,298.15000467201736,0.0,0.04575398731059572,150.13725592572303,9.791634480155064e-18,0.0,0.00014884960451676377,50.05330352935899,1.714803445529689e-16,3.0679116671985737e-19,1.2799010530824758e-32,1.4197972574268086e-28,1.1996253678785414e-17,1.1608698177860626,2.8497977288875806e-12,0.000204880916399056,500000.0,500366.52857470536
0.24471349049287852,0.00011376457470715912,-2.2713857874469325e-10,298.15000467176594,0.0,0.04575155238818417,150.13725804259838,9.791120536609608e-18,0.0,0.00014884960540790252,50.053303829163255,1.714713438766548e-16,3.0675873900025618e-19,1.2798130175078438e-32,1.4198700816699316e-28,1.1996253750872887e-17,1.1608698247393503,2.849648160088425e-12,0.0002048809164175403,500000.0,500366.52857543755
0.24571349049287852,0.0001137645744800347,-2.2712442056265423e-10,298.1500046715145,0.0,0.04574911759669056,150.13726015935225,9.790606619946832e-18,0.0,0.00014884960629898573,50.05330412894886,1.7146234367114105e-16,3.067263147142404e-19,1.279724991077347e-32,1.4199429098562395e-28,1.1996253822956824e-17,1.1608698316922053,2.8494985991114524e-12,0.00020488091643602343,500000.0,500366.52857614413
0.24671349049287852,0.00011376457425291816,-2.2711653294206005e-10,298.15000467126384,0.0,0.04574668293611525,150.1372622760095,9.790092730168994e-18,0.0,0.00014884960719003805,50.053304428724076,1.7145334393646137e-16,3.066938938615807e-19,1.2796369728774523e-32,1.4200157419859538e-28,1.1996253895037914e-17,1.160869838644819,2.8493490459572594e-12,0.0002048809164545059,500000.0,500366.5285769093
0.24771349049287852,0.00011376457402581778,-2.2710037935642692e-10,298.15000467101225,0.0,0.04574424840644107,150.13726439253728,9.789578867269102e-18,0.0,0.0001488496080810269,50.05330472847794,1.7144434467249704e-16,3.066614764417426e-19,1.2795489625840004e-32,1.4200885780586895e-28,1.1996253967113391e-17,1.1608698455969382,2.849199500624039e-12,0.00020488091647298708,500000.0,500366.5285776205
0.24871349049287853,0.0001137645737987295,-2.2708828656588451e-10,298.15000467076106,0.0,0.04574181400766577,150.1372665089517,9.789065031248642e-18,0.0,0.0001488496089719683,50.05330502821586,1.7143534587927127e-16,3.0662906245444563e-19,1.2794609602653574e-32,1.4201614180752631e-28,1.1996254039186615e-17,1.160869852548687,2.8490499631121793e-12,0.00020488091649146728,500000.0,500366.52857833396
0.24971349049287853,0.00011376457357165116,-2.2707833622317002e-10,298.15000467051016,0.0,0.04573937973978474,150.13726862526133,9.788551222107915e-18,0.0,0.00014884960986287068,50.05330532794065,1.7142634755678795e-16,3.0659665189938407e-19,1.2793729658688472e-32,1.4202342620355668e-28,1.1996254111255804e-17,1.1608698595001314,2.8489004334215435e-12,0.00020488091650994666,500000.0,500366.5285790777
0.2507134904928785,0.00011376457334458693,-2.2706423806374305e-10,298.15000467025885,0.0,0.04573694560278579,150.13727074144967,9.788037439842028e-18,0.0,0.00014884961075371767,50.05330562764681,1.714173497049707e-16,3.0656424477605677e-19,1.2792849793256701e-32,1.4203071099398215e-28,1.1996254183320237e-17,1.160869866451144,2.848750911550956e-12,0.0002048809165284249,500000.0,500366.5285797957
0.2517134904928785,0.00011376457311753266,-2.2705426527516068e-10,298.15000467000806,0.0,0.045734511596666735,150.13727285753316,9.787523684452788e-18,0.0,0.00014884961164452563,50.05330592733984,1.7140835232384269e-16,3.065318410842262e-19,1.2791970007609673e-32,1.4203799617884596e-28,1.1996254255381884e-17,1.160869873401852,2.8486013975008618e-12,0.00020488091654690234,500000.0,500366.5285805443
0.2527134904928785,0.00011376457289049247,-2.270401769902944e-10,298.15000466975664,0.0,0.045732077721415444,150.13727497349544,9.787009955936552e-18,0.0,0.00014884961253527827,50.053306227014275,1.7139935541334216e-16,3.0649944082346233e-19,1.2791090300687792e-32,1.4204528175813387e-28,1.1996254327439076e-17,1.160869880352129,2.848451891270038e-12,0.00020488091656537864,500000.0,500366.528581267
0.2537134904928785,0.00011376457266346435,-2.2702810386119957e-10,298.1500046695056,0.0,0.04572964397702713,150.13727708934448,9.786496254292508e-18,0.0,0.0001488496134259835,50.05330652667278,1.7139035897345323e-16,3.0646704399340253e-19,1.2790210672839911e-32,1.4205256773186164e-28,1.1996254399492016e-17,1.1608698873020358,2.8483023928584987e-12,0.00020488091658385393,500000.0,500366.5285819921
0.2547134904928785,0.00011376457243644829,-2.2701607826864625e-10,298.15000466925454,0.0,0.04572721036349468,150.1372792050804,9.78598257951975e-18,0.0,0.00014884961431664153,50.0533068263154,1.7138136300416405e-16,3.0643465059370095e-19,1.2789331124196687e-32,1.4205985410009642e-28,1.1996254471541393e-17,1.1608698942515745,2.848152902265817e-12,0.00020488091660232825,500000.0,500366.5285827192
0.2557134904928785,0.00011376457220944425,-2.2700404104330078e-10,298.1500046690035,0.0,0.04572477688081093,150.1372813207033,9.785468931616191e-18,0.0,0.00014884961520725233,50.05330712594213,1.7137236750543405e-16,3.064022606239841e-19,1.2788451654534474e-32,1.4206714086280913e-28,1.1996254543587646e-17,1.160869901200745,2.8480034194915793e-12,0.0002048809166208016,500000.0,500366.52858344873
0.2567134904928785,0.00011376457198245222,-2.269920187171587e-10,298.1500046687525,0.0,0.045722343528968715,150.13728343621315,9.784955310581492e-18,0.0,0.00014884961609781594,50.053307425553015,1.7136337247725948e-16,3.063698740839104e-19,1.278757226403951e-32,1.4207442802005454e-28,1.1996254615628797e-17,1.1608699081495477,2.847853944535401e-12,0.00020488091663927396,500000.0,500366.5285841807
0.2577134904928785,0.00011376457175547224,-2.2697998821993432e-10,298.1500046685015,0.0,0.04571991030796083,150.13728555160998,9.784441716413514e-18,0.0,0.00014884961698833233,50.05330772514801,1.7135437791960418e-16,3.0633749097308633e-19,1.2786692952400938e-32,1.4208171557183e-28,1.199625468766661e-17,1.1608699150979818,2.847704477396839e-12,0.00020488091665774535,500000.0,500366.52858491486
0.2587134904928785,0.00011376457152850428,-2.2696794831114828e-10,298.1500046682505,0.0,0.0457174772177801,150.1372876668937,9.783928149111109e-18,0.0,0.00014884961787880148,50.05330802472711,1.713453838324407e-16,3.063051112911761e-19,1.2785813719994e-32,1.4208900351814964e-28,1.1996254759700504e-17,1.1608699220460474,2.847555018075428e-12,0.00020488091667621576,500000.0,500366.5285856513
0.2597134904928785,0.00011376457130154836,-2.2695593231544943e-10,298.1500046679995,0.0,0.04571504425841936,150.1372897820644,9.783414608672466e-18,0.0,0.00014884961876922338,50.05330832429034,1.7133639021574877e-16,3.062727350377839e-19,1.2784934566408084e-32,1.42096291859072e-28,1.1996254831730966e-17,1.160869928993745,2.847405566570942e-12,0.00020488091669468517,500000.0,500366.52858638985
0.2607134904928785,0.00011376457107460655,-2.2694181027011096e-10,298.15000466774836,0.0,0.045712611429868925,150.13729189711384,9.782901095095386e-18,0.0,0.00014884961965958997,50.05330862383495,1.7132739706948213e-16,3.0624036221252576e-19,1.2784055491910042e-32,1.4210358059456384e-28,1.1996254903756429e-17,1.1608699359410106,2.8472561228824725e-12,0.00020488091671315344,500000.0,500366.52858710306
0.2617134904928785,0.0001137645708476747,-2.2693184667920307e-10,298.15000466749757,0.0,0.04571017873212664,150.13729401205845,9.782387608380743e-18,0.0,0.00014884962054991744,50.053308923366416,1.7131840439365874e-16,3.0620799281510153e-19,1.27831764965756e-32,1.42110869724677e-28,1.1996254975779345e-17,1.1608699428879714,2.84710668701039e-12,0.0002048809167316209,500000.0,500366.52858784626
0.2627134904928785,0.00011376457062075696,-2.2691775075392336e-10,298.15000466724644,0.0,0.04570774616518032,150.13729612688178,9.781874148525297e-18,0.0,0.00014884962144018953,50.053309222879264,1.7130941218822092e-16,3.061756268451111e-19,1.2782297580136321e-32,1.4211815924942352e-28,1.1996255047797044e-17,1.1608699498345003,2.8469572589535183e-12,0.00020488091675008722,500000.0,500366.5285885638
0.2637134904928785,0.00011376457039384917,-2.2690779492679516e-10,298.15000466699576,0.0,0.045705313729027794,150.13729824160032,9.781360715529177e-18,0.0,0.00014884962233042257,50.05330952237898,1.7130042045316807e-16,3.0614326430222456e-19,1.2781418742677645e-32,1.4212544916884245e-28,1.1996255119811987e-17,1.1608699567807248,2.8468078387122417e-12,0.00020488091676855273,500000.0,500366.5285893117
0.2647134904928785,0.00011376457016695547,-2.2689370310769801e-10,298.15000466674456,0.0,0.04570288142365691,150.13730035619773,9.78084730938919e-18,0.0,0.00014884962322060031,50.0533098218601,1.7129142918845193e-16,3.061109051860138e-19,1.2780539984065544e-32,1.4213273948291457e-28,1.1996255191823013e-17,1.1608699637265179,2.8466584262854102e-12,0.0002048809167870171,500000.0,500366.528590034
0.2657134904928785,0.00011376456994007382,-2.2688165525744526e-10,298.15000466649366,0.0,0.045700449249062934,150.137302470682,9.780333930104676e-18,0.0,0.00014884962411073079,50.05331012132532,1.7128243839405435e-16,3.060785494961495e-19,1.2779661304595614e-32,1.4214003019168168e-28,1.1996255263829825e-17,1.1608699706719423,2.846509021672983e-12,0.0002048809168054805,500000.0,500366.52859075833
0.2667134904928785,0.00011376456971320417,-2.2686962714317365e-10,298.1500046662428,0.0,0.04569801720523877,150.1373045850533,9.779820577674657e-18,0.0,0.0001488496250008141,50.05331042077468,1.7127344806995828e-16,3.0604619723228415e-19,1.2778782704116683e-32,1.4214732129516927e-28,1.1996255335832095e-17,1.160869977616999,2.8463596248745462e-12,0.00020488091682394289,500000.0,500366.5285914853
0.2677134904928785,0.00011376456948634658,-2.268576023601286e-10,298.1500046659919,0.0,0.04569558529217719,150.13730669931158,9.77930725209767e-18,0.0,0.00014884962589085013,50.053310720208145,1.7126445821614354e-16,3.0601384839402818e-19,1.2777904182424528e-32,1.4215461279338935e-28,1.1996255407831614e-17,1.160869984561687,2.846210235889646e-12,0.0002048809168424043,500000.0,500366.5285922143
0.2687134904928785,0.00011376456925950099,-2.268455860077272e-10,298.150004665741,0.0,0.04569315350987106,150.1373088134569,9.778793953372197e-18,0.0,0.00014884962678083906,50.053311019625774,1.71255468832577e-16,3.059815029810589e-19,1.2777025739911136e-32,1.4216190468636335e-28,1.1996255479826208e-17,1.1608699915060074,2.8460608547179306e-12,0.00020488091686086474,500000.0,500366.5285929455
0.2697134904928785,0.00011376456903266745,-2.2683354843192915e-10,298.15000466549026,0.0,0.045690721858313174,150.13731092748915,9.778280681496647e-18,0.0,0.00014884962767078072,50.0533113190275,1.7124647991923594e-16,3.0594916099295582e-19,1.2776147375983166e-32,1.4216919697411323e-28,1.199625555181814e-17,1.160869998449959,2.845911481358944e-12,0.0002048809168793242,500000.0,500366.5285936791
0.2707134904928785,0.00011376456880584592,-2.2682153733721636e-10,298.1500046652394,0.0,0.045688290337496405,150.13731304140853,9.777767436469933e-18,0.0,0.0001488496285606752,50.05331161841337,1.7123749147610053e-16,3.05916822429396e-19,1.2775269091298414e-32,1.4217648965665196e-28,1.19962556238059e-17,1.1608700053935435,2.8457621158123638e-12,0.0002048809168977827,500000.0,500366.52859441505
0.2717134904928785,0.00011376456857903641,-2.2680951528703483e-10,298.15000466498856,0.0,0.045685858947413574,150.13731515521494,9.777254218290868e-18,0.0,0.00014884962945052255,50.05331191778338,1.712285035031433e-16,3.058844872900189e-19,1.2774390885448734e-32,1.4218378273399447e-28,1.1996255695788964e-17,1.1608700123367597,2.8456127580777256e-12,0.0002048809169162402,500000.0,500366.52859515324
0.2727134904928785,0.00011376456835224099,-2.2679540232936246e-10,298.15000466473754,0.0,0.045683427688054994,150.13731726890018,9.776741026956084e-18,0.0,0.00014884963034031456,50.053312217134796,1.7121951600031535e-16,3.0585215557439254e-19,1.2773512758255416e-32,1.421910762061777e-28,1.1996255767769088e-17,1.1608700192795445,2.8454634081542805e-12,0.00020488091693469658,500000.0,500366.52859586576
0.2737134904928785,0.00011376456812545555,-2.2678544152714046e-10,298.150004664487,0.0,0.04568099655941847,150.13731938248054,9.776227862467138e-18,0.0,0.0001488496312300674,50.05331251647303,1.7121052896763872e-16,3.0581982728224355e-19,1.2772634710352855e-32,1.421983700732072e-28,1.1996255839745112e-17,1.160870026222024,2.8453140660423053e-12,0.0002048809169531521,500000.0,500366.5285966085
0.2747134904928785,0.00011376456789868416,-2.2677137690463336e-10,298.15000466423595,0.0,0.045678565561491934,150.13732149593994,9.775714724820737e-18,0.0,0.00014884963211976514,50.05331281579274,1.7120154240505491e-16,3.057875024131461e-19,1.2771756741066665e-32,1.422056643350977e-28,1.1996255911716383e-17,1.1608700331640733,2.8451647317408126e-12,0.0002048809169716065,500000.0,500366.5285973259
0.2757134904928785,0.00011376456767192276,-2.267614104938374e-10,298.15000466398544,0.0,0.04567613469427308,150.1373236092944,9.775201614017048e-18,0.0,0.00014884963300942363,50.05331311509926,1.7119255631256555e-16,3.057551809668251e-19,1.2770878850951444e-32,1.4221295899189783e-28,1.1996255983684996e-17,1.160870040105817,2.8450154052499494e-12,0.0002048809169900601,500000.0,500366.5285980731
0.2767134904928785,0.00011376456744517543,-2.267473303597886e-10,298.1500046637345,0.0,0.045673703957749855,150.13732572252786,9.774688530052383e-18,0.0,0.00014884963389902694,50.053313414387205,1.7118357069011455e-16,3.057228629427841e-19,1.277000103912221e-32,1.4222025404360244e-28,1.1996256055649251e-17,1.16087004704713,2.844866086568666e-12,0.00020488091700851253,500000.0,500366.52859879483
0.2777134904928785,0.00011376456721844016,-2.267352877731414e-10,298.1500046634837,0.0,0.045671273351917493,150.1373278356482,9.774175472926846e-18,0.0,0.0001488496347885829,50.053313713659236,1.7117458553769668e-16,3.056905483407359e-19,1.2769123306682777e-32,1.4222754949022288e-28,1.1996256127610234e-17,1.1608700539880739,2.844716775696856e-12,0.000204880917026964,500000.0,500366.5285995186
0.2787134904928785,0.0001137645669917169,-2.267232657166883e-10,298.150004663233,0.0,0.0456688428767689,150.13732994865566,9.773662442638712e-18,0.0,0.00014884963567809173,50.05331401291543,1.7116560085527933e-16,3.05658237160326e-19,1.2768245652998966e-32,1.422348453318019e-28,1.1996256199565882e-17,1.1608700609286502,2.8445674726341508e-12,0.0002048809170454145,500000.0,500366.5286002448
0.2797134904928785,0.00011376456676500566,-2.2671124774799346e-10,298.15000466298227,0.0,0.045666412532296884,150.1373320615502,9.77314943918697e-18,0.0,0.00014884963656755344,50.05331431215575,1.7115661664284938e-16,3.0562592940116976e-19,1.2767368078010847e-32,1.4224214156835117e-28,1.199625627151916e-17,1.1608700678688588,2.8444181773802618e-12,0.000204880917063864,500000.0,500366.52860097314
0.2807134904928785,0.00011376456653830641,-2.26699238930632e-10,298.1500046627316,0.0,0.04566398231849431,150.1373341743319,9.77263646257011e-18,0.0,0.00014884963745696801,50.053314611380245,1.7114763290038143e-16,3.055936250629158e-19,1.2766490581956508e-32,1.4224943819989874e-28,1.1996256343467885e-17,1.1608700748087002,2.844268889934619e-12,0.00020488091708231255,500000.0,500366.5286017042
0.2817134904928785,0.0001137645663116192,-2.2668721647736225e-10,298.1500046624809,0.0,0.04566155223535398,150.1373362870006,9.772123512786487e-18,0.0,0.00014884963834633537,50.05331491058886,1.711386496278423e-16,3.055613241452058e-19,1.2765613164719296e-32,1.4225673522642697e-28,1.1996256415412512e-17,1.160870081748173,2.8441196102968937e-12,0.0002048809171007601,500000.0,500366.528602437
0.2827134904928785,0.00011376456608494399,-2.2667520702045467e-10,298.1500046622303,0.0,0.04565912228286874,150.13733839955648,9.771610589835323e-18,0.0,0.0001488496392356556,50.053315209781616,1.711296668252223e-16,3.055290266476716e-19,1.2764735826251246e-32,1.422640326480025e-28,1.1996256487353733e-17,1.1608700886872783,2.8439703384666807e-12,0.0002048809171192067,500000.0,500366.5286031724
0.28371349049287853,0.00011376456585828078,-2.2666320138678407e-10,298.1500046619796,0.0,0.045656692461031455,150.13734051199953,9.771097693714039e-18,0.0,0.00014884964012492876,50.053315508958555,1.7112068449247523e-16,3.05496732569923e-19,1.2763858566482313e-32,1.4227133046463e-28,1.1996256559291176e-17,1.1608700956260167,2.843821074443414e-12,0.00020488091713765229,500000.0,500366.52860391024
0.28471349049287853,0.00011376456563163169,-2.2664909129987333e-10,298.15000466172876,0.0,0.04565426276983239,150.13734262432138,9.770584824421342e-18,0.0,0.0001488496410141465,50.05331580811685,1.7111170262957627e-16,3.054644419116051e-19,1.2762981385700417e-32,1.4227862867630898e-28,1.19962566312238e-17,1.1608701025643229,2.8436718182266243e-12,0.00020488091715609673,500000.0,500366.5286046223
0.28571349049287853,0.00011376456540499255,-2.2663914118833821e-10,298.15000466147836,0.0,0.0456518332092694,150.13734473653847,9.770071981957697e-18,0.0,0.00014884964190332514,50.05331610726202,1.7110272123653317e-16,3.0543215467241905e-19,1.2762104283769008e-32,1.4228592728307618e-28,1.1996256703153827e-17,1.1608701095023244,2.843522569816489e-12,0.00020488091717454037,500000.0,500366.52860536444
0.28671349049287853,0.00011376456517836748,-2.2662507399267047e-10,298.1500046612275,0.0,0.04564940377933039,150.1373468486346,9.769559166319037e-18,0.0,0.00014884964279244866,50.05331640638864,1.7109374031328199e-16,3.053998708518902e-19,1.276122726017373e-32,1.4229322628495833e-28,1.1996256775078989e-17,1.1608701164398956,2.843373329211761e-12,0.00020488091719298286,500000.0,500366.52860608103
0.28771349049287853,0.00011376456495175444,-2.266130342478935e-10,298.15000466097695,0.0,0.04564697448001061,150.13734896061774,9.769046377505407e-18,0.0,0.0001488496436815249,50.053316705499356,1.7108475985981586e-16,3.053675904497181e-19,1.276035031575957e-32,1.423005256819737e-28,1.1996256847000829e-17,1.1608701233770982,2.8432240964125436e-12,0.00020488091721142438,500000.0,500366.5286068
0.28871349049287853,0.00011376456472515133,-2.2660311878428918e-10,298.15000466072655,0.0,0.04564454531130543,150.13735107249624,9.768533615517269e-18,0.0,0.0001488496445705622,50.05331700459697,1.7107577987614256e-16,3.053353134656088e-19,1.2759473450222291e-32,1.4230782547412684e-28,1.1996256918918703e-17,1.1608701303139968,2.843074871418802e-12,0.0002048809172298651,500000.0,500366.5286075491
0.28971349049287853,0.00011376456449856228,-2.265890520297373e-10,298.1500046604757,0.0,0.045642116273202735,150.13735318425384,9.768020880349662e-18,0.0,0.00014884964545954432,50.05331730367604,1.7106680036217905e-16,3.0530303989907885e-19,1.2758596662879788e-32,1.423151256614323e-28,1.1996256990832462e-17,1.160870137250465,2.8429256542293456e-12,0.00020488091724830466,500000.0,500366.5286082724
0.29071349049287853,0.00011376456427198527,-2.2657700779422185e-10,298.15000466022514,0.0,0.045639687365697776,150.1373552958984,9.767508172002793e-18,0.0,0.00014884964634847913,50.05331760273919,1.7105782131792978e-16,3.052707697498071e-19,1.275771995461472e-32,1.4232242624393804e-28,1.1996257062742078e-17,1.1608701441865648,2.842776444844082e-12,0.00020488091726674325,500000.0,500366.5286089981
0.29171349049287854,0.00011376456404542028,-2.265649904985185e-10,298.1500046599746,0.0,0.04563725858878346,150.1373574074302,9.766995490475734e-18,0.0,0.00014884964723736686,50.05331790178653,1.7104884274337449e-16,3.052385030174587e-19,1.2756843325165556e-32,1.4232972722165054e-28,1.1996257134648931e-17,1.1608701511222972,2.8426272432626705e-12,0.00020488091728518087,500000.0,500366.52860972635
0.29271349049287854,0.00011376456381886729,-2.265529902891587e-10,298.1500046597241,0.0,0.04563482994245258,150.13735951884908,9.766482835766794e-18,0.0,0.0001488496481262074,50.053318200818,1.7103986463848392e-16,3.052062397016576e-19,1.2755966774285126e-32,1.4233702859459198e-28,1.1996257206551744e-17,1.1608701580576617,2.842478049484726e-12,0.0002048809173036175,500000.0,500366.5286104565
0.29371349049287854,0.00011376456359232631,-2.2654098399237236e-10,298.1500046594736,0.0,0.04563240142669801,150.13736163015514,9.765970207874569e-18,0.0,0.00014884964901500086,50.053318499833615,1.710308870032406e-16,3.0517397980201887e-19,1.275509030204132e-32,1.4234433036275332e-28,1.1996257278449758e-17,1.1608701649926587,2.8423288635099316e-12,0.00020488091732205315,500000.0,500366.5286111889
0.29471349049287854,0.00011376456336579733,-2.2652897717012703e-10,298.1500046592231,0.0,0.04562997304151259,150.1373637413484,9.765457606797215e-18,0.0,0.0001488496499037472,50.053318798833395,1.7102190983760186e-16,3.0514172331821114e-19,1.275421390870279e-32,1.423516325262004e-28,1.1996257350344504e-17,1.1608701719272883,2.842179685337606e-12,0.0002048809173404878,500000.0,500366.5286119238
0.29571349049287854,0.00011376456313928037,-2.265169682118789e-10,298.15000465897265,0.0,0.045627544786889136,150.13736585242884,9.764945032534087e-18,0.0,0.00014884965079244638,50.05331909781734,1.7101293314156594e-16,3.051094702498477e-19,1.2753337593872946e-32,1.4235893508492528e-28,1.1996257422235103e-17,1.1608701788615505,2.842030514967514e-12,0.0002048809173589215,500000.0,500366.52861266094
0.29671349049287854,0.00011376456291277748,-2.2650288363776727e-10,298.15000465872197,0.0,0.045625116662818016,150.13736796338824,9.764432485082424e-18,0.0,0.00014884965168109033,50.05331939678268,1.7100395691507662e-16,3.050772205965507e-19,1.2752461357785094e-32,1.423662380389493e-28,1.1996257494122017e-17,1.1608701857953816,2.841881352398954e-12,0.00020488091737735404,500000.0,500366.52861337236
0.29771349049287854,0.00011376456268628456,-2.2649293816269478e-10,298.1500046584717,0.0,0.04562268866929701,150.13737007424294,9.763919964443073e-18,0.0,0.0001488496525696952,50.053319695734885,1.7099498115815212e-16,3.0504497435803145e-19,1.275158520054886e-32,1.4237354138829699e-28,1.1996257566005321e-17,1.1608701927289076,2.8417321976321974e-12,0.00020488091739578578,500000.0,500366.5286141138
0.29871349049287854,0.00011376456245980569,-2.2647887645058635e-10,298.150004658221,0.0,0.04562026080631405,150.13737218497673,9.763407470612012e-18,0.0,0.0001488496534582449,50.05331999466855,1.7098600587072314e-16,3.050127315338268e-19,1.2750709121565338e-32,1.423808451329829e-28,1.199625763788462e-17,1.1608701996620039,2.8415830506660232e-12,0.00020488091741421638,500000.0,500366.52861482993
0.29971349049287854,0.00011376456223333884,-2.264668429963579e-10,298.1500046579706,0.0,0.0456178330738644,150.13737429559765,9.762895003589317e-18,0.0,0.0001488496543467474,50.05332029358633,1.7097703105278843e-16,3.0498049212362296e-19,1.2749833121553745e-32,1.4238814927303882e-28,1.1996257709759962e-17,1.1608702065947318,2.8414339115004497e-12,0.000204880917432646,500000.0,500366.5286155483
0.3007134904928785,0.00011376456200688193,-2.264569276910943e-10,298.15000465772044,0.0,0.045615405471943433,150.13737640611396,9.762382563375276e-18,0.0,0.00014884965523521092,50.05332059249102,1.7096805670435334e-16,3.049482561271258e-19,1.2748957200342653e-32,1.42395453808479e-28,1.1996257781631276e-17,1.1608702135271558,2.8412847801355348e-12,0.0002048809174510748,500000.0,500366.52861629665
0.3017134904928785,0.00011376456178043904,-2.2644287596587112e-10,298.1500046574697,0.0,0.04561297800053905,150.1373785165095,9.761870149965186e-18,0.0,0.00014884965612361938,50.05332089137719,1.709590828253386e-16,3.049160235438546e-19,1.2748081357231437e-32,1.4240275873931438e-28,1.1996257853499084e-17,1.1608702204591503,2.841135656570025e-12,0.00020488091746950247,500000.0,500366.5286170197
0.3027134904928785,0.0001137645615540083,-2.264307567122251e-10,298.15000465721937,0.0,0.045610550659646386,150.13738062679172,9.761357763361408e-18,0.0,0.00014884965701198022,50.05332119024733,1.7095010941578177e-16,3.0488379436814314e-19,1.2747205525331462e-32,1.4241006406553935e-28,1.199625792536262e-17,1.1608702273907736,2.840986540804509e-12,0.00020488091748792917,500000.0,500366.52861774375
0.3037134904928785,0.00011376456132758961,-2.2641868715821037e-10,298.150004656969,0.0,0.045608123449258346,150.1373827369609,9.760845403558514e-18,0.0,0.00014884965790029365,50.05332148910155,1.7094113647559195e-16,3.04851568610365e-19,1.2746329868891962e-32,1.4241736978724183e-28,1.1996257997222447e-17,1.1608702343220272,2.8408374328373105e-12,0.00020488091750635486,500000.0,500366.5286184689
0.3047134904928785,0.000113764561101183,-2.2640660803380023e-10,298.1500046567186,0.0,0.04560569636936779,150.13738484701707,9.760333070556423e-18,0.0,0.00014884965878855978,50.05332178793985,1.7093216400476256e-16,3.0481934626474995e-19,1.2745454246148726e-32,1.4242467590441014e-28,1.1996258069078555e-17,1.1608702412529113,2.8406883326687013e-12,0.00020488091752477957,500000.0,500366.52861919574
0.3057134904928785,0.00011376456087478847,-2.263945319734829e-10,298.15000465646824,0.0,0.04560326941996754,150.13738695696014,9.759820764354877e-18,0.0,0.00014884965967677845,50.0533220867622,1.7092319200329431e-16,3.047871273309902e-19,1.2744578714475018e-32,1.4243198241704702e-28,1.1996258140930651e-17,1.1608702481834257,2.8405392402983305e-12,0.0002048809175432033,500000.0,500366.5286199236
0.3067134904928785,0.00011376456064840603,-2.2638245029194645e-10,298.1500046562179,0.0,0.04560084260105044,150.13738906679012,9.759308484951497e-18,0.0,0.00014884966056494974,50.053322385568606,1.7091422047114045e-16,3.0475491180868706e-19,1.2743703263809643e-32,1.4243928932518764e-28,1.1996258212778969e-17,1.1608702551135703,2.840390155725605e-12,0.00020488091756162608,500000.0,500366.52862065274
0.3077134904928785,0.00011376456042203566,-2.2637037543093567e-10,298.15000465596756,0.0,0.04559841591260934,150.13739117650707,9.75879623234545e-18,0.0,0.0001488496614530736,50.053322684359074,1.7090524940829022e-16,3.0472269969749573e-19,1.2742827892486545e-32,1.4244659662884896e-28,1.1996258284623275e-17,1.160870262043345,2.8402410789502655e-12,0.00020488091758004784,500000.0,500366.528621383
0.3087134904928785,0.00011376456019567735,-2.2635831232358596e-10,298.1500046557173,0.0,0.04559598935463709,150.137393286111,9.758284006535066e-18,0.0,0.00014884966234115013,50.05332298313361,1.7089627881471157e-16,3.0469049099704405e-19,1.2741952599789422e-32,1.4245390432805259e-28,1.1996258356463742e-17,1.1608702689727508,2.8400920099718475e-12,0.00020488091759846862,500000.0,500366.5286221148
0.3097134904928785,0.00011376455996933112,-2.2634623115769612e-10,298.15000465546694,0.0,0.04559356292712654,150.13739539560194,9.757771807518873e-18,0.0,0.00014884966322917926,50.053323281892226,1.708873086903831e-16,3.046582857069681e-19,1.2741077385699219e-32,1.424612124228096e-28,1.1996258428300803e-17,1.1608702759017868,2.839942948790025e-12,0.00020488091761688843,500000.0,500366.52862284763
0.3107134904928785,0.00011376455974299697,-2.2633415878466016e-10,298.15000465521666,0.0,0.04559113663007052,150.13739750497984,9.757259635296175e-18,0.0,0.000148849664117161,50.05332358063491,1.7087833903529e-16,3.0462608382691715e-19,1.2740202250225523e-32,1.4246852091314897e-28,1.1996258500132836e-17,1.1608702828304533,2.8397938954043394e-12,0.00020488091763530726,500000.0,500366.52862358186
0.3117134904928785,0.00011376455951667697,-2.2632000049035277e-10,298.1500046549662,0.0,0.04558871046345938,150.13739961423641,9.756747489863153e-18,0.0,0.00014884966500508715,50.053323879358885,1.7086936984936163e-16,3.045938853564849e-19,1.2739327193144378e-32,1.4247582979908235e-28,1.1996258571961976e-17,1.1608702897586862,2.83964484981398e-12,0.0002048809176537249,500000.0,500366.5286242893
0.3127134904928785,0.00011376455929036489,-2.2631207794572828e-10,298.1500046547164,0.0,0.04558628442729346,150.13740172339644,9.756235371223589e-18,0.0,0.00014884966589298224,50.05332417807242,1.708604011326699e-16,3.045616902954374e-19,1.27384522150021e-32,1.4248313908065756e-28,1.1996258643787809e-17,1.1608702966866769,2.839495812019713e-12,0.00020488091767214192,500000.0,500366.5286250539
0.3137134904928785,0.00011376455906406901,-2.2629588393666339e-10,298.15000465446565,0.0,0.04558385852155567,150.1374038324271,9.755723279370012e-18,0.0,0.00014884966678081377,50.05332447676458,1.708514328850797e-16,3.045294986432517e-19,1.273757731475844e-32,1.4249044875782963e-28,1.199625871560856e-17,1.1608703036141719,2.8393467820196612e-12,0.0002048809176905576,500000.0,500366.5286257638
0.3147134904928785,0.00011376455883778526,-2.2628376619991933e-10,298.1500046542154,0.0,0.04558143274624374,150.13740594134455,9.755211214303686e-18,0.0,0.0001488496676685977,50.05332477544074,1.7084246510661599e-16,3.0449731039962097e-19,1.2736702493370541e-32,1.4249775883068495e-28,1.1996258787425598e-17,1.1608703105412956,2.8391977598141294e-12,0.00020488091770897235,500000.0,500366.5286264751
0.3157134904928785,0.00011376455861151148,-2.262737711344757e-10,298.1500046539654,0.0,0.0455790071013531,150.1374080501573,9.754699176024939e-18,0.0,0.0001488496685563425,50.05332507410374,1.708334977972857e-16,3.0446512556425465e-19,1.2735827750696828e-32,1.4250506929922446e-28,1.1996258859240487e-17,1.1608703174681139,2.8390487454030946e-12,0.00020488091772738625,500000.0,500366.52862721565
0.3167134904928785,0.00011376455838525185,-2.2625964395363787e-10,298.150004653715,0.0,0.0455765815868716,150.13741015884884,9.754187164529656e-18,0.0,0.0001488496694440318,50.05332537274806,1.708245309570136e-16,3.044329441366905e-19,1.2734953086063448e-32,1.4251238016343054e-28,1.1996258931049102e-17,1.1608703243944996,2.8388997387853282e-12,0.000204880917745799,500000.0,500366.52862792904
0.3177134904928785,0.0001137645581590022,-2.2624963638097358e-10,298.1500046534651,0.0,0.045574156202797055,150.1374122674356,9.753675179818448e-18,0.0,0.00014884967033168184,50.0533256713792,1.7081556458581198e-16,3.0440076611664127e-19,1.2734078500262806e-32,1.425196914233937e-28,1.199625900285608e-17,1.160870331320579,2.838750739961356e-12,0.00020488091776421096,500000.0,500366.52862867224
0.3187134904928785,0.00011376455793276668,-2.2623552164012871e-10,298.15000465321464,0.0,0.045571730949117366,150.13741437590127,9.75316322188838e-18,0.0,0.00014884967121927647,50.053325969991704,1.7080659868362978e-16,3.0436859150369437e-19,1.2733203992770535e-32,1.4252700307906177e-28,1.199625907465714e-17,1.1608703382462267,2.838601748929858e-12,0.00020488091778262177,500000.0,500366.52862938854
0.3197134904928785,0.00011376455770654116,-2.2622550883082703e-10,298.15000465296464,0.0,0.04556930582583035,150.13741648426216,9.752651290739851e-18,0.0,0.00014884967210683186,50.05332626859101,1.7079763325047263e-16,3.0433642029754594e-19,1.2732329563885673e-32,1.4253431513050802e-28,1.1996259146455118e-17,1.160870345171568,2.8384527656911803e-12,0.00020488091780103174,500000.0,500366.52863013436
0.3207134904928785,0.00011376455748032979,-2.2621137204042031e-10,298.1500046527143,0.0,0.045566880832923845,150.13741859250183,9.752139386368844e-18,0.0,0.0001488496729943317,50.05332656717164,1.707886682862689e-16,3.0430425249775577e-19,1.2731455213199007e-32,1.4254162757770646e-28,1.1996259218249577e-17,1.1608703520964763,2.8383037902442237e-12,0.00020488091781944057,500000.0,500366.528630853
0.3217134904928785,0.0001137645572541305,-2.2619929064784485e-10,298.15000465246413,0.0,0.04556445597039319,150.13742070062852,9.751627508775629e-18,0.0,0.00014884967388178417,50.05332686573634,1.7077970379102842e-16,3.0427208810401247e-19,1.2730580941228103e-32,1.4254894042072256e-28,1.1996259290039772e-17,1.1608703590210148,2.8381548225890156e-12,0.00020488091783784843,500000.0,500366.52863157325
0.3227134904928785,0.00011376455702794119,-2.2618930491462093e-10,298.15000465221425,0.0,0.04556203123823377,150.13742280865043,9.751115657960549e-18,0.0,0.0001488496747691974,50.053327164287836,1.707707397647525e-16,3.0423992711598643e-19,1.272970674768334e-32,1.4255625365954593e-28,1.1996259361826754e-17,1.1608703659452475,2.8380058627255416e-12,0.00020488091785625544,500000.0,500366.5286323224
0.3237134904928785,0.00011376455680176601,-2.2617518207688888e-10,298.1500046519639,0.0,0.04555960663643345,150.13742491655125,9.7506038339183e-18,0.0,0.00014884967565655525,50.05332746282072,1.7076177620735003e-16,3.0420776953323424e-19,1.2728832632299468e-32,1.4256356729418312e-28,1.199625943360895e-17,1.1608703728690482,2.8378569106523936e-12,0.00020488091787466134,500000.0,500366.528633045
0.3247134904928785,0.00011376455657560291,-2.2616309525413776e-10,298.1500046517138,0.0,0.04555718216498754,150.13742702433908,9.750092036650087e-18,0.0,0.00014884967654386566,50.05332776133764,1.7075281311884405e-16,3.0417561535543515e-19,1.2727958595576737e-32,1.4257088132470806e-28,1.1996259505387734e-17,1.160870379792479,2.837707966369816e-12,0.00020488091789306625,500000.0,500366.5286337689
0.3257134904928785,0.00011376455634945189,-2.261510275091434e-10,298.15000465146375,0.0,0.045554757823888896,150.13742913201395,9.749580266153805e-18,0.0,0.00014884967743112871,50.053328059838634,1.7074385049919398e-16,3.041434645822355e-19,1.272708463725276e-32,1.425781957510902e-28,1.1996259577162626e-17,1.1608703867155403,2.8375590298772747e-12,0.00020488091791147017,500000.0,500366.52863449394
0.3267134904928785,0.00011376455612331292,-2.261389693761351e-10,298.1500046512137,0.0,0.04555233361313039,150.13743123957587,9.749068522428401e-18,0.0,0.00014884967831834442,50.05332835832372,1.7073488834838181e-16,3.041113172132701e-19,1.2726210757278915e-32,1.4258551057337677e-28,1.1996259648933707e-17,1.1608703936382323,2.8374101011744775e-12,0.00020488091792987312,500000.0,500366.52863522025
0.3277134904928785,0.00011376455589718601,-2.2612690495098884e-10,298.1500046509637,0.0,0.04554990953270489,150.13743334702494,9.748556805472588e-18,0.0,0.0001488496792055128,50.05332865679289,1.7072592666638525e-16,3.04079173248192e-19,1.2725336955763596e-32,1.4259282579156035e-28,1.1996259720700987e-17,1.1608704005605555,2.8372611802609283e-12,0.00020488091794827507,500000.0,500366.5286359483
0.3287134904928785,0.00011376455567107114,-2.2611485361105829e-10,298.1500046507135,0.0,0.045547485582605234,150.1374354543611,9.74804511528424e-18,0.0,0.0001488496800926339,50.05332895524615,1.7071696545316763e-16,3.040470326866057e-19,1.272446323244466e-32,1.4260014140570302e-28,1.1996259792464268e-17,1.1608704074825098,2.837112267136202e-12,0.00020488091796667604,500000.0,500366.5286366772
0.3297134904928785,0.00011376455544496837,-2.2610277858006895e-10,298.1500046504636,0.0,0.04554506176282424,150.13743756158425,9.747533451862647e-18,0.0,0.00014884968097970754,50.053329253683465,1.7070800470872093e-16,3.040148955281627e-19,1.272358958765351e-32,1.426074574157845e-28,1.199625986422332e-17,1.160870414404094,2.836963361799924e-12,0.00020488091798507603,500000.0,500366.5286374072
0.3307134904928785,0.00011376455521887765,-2.2609072768908729e-10,298.15000465021353,0.0,0.04554263807335481,150.13743966869455,9.747021815206221e-18,0.0,0.0001488496818667339,50.05332955210488,1.7069904443300913e-16,3.039827617725213e-19,1.2722716021287845e-32,1.4261477382183992e-28,1.1996259935979481e-17,1.1608704213253096,2.836814464251678e-12,0.00020488091800347505,500000.0,500366.52863813855
0.3317134904928785,0.00011376455499279897,-2.2607866362196966e-10,298.15000464996353,0.0,0.04554021451418981,150.13744177569197,9.746510205313787e-18,0.0,0.000148849682753713,50.05332985051039,1.706900846260198e-16,3.0395063141930324e-19,1.2721842533141607e-32,1.426220906238941e-28,1.1996260007731699e-17,1.1608704282461564,2.8366655744911576e-12,0.0002048809180218731,500000.0,500366.5286388714
0.3327134904928785,0.00011376455476673445,-2.2606452034324213e-10,298.15000464971337,0.0,0.04553779108531952,150.13744388256822,9.745998622181839e-18,0.0,0.00014884968364063648,50.05333014889721,1.706811252876865e-16,3.039185044680925e-19,1.2720969123223704e-32,1.426294078219456e-28,1.1996260079479504e-17,1.1608704351665695,2.8365166925174258e-12,0.00020488091804026997,500000.0,500366.5286395773
0.3337134904928785,0.00011376455454067993,-2.2605452654798498e-10,298.15000464946354,0.0,0.04553536778674186,150.13744598933977,9.745487065812756e-18,0.0,0.0001488496845275208,50.05333044727086,1.7067216641804963e-16,3.0388638091864636e-19,1.272009579212514e-32,1.426367254160455e-28,1.1996260151223647e-17,1.1608704420866773,2.836367818330957e-12,0.00020488091805866604,500000.0,500366.52864031267
0.3347134904928785,0.00011376455431463745,-2.2604248454398335e-10,298.1500046492136,0.0,0.04553294461844716,150.13744809599845,9.744975536203649e-18,0.0,0.00014884968541435784,50.05333074562859,1.7066320801705872e-16,3.0385426077055817e-19,1.2719222538994685e-32,1.4264404340618637e-28,1.1996260222963658e-17,1.1608704490064161,2.8362189519309304e-12,0.00020488091807706113,500000.0,500366.52864104876
0.3357134904928785,0.00011376455408860909,-2.2602834355233783e-10,298.1500046489635,0.0,0.04553052158042582,150.13745020253612,9.74446403335083e-18,0.0,0.00014884968630113942,50.0533310439677,1.706542500846573e-16,3.0382214402338295e-19,1.271834936393979e-32,1.4265136179239096e-28,1.1996260294699333e-17,1.1608704559257228,2.836070093316527e-12,0.00020488091809545508,500000.0,500366.52864175866
0.3367134904928785,0.00011376455386259074,-2.260183608381066e-10,298.1500046487137,0.0,0.04552809867267563,150.137452308969,9.743952557256444e-18,0.0,0.00014884968718788174,50.0533313422936,1.706452926208745e-16,3.0379003067687674e-19,1.271747626776779e-32,1.426586805747172e-28,1.1996260366432836e-17,1.160870462844723,2.8359212424881295e-12,0.0002048809181138482,500000.0,500366.52864249743
0.3377134904928785,0.0001137645536365865,-2.2600423872841245e-10,298.15000464846355,0.0,0.04552567589518451,150.1374544152809,9.743441107916177e-18,0.0,0.0001488496880745687,50.053331640600874,1.7063633562563643e-16,3.037579207306009e-19,1.271660324949206e-32,1.42665999753132e-28,1.1996260438160885e-17,1.1608704697632914,2.835772399444577e-12,0.00020488091813224016,500000.0,500366.5286432097
0.3387134904928785,0.00011376455341059227,-2.2599422930478206e-10,298.15000464821395,0.0,0.04552325324795024,150.13745652148802,9.742929685331531e-18,0.0,0.00014884968896121634,50.05333193889494,1.7062737909896924e-16,3.037258141842619e-19,1.2715730309744798e-32,1.4267331932766526e-28,1.199626050988559e-17,1.1608704766815534,2.8356235641862626e-12,0.00020488091815063132,500000.0,500366.5286439511
0.3397134904928785,0.00011376455318461215,-2.25980133734148e-10,298.1500046479638,0.0,0.04552083073096076,150.13745862757418,9.742418289497678e-18,0.0,0.00014884968984780862,50.05333223717039,1.7061842304079288e-16,3.036937110374043e-19,1.2714857447934899e-32,1.4268063929837027e-28,1.1996260581606221e-17,1.1608704835993835,2.835474736711869e-12,0.00020488091816902134,500000.0,500366.52864466567
0.3407134904928785,0.00011376455295864203,-2.2597012558718647e-10,298.1500046477142,0.0,0.04551840834421387,150.13746073355563,9.741906920416543e-18,0.0,0.0001488496907343617,50.05333253543264,1.7060946745113137e-16,3.0366161128978806e-19,1.271398466493792e-32,1.426879596652571e-28,1.1996260653324406e-17,1.1608704905169078,2.8353259170219333e-12,0.00020488091818741052,500000.0,500366.5286454095
0.3417134904928785,0.000113764552732686,-2.2595602796777325e-10,298.1500046474641,0.0,0.04551598608769748,150.13746283941614,9.741395578084157e-18,0.0,0.0001488496916208594,50.05333283367628,1.7060051232992845e-16,3.036295149409321e-19,1.2713111959602447e-32,1.4269528042831338e-28,1.1996260725036686e-17,1.1608704974340005,2.835177105115196e-12,0.00020488091820579856,500000.0,500366.5286461267
0.3427134904928785,0.00011376455250674204,-2.259439495623751e-10,298.15000464721413,0.0,0.04551356396140695,150.13746494516383,9.740884262500258e-18,0.0,0.0001488496925073098,50.053333131904026,1.7059155767716671e-16,3.035974219905317e-19,1.2712239332907812e-32,1.4270260158757022e-28,1.1996260796745899e-17,1.1608705043507241,2.8350283009916867e-12,0.00020488091822418563,500000.0,500366.5286468454
0.3437134904928785,0.00011376455228080806,-2.2593397380744757e-10,298.1500046469646,0.0,0.04551114196533756,150.1374670508068,9.740372973664777e-18,0.0,0.000148849693393721,50.05333343011856,1.7058260349285378e-16,3.0356533243827e-19,1.2711366784499206e-32,1.4270992314308935e-28,1.199626086845221e-17,1.1608705112671418,2.8348795046513305e-12,0.00020488091824257188,500000.0,500366.52864759316
0.3447134904928785,0.00011376455205488819,-2.259198675992768e-10,298.15000464671454,0.0,0.045508720099477255,150.13746915632882,9.739861711573887e-18,0.0,0.00014884969428007684,50.05333372831449,1.705736497769187e-16,3.0353324628370917e-19,1.2710494314035733e-32,1.4271724509482562e-28,1.1996260940153496e-17,1.1608705181831276,2.8347307160930605e-12,0.000204880918260957,500000.0,500366.5286483142
0.34571349049287853,0.0001137645518289804,-2.2590778993287453e-10,298.15000464646465,0.0,0.04550629836382135,150.13747126173797,9.739350476227148e-18,0.0,0.00014884969516638526,50.05333402649448,1.705646965293542e-16,3.035011635265163e-19,1.2709621921964786e-32,1.427245674428378e-28,1.1996261011850693e-17,1.160870525098744,2.834581935316706e-12,0.00020488091827934113,500000.0,500366.5286490363
0.34671349049287853,0.00011376455160308465,-2.2589573803972465e-10,298.15000464621494,0.0,0.04550387675836271,150.13747336703432,9.738839267623619e-18,0.0,0.0001488496960526464,50.05333432465858,1.7055574375014673e-16,3.03469084166332e-19,1.2708749608104556e-32,1.4273189018714764e-28,1.1996261083544974e-17,1.1608705320139918,2.834433162321896e-12,0.00020488091829772427,500000.0,500366.5286497601
0.34771349049287853,0.00011376455137720097,-2.258836952280271e-10,298.15000464596517,0.0,0.0455014552830942,150.1374754722178,9.738328085761121e-18,0.0,0.00014884969693886022,50.05333462280676,1.7054679143925268e-16,3.0343700820279106e-19,1.2707877372428078e-32,1.4273921332777e-28,1.1996261155235479e-17,1.1608705389288703,2.834284397108328e-12,0.00020488091831610643,500000.0,500366.52865048475
0.34871349049287853,0.00011376455115132932,-2.2587165252241004e-10,298.1500046457154,0.0,0.0454990339380087,150.13747757728854,9.737816930638932e-18,0.0,0.0001488496978250268,50.053334920939044,1.7053783959666242e-16,3.03404935635552e-19,1.2707005215041167e-32,1.427465368647192e-28,1.1996261226921524e-17,1.1608705458433803,2.8341356396755106e-12,0.0002048809183344876,500000.0,500366.52865121077
0.34971349049287853,0.00011376455092546972,-2.2585959448518196e-10,298.15000464546563,0.0,0.04549661272309906,150.1374796822465,9.737305802255624e-18,0.0,0.00014884969871114607,50.05333521905544,1.705288882223538e-16,3.0337286646424036e-19,1.2706133135729462e-32,1.42753860798002e-28,1.1996261298604114e-17,1.1608705527575216,2.8339868900230672e-12,0.00020488091835286782,500000.0,500366.528651938
0.35071349049287853,0.00011376455069962217,-2.2584755473910632e-10,298.1500046452158,0.0,0.04549419163835814,150.13748178709164,9.73679470061013e-18,0.0,0.00014884969959721807,50.053335517155936,1.70519937316302e-16,3.0334080068852387e-19,1.2705261134746506e-32,1.427611851276648e-28,1.1996261370282299e-17,1.160870559671294,2.833838148150608e-12,0.00020488091837124705,500000.0,500366.52865266637
0.35171349049287853,0.00011376455047378666,-2.2583549625563226e-10,298.1500046449662,0.0,0.0454917706837788,150.13748389182402,9.736283625700448e-18,0.0,0.0001488497004832428,50.05333581524052,1.705109868784755e-16,3.033087383080053e-19,1.270438921169952e-32,1.4276850985371934e-28,1.1996261441957216e-17,1.160870566584698,2.8336894140577385e-12,0.00020488091838962528,500000.0,500366.52865339647
0.35271349049287853,0.0001137645502479632,-2.258234666258577e-10,298.1500046447164,0.0,0.04548934985935392,150.13748599644364,9.735772577524962e-18,0.0,0.0001488497013692202,50.053336113309214,1.705020369088461e-16,3.0327667932231466e-19,1.2703517366872796e-32,1.4277583497616728e-28,1.1996261513628268e-17,1.160870573497733,2.8335406877439707e-12,0.00020488091840800254,500000.0,500366.5286541272
0.35371349049287854,0.0001137645500221518,-2.258114076027578e-10,298.1500046444667,0.0,0.04548692916507634,150.1374881009505,9.735261556082968e-18,0.0,0.0001488497022551504,50.053336411362004,1.7049308740740064e-16,3.0324462373112776e-19,1.2702645600400653e-32,1.4278316049504165e-28,1.199626158529518e-17,1.160870580410399,2.833391969208968e-12,0.00020488091842637882,500000.0,500366.52865485946
0.35471349049287854,0.00011376454979635242,-2.2579937419907254e-10,298.150004644217,0.0,0.045484508600938944,150.1374902053446,9.734750561372684e-18,0.0,0.00014884970314103332,50.05333670939891,1.7048413837410894e-16,3.0321257153407176e-19,1.270177391191734e-32,1.4279048641037722e-28,1.1996261656958474e-17,1.160870587322697,2.8332432584523024e-12,0.00020488091844475412,500000.0,500366.5286555929
0.35571349049287854,0.0001137645495705672,-2.257852363781384e-10,298.1500046439672,0.0,0.045482088166932076,150.1374923096176,9.7342395933919e-18,0.0,0.0001488497040268607,50.05333700741715,1.7047518980893199e-16,3.0318052273075104e-19,1.270090230150643e-32,1.4279781272215647e-28,1.1996261728617176e-17,1.1608705942345616,2.833094555473262e-12,0.00020488091846312828,500000.0,500366.5286562996
0.35671349049287854,0.00011376454934479194,-2.2577526547412788e-10,298.15000464371764,0.0,0.04547966786305359,150.13749441378613,9.733728652141213e-18,0.0,0.000148849704912649,50.05333730542224,1.704662417118773e-16,3.0314847732086933e-19,1.2700030769410628e-32,1.4280513943044404e-28,1.1996261800273244e-17,1.1608706011461214,2.8329458602721344e-12,0.0002048809184815016,500000.0,500366.52865703555
0.35771349049287854,0.00011376454911902871,-2.2576323534145376e-10,298.1500046434681,0.0,0.045477247689293905,150.13749651784195,9.733217737618096e-18,0.0,0.00014884970579839008,50.05333760341144,1.7045729408290638e-16,3.0311643530403067e-19,1.269915931526818e-32,1.428124665352358e-28,1.1996261871924808e-17,1.1608706080573132,2.83279717284807e-12,0.00020488091849987395,500000.0,500366.52865777275
0.35871349049287854,0.00011376454889327959,-2.2574911644436223e-10,298.1500046432182,0.0,0.045474827645643374,150.13749862177687,9.73270684982027e-18,0.0,0.00014884970668407578,50.05333790138204,1.7044834692197602e-16,3.030843966798493e-19,1.2698287939235732e-32,1.42819794036532e-28,1.1996261943571815e-17,1.160870614968073,2.8326484932004623e-12,0.00020488091851824516,500000.0,500366.52865848335
0.35971349049287854,0.00011376454866754045,-2.25739137947365e-10,298.15000464296884,0.0,0.0454724077320998,150.13750072560717,9.73219598874843e-18,0.0,0.00014884970756972227,50.05333819933945,1.7043940022909558e-16,3.0305236144803755e-19,1.2697416641504007e-32,1.4282712193440818e-28,1.199626201521581e-17,1.1608706218785267,2.832499821329468e-12,0.00020488091853661556,500000.0,500366.5286592232
0.36071349049287854,0.00011376454844181542,-2.257250375571044e-10,298.150004642719,0.0,0.04546998794865115,150.13750282931665,9.73168515439892e-18,0.0,0.00014884970845531345,50.05333849727825,1.704304540042077e-16,3.0302032960814846e-19,1.269654542151743e-32,1.4283445022882267e-28,1.1996262086855857e-17,1.1608706287885495,2.832351157234109e-12,0.00020488091855498482,500000.0,500366.5286599364
0.36171349049287854,0.00011376454821610245,-2.2571296695121418e-10,298.1500046424694,0.0,0.04546756829529268,150.13750493291323,9.731174346771617e-18,0.0,0.0001488497093408572,50.053338795201114,1.7042150824730348e-16,3.0298830115987067e-19,1.2695674279889815e-32,1.4284177891984138e-28,1.1996262158491935e-17,1.1608706356982024,2.8322025009142937e-12,0.0002048809185733531,500000.0,500366.52866065054
0.36271349049287854,0.00011376454799039952,-2.2570293931135045e-10,298.15000464222004,0.0,0.04546514877201972,150.1375070364051,9.730663565868616e-18,0.0,0.0001488497102263617,50.05333909311076,1.7041256295842285e-16,3.029562760975573e-19,1.269480314921888e-32,1.428491080074251e-28,1.1996262230125338e-17,1.1608706426075484,2.8320538523706427e-12,0.00020488091859172054,500000.0,500366.5286613931
0.36371349049287854,0.00011376454776471075,-2.2568876390022714e-10,298.15000464197027,0.0,0.045462729378820205,150.13750913977586,9.73015281168126e-18,0.0,0.00014884971111181055,50.0533393910017,1.7040361813741345e-16,3.029242544314209e-19,1.2693932192309475e-32,1.4285643749164362e-28,1.1996262301752932e-17,1.1608706495164611,2.8319052116005617e-12,0.00020488091861008682,500000.0,500366.5286621079
0.36471349049287854,0.00011376454753903205,-2.2567870701089878e-10,298.1500046417209,0.0,0.045460310115691877,150.1375112430417,9.729642084212917e-18,0.0,0.00014884971199721986,50.053339688879355,1.703946737843367e-16,3.0289223615583925e-19,1.2693061269390965e-32,1.428637673725276e-28,1.1996262373377454e-17,1.1608706564250655,2.831756578605159e-12,0.0002048809186284523,500000.0,500366.52866285073
0.36571349049287855,0.00011376454731336751,-2.2566453502601932e-10,298.1500046414711,0.0,0.04545789098262271,150.13751334618647,9.729131383459734e-18,0.0,0.0001488497128825736,50.05333998673832,1.703857298991205e-16,3.0286022127038056e-19,1.2692190436279004e-32,1.4287109765007492e-28,1.1996262444998486e-17,1.1608706633332362,2.831607953383294e-12,0.0002048809186468166,500000.0,500366.5286635661
0.36671349049287855,0.00011376454708771513,-2.2565239238901808e-10,298.15000464122164,0.0,0.04545547197960798,150.13751544921806,9.72862070942231e-18,0.0,0.00014884971376787962,50.05334028458124,1.7037678648178243e-16,3.028282097747357e-19,1.2691319684151246e-32,1.4287842832429256e-28,1.199626251661519e-17,1.160870670241035,2.8314593359349756e-12,0.00020488091866517996,500000.0,500366.52866428153
0.3677134904928785,0.00011376454686207275,-2.25642368945146e-10,298.1500046409723,0.0,0.045453053106643146,150.13751755214503,9.728110062099122e-18,0.0,0.00014884971465314642,50.05334058241097,1.7036784353228957e-16,3.027962016685652e-19,1.2690449010578183e-32,1.428857593952381e-28,1.1996262588228654e-17,1.1608706771485278,2.831310726260048e-12,0.00020488091868354246,500000.0,500366.5286650254
0.3687134904928785,0.00011376454663644456,-2.256281962822758e-10,298.1500046407226,0.0,0.04545063436371603,150.1375196549508,9.727599441487342e-18,0.0,0.0001488497155383575,50.05334088022196,1.7035890105059164e-16,3.0276419695146224e-19,1.268957841506934e-32,1.4289309086290346e-28,1.1996262659837649e-17,1.160870684055586,2.8311621243574812e-12,0.0002048809187019038,500000.0,500366.5286657413
0.3697134904928785,0.0001137645464108285,-2.2561606191664814e-10,298.15000464047307,0.0,0.045448215750822,150.1375217576435,9.727088847586689e-18,0.0,0.00014884971642352098,50.053341178016936,1.7034995903669104e-16,3.0273219562306624e-19,1.268870789755974e-32,1.4290042272729987e-28,1.1996262731443046e-17,1.160870690962273,2.8310135302271947e-12,0.0002048809187202642,500000.0,500366.5286664572
0.3707134904928785,0.00011376454618522246,-2.2560602765294261e-10,298.15000464022387,0.0,0.04544579726795643,150.13752386023154,9.726578280397149e-18,0.0,0.00014884971730864515,50.0533414757987,1.7034101749057628e-16,3.027001976830989e-19,1.2687837458384738e-32,1.4290775498846742e-28,1.1996262803044059e-17,1.1608706978686532,2.830864943869157e-12,0.00020488091873862376,500000.0,500366.52866720187
0.3717134904928785,0.0001137645459596306,-2.255918605164893e-10,298.15000463997416,0.0,0.04544337891510722,150.1375259626984,9.726067739913861e-18,0.0,0.00014884971819371364,50.05334177356174,1.7033207641217345e-16,3.0266820313108183e-19,1.2686967096652086e-32,1.4291508764640332e-28,1.1996262874642024e-17,1.160870704774599,2.8307163652821794e-12,0.00020488091875698215,500000.0,500366.52866791806
0.3727134904928785,0.00011376454573405088,-2.2557972652255212e-10,298.1500046397247,0.0,0.0454409606922697,150.13752806505227,9.725557226137635e-18,0.0,0.00014884971907873454,50.053342071308776,1.7032313580148995e-16,3.026362119667199e-19,1.2686096813323475e-32,1.4292242070114977e-28,1.1996262946236217e-17,1.160870711680174,2.830567794466326e-12,0.00020488091877533959,500000.0,500366.5286686351
0.3737134904928785,0.00011376454550848118,-2.2556970152973208e-10,298.1500046394755,0.0,0.04543854259943925,150.13753016730138,9.725046739068317e-18,0.0,0.00014884971996371608,50.05334236904258,1.7031419565852618e-16,3.0260422418968734e-19,1.2685226607935305e-32,1.4292975415272532e-28,1.199626301782621e-17,1.1608707185854417,2.830419231421524e-12,0.00020488091879369619,500000.0,500366.5286693802
0.3747134904928785,0.00011376454528292564,-2.255555383270248e-10,298.15000463922587,0.0,0.04543612463660378,150.13753226942944,9.724536278701626e-18,0.0,0.00014884972084864203,50.053342666757686,1.7030525598320726e-16,3.025722397995454e-19,1.2684356480234862e-32,1.4293708800111449e-28,1.1996263089411994e-17,1.160870725490276,2.830270676146561e-12,0.00020488091881205162,500000.0,500366.52867009735
0.3757134904928785,0.00011376454505738223,-2.2554340319074445e-10,298.15000463897644,0.0,0.045433706803758626,150.13753437144453,9.724025845037584e-18,0.0,0.00014884972173352038,50.053342964456796,1.702963167755325e-16,3.025402587959606e-19,1.2683486430655386e-32,1.429444222463986e-28,1.1996263160994646e-17,1.1608707323947391,2.8301221286414814e-12,0.0002048809188304061,500000.0,500366.528670815
0.3767134904928785,0.00011376454483184887,-2.2553337222775193e-10,298.1500046387273,0.0,0.045431289100899136,150.1375364733548,9.723515438075861e-18,0.0,0.00014884972261835933,50.05334326214265,1.702873780354918e-16,3.0250828117863503e-19,1.26826164592012e-32,1.429517568885637e-28,1.1996263232572747e-17,1.1608707392988948,2.8299735889062005e-12,0.00020488091884875975,500000.0,500366.5286715605
0.3777134904928785,0.00011376454460632966,-2.255192191658685e-10,298.15000463847764,0.0,0.045428871528013275,150.13753857514408,9.723005057813088e-18,0.0,0.00014884972350314273,50.05334355980982,1.7027843976303527e-16,3.024763069471241e-19,1.268174656531664e-32,1.4295909192761593e-28,1.199626330414681e-17,1.1608707462026175,2.8298250569396344e-12,0.00020488091886711226,500000.0,500366.5286722782
0.3787134904928785,0.00011376454438082258,-2.255070749901023e-10,298.1500046382283,0.0,0.0454264540850963,150.13754067682032,9.722494704248716e-18,0.0,0.00014884972438787848,50.05334385746098,1.7026950195814741e-16,3.024443361010985e-19,1.268087674954682e-32,1.429664273635796e-28,1.199626337571771e-17,1.1608707531059683,2.8296765327417422e-12,0.0002048809188854638,500000.0,500366.5286729966
0.3797134904928785,0.0001137645441553276,-2.2549497930189492e-10,298.15000463797895,0.0,0.04542403677214118,150.1375427783837,9.72198437738152e-18,0.0,0.00014884972527256675,50.05334415509618,1.7026056462080674e-16,3.0241236864019717e-19,1.2680007011667428e-32,1.4297376319650371e-28,1.1996263447285e-17,1.1608707600089494,2.8295280163120627e-12,0.00020488091890381432,500000.0,500366.528673715
0.3807134904928785,0.00011376454392984266,-2.2548495864687324e-10,298.1500046377298,0.0,0.045421619589143224,150.13754487984235,9.721474077211175e-18,0.0,0.00014884972615721565,50.053344452718115,1.7025162775100865e-16,3.023804045641287e-19,1.2679137351908765e-32,1.429810994263949e-28,1.1996263518848542e-17,1.160870766911623,2.8293795076505817e-12,0.00020488091892216403,500000.0,500366.5286744613
0.3817134904928785,0.00011376454370437185,-2.254707950776662e-10,298.1500046374803,0.0,0.04541920253609041,150.1375469811801,9.720963803733704e-18,0.0,0.0001488497270418091,50.053344750321415,1.702426913486841e-16,3.02348443872409e-19,1.2678267769499313e-32,1.4298843605324215e-28,1.1996263590406956e-17,1.160870773813864,2.8292310067561946e-12,0.00020488091894051258,500000.0,500366.5286751806
0.3827134904928785,0.00011376454347891319,-2.2545866200205454e-10,298.150004637231,0.0,0.04541678561297797,150.13754908240472,9.72045355694935e-18,0.0,0.00014884972792635485,50.05334504790868,1.7023375541383697e-16,3.0231648656475013e-19,1.2677398265460324e-32,1.429957730770975e-28,1.199626366196228e-17,1.1608707807157332,2.8290825136288593e-12,0.00020488091895886016,500000.0,500366.52867589955
0.3837134904928785,0.00011376454325346663,-2.2544656346168966e-10,298.1500046369817,0.0,0.045414368819798864,150.13755118351654,9.719943336856628e-18,0.0,0.0001488497288108531,50.05334534547996,1.7022481994644424e-16,3.022845326407789e-19,1.2676528839119725e-32,1.4300311049798082e-28,1.1996263733514233e-17,1.1608707876172317,2.828934028268153e-12,0.00020488091897720675,500000.0,500366.52867661876
0.3847134904928785,0.00011376454302803008,-2.2543654738692911e-10,298.1500046367326,0.0,0.04541195215654845,150.1375532845237,9.71943314345557e-18,0.0,0.00014884972969531207,50.05334564303804,1.7021588494649557e-16,3.022525821002078e-19,1.2675659490893975e-32,1.4301044831591073e-28,1.1996263805061946e-17,1.1608707945184242,2.8287855506740415e-12,0.0002048809189955525,500000.0,500366.52867736627
0.3857134904928785,0.00011376454280260769,-2.254223885667153e-10,298.1500046364831,0.0,0.045409535623214675,150.1375553854099,9.718922976742075e-18,0.0,0.0001488497305797155,50.05334594057745,1.702069504139313e-16,3.022206349425692e-19,1.26747902200421e-32,1.4301778653087057e-28,1.1996263876605256e-17,1.1608708014191833,2.828637080845396e-12,0.0002048809190138971,500000.0,500366.5286780862
0.3867134904928785,0.00011376454257719744,-2.2541025350010064e-10,298.15000463623386,0.0,0.04540711921979278,150.13755748618306,9.718412836715148e-18,0.0,0.00014884973146407125,50.053346238100815,1.701980163487279e-16,3.021886911675284e-19,1.2673921027274015e-32,1.430251251429318e-28,1.1996263948145494e-17,1.160870808319571,2.828488618782114e-12,0.00020488091903224075,500000.0,500366.52867880603
0.3877134904928785,0.00011376454235179928,-2.2539815345926477e-10,298.1500046359846,0.0,0.04540470294627572,150.13755958684337,9.717902723375027e-18,0.0,0.00014884973234837953,50.05334653560823,1.7018908275089317e-16,3.021567507747583e-19,1.2673051912495475e-32,1.430324641520854e-28,1.199626401968132e-17,1.1608708152195881,2.828340164483963e-12,0.0002048809190505834,500000.0,500366.5286795263
0.3887134904928785,0.00011376454212641324,-2.2538605750277659e-10,298.1500046357354,0.0,0.04540228680265635,150.13756168739076,9.71739263671939e-18,0.0,0.0001488497332326403,50.05334683309967,1.701801496203852e-16,3.0212481376388135e-19,1.26721828753743e-32,1.4303980355837082e-28,1.1996264091213887e-17,1.1608708221192345,2.8281917179503933e-12,0.00020488091906892505,500000.0,500366.52868024644
0.3897134904928785,0.00011376454190103719,-2.253760426527301e-10,298.1500046354864,0.0,0.04539987078893009,150.13756378783367,9.716882576748283e-18,0.0,0.0001488497341168618,50.05334713057789,1.7017121695719981e-16,3.02092880134589e-19,1.2671313916251777e-32,1.4304714336178128e-28,1.1996264162742682e-17,1.1608708290185752,2.8280432791813564e-12,0.0002048809190872659,500000.0,500366.52868099516
0.3907134904928785,0.00011376454167567529,-2.2536189066577695e-10,298.150004635237,0.0,0.04539745490508483,150.1375658881556,9.716372543457531e-18,0.0,0.00014884973500102784,50.053347428037455,1.7016228476127222e-16,3.020609498864335e-19,1.2670445034609984e-32,1.4305448356234858e-28,1.199626423426668e-17,1.1608708359174826,2.8278948481757747e-12,0.00020488091910560562,500000.0,500366.5286817161
0.3917134904928785,0.00011376454145032554,-2.2534976086659364e-10,298.1500046349878,0.0,0.04539503915111586,150.1375679883645,9.715862536847083e-18,0.0,0.00014884973588514617,50.05334772548099,1.7015335303259486e-16,3.020290230190942e-19,1.2669576231017427e-32,1.4306182416010314e-28,1.1996264305787635e-17,1.1608708428160184,2.827746424933629e-12,0.00020488091912394433,500000.0,500366.5286824371
0.3927134904928785,0.00011376454122498787,-2.2533766460429464e-10,298.1500046347386,0.0,0.045392623527016125,150.13757008846062,9.71535255691648e-18,0.0,0.00014884973676921706,50.053348022908565,1.7014442177116222e-16,3.019970995322414e-19,1.266870750530272e-32,1.4306916515504312e-28,1.1996264377303844e-17,1.160870849714184,2.8275980094545482e-12,0.00020488091914228206,500000.0,500366.5286831584
0.3937134904928785,0.0001137645409996623,-2.253255779115578e-10,298.1500046344894,0.0,0.0453902080327785,150.13757218844395,9.714842603663087e-18,0.0,0.00014884973765324052,50.053348320320204,1.7013549097692945e-16,3.019651794254836e-19,1.2667838857136595e-32,1.4307650654720939e-28,1.1996264448817424e-17,1.1608708566119799,2.827449601737996e-12,0.0002048809191606188,500000.0,500366.52868388
0.3947134904928785,0.00011376454077434882,-2.2531347799202934e-10,298.1500046342403,0.0,0.04538779266839585,150.13757428831445,9.714332677085733e-18,0.0,0.00014884973853721646,50.05334861771586,1.701265606498771e-16,3.019332626984465e-19,1.2666970286763828e-32,1.4308384833661644e-28,1.1996264520326582e-17,1.1608708635094052,2.8273012017835954e-12,0.00020488091917895455,500000.0,500366.5286846019
0.3957134904928785,0.00011376454054904743,-2.2530137766766429e-10,298.15000463399116,0.0,0.04538537743386107,150.13757638807212,9.713822777183921e-18,0.0,0.00014884973942114497,50.05334891509556,1.701176307899911e-16,3.0190134935083156e-19,1.2666101794472178e-32,1.4309119052329343e-28,1.1996264591831777e-17,1.1608708704064605,2.827152809591096e-12,0.00020488091919728933,500000.0,500366.5286853238
0.3967134904928785,0.00011376454032375814,-2.2528928913411754e-10,298.15000463374207,0.0,0.04538296232916703,150.13757848771704,9.713312903955233e-18,0.0,0.00014884974030502602,50.05334921245931,1.7010870139722972e-16,3.0186943938221923e-19,1.2665233379510516e-32,1.4309853310721434e-28,1.1996264663333399e-17,1.160870877303146,2.827004425159934e-12,0.0002048809192156231,500000.0,500366.52868604625
0.3977134904928785,0.00011376454009848094,-2.2527719638770613e-10,298.1500046334929,0.0,0.045380547354306626,150.13758058724915,9.712803057398869e-18,0.0,0.0001488497411888596,50.05334950980709,1.7009977247158438e-16,3.018375327922909e-19,1.2664365042614953e-32,1.4310587608845188e-28,1.1996264734831315e-17,1.1608708841994608,2.8268560484897884e-12,0.0002048809192339559,500000.0,500366.5286867686
0.3987134904928785,0.00011376453987321376,-2.2526719065855528e-10,298.15000463324407,0.0,0.0453781325092752,150.13758268667664,9.712293237514531e-18,0.0,0.00014884974207265384,50.05334980714164,1.7009084401304687e-16,3.018056295807085e-19,1.2663496783383916e-32,1.4311321946701758e-28,1.1996264806325003e-17,1.160870891095469,2.8267076795806024e-12,0.0002048809192522879,500000.0,500366.5286875192
0.3997134904928785,0.00011376453964796072,-2.2525303961345588e-10,298.1500046329948,0.0,0.04537571779406072,150.13758478598325,9.711783444298017e-18,0.0,0.00014884974295639264,50.05335010445754,1.7008191602154637e-16,3.0177372974702197e-19,1.2662628601604096e-32,1.4312056324289632e-28,1.1996264877815373e-17,1.1608708979910447,2.8265593184311572e-12,0.00020488091927061875,500000.0,500366.52868824214
0.4007134904928785,0.00011376453942271978,-2.252409236803312e-10,298.1500046327457,0.0,0.045373303208658504,150.13758688517706,9.71127367774976e-18,0.0,0.00014884974384008393,50.053350401757484,1.700729884970857e-16,3.0174183329093587e-19,1.26617604979157e-32,1.4312790741613842e-28,1.199626494930121e-17,1.1608709048862498,2.8264109650415557e-12,0.0002048809192889486,500000.0,500366.5286889656
0.4017134904928785,0.00011376453919749097,-2.2522882597406224e-10,298.15000463249663,0.0,0.0453708887530614,150.13758898425795,9.710763937868087e-18,0.0,0.00014884974472372762,50.0533506990414,1.7006406143963268e-16,3.017099402121037e-19,1.266089247188187e-32,1.431352519867684e-28,1.1996265020783158e-17,1.1608709117810838,2.826262619411287e-12,0.00020488091930727747,500000.0,500366.52868968854
0.4027134904928785,0.00011376453897227423,-2.2521673707792103e-10,298.1500046322476,0.0,0.04536847442726235,150.13759108322614,9.710254224651649e-18,0.0,0.0001488497456073239,50.0533509963094,1.7005513484917427e-16,3.0167805051013047e-19,1.2660024523332784e-32,1.4314259695478252e-28,1.1996265092262008e-17,1.1608709186755481,2.826114281540074e-12,0.00020488091932560536,500000.0,500366.5286904121
0.4037134904928785,0.00011376453874706958,-2.2520464803530324e-10,298.15000463199857,0.0,0.04536606023125424,150.13759318208156,9.709744538099237e-18,0.0,0.00014884974649087275,50.05335129356143,1.7004620872568293e-16,3.0164616418468606e-19,1.2659156652696323e-32,1.4314994232020183e-28,1.19962651637364e-17,1.1608709255696428,2.825965951427422e-12,0.00020488091934393226,500000.0,500366.5286911358
0.4047134904928785,0.00011376453852187701,-2.2519255722816508e-10,298.15000463174954,0.0,0.04536364616502994,150.13759528082426,9.709234878209186e-18,0.0,0.0001488497473743742,50.053351590797526,1.7003728306912594e-16,3.0161428123540464e-19,1.265828885964615e-32,1.4315728808307365e-28,1.1996265235207256e-17,1.1608709324633675,2.8258176290729113e-12,0.00020488091936225817,500000.0,500366.5286918599
0.4057134904928785,0.00011376453829669654,-2.2518047001850875e-10,298.15000463150056,0.0,0.04536123222858232,150.1375973794542,9.708725244980132e-18,0.0,0.00014884974825782815,50.05335188801766,1.7002835787948802e-16,3.015824016619127e-19,1.26574211442164e-32,1.431646342434048e-28,1.1996265306673905e-17,1.1608709393567218,2.825669314476189e-12,0.00020488091938058312,500000.0,500366.5286925842
0.4067134904928785,0.00011376453807152816,-2.251683846055697e-10,298.1500046312516,0.0,0.04535881842190427,150.13759947797138,9.708215638410836e-18,0.0,0.00014884974914123467,50.053352185221826,1.7001943315674357e-16,3.01550525463855e-19,1.265655350651244e-32,1.4317198080120455e-28,1.1996265378137771e-17,1.1608709462497062,2.8255210076368303e-12,0.00020488091939890705,500000.0,500366.5286933087
0.4077134904928785,0.00011376453784637187,-2.2515629927665062e-10,298.1500046310026,0.0,0.04535640474498869,150.13760157637577,9.70770605849958e-18,0.0,0.00014884975002459373,50.05335248241004,1.7001050890085952e-16,3.0151865264089293e-19,1.265568594654921e-32,1.431793277565004e-28,1.1996265449596397e-17,1.1608709531423202,2.8253727085543526e-12,0.00020488091941723002,500000.0,500366.5286940331
0.40871349049287853,0.00011376453762122766,-2.2514420550190856e-10,298.15000463075364,0.0,0.04535399119782845,150.13760367466747,9.707196505245717e-18,0.0,0.00014884975090790535,50.05335277958231,1.700015851118275e-16,3.014867831926606e-19,1.26548184641376e-32,1.4318667510931772e-28,1.1996265521052199e-17,1.1608709600345646,2.8252244172285106e-12,0.000204880919435552,500000.0,500366.52869475796
0.40971349049287853,0.00011376453739609555,-2.251321227719327e-10,298.1500046305047,0.0,0.045351577780416444,150.13760577284643,9.706686978646727e-18,0.0,0.00014884975179116954,50.05335307673862,1.699926617896039e-16,3.0145491711877793e-19,1.265395105928296e-32,1.4319402285965253e-28,1.1996265592504078e-17,1.160870966926439,2.8250761336588205e-12,0.00020488091945387301,500000.0,500366.528695483
0.41071349049287853,0.00011376453717097551,-2.2512004202159927e-10,298.1500046302558,0.0,0.04534916449274558,150.13760787091272,9.706177478702345e-18,0.0,0.00014884975267438633,50.053353373879,1.699837389341821e-16,3.01423054418927e-19,1.265308373229507e-32,1.4320137100754605e-28,1.1996265663951463e-17,1.1608709738179435,2.824927857844873e-12,0.00020488091947219302,500000.0,500366.52869620826
0.41171349049287853,0.00011376453694586755,-2.2510796152964273e-10,298.1500046300069,0.0,0.04534675133480873,150.13760996886631,9.705668005411124e-18,0.0,0.0001488497535575557,50.053353671003435,1.699748165455361e-16,3.013911950927308e-19,1.265221648273803e-32,1.4320871955301528e-28,1.199626573539467e-17,1.1608709807090785,2.824779589786309e-12,0.00020488091949051205,500000.0,500366.528696934
0.41271349049287853,0.00011376453672077169,-2.250958796589798e-10,298.150004629758,0.0,0.04534433830659876,150.13761206670716,9.705158558770725e-18,0.0,0.00014884975444067765,50.0533539681119,1.6996589462363082e-16,3.0135933913981704e-19,1.2651349310766088e-32,1.4321606849608758e-28,1.199626580683539e-17,1.1608709875998433,2.824631329482609e-12,0.0002048809195088301,500000.0,500366.5286976597
0.41371349049287853,0.00011376453649568789,-2.250837948525948e-10,298.15000462950906,0.0,0.0453419254081086,150.13761416443535,9.704649138780297e-18,0.0,0.0001488497553237522,50.053354265204455,1.699569731684421e-16,3.013274865598334e-19,1.2650482216471298e-32,1.4322341783677907e-28,1.19962658782716e-17,1.160870994490239,2.8244830769335273e-12,0.00020488091952714716,500000.0,500366.52869838575
0.41471349049287853,0.00011376453627061617,-2.2507170562963003e-10,298.1500046292602,0.0,0.04533951263933111,150.13761626205084,9.704139745438648e-18,0.0,0.00014884975620677932,50.05335456228105,1.6994805217995742e-16,3.0129563735242885e-19,1.264961519979112e-32,1.4323076757509262e-28,1.1996265949703616e-17,1.1608710013802643,2.8243348321385973e-12,0.00020488091954546324,500000.0,500366.528699112
0.41571349049287853,0.00011376453604555654,-2.250596312843876e-10,298.15000462901133,0.0,0.04533710000025918,150.13761835955364,9.703630378744328e-18,0.0,0.00014884975708975902,50.0533548593417,1.6993913165814728e-16,3.0126379151724973e-19,1.2648748260688765e-32,1.4323811771105126e-28,1.1996266021132318e-17,1.1608710082699198,2.824186595097385e-12,0.00020488091956377834,500000.0,500366.52869983844
0.41671349049287854,0.00011376453582051108,-2.250454630139976e-10,298.1500046287623,0.0,0.0453346874908832,150.1376204569355,9.703121038694547e-18,0.0,0.00014884975797268312,50.05335515638366,1.6993021160296493e-16,3.0123194905389023e-19,1.264788139900806e-32,1.4324546824467458e-28,1.199626609255695e-17,1.1608710151591421,2.824038365809169e-12,0.00020488091958209228,500000.0,500366.5287005371
0.41771349049287854,0.00011376453559547355,-2.25037529790758e-10,298.1500046285139,0.0,0.045332275111203524,150.1376225542211,9.702611725291794e-18,0.0,0.00014884975885557609,50.05335545341514,1.6992129201444874e-16,3.0120010996212577e-19,1.264701461533749e-32,1.432528191760457e-28,1.1996266163978234e-17,1.160871022048121,2.823890144274601e-12,0.00020488091960040557,500000.0,500366.52870129206
0.41871349049287854,0.00011376453537045221,-2.2502133134742058e-10,298.15000462826464,0.0,0.04532986286120317,150.13762465137776,9.702102438529343e-18,0.0,0.00014884975973840554,50.05335575042525,1.699123728924873e-16,3.0116827424141408e-19,1.264614790848318e-32,1.4326017050506968e-28,1.1996266235394422e-17,1.1608710289366047,2.82374193049179e-12,0.00020488091961871752,500000.0,500366.5287019913
0.41971349049287854,0.00011376453514543884,-2.25013372821072e-10,298.15000462801623,0.0,0.045327450740884845,150.137626748438,9.701593178411628e-18,0.0,0.0001488497606212037,50.053356047424856,1.6990345423715312e-16,3.0113644189157417e-19,1.26452812799594e-32,1.4326752223186194e-28,1.199626630680806e-17,1.1608710358248444,2.8235937244618534e-12,0.00020488091963702886,500000.0,500366.5287027465
0.42071349049287854,0.00011376453492044166,-2.2499717466681649e-10,298.15000462776703,0.0,0.04532503875023164,150.1376288453694,9.701083944931072e-18,0.0,0.0001488497615039383,50.0533563444031,1.6989453604832303e-16,3.011046129120742e-19,1.2644414728240556e-32,1.4327487435637948e-28,1.1996266378216721e-17,1.1608710427125888,2.8234455261829582e-12,0.00020488091965533887,500000.0,500366.5287034463
0.42171349049287854,0.00011376453469545453,-2.2498712741885414e-10,298.1500046275184,0.0,0.04532262688924374,150.1376309421961,9.700574738091512e-18,0.0,0.00014884976238663345,50.05335664136806,1.6988561832605228e-16,3.010727873027036e-19,1.2643548254737727e-32,1.4328222687868189e-28,1.1996266449622628e-17,1.1608710496000254,2.8232973356558105e-12,0.00020488091967364806,500000.0,500366.5287041741
0.42271349049287854,0.00011376453447047953,-2.2497499835736377e-10,298.1500046272697,0.0,0.04532021515791159,150.13763303891,9.700065557890865e-18,0.0,0.00014884976326928103,50.05335693831703,1.6987670107031e-16,3.01040965057742e-19,1.2642681791729242e-32,1.4328957979876407e-28,1.1996266521025058e-17,1.1608710564870908,2.8231491528801024e-12,0.00020488091969195628,500000.0,500366.5287049013
0.42371349049287854,0.00011376453424551669,-2.249628497385926e-10,298.15000462702096,0.0,0.045317803556228026,150.13763513551092,9.699556404324331e-18,0.0,0.00014884976415188088,50.05335723524995,1.6986778428101217e-16,3.010091461874217e-19,1.2641815501551503e-32,1.4329693311667646e-28,1.1996266592422842e-17,1.160871063373784,2.8230009778543165e-12,0.0002048809197102635,500000.0,500366.5287056274
0.42471349049287854,0.00011376453402056597,-2.2495070849858607e-10,298.15000462677216,0.0,0.04531539208418598,150.13763723199898,9.699047277392436e-18,0.0,0.00014884976503443313,50.05335753216686,1.6985886795816656e-16,3.0097733068610626e-19,1.264094924495586e-32,1.4330428683241007e-28,1.1996266663816273e-17,1.160871070260106,2.8228528105786e-12,0.00020488091972856973,500000.0,500366.528706353
0.42571349049287854,0.00011376453379562744,-2.2493853814964346e-10,298.15000462652347,0.0,0.04531298074177827,150.13763932837398,9.698538177094478e-18,0.0,0.00014884976591693756,50.05335782906769,1.6984995210176083e-16,3.009455185534481e-19,1.264008307775025e-32,1.4331164094601277e-28,1.1996266735206442e-17,1.1608710771460549,2.822704651052601e-12,0.00020488091974687496,500000.0,500366.5287070775
0.42671349049287854,0.00011376453357070104,-2.2492639369819193e-10,298.1500046262747,0.0,0.045310569528997875,150.13764142463614,9.698029103427917e-18,0.0,0.00014884976679939438,50.05335812595252,1.6984103671175298e-16,3.009137097890479e-19,1.2639216990491838e-32,1.4331899545748147e-28,1.1996266806592717e-17,1.1608710840316327,2.8225564992759218e-12,0.00020488091976517922,500000.0,500366.5287078013
0.42771349049287855,0.00011376453334578681,-2.249142446529116e-10,298.15000462602603,0.0,0.04530815844583762,150.13764352078536,9.69752005639206e-18,0.0,0.00014884976768180349,50.05335842282128,1.6983212178812842e-16,3.0088190439257885e-19,1.2638350981559718e-32,1.4332635036682884e-28,1.199626687797498e-17,1.160871090916838,2.8224083552481227e-12,0.0002048809197834825,500000.0,500366.52870852425
0.42871349049287855,0.00011376453312088474,-2.249020896157005e-10,298.15000462577734,0.0,0.045305747492290424,150.1376456168216,9.697011035985721e-18,0.0,0.00014884976856416484,50.053358719674,1.6982320733086732e-16,3.008501023636861e-19,1.2637485050168277e-32,1.4333370567409269e-28,1.1996266949354103e-17,1.1608710978016712,2.8222602189688495e-12,0.0002048809198017848,500000.0,500366.5287092463
0.42971349049287855,0.00011376453289599478,-2.2488994795950463e-10,298.15000462552865,0.0,0.04530333666834923,150.1376477127451,9.696502042206895e-18,0.0,0.00014884976944647864,50.05335901651074,1.698142933399377e-16,3.0081830370198964e-19,1.2636619196140432e-32,1.4334106137929918e-28,1.1996267020728939e-17,1.1608711046861335,2.8221120904375906e-12,0.0002048809198200861,500000.0,500366.528709968
0.43071349049287855,0.00011376453267111699,-2.2487778980474614e-10,298.15000462527996,0.0,0.04530092597400685,150.13764980855558,9.69599307505478e-18,0.0,0.00014884977032874466,50.0533593133314,1.6980537981531734e-16,3.007865084071619e-19,1.2635753419759913e-32,1.4334841748244488e-28,1.1996267092099428e-17,1.1608711115702235,2.82196396965409e-12,0.00020488091983838637,500000.0,500366.52871068846
0.43171349049287855,0.00011376453244625135,-2.248656419387192e-10,298.15000462503133,0.0,0.04529851540925623,150.13765190425318,9.6954841345273e-18,0.0,0.00014884977121096306,50.05335961013604,1.6979646675697836e-16,3.007547164788138e-19,1.2634887720602567e-32,1.433557739835646e-28,1.1996267163467269e-17,1.1608711184539415,2.8218158566178106e-12,0.0002048809198566857,500000.0,500366.5287114082
0.43271349049287855,0.00011376453222139786,-2.2485349533575112e-10,298.1500046247827,0.0,0.04529610497409025,150.13765399983785,9.694975220623533e-18,0.0,0.00014884977209313373,50.05335990692465,1.697875541648992e-16,3.007229279166035e-19,1.2634022099020478e-32,1.43363130882682e-28,1.199626723482959e-17,1.1608711253372874,2.8216677513284863e-12,0.00020488091987498402,500000.0,500366.528712127
0.43371349049287855,0.00011376453199655648,-2.2484135521296174e-10,298.15000462453406,0.0,0.04529369466850183,150.1376560953098,9.694466333342338e-18,0.0,0.00014884977297525685,50.05336020369726,1.6977864203906437e-16,3.0069114272017873e-19,1.2633156554844745e-32,1.4337048817980422e-28,1.199626730618937e-17,1.160871132220263,2.8215196537856515e-12,0.00020488091989328137,500000.0,500366.5287128456
0.4347134904928785,0.00011376453177172728,-2.2482920583003735e-10,298.1500046242855,0.0,0.04529128449248384,150.13765819066876,9.69395747268202e-18,0.0,0.00014884977385733222,50.053360500453806,1.6976973037943805e-16,3.0065936088918827e-19,1.2632291088084e-32,1.4337784587495855e-28,1.199626737754544e-17,1.1608711391028657,2.8213715639888837e-12,0.00020488091991157772,500000.0,500366.5287135629
0.4357134904928785,0.00011376453154690812,-2.2481915246905032e-10,298.1500046240371,0.0,0.045288874446031684,150.1376602859232,9.693448638642327e-18,0.0,0.00014884977473936814,50.053360797197094,1.6976081918601828e-16,3.006275824232926e-19,1.2631425698701359e-32,1.433852039681589e-28,1.199626744889725e-17,1.1608711459851608,2.821223481938134e-12,0.00020488091992987325,500000.0,500366.5287143077
0.4367134904928785,0.00011376453132210318,-2.248049416587465e-10,298.1500046237883,0.0,0.04528646452913329,150.13766238105657,9.69293983121913e-18,0.0,0.00014884977562134834,50.05336109392163,1.6975190845873848e-16,3.005958073220491e-19,1.2630560386482957e-32,1.4339256245943854e-28,1.1996267520245193e-17,1.160871152867021,2.8210754076322845e-12,0.00020488091994816761,500000.0,500366.5287150236
0.4377134904928785,0.00011376453109731041,-2.2479277512586464e-10,298.1500046235397,0.0,0.04528405474178399,150.137664476077,9.6924310504133e-18,0.0,0.00014884977650328073,50.053361390630116,1.69742998197606e-16,3.005640355851773e-19,1.2629695152060062e-32,1.4339992134879067e-28,1.1996267591588487e-17,1.1608711597485086,2.8209273410713853e-12,0.00020488091996646098,500000.0,500366.5287157386
0.4387134904928785,0.00011376453087252769,-2.247827143894604e-10,298.15000462329135,0.0,0.045281645083979215,150.13766657099276,9.691922296223986e-18,0.0,0.00014884977738517365,50.05336168732531,1.6973408840260738e-16,3.005322672123485e-19,1.262882999490563e-32,1.4340728063626615e-28,1.1996267662929323e-17,1.1608711666296883,2.8207792822551604e-12,0.00020488091998475353,500000.0,500366.52871648065
0.4397134904928785,0.00011376453064775916,-2.247685124018732e-10,298.1500046230426,0.0,0.04527923555570691,150.13766866578766,9.691413568647568e-18,0.0,0.00014884977826701087,50.05336198400179,1.697251790736857e-16,3.005005022031097e-19,1.2627964914778652e-32,1.4341464032186997e-28,1.1996267734265248e-17,1.1608711735104338,2.82063123118287e-12,0.00020488092000304491,500000.0,500366.5287171942
0.4407134904928785,0.00011376453042300283,-2.247563355944152e-10,298.1500046227941,0.0,0.045276826156962366,150.13767076046946,9.690904867683199e-18,0.0,0.00014884977914880022,50.053362280662164,1.6971627021081934e-16,3.004687405571388e-19,1.2627099912269588e-32,1.4342200040562387e-28,1.1996267805598499e-17,1.1608711803908058,2.82048318785409e-12,0.0002048809200213353,500000.0,500366.52871790685
0.4417134904928785,0.00011376453019825655,-2.2474628782467574e-10,298.1500046225458,0.0,0.04527441688774105,150.1376728550468,9.690396193331774e-18,0.0,0.00014884978003055016,50.05336257730928,1.6970736181402601e-16,3.004369822741418e-19,1.2626234987277405e-32,1.4342936088755029e-28,1.1996267876927308e-17,1.1608711872708704,2.8203351522689626e-12,0.0002048809200396249,500000.0,500366.5287186466
0.4427134904928785,0.00011376452997352446,-2.2473208640541327e-10,298.1500046222971,0.0,0.045272007748030904,150.1376749495031,9.689887545588495e-18,0.0,0.00014884978091224437,50.053362873937665,1.6969845388322368e-16,3.004052273536529e-19,1.2625370139155918e-32,1.4343672176765741e-28,1.1996267948251768e-17,1.1608711941505006,2.8201871244263328e-12,0.00020488092005791332,500000.0,500366.5287193577
0.4437134904928785,0.00011376452974880246,-2.2472200482554762e-10,298.1500046220488,0.0,0.04526959873782973,150.13767704385472,9.689378924455203e-18,0.0,0.000148849781793899,50.05336317055274,1.6968954641843969e-16,3.0037347579542123e-19,1.2624505368872617e-32,1.434440830459807e-28,1.199626801957381e-17,1.1608712010298217,2.820039104326549e-12,0.00020488092007620094,500000.0,500366.5287200957
0.4447134904928785,0.00011376452952409465,-2.2470780941099333e-10,298.1500046218001,0.0,0.045267189857125543,150.13767913808542,9.688870329928071e-18,0.0,0.00014884978267549798,50.05336346714909,1.6968063941961342e-16,3.0034172759902434e-19,1.262364067558306e-32,1.4345144472252464e-28,1.1996268090890318e-17,1.160871207908709,2.8198910919684768e-12,0.0002048809200944874,500000.0,500366.5287208053
0.4457134904928785,0.00011376452929939693,-2.2469772339961824e-10,298.1500046215519,0.0,0.045264781105916106,150.1376812322114,9.688361762007561e-18,0.0,0.00014884978355705732,50.05336376373211,1.6967173288674516e-16,3.003099827641541e-19,1.2622776059733767e-32,1.434588067973209e-28,1.1996268162203684e-17,1.1608712147872868,2.8197430873524485e-12,0.00020488092011277303,500000.0,500366.5287215416
0.4467134904928785,0.0001137645290747134,-2.2468353432997789e-10,298.15000462130325,0.0,0.045262372484189455,150.1376833262165,9.687853220689861e-18,0.0,0.00014884978443856095,50.05336406029642,1.6966282681977605e-16,3.002782412903584e-19,1.2621911520884807e-32,1.4346616927038751e-28,1.1996268233513122e-17,1.1608712216654307,2.819595090477231e-12,0.0002048809201310575,500000.0,500366.5287222495
0.4477134904928785,0.00011376452885003995,-2.2467345111193214e-10,298.15000462105496,0.0,0.045259963991943396,150.13768542011698,9.687344705976694e-18,0.0,0.00014884978532002507,50.05336435684742,1.6965392121873028e-16,3.0024650317740666e-19,1.2621047059904576e-32,1.434735321417378e-28,1.1996268304819154e-17,1.1608712285432663,2.8194471013432795e-12,0.00020488092014934117,500000.0,500366.52872298454
0.4487134904928785,0.00011376452862538071,-2.246592545568091e-10,298.1500046208064,0.0,0.04525755562916589,150.1376875138964,9.686836217863826e-18,0.0,0.00014884978620143338,50.05336465337967,1.696450160835378e-16,3.002147684248446e-19,1.262018267568439e-32,1.4348089541139578e-28,1.1996268376120956e-17,1.1608712354206665,2.8192991199494462e-12,0.00020488092016762366,500000.0,500366.5287236906
0.4497134904928785,0.00011376452840073151,-2.2464918168036904e-10,298.15000462055815,0.0,0.04525514739585482,150.13768960757133,9.68632775635245e-18,0.0,0.0001488497870828023,50.05336494989866,1.6963611141421707e-16,3.001830370323768e-19,1.2619318369001065e-32,1.4348825907938986e-28,1.1996268447419201e-17,1.1608712422977594,2.819151146296029e-12,0.00020488092018590534,500000.0,500366.528724424
0.4507134904928785,0.00011376452817609444,-2.2463707056862754e-10,298.15000462030974,0.0,0.04525273929200059,150.13769170113355,9.68581932143964e-18,0.0,0.0001488497879641236,50.05336524640165,1.6962720721071952e-16,3.0015130899962313e-19,1.2618454139496256e-32,1.4349562314572242e-28,1.1996268518714117e-17,1.1608712491744815,2.8190031803822387e-12,0.00020488092020418605,500000.0,500366.5287251566
0.4517134904928785,0.0001137645279514716,-2.2462284236358884e-10,298.1500046200612,0.0,0.04525033131759361,150.1376937945747,9.685310913123252e-18,0.0,0.0001488497888453891,50.053365542885864,1.6961830347300337e-16,3.0011958432619407e-19,1.2617589987186092e-32,1.435029876104248e-28,1.199626859000354e-17,1.1608712560507677,2.8188552222072945e-12,0.0002048809202224656,500000.0,500366.5287258605
0.4527134904928785,0.00011376452772685881,-2.2461278282843824e-10,298.15000461981305,0.0,0.045247923472631756,150.13769588791132,9.684802531403567e-18,0.0,0.0001488497897266151,50.05336583935681,1.6960940020107677e-16,3.000878630117882e-19,1.2616725912266826e-32,1.4351035247352753e-28,1.1996268661290634e-17,1.1608712629267461,2.818707271771567e-12,0.00020488092024074431,500000.0,500366.5287265917
0.4537134904928785,0.00011376452750225815,-2.2460066574351302e-10,298.1500046195647,0.0,0.04524551575710545,150.13769798113523,9.684294176278989e-18,0.0,0.00014884979060779353,50.05336613581174,1.6960049739490952e-16,3.000561450560356e-19,1.2615861914538557e-32,1.4351771773503688e-28,1.1996268732573458e-17,1.1608712698023538,2.81855932907429e-12,0.00020488092025902207,500000.0,500366.52872732177
0.4547134904928785,0.00011376452727766962,-2.245885334480738e-10,298.15000461931635,0.0,0.04524310817100759,150.13770007424634,9.683785847747852e-18,0.0,0.00014884979148892428,50.053366432250655,1.6959159505447703e-16,3.000244304585613e-19,1.2614997993937265e-32,1.435250833949489e-28,1.1996268803851942e-17,1.1608712766775895,2.8184113941150755e-12,0.00020488092027729884,500000.0,500366.5287280509
0.4557134904928785,0.00011376452705309529,-2.2457432001883164e-10,298.1500046190678,0.0,0.04524070071432863,150.13770216723657,9.6832775458066e-18,0.0,0.00014884979236999942,50.05336672867086,1.6958269317971186e-16,2.9999271921897206e-19,1.2614134150520176e-32,1.4353244945332234e-28,1.1996268875127118e-17,1.160871283552391,2.8182634668930994e-12,0.00020488092029557442,500000.0,500366.5287287517
0.4567134904928785,0.00011376452682852897,-2.2456632620281661e-10,298.15000461881993,0.0,0.04523829338706885,150.13770426013036,9.682769270459133e-18,0.0,0.00014884979325104308,50.05336702508047,1.6957379177068226e-16,2.999610113370465e-19,1.2613270384747785e-32,1.4353981591018544e-28,1.1996268946398793e-17,1.1608712904269474,2.8181155474091705e-12,0.00020488092031384936,500000.0,500366.5287295073
0.4577134904928785,0.00011376452660397889,-2.24550073194766e-10,298.1500046185712,0.0,0.04523588618921134,150.13770635289515,9.682261021698072e-18,0.0,0.000148849794132023,50.05336732146866,1.6956489082726593e-16,2.9992930681225556e-19,1.2612406695472012e-32,1.4354718276550056e-28,1.1996269017665504e-17,1.1608712973010065,2.817967635661272e-12,0.00020488092033212296,500000.0,500366.52873020637
0.4587134904928785,0.0001137645263794389,-2.245399869919445e-10,298.1500046183231,0.0,0.04523347912075633,150.13770844555532,9.681752799525689e-18,0.0,0.00014884979501296328,50.053367617843534,1.695559903494928e-16,2.9989760564436187e-19,1.2611543083960574e-32,1.4355455001933273e-28,1.1996269088929688e-17,1.160871304174757,2.8178197316501735e-12,0.00020488092035039578,500000.0,500366.5287309327
0.4597134904928785,0.00011376452615491103,-2.24527876228053e-10,298.1500046180749,0.0,0.04523107218169432,150.13771053810277,9.681244603939912e-18,0.0,0.00014884979589385605,50.053367914202404,1.69547090337333e-16,2.998659078329758e-19,1.2610679549400755e-32,1.4356191767171036e-28,1.1996269160189532e-17,1.1608713110481363,2.81767183537512e-12,0.0002048809203686676,500000.0,500366.52873165795
0.4607134904928785,0.00011376452593039527,-2.2451574712690367e-10,298.1500046178266,0.0,0.045228665372018216,150.1377126305376,9.680736434939171e-18,0.0,0.00014884979677470125,50.053368210545294,1.6953819079076082e-16,2.998342133777234e-19,1.260981609195746e-32,1.4356928572261226e-28,1.1996269231445734e-17,1.160871317921145,2.8175239468357484e-12,0.00020488092038693843,500000.0,500366.52873238263
0.4617134904928785,0.00011376452570589165,-2.245036196675094e-10,298.15000461757836,0.0,0.045226258691720894,150.13771472285967,9.68022829252196e-18,0.0,0.0001488497976554988,50.05336850687217,1.6952929170974224e-16,2.9980252227827515e-19,1.2608952711849417e-32,1.435766541720896e-28,1.1996269302697545e-17,1.160871324793782,2.8173760660315147e-12,0.0002048809204052083,500000.0,500366.5287331063
0.4627134904928785,0.00011376452548140015,-2.2449149215027313e-10,298.1500046173301,0.0,0.04522385214079529,150.13771681506907,9.679720176686787e-18,0.0,0.00014884979853624881,50.05336880318304,1.695203930942575e-16,2.9977083453425017e-19,1.2608089408720643e-32,1.4358402302015397e-28,1.1996269373945918e-17,1.1608713316660484,2.8172281929621586e-12,0.00020488092042347716,500000.0,500366.5287338294
0.4637134904928785,0.00011376452525692078,-2.2447936295872445e-10,298.1500046170819,0.0,0.04522144571923429,150.13771890716575,9.67921208743262e-18,0.0,0.0001488497994169512,50.0533690994779,1.695114949442866e-16,2.9973915014530916e-19,1.260722618286924e-32,1.4359139226681514e-28,1.1996269445190385e-17,1.1608713385379432,2.8170803276272805e-12,0.00020488092044174504,500000.0,500366.52873455145
0.4647134904928785,0.00011376452503245354,-2.2446723745633637e-10,298.1500046168337,0.0,0.0452190394270308,150.13772099914976,9.678704024758229e-18,0.0,0.00014884980029760604,50.05336939575676,1.6950259725980625e-16,2.9970746911111393e-19,1.2606363034187792e-32,1.4359876191211717e-28,1.1996269516431002e-17,1.160871345409467,2.8169324700264e-12,0.00020488092046001193,500000.0,500366.5287352729
0.4657134904928785,0.00011376452480799843,-2.2445511384376727e-10,298.15000461658553,0.0,0.04521663326417775,150.1377230910211,9.678195988661251e-18,0.0,0.00014884980117821323,50.05336969201962,1.6949370004077964e-16,2.9967579143124536e-19,1.2605499962306368e-32,1.436061319560571e-28,1.199626958766785e-17,1.1608713522806193,2.8167846201590744e-12,0.00020488092047827783,500000.0,500366.52873599355
0.4667134904928785,0.00011376452458355544,-2.2444298350879176e-10,298.1500046163374,0.0,0.04521422723066802,150.1377251827797,9.677687979141356e-18,0.0,0.00014884980205877283,50.05336998826646,1.6948480328719677e-16,2.9964411710541046e-19,1.260463696798776e-32,1.436135023986763e-28,1.199626965890083e-17,1.1608713591514006,2.8166367780249762e-12,0.00020488092049654273,500000.0,500366.52873671334
0.4677134904928785,0.00011376452435912458,-2.2443087276441819e-10,298.1500046160892,0.0,0.04521182132649456,150.13772727442566,9.677179996196762e-18,0.0,0.00014884980293928486,50.05337028449731,1.6947590699902852e-16,2.9961244613321866e-19,1.2603774050476632e-32,1.436208732399565e-28,1.1996269730130166e-17,1.1608713660218108,2.8164889436237704e-12,0.00020488092051480666,500000.0,500366.5287374321
0.4687134904928785,0.00011376452413470583,-2.2441874453034133e-10,298.15000461584106,0.0,0.04520941555165026,150.137729365959,9.676672039825723e-18,0.0,0.00014884980381974937,50.05337058071218,1.6946701117623925e-16,2.9958077851433305e-19,1.260291121021674e-32,1.4362824447996242e-28,1.1996269801355594e-17,1.1608713728918503,2.816341116954954e-12,0.00020488092053306961,500000.0,500366.5287381505
0.4697134904928785,0.00011376452391029921,-2.2440661874488374e-10,298.15000461559293,0.0,0.04520700990612802,150.1377314573796,9.676164110027897e-18,0.0,0.00014884980470016623,50.05337087691104,1.6945811581883399e-16,2.9954911424839177e-19,1.2602048446980676e-32,1.4363561611868427e-28,1.1996269872576664e-17,1.1608713797615184,2.8161932980181417e-12,0.00020488092055133156,500000.0,500366.52873886784
0.47071349049287853,0.0001137645236859047,-2.2439450057065288e-10,298.1500046153448,0.0,0.04520460438992078,150.1377335486876,9.675656206800778e-18,0.0,0.00014884980558053554,50.0533711730939,1.69449220926759e-16,2.9951745333502444e-19,1.2601185760772163e-32,1.436429881561557e-28,1.1996269943794892e-17,1.1608713866308158,2.8160454868130084e-12,0.00020488092056959254,500000.0,500366.5287395844
0.47171349049287853,0.00011376452346152024,-2.2438446686543664e-10,298.15000461509686,0.0,0.0452021990030239,150.13773563989122,9.675148330144843e-18,0.0,0.00014884980646086548,50.053371469263524,1.6944032650002262e-16,2.994857957739418e-19,1.2600323151893488e-32,1.4365036059239316e-28,1.1996270015008383e-17,1.1608713934998058,2.8158976833393587e-12,0.00020488092058785267,500000.0,500366.5287403281
0.47271349049287853,0.00011376452323714995,-2.2437027852700772e-10,298.15000461484857,0.0,0.045199793745425376,150.13773773097407,9.674640480056034e-18,0.0,0.00014884980734113974,50.05337176541443,1.6943143253856025e-16,2.9945414156468496e-19,1.259946061963772e-32,1.4365773342740869e-28,1.1996270086218265e-17,1.1608714003683618,2.815749887596177e-12,0.00020488092060611164,500000.0,500366.5287410432
0.47371349049287853,0.00011376452301279182,-2.243581302474239e-10,298.15000461460056,0.0,0.04519738861712053,150.13773982194414,9.674132656534459e-18,0.0,0.00014884980822136638,50.05337206154929,1.6942253904237075e-16,2.9942249070694882e-19,1.259859816476749e-32,1.4366510666122698e-28,1.1996270157424558e-17,1.1608714072365458,2.81560209958344e-12,0.00020488092062436966,500000.0,500366.5287417574
0.47471349049287853,0.00011376452278844581,-2.2434601870869895e-10,298.15000461435244,0.0,0.04519498361810231,150.13774191280157,9.673624859578567e-18,0.0,0.0001488498091015454,50.05337235766817,1.6941364601142668e-16,2.993908432003865e-19,1.259773578691183e-32,1.4367248029387242e-28,1.199627022862655e-17,1.160871414104359,2.81545431930071e-12,0.00020488092064262667,500000.0,500366.5287424707
0.47571349049287853,0.00011376452256410983,-2.2433597794063306e-10,298.15000461410466,0.0,0.04519257874836613,150.13774400355467,9.673117089187331e-18,0.0,0.00014884980998168505,50.053372653773806,1.6940475344570848e-16,2.9935919904464574e-19,1.2596873485995523e-32,1.4367985432538182e-28,1.1996270299825792e-17,1.1608714209718654,2.8153065467479035e-12,0.00020488092066088287,500000.0,500366.52874321124
0.47671349049287853,0.00011376452233978803,-2.2432180401493078e-10,298.15000461385637,0.0,0.045190174007899944,150.13774609418692,9.67260934535888e-18,0.0,0.00014884981086176903,50.053372949860716,1.6939586134518608e-16,2.9932755823934356e-19,1.2596011262160273e-32,1.4368722875573858e-28,1.1996270371020172e-17,1.1608714278389372,2.815158781924001e-12,0.0002048809206791379,500000.0,500366.52874392277
0.47771349049287853,0.00011376452211547836,-2.2430966297139945e-10,298.1500046136083,0.0,0.04518776939669911,150.13774818470657,9.672101628091468e-18,0.0,0.0001488498117418054,50.05337324593162,1.6938696970982765e-16,2.9929592078412623e-19,1.2595149115271881e-32,1.4369460358498224e-28,1.1996270442211164e-17,1.1608714347056377,2.815011024828881e-12,0.00020488092069739197,500000.0,500366.5287446339
0.47871349049287854,0.00011376452189117874,-2.2429962379033128e-10,298.1500046133606,0.0,0.045185364914759024,150.13775027512182,9.671593937385477e-18,0.0,0.00014884981262180234,50.053373541989274,1.6937807853963678e-16,2.9926428667869503e-19,1.2594287045604261e-32,1.4370197881313865e-28,1.1996270513397651e-17,1.160871441572031,2.8148632754625364e-12,0.00020488092071564522,500000.0,500366.528745372
0.47971349049287854,0.00011376452166689327,-2.2428546032208079e-10,298.15000461311234,0.0,0.04518296056206772,150.1377523654164,9.671086273236655e-18,0.0,0.00014884981350174375,50.053373838028236,1.6936918783454691e-16,2.992326559225858e-19,1.2593425052500634e-32,1.4370935444019925e-28,1.1996270584581096e-17,1.160871448437991,2.814715533823807e-12,0.0002048809207338973,500000.0,500366.5287460816
0.48071349049287854,0.00011376452144261788,-2.2427539631899986e-10,298.1500046128646,0.0,0.04518055633862295,150.13775445560645,9.670578635646684e-18,0.0,0.00014884981438164564,50.05337413405392,1.693602975945798e-16,2.9920102851556186e-19,1.259256313696154e-32,1.437167304662133e-28,1.1996270655760402e-17,1.1608714553036426,2.8145677999130456e-12,0.00020488092075214857,500000.0,500366.52874681825
0.48171349049287854,0.00011376452121835665,-2.2426123360951283e-10,298.1500046126163,0.0,0.04517815224441278,150.13775654567578,9.670071024611466e-18,0.0,0.00014884981526149188,50.0533744300609,1.6935140781967035e-16,2.991694044571715e-19,1.259170129791279e-32,1.4372410689120415e-28,1.1996270726936038e-17,1.1608714621688605,2.8144200737291393e-12,0.00020488092077039868,500000.0,500366.5287475257
0.48271349049287854,0.00011376452099410555,-2.2425109053212472e-10,298.1500046123686,0.0,0.0451757482794349,150.1377586356404,9.669563440134438e-18,0.0,0.00014884981614129842,50.0533747260545,1.6934251850987236e-16,2.9913778374188127e-19,1.2590839469586287e-32,1.4373148371514889e-28,1.1996270798108054e-17,1.1608714690337685,2.8142723552730595e-12,0.00020488092078864797,500000.0,500366.5287482597
0.48371349049287854,0.00011376452076986872,-2.2423683979093406e-10,298.1500046121205,0.0,0.04517334444367733,150.13776072548393,9.669055882207298e-18,0.0,0.00014884981702104896,50.053375022029286,1.6933362966504152e-16,2.991061663797815e-19,1.2589977812814112e-32,1.4373886093809868e-28,1.1996270869275682e-17,1.1608714758982397,2.8141246445423136e-12,0.0002048809208068961,500000.0,500366.5287489638
0.48471349049287854,0.00011376452054563994,-2.242287969735626e-10,298.15000461187293,0.0,0.04517094073714038,150.137762815231,9.668548350833812e-18,0.0,0.0001488498179007679,50.05337531799345,1.6932474128524783e-16,2.990745523653376e-19,1.2589116189689698e-32,1.4374623856010733e-28,1.1996270940440569e-17,1.1608714827624647,2.8139769415381935e-12,0.00020488092082514357,500000.0,500366.52874972177
0.48571349049287854,0.00011376452032142744,-2.2421248385271866e-10,298.1500046116246,0.0,0.04516853715980715,150.13776490484904,9.668040846008744e-18,0.0,0.0001488498187804229,50.05337561393611,1.693158533703969e-16,2.9904294169809615e-19,1.258825465511368e-32,1.4375361658114002e-28,1.199627101160021e-17,1.1608714896261911,2.8138292462590764e-12,0.00020488092084338972,500000.0,500366.52875042247
0.48671349049287854,0.00011376452009722512,-2.2420232696749115e-10,298.1500046113769,0.0,0.04516613371167784,150.1377669943621,9.667533367733723e-18,0.0,0.00014884981966003797,50.053375909865345,1.693069659205184e-16,2.9901133437776633e-19,1.2587393200301355e-32,1.43760995001232e-28,1.1996271082756886e-17,1.160871496489606,2.813681558705402e-12,0.00020488092086163505,500000.0,500366.5287511489
0.48771349049287854,0.00011376451987303495,-2.2419016997798656e-10,298.15000461112896,0.0,0.04516373039274301,150.1377690837625,9.667025916006561e-18,0.0,0.00014884982053960536,50.053376205778555,1.6929807893556968e-16,2.9897973040399954e-19,1.2586531823075652e-32,1.437683738204165e-28,1.1996271153909079e-17,1.160871503352649,2.813533878876578e-12,0.00020488092087987935,500000.0,500366.52875187364
0.48871349049287854,0.00011376451964885699,-2.2417796960914175e-10,298.1500046108812,0.0,0.04516132720299552,150.13777117304997,9.666518490825484e-18,0.0,0.00014884982141912486,50.05337650167564,1.6928919241552898e-16,2.9894812977638677e-19,1.2585670522605197e-32,1.4377575303871721e-28,1.1996271225057884e-17,1.1608715102153186,2.813386206772083e-12,0.00020488092089812268,500000.0,500366.52875259664
0.48971349049287854,0.00011376451942469118,-2.2416580227372002e-10,298.15000461063323,0.0,0.04515892414242833,150.13777326222464,9.666011092189489e-18,0.0,0.00014884982229859662,50.05337679755669,1.692803063603676e-16,2.9891653249462565e-19,1.2584809299442971e-32,1.437831326561356e-28,1.1996271296203708e-17,1.1608715170776158,2.813238542391588e-12,0.000204880920916365,500000.0,500366.5287533176
0.49071349049287855,0.00011376451920053756,-2.2415360953430238e-10,298.1500046103854,0.0,0.04515652121103435,150.13777535128656,9.66550372009728e-18,0.0,0.00014884982317802056,50.05337709342166,1.692714207700715e-16,2.988849385583339e-19,1.258394815294268e-32,1.4379051267267788e-28,1.1996271367344023e-17,1.1608715239395404,2.8130908857346384e-12,0.00020488092093460636,500000.0,500366.5287540371
0.49171349049287855,0.00011376451897639615,-2.241414186193122e-10,298.15000461013756,0.0,0.04515411840880645,150.13777744023554,9.664996374546872e-18,0.0,0.0001488498240573966,50.05337738927051,1.6926253564460107e-16,2.9885334796716672e-19,1.2583087083434452e-32,1.4379789308839871e-28,1.199627143848133e-17,1.1608715308010908,2.8129432368009316e-12,0.0002048809209528467,500000.0,500366.52875475446
0.49271349049287855,0.0001137645187522669,-2.241292416252571e-10,298.1500046098897,0.0,0.04515171573573762,150.13777952907185,9.664489055537397e-18,0.0,0.00014884982493672497,50.05337768510333,1.6925365098394167e-16,2.988217607207663e-19,1.258222609077363e-32,1.4380527390329665e-28,1.1996271509614768e-17,1.1608715376622696,2.8127955955899905e-12,0.00020488092097108607,500000.0,500366.52875547035
0.49371349049287855,0.00011376451852814984,-2.2411705555324231e-10,298.1500046096419,0.0,0.04514931319182073,150.13778161779524,9.663981763067092e-18,0.0,0.00014884982581600542,50.05337798092003,1.6924476678806489e-16,2.9879017681876525e-19,1.2581365174941224e-32,1.4381265511740901e-28,1.1996271580744487e-17,1.1608715445230748,2.8126479621013674e-12,0.00020488092098932444,500000.0,500366.5287561842
0.49471349049287855,0.00011376451830404498,-2.241048592307564e-10,298.1500046093941,0.0,0.04514691077704869,150.1377837064058,9.663474497135469e-18,0.0,0.000148849826695238,50.05337827672065,1.692358830569607e-16,2.987585962608341e-19,1.2580504336117176e-32,1.4382003673073473e-28,1.199627165187036e-17,1.1608715513835068,2.8125003363347882e-12,0.0002048809210075618,500000.0,500366.52875689627
0.49571349049287855,0.0001137645180799502,-2.240947717957496e-10,298.1500046091466,0.0,0.04514450849141695,150.13778579491182,9.662967257741192e-18,0.0,0.000148849827574431,50.05337857250796,1.6922699979060098e-16,2.9872701904663904e-19,1.2579643574095357e-32,1.438274187433127e-28,1.1996271722992957e-17,1.16087155824363,2.8123527182900876e-12,0.00020488092102579838,500000.0,500366.52875763446
0.49671349049287855,0.00011376451785586967,-2.2408053225460256e-10,298.15000460889854,0.0,0.04514210633491348,150.13778788329694,9.662460044880745e-18,0.0,0.00014884982845356811,50.05337886827647,1.692181169889362e-16,2.9869544517571686e-19,1.257878288857443e-32,1.4383480115512454e-28,1.1996271794110406e-17,1.1608715651033172,2.812205107966199e-12,0.0002048809210440338,500000.0,500366.5287583428
0.49771349049287855,0.00011376451763179926,-2.2407040712359008e-10,298.150004608651,0.0,0.045139704307536097,150.1377899715774,9.661952858555791e-18,0.0,0.0001488498293326655,50.053379164031625,1.6920923465198566e-16,2.9866387464785012e-19,1.2577922280557698e-32,1.4384218396625537e-28,1.1996271865225045e-17,1.1608715719626947,2.812057505363403e-12,0.0002048809210622684,500000.0,500366.5287590775
0.49871349049287855,0.00011376451740774309,-2.2405616990209348e-10,298.15000460840304,0.0,0.04513730240927282,150.13779205973688,9.661445698761884e-18,0.0,0.00014884983021170697,50.053379459767974,1.6920035277967476e-16,2.9863230746256976e-19,1.2577061748748704e-32,1.4384956717667113e-28,1.1996271936335834e-17,1.1608715788216364,2.811909910480674e-12,0.0002048809210805018,500000.0,500366.52875978197
0.49971349049287855,0.00011376451718369496,-2.240481294948211e-10,298.15000460815577,0.0,0.045134900640123966,150.13779414780004,9.660938565501761e-18,0.0,0.00014884983109071691,50.05337975549372,1.6919147137204662e-16,2.986007436196561e-19,1.2576201294312002e-32,1.438569507864253e-28,1.1996272007443281e-17,1.160871585680332,2.8117623233186082e-12,0.0002048809210987346,500000.0,500366.52876054094
0.5007134904928785,0.00011376451695966312,-2.2403183582178448e-10,298.15000460790753,0.0,0.04513249900007262,150.13779623573407,9.660431458768552e-18,0.0,0.0001488498319696629,50.05338005119797,1.6918259042898756e-16,2.985691831185801e-19,1.2575340916002578e-32,1.4386433479549557e-28,1.1996272078545275e-17,1.1608715925385287,2.8116147438753814e-12,0.00020488092111696602,500000.0,500366.52876124164
0.5017134904928785,0.00011376451673564146,-2.240216800870168e-10,298.1500046076601,0.0,0.04513009748911899,150.13779832356332,9.659924378565398e-18,0.0,0.00014884983284856897,50.05338034688879,1.6917370995054929e-16,2.985376259591258e-19,1.257448061516184e-32,1.4387171920394668e-28,1.1996272149644562e-17,1.160871599396414,2.811467172151708e-12,0.00020488092113519666,500000.0,500366.52876196866
0.5027134904928785,0.00011376451651163402,-2.2400744179976366e-10,298.1500046074122,0.0,0.04512769610725118,150.13780041127168,9.6594173248879e-18,0.0,0.00014884983372741924,50.05338064256083,1.691648299366593e-16,2.98506072140832e-19,1.2573620390583223e-32,1.4387910401176792e-28,1.1996272220739827e-17,1.160871606253864,2.811319608146427e-12,0.0002048809211534261,500000.0,500366.5287626659
0.5037134904928785,0.0001137645162876346,-2.2399942152124737e-10,298.15000460716493,0.0,0.04512529485446951,150.13780249888381,9.658910297738659e-18,0.0,0.000148849834606238,50.053380938222304,1.6915595038735347e-16,2.984745216634982e-19,1.2572760243410147e-32,1.4388648921900886e-28,1.1996272291831755e-17,1.1608716131110686,2.8111720518602973e-12,0.0002048809211716549,500000.0,500366.5287634177
0.5047134904928785,0.00011376451606365148,-2.2398311982995897e-10,298.15000460691687,0.0,0.04512289373075703,150.13780458636683,9.65840329711049e-18,0.0,0.0001488498354849928,50.053381233862254,1.6914707130251416e-16,2.9844297452656856e-19,1.2571900172154167e-32,1.4389387482564651e-28,1.1996272362918593e-17,1.160871619967774,2.811024503291267e-12,0.00020488092118988238,500000.0,500366.5287641114
0.5057134904928785,0.00011376451583967641,-2.2397506336042703e-10,298.15000460666965,0.0,0.045120492736116485,150.13780667375346,9.657896323008378e-18,0.0,0.000148849836363716,50.053381529491574,1.6913819268222623e-16,2.9841143072988703e-19,1.2571040178581363e-32,1.4390126083177439e-28,1.1996272434003487e-17,1.160871626824233,2.8108769624406555e-12,0.0002048809212081092,500000.0,500366.5287648595
0.5067134904928785,0.00011376451561571763,-2.23958772322611e-10,298.1500046064215,0.0,0.04511809187053101,150.13780876101106,9.657389375425348e-18,0.0,0.00014884983724237528,50.053381825099414,1.6912931452636806e-16,2.983798902729318e-19,1.2570180260997703e-32,1.439086472373017e-28,1.1996272505082654e-17,1.1608716336801934,2.8107294293064418e-12,0.0002048809212263347,500000.0,500366.5287655496
0.5077134904928785,0.00011376451539176693,-2.2395070205370728e-10,298.1500046061744,0.0,0.04511569113400327,150.1378108481721,9.656882454364723e-18,0.0,0.00014884983812100283,50.053382120696575,1.6912043683499397e-16,2.9834835315549336e-19,1.2569320420741768e-32,1.4391603404234868e-28,1.1996272576159399e-17,1.1608716405359067,2.810581903889673e-12,0.00020488092124455954,500000.0,500366.5287662937
0.5087134904928785,0.00011376451516783044,-2.2393650111243245e-10,298.1500046059266,0.0,0.04511329052651894,150.13781293521242,9.656375559820946e-18,0.0,0.00014884983899957462,50.05338241627499,1.6911155960801516e-16,2.983168193770692e-19,1.2568460656609585e-32,1.4392342124688633e-28,1.1996272647231183e-17,1.160871647391185,2.8104343861889004e-12,0.0002048809212627832,500000.0,500366.52876700816
0.5097134904928785,0.00011376451494390614,-2.2392430755715264e-10,298.150004605679,0.0,0.045110890048073324,150.13781502213993,9.655868691795047e-18,0.0,0.0001488498398780986,50.05338271183732,1.691026828454429e-16,2.982852889374085e-19,1.2567600969839092e-32,1.4393080885093493e-28,1.199627271829961e-17,1.1608716542460904,2.8102868762041766e-12,0.0002048809212810059,500000.0,500366.5287677206
0.5107134904928785,0.00011376451471999401,-2.2391213347238076e-10,298.1500046054313,0.0,0.04510848969865937,150.13781710895478,9.655361850285194e-18,0.0,0.00014884984075657482,50.053383007383594,1.6909380654724785e-16,2.9825376183612563e-19,1.2566741359441546e-32,1.439381968545483e-28,1.199627278936462e-17,1.1608716611006231,2.8101393739349715e-12,0.00020488092129922758,500000.0,500366.5287684314
0.5117134904928785,0.00011376451449609197,-2.23902041338364e-10,298.150004605184,0.0,0.045106089478272465,150.1378191956651,9.654855035291236e-18,0.0,0.00014884984163501138,50.05338330291653,1.6908493071342221e-16,2.982222380729144e-19,1.2565881825937062e-32,1.439455852577195e-28,1.199627286042571e-17,1.1608716679548465,2.8099918793812604e-12,0.00020488092131744847,500000.0,500366.52876916813
0.5127134904928785,0.00011376451427220414,-2.2388781288414225e-10,298.15000460493616,0.0,0.04510368938690067,150.13782128225466,9.65434824680914e-18,0.0,0.0001488498425133922,50.05338359843073,1.6907605534390487e-16,2.981907176473148e-19,1.256502236873848e-32,1.4395297406045217e-28,1.1996272931482348e-17,1.1608716748086354,2.8098443925419693e-12,0.0002048809213356682,500000.0,500366.5287698754
0.5137134904928785,0.00011376451404832647,-2.2387769315381769e-10,298.1500046046889,0.0,0.04510128942454171,150.13782336873956,9.653841484839692e-18,0.0,0.00014884984339173316,50.053383893931525,1.6906718043869915e-16,2.9815920055908184e-19,1.256416298876508e-32,1.439603632628243e-28,1.1996273002536393e-17,1.1608716816621134,2.8096969134173747e-12,0.0002048809213538871,500000.0,500366.5287706085
0.5147134904928785,0.00011376451382446299,-2.2386346972756614e-10,298.15000460444116,0.0,0.04509888959118372,150.1378254551037,9.65333474938e-18,0.0,0.0001488498442700184,50.05338418941357,1.6905830599776477e-16,2.981276868077581e-19,1.2563303684981806e-32,1.4396775286478337e-28,1.1996273073584806e-17,1.1608716885151569,2.8095494420063624e-12,0.00020488092137210484,500000.0,500366.528771312
0.5157134904928785,0.00011376451360060755,-2.2385545110180754e-10,298.1500046041941,0.0,0.045096489886826956,150.13782754137154,9.652828040431801e-18,0.0,0.0001488498451482721,50.05338448488503,1.690494320211195e-16,2.9809617639314117e-19,1.2562444458482113e-32,1.4397514286640142e-28,1.1996273144631891e-17,1.1608716953679545,2.809401978309606e-12,0.00020488092139032193,500000.0,500366.5287720696
0.5167134904928785,0.00011376451337676839,-2.2383915920376396e-10,298.1500046039461,0.0,0.045094090311454525,150.13782962751046,9.652321357988604e-18,0.0,0.0001488498460264619,50.053384780335,1.6904055850866157e-16,2.980646693146932e-19,1.2561585307867422e-32,1.4398253326766168e-28,1.199627321567267e-17,1.1608717022202537,2.809254522325364e-12,0.0002048809214085377,500000.0,500366.52877276944
0.5177134904928785,0.00011376451315293935,-2.2382902072133501e-10,298.15000460369885,0.0,0.0450916908650667,150.13783171354478,9.651814702053222e-18,0.0,0.00014884984690461203,50.05338507577161,1.6903168546043366e-16,2.9803316557218528e-19,1.2560726234538256e-32,1.439899240686268e-28,1.199627328671088e-17,1.1608717090722434,2.809107074054223e-12,0.00020488092142675264,500000.0,500366.5287734956
0.5187134904928785,0.00011376451292912247,-2.2381687945468676e-10,298.1500046034514,0.0,0.04508929154765396,150.13783379946648,9.651308072623117e-18,0.0,0.00014884984778271436,50.053385371192164,1.6902281287639428e-16,2.9800166516522696e-19,1.255986723760043e-32,1.4399731526927194e-28,1.1996273357744597e-17,1.1608717159238604,2.808959633495423e-12,0.0002048809214449666,500000.0,500366.52877421986
0.5197134904928785,0.00011376451270531984,-2.2380262721675533e-10,298.15000460320374,0.0,0.045086892359206786,150.13783588526726,9.650801469694777e-18,0.0,0.00014884984866076083,50.05338566659392,1.6901394075648488e-16,2.9797016809340817e-19,1.255900831715829e-32,1.4400470686964112e-28,1.1996273428774735e-17,1.1608717227750416,2.808812200648221e-12,0.0002048809214631794,500000.0,500366.5287749143
0.5207134904928785,0.00011376451248152521,-2.2379461452339998e-10,298.15000460295664,0.0,0.04508449329972552,150.1378379709719,9.650294893271401e-18,0.0,0.00014884984953877589,50.053385961985114,1.6900506910074978e-16,2.9793867435652057e-19,1.2558149473878636e-32,1.4401209886977918e-28,1.1996273499802412e-17,1.1608717296259778,2.8086647755132888e-12,0.00020488092148139152,500000.0,500366.5287756629
0.5217134904928785,0.00011376451225774481,-2.2378040594799892e-10,298.15000460270903,0.0,0.04508209436919567,150.1378400565557,9.649788343347553e-18,0.0,0.00014884985041673505,50.05338625735752,1.6899619790910847e-16,2.9790718395405384e-19,1.2557290706497257e-32,1.4401949126964557e-28,1.1996273570824144e-17,1.160871736476478,2.808517358089126e-12,0.00020488092149960248,500000.0,500366.52877638134
0.5227134904928785,0.00011376451203397658,-2.2376822554692773e-10,298.1500046024616,0.0,0.045079695567612654,150.13784214202687,9.649281819923245e-18,0.0,0.0001488498512946465,50.05338655271389,1.68987327181549e-16,2.9787569688574167e-19,1.255643201629783e-32,1.4402688406930558e-28,1.199627364184362e-17,1.1608717433266065,2.8083699483757396e-12,0.00020488092151781247,500000.0,500366.5287770984
0.5237134904928785,0.00011376451181022054,-2.2375605678662773e-10,298.1500046022142,0.0,0.045077296894969344,150.1378442273853,9.648775322996728e-18,0.0,0.0001488498521725101,50.05338684805415,1.6897845691804912e-16,2.9784421315119136e-19,1.255557340237873e-32,1.440342772687723e-28,1.1996273712858573e-17,1.1608717501763615,2.8082225463727037e-12,0.00020488092153602146,500000.0,500366.5287778133
0.5247134904928785,0.00011376451158647665,-2.2374388368333953e-10,298.15000460196677,0.0,0.04507489835125874,150.13784631263118,9.648268852567264e-18,0.0,0.000148849853050326,50.053387143378394,1.6896958711859267e-16,2.9781273275006834e-19,1.255471486521446e-32,1.4404167086804942e-28,1.199627378387014e-17,1.1608717570257447,2.8080751520796006e-12,0.00020488092155422947,500000.0,500366.5287785266
0.5257134904928785,0.00011376451136274493,-2.237317255387987e-10,298.15000460171944,0.0,0.04507249993647375,150.13784839776437,9.647762408633025e-18,0.0,0.00014884985392809414,50.053387438686556,1.6896071778314509e-16,2.9778125568201875e-19,1.2553856404594084e-32,1.4404906486716784e-28,1.1996273854877433e-17,1.1608717638747552,2.8079277654960882e-12,0.00020488092157243648,500000.0,500366.528779238
0.5267134904928785,0.00011376451113902328,-2.2372165195602824e-10,298.15000460147223,0.0,0.04507010165060978,150.13785048279325,9.647255991193971e-18,0.0,0.00014884985480582272,50.05338773398143,1.689518489117098e-16,2.9774978194671313e-19,1.255299802057118e-32,1.4405645926615494e-28,1.1996273925881015e-17,1.1608717707234575,2.8077803866221095e-12,0.00020488092159064267,500000.0,500366.5287799754
0.5277134904928785,0.00011376451091531585,-2.237074238349763e-10,298.1500046012247,0.0,0.04506770349365488,150.1378525677014,9.646749600245815e-18,0.0,0.00014884985568349557,50.05338802925756,1.6894298050421265e-16,2.977183115437166e-19,1.2552139712885267e-32,1.440638540650215e-28,1.1996273996881054e-17,1.1608717775717248,2.8076330154564408e-12,0.0002048809216088477,500000.0,500366.5287806832
0.5287134904928785,0.00011376451069161851,-2.2369732161591694e-10,298.1500046009776,0.0,0.045065305465606845,150.1378546525051,9.64624323579054e-18,0.0,0.00014884985656112875,50.05338832452035,1.689341125606813e-16,2.9768684447278647e-19,1.2551281482229325e-32,1.4407124926378368e-28,1.199627406787652e-17,1.160871784419683,2.8074856519995388e-12,0.00020488092162705191,500000.0,500366.5287814172
0.5297134904928785,0.00011376451046793541,-2.2368311133822228e-10,298.15000460072997,0.0,0.045062907566453696,150.13785673718803,9.645736897824042e-18,0.0,0.00014884985743870613,50.05338861976436,1.6892524508105414e-16,2.9765538073346305e-19,1.2550423327600926e-32,1.4407864486245683e-28,1.1996274138868846e-17,1.1608717912672057,2.8073382962502435e-12,0.00020488092164525496,500000.0,500366.5287821211
0.5307134904928785,0.00011376451024426241,-2.2367300216263666e-10,298.15000460048293,0.0,0.04506050979619328,150.1378588217665,9.645230586346995e-18,0.0,0.00014884985831624381,50.05338891499504,1.6891637806533212e-16,2.976239203254839e-19,1.2549565249937865e-32,1.4408604086110388e-28,1.1996274209857883e-17,1.160871798114419,2.8071909482087634e-12,0.0002048809216634572,500000.0,500366.52878285147
0.5317134904928785,0.00011376451002060363,-2.2365878204294726e-10,298.1500046002355,0.0,0.045058112154813645,150.13786090622423,9.644724301355677e-18,0.0,0.00014884985919372569,50.05338921020695,1.6890751151345647e-16,2.975924632484076e-19,1.2548707248430286e-32,1.4409343725966815e-28,1.1996274280841892e-17,1.160871804961197,2.8070436078741925e-12,0.00020488092168165827,500000.0,500366.5287835518
0.5327134904928785,0.00011376450979695285,-2.2365078053431156e-10,298.1500045999886,0.0,0.0450557146423151,150.13786299058586,9.644218042852405e-18,0.0,0.0001488498600711762,50.05338950540831,1.6889864542546583e-16,2.9756100950199473e-19,1.2547849323857312e-32,1.4410083405824936e-28,1.1996274351823433e-17,1.1608718118077304,2.806896275247011e-12,0.0002048809216998587,500000.0,500366.5287843066
0.5337134904928785,0.00011376450957331833,-2.23634505088505e-10,298.15000459974084,0.0,0.0450533172586808,150.13786507481868,9.643711810831071e-18,0.0,0.00014884986094856287,50.053389800588214,1.688897798012586e-16,2.9752955908574353e-19,1.254699147527502e-32,1.44108231256806e-28,1.1996274422799512e-17,1.160871818653766,2.806748950325487e-12,0.00020488092171805778,500000.0,500366.52878500364
0.5347134904928785,0.00011376450934969398,-2.2362436862616666e-10,298.1500045994938,0.0,0.04505092000391088,150.1378671589468,9.643205605294242e-18,0.0,0.00014884986182590963,50.05339009575468,1.6888091464087125e-16,2.974981119994308e-19,1.2546133703760927e-32,1.441156288553986e-28,1.1996274493772358e-17,1.1608718254994903,2.8066016331102958e-12,0.0002048809217362561,500000.0,500366.5287857263
0.5357134904928785,0.00011376450912608174,-2.2361224325739526e-10,298.15000459924653,0.0,0.045048522877995996,150.13786924296255,9.642699426238499e-18,0.0,0.00014884986270320886,50.05339039090518,1.6887204994424977e-16,2.974666682426291e-19,1.254527600828795e-32,1.4412302685402823e-28,1.1996274564741589e-17,1.160871832344844,2.8064543236006617e-12,0.0002048809217544534,500000.0,500366.5287864474
0.5367134904928785,0.00011376450890248166,-2.2360007826382152e-10,298.1500045989993,0.0,0.04504612588092902,150.13787132686576,9.642193273663265e-18,0.0,0.0001488498635804604,50.053390686039634,1.6886318571138019e-16,2.9743522781501815e-19,1.2544418389575124e-32,1.4413042525271422e-28,1.1996274635707775e-17,1.1608718391898256,2.8063070217961408e-12,0.0002048809217726497,500000.0,500366.5287871669
0.5377134904928786,0.00011376450867889373,-2.235879360773485e-10,298.1500045987521,0.0,0.04504372901270288,150.1378734106564,9.641687147566706e-18,0.0,0.0001488498644576642,50.053390981158024,1.6885432194223388e-16,2.974037907162234e-19,1.2543560847176397e-32,1.441378240514854e-28,1.1996274706669095e-17,1.160871846034435,2.8061597276963532e-12,0.00020488092179084502,500000.0,500366.5287878843
0.5387134904928786,0.00011376450845531796,-2.2357577256638518e-10,298.15000459850495,0.0,0.04504133227331053,150.1378754943345,9.641181047947695e-18,0.0,0.00014884986533482032,50.0533912762604,1.6884545863678826e-16,2.973723569459042e-19,1.2542703381345595e-32,1.4414522325034998e-28,1.1996274777626857e-17,1.1608718528786723,2.806012441300954e-12,0.00020488092180903934,500000.0,500366.52878859994
0.5397134904928786,0.00011376450823175433,-2.235636285662609e-10,298.15000459825774,0.0,0.0450389356627449,150.13787757790007,9.640674974804584e-18,0.0,0.00014884986621192873,50.05339157134672,1.6883659579501414e-16,2.9734092650371116e-19,1.25418459919597e-32,1.44152622849335e-28,1.1996274848581155e-17,1.1608718597225378,2.8058651626094723e-12,0.0002048809218272327,500000.0,500366.5287893137
0.5407134904928785,0.00011376450800820285,-2.2355147390841234e-10,298.1500045980105,0.0,0.045036539180998966,150.1378796613532,9.640168928136251e-18,0.0,0.00014884986708898953,50.05339186641704,1.6882773341689566e-16,2.9730949938928014e-19,1.2540988678958196e-32,1.4416002284846162e-28,1.1996274919530897e-17,1.160871866566032,2.805717891621554e-12,0.00020488092184542506,500000.0,500366.5287900259
0.5417134904928785,0.00011376450778466145,-2.2354140015145534e-10,298.15000459776365,0.0,0.04503414282806808,150.13788174470196,9.639662907942825e-18,0.0,0.00014884986796601072,50.05339216147404,1.6881887150243204e-16,2.972780756023021e-19,1.254013144254431e-32,1.4416742324775574e-28,1.1996274990477806e-17,1.1608718734092172,2.8055706283371803e-12,0.0002048809218636166,500000.0,500366.52879076404
0.5427134904928785,0.00011376450756113394,-2.2352751980770736e-10,298.1500045975163,0.0,0.04503174660394068,150.13788382793135,9.639156914222126e-18,0.0,0.0001488498688429774,50.053392456512704,1.6881001005158647e-16,2.9724665513712516e-19,1.2539274216894654e-32,1.4417482404718026e-28,1.1996275061419927e-17,1.1608718802519773,2.805423372755845e-12,0.00020488092188180698,500000.0,500366.52879147674
0.5437134904928785,0.00011376450733761826,-2.2351567050071576e-10,298.1500045972691,0.0,0.04502935050861215,150.1378859110495,9.638650946969598e-18,0.0,0.0001488498697198977,50.05339275153576,1.688011490642784e-16,2.972152380038685e-19,1.2538417161410592e-32,1.4418222524685886e-28,1.199627513235874e-17,1.1608718870943753,2.805276124876306e-12,0.0002048809218999964,500000.0,500366.52879219205
0.5447134904928785,0.00011376450711411443,-2.2350383555670742e-10,298.15000459702213,0.0,0.04502695454207539,150.13788799405634,9.638145006187032e-18,0.0,0.00014884987059677146,50.053393046543185,1.687922885405381e-16,2.9718382419698795e-19,1.2537560139183732e-32,1.441896268467374e-28,1.1996275203293657e-17,1.1608718939364109,2.8051288846987447e-12,0.00020488092191818486,500000.0,500366.52879290987
0.5457134904928785,0.00011376450689062239,-2.2349202646248455e-10,298.15000459677503,0.0,0.04502455870432343,150.1378900769521,9.637639091872303e-18,0.0,0.00014884987147359893,50.05339334153505,1.687834284803302e-16,2.9715241371610126e-19,1.2536703204822173e-32,1.4419702884686617e-28,1.199627527422501e-17,1.1608719007780854,2.804981652222805e-12,0.00020488092193637238,500000.0,500366.5287936303
0.5467134904928785,0.00011376450666714219,-2.234802058377777e-10,298.15000459652794,0.0,0.04502216299534915,150.13789215973662,9.637133204024152e-18,0.0,0.00014884987235037995,50.05339363651128,1.6877456888363404e-16,2.971210065608748e-19,1.2535846349654427e-32,1.4420443124726286e-28,1.1996275345152821e-17,1.1608719076193976,2.8048344274481004e-12,0.00020488092195455895,500000.0,500366.52879435313
0.5477134904928785,0.00011376450644367383,-2.2346837953368993e-10,298.1500045962809,0.0,0.045019767415145476,150.13789424240983,9.636627342641373e-18,0.0,0.00014884987322711456,50.053393931471895,1.687657097504219e-16,2.9708960273095243e-19,1.2534989571410928e-32,1.4421183404792729e-28,1.1996275416076051e-17,1.1608719144603474,2.804687210374198e-12,0.00020488092197274452,500000.0,500366.5287950783
0.5487134904928785,0.00011376450622021725,-2.2345656691728456e-10,298.15000459603385,0.0,0.045017371963705435,150.13789632497208,9.636121507722383e-18,0.0,0.00014884987410380287,50.05339422641696,1.6875685108067582e-16,2.97058202225962e-19,1.2534132869596565e-32,1.4421923724889913e-28,1.1996275486996044e-17,1.1608719213009366,2.804540001000587e-12,0.00020488092199092916,500000.0,500366.52879580634
0.5497134904928785,0.00011376450599677461,-2.2344265235508903e-10,298.15000459578664,0.0,0.0450149766410194,150.13789840741472,9.635615699264507e-18,0.0,0.00014884987498043646,50.05339452134362,1.68747992874342e-16,2.9702680504552853e-19,1.2533276244219828e-32,1.4422664085017817e-28,1.1996275557911347e-17,1.160871928141099,2.8043927993267157e-12,0.00020488092200911264,500000.0,500366.5287965087
0.5507134904928785,0.00011376450577334171,-2.234329001737033e-10,298.1500045955398,0.0,0.04501258144708531,150.13790048975446,9.635109917269293e-18,0.0,0.00014884987585703186,50.05339481625744,1.687391351314496e-16,2.969954111893728e-19,1.2532419695408512e-32,1.4423404485181016e-28,1.1996275628824442e-17,1.1608719349809635,2.8042456053528192e-12,0.00020488092202729534,500000.0,500366.5287972417
0.5517134904928785,0.00011376450554992268,-2.2341902632441828e-10,298.15000459529256,0.0,0.04501018638189118,150.13790257197488,9.634604161732407e-18,0.0,0.0001488498767335728,50.053395111152945,1.6873027785192193e-16,2.969640206570844e-19,1.253156322272124e-32,1.4424144925380615e-28,1.1996275699731699e-17,1.1608719418204032,2.8040984190777734e-12,0.0002048809220454769,500000.0,500366.52879794914
0.5527134904928785,0.00011376450532651551,-2.234071686863732e-10,298.15000459504563,0.0,0.04500779144543234,150.13790465408394,9.634098432653922e-18,0.0,0.0001488498776100672,50.05339540603279,1.6872142103576123e-16,2.96932633448302e-19,1.253070682632585e-32,1.4424885405616165e-28,1.1996275770635827e-17,1.1608719486594798,2.803951240501472e-12,0.0002048809220636575,500000.0,500366.52879865916
0.5537134904928785,0.00011376450510311805,-2.2339744536538963e-10,298.15000459479893,0.0,0.04500539663770432,150.13790673609026,9.6335927300339e-18,0.0,0.00014884987848652349,50.053395700899834,1.687125646829685e-16,2.9690124956276686e-19,1.252985050667248e-32,1.44256259258938e-28,1.1996275841537178e-17,1.1608719554982594,2.803804069624009e-12,0.00020488092208183732,500000.0,500366.5287993999
0.5547134904928785,0.00011376450487973449,-2.2338357342648158e-10,298.1500045945517,0.0,0.04500300195869508,150.13790881797715,9.633087053868056e-18,0.0,0.00014884987936292525,50.05339599574853,1.6870370879346698e-16,2.968698690000081e-19,1.2528994262762783e-32,1.442636648621234e-28,1.1996275912433553e-17,1.1608719623366137,2.8036569064441017e-12,0.000204880922100016,500000.0,500366.5288001147
0.5557134904928785,0.00011376450465636276,-2.2337172656997723e-10,298.1500045943048,0.0,0.0450006074084,150.13791089975282,9.632581404156295e-18,0.0,0.00014884988023928052,50.05339629058161,1.686948533672575e-16,2.9683849175972193e-19,1.2528138095522233e-32,1.4427107086575464e-28,1.199627598332719e-17,1.1608719691746057,2.8035097509618918e-12,0.0002048809221181937,500000.0,500366.5288008323
0.5567134904928785,0.00011376450443300286,-2.2335990911664465e-10,298.1500045940579,0.0,0.044998212986812045,150.13791298141737,9.63207578089785e-18,0.0,0.00014884988111558948,50.05339658539909,1.6868599840432376e-16,2.968071178415797e-19,1.2527282004630632e-32,1.4427847726983966e-28,1.1996276054215747e-17,1.160871976012236,2.803362603176851e-12,0.0002048809221363705,500000.0,500366.52880155237
0.5577134904928785,0.00011376450420965474,-2.2334811111705584e-10,298.1500045938109,0.0,0.0449958186939242,150.13791506297088,9.63157018409085e-18,0.0,0.0001488498819918521,50.05339688020101,1.6867714390463716e-16,2.9677574724519605e-19,1.2526425989811424e-32,1.4428588407440274e-28,1.1996276125101965e-17,1.160871982849505,2.803215463088634e-12,0.0002048809221545463,500000.0,500366.52880227496
0.5587134904928786,0.00011376450398631846,-2.2333628170279795e-10,298.150004593564,0.0,0.044993424529729355,150.1379171444132,9.631064613733538e-18,0.0,0.0001488498828680683,50.05339717498731,1.686682898681654e-16,2.9674437997021147e-19,1.2525570051335572e-32,1.4429329127946994e-28,1.1996276195983331e-17,1.1608719896864124,2.8030683306967734e-12,0.00020488092217272114,500000.0,500366.52880300005
0.5597134904928786,0.00011376450376299608,-2.2332238335407825e-10,298.15000459331696,0.0,0.04499103049421801,150.13791922573608,9.630559069823908e-18,0.0,0.00014884988374422992,50.05339746975527,1.6865943629486761e-16,2.9671301601628556e-19,1.252471418929388e-32,1.443006988850412e-28,1.1996276266860852e-17,1.1608719965228937,2.8029212060006006e-12,0.00020488092219089483,500000.0,500366.52880369977
0.5607134904928786,0.00011376450353968344,-2.2331263738069643e-10,298.15000459307026,0.0,0.044988636587388046,150.13792130695612,9.630053552363376e-18,0.0,0.00014884988462035337,50.053397764510365,1.6865058318477853e-16,2.966816553830941e-19,1.2523858403424069e-32,1.4430810689118223e-28,1.1996276337735133e-17,1.1608720033590774,2.8027740890004217e-12,0.00020488092220906774,500000.0,500366.52880442986
0.5617134904928786,0.00011376450331638467,-2.2329876712434384e-10,298.1500045928232,0.0,0.0449862428092275,150.13792338805692,9.629548061347002e-18,0.0,0.00014884988549642233,50.053398059247165,1.6864173053780592e-16,2.966502980702263e-19,1.2523002693700615e-32,1.4431551529786997e-28,1.1996276408605224e-17,1.1608720101948364,2.80262697969505e-12,0.0002048809222272395,500000.0,500366.52880513493
0.5627134904928786,0.00011376450309309566,-2.2328901014321722e-10,298.15000459257664,0.0,0.04498384915973421,150.13792546905475,9.629042596776837e-18,0.0,0.00014884988637245303,50.05339835397109,1.6863287835398274e-16,2.9661894407741416e-19,1.2522147060526193e-32,1.4432292410512691e-28,1.1996276479472486e-17,1.1608720170302966,2.8024798780849086e-12,0.0002048809222454105,500000.0,500366.52880587016
0.5637134904928786,0.00011376450286982051,-2.2327514689616572e-10,298.15000459232954,0.0,0.04498145563889626,150.13792754993332,9.628537158648551e-18,0.0,0.00014884988724842926,50.053398648676705,1.6862402663324288e-16,2.9658759340419924e-19,1.2521291503141406e-32,1.4433033331299665e-28,1.199627655033414e-17,1.1608720238653325,2.8023327841687214e-12,0.00020488092226358034,500000.0,500366.5288065798
0.5647134904928786,0.00011376450264655719,-2.232633145111543e-10,298.15000459208267,0.0,0.04497906224670899,150.13792963070074,9.628031746962413e-18,0.0,0.0001488498881243591,50.053398943366716,1.6861517537557948e-16,2.9655624605032064e-19,1.252043602250056e-32,1.4433774292148966e-28,1.199627662119334e-17,1.1608720307000062,2.802185697946588e-12,0.00020488092228174924,500000.0,500366.5288072921
0.5657134904928786,0.00011376450242330571,-2.2325149632481148e-10,298.15000459183585,0.0,0.04497666898316535,150.137931711357,9.627526361716789e-18,0.0,0.0001488498890002425,50.053399238041116,1.6860632458096906e-16,2.9652490201538536e-19,1.251958061772375e-32,1.4434515293059839e-28,1.1996276692047945e-17,1.1608720375343178,2.8020386194180863e-12,0.0002048809222999172,500000.0,500366.52880800684
0.5667134904928786,0.00011376450220006601,-2.2323969003217356e-10,298.1500045915891,0.0,0.04497427584825834,150.13793379190224,9.62702100291013e-18,0.0,0.00014884988987607964,50.053399532699935,1.685974742493883e-16,2.964935612990296e-19,1.251872528919784e-32,1.443525633403875e-28,1.1996276762899136e-17,1.1608720443682685,2.8018915485828005e-12,0.0002048809223180842,500000.0,500366.5288087241
0.5677134904928786,0.00011376450197683814,-2.232278796392656e-10,298.15000459134234,0.0,0.04497188284198088,150.13793587233639,9.62651567054102e-18,0.0,0.00014884989075187037,50.05339982734317,1.6858862438080798e-16,2.964622239009248e-19,1.2517870037032978e-32,1.4435997415085273e-28,1.1996276833746631e-17,1.1608720512018573,2.801744485440337e-12,0.0002048809223362502,500000.0,500366.52880944393
0.5687134904928786,0.00011376450175362207,-2.232160775369802e-10,298.1500045910956,0.0,0.04496948996432595,150.13793795265948,9.62601036460895e-18,0.0,0.00014884989162761478,50.05340012197083,1.6857977497521942e-16,2.9643088982073467e-19,1.2517014861068012e-32,1.4436738536200134e-28,1.1996276904590209e-17,1.160872058035085,2.8015974299902783e-12,0.0002048809223544153,500000.0,500366.52881016623
0.5697134904928786,0.0001137645015304178,-2.2320426790754636e-10,298.1500045908489,0.0,0.04496709721528649,150.13794003287157,9.625505085111415e-18,0.0,0.0001488498925033129,50.05340041658291,1.685709260325801e-16,2.963995590580749e-19,1.2516159761094134e-32,1.4437479697389823e-28,1.1996276975429407e-17,1.1608720648679516,2.8014503822321626e-12,0.0002048809223725794,500000.0,500366.5288108912
0.5707134904928786,0.00011376450130722532,-2.231924702103078e-10,298.15000459060207,0.0,0.044964704594855444,150.13794211297264,9.624999832047174e-18,0.0,0.0001488498933789647,50.053400711179435,1.6856207755286684e-16,2.963682316125884e-19,1.251530473736596e-32,1.4438220898652323e-28,1.1996277046266352e-17,1.1608720717004568,2.8013033421656247e-12,0.00020488092239074254,500000.0,500366.5288116186
0.5717134904928786,0.00011376450108404676,-2.2317856889948413e-10,298.15000459035514,0.0,0.044962312103023275,150.1379441929543,9.624494605414874e-18,0.0,0.00014884989425456186,50.053401005757586,1.6855322953605804e-16,2.9633690748392705e-19,1.2514449789928157e-32,1.4438962139988608e-28,1.1996277117097581e-17,1.1608720785325362,2.8011563097901446e-12,0.00020488092240890452,500000.0,500366.52881232055
0.5727134904928786,0.00011376450086087794,-2.2316882838543498e-10,298.1500045901086,0.0,0.044959919739787864,150.13794627283312,9.623989405214216e-18,0.0,0.00014884989513012085,50.053401300322875,1.685443819821449e-16,2.9630558667178354e-19,1.251359491864585e-32,1.4439703421406232e-28,1.1996277187926596e-17,1.1608720853643175,2.8010092851056752e-12,0.00020488092242706575,500000.0,500366.52881305263
0.5737134904928786,0.00011376450063772299,-2.2315495089677054e-10,298.15000458986174,0.0,0.04495752750513728,150.13794835259276,9.6234842314416e-18,0.0,0.0001488498960056254,50.05340159486988,1.6853553489106804e-16,2.962742691757298e-19,1.2512740123281746e-32,1.444044474290301e-28,1.1996277258750258e-17,1.1608720921956743,2.800862268111261e-12,0.0002048809224452258,500000.0,500366.5288137596
0.5747134904928786,0.00011376450041457985,-2.2314313717041124e-10,298.15000458961504,0.0,0.044955135399066905,150.13795043224127,9.622979084097641e-18,0.0,0.00014884989688108353,50.05340188940128,1.685266882628372e-16,2.9624295499546336e-19,1.2511885404327514e-32,1.4441186104479403e-28,1.1996277329571337e-17,1.1608720990266694,2.8007152588069232e-12,0.00020488092246338495,500000.0,500366.52881446906
0.5757134904928786,0.00011376450019144644,-2.2313341328004374e-10,298.1500045893686,0.0,0.044952743421572176,150.13795251178706,9.622473963181774e-18,0.0,0.00014884989775650357,50.05340218391985,1.6851784209743934e-16,2.962116441306712e-19,1.2511030761524493e-32,1.4441927506142617e-28,1.199627740038897e-17,1.1608721058573668,2.8005682571925518e-12,0.00020488092248154328,500000.0,500366.5288152091
0.5767134904928786,0.00011376449996832689,-2.231195605731599e-10,298.15000458912175,0.0,0.04495035157264113,150.13795459121366,9.621968868689446e-18,0.0,0.00014884989863186916,50.053402478420125,1.685089963948028e-16,2.961803365808939e-19,1.25101761944463e-32,1.444266894789031e-28,1.19962774712011e-17,1.16087211268764,2.8004212632669505e-12,0.00020488092249970047,500000.0,500366.5288159235
0.5777134904928786,0.00011376449974521917,-2.2310773108246312e-10,298.1500045888751,0.0,0.04494795985226913,150.1379566705291,9.621463800621364e-18,0.0,0.00014884989950718835,50.05340277290478,1.685001511549314e-16,2.961490323458557e-19,1.250932170395074e-32,1.4443410429725376e-28,1.1996277542010713e-17,1.1608721195175509,2.8002742770302782e-12,0.00020488092251785668,500000.0,500366.52881664044
0.5787134904928786,0.00011376449952212324,-2.2309592922179941e-10,298.1500045886284,0.0,0.044945568260449195,150.13795874973363,9.620958758976486e-18,0.0,0.00014884990038246124,50.053403067373885,1.6849130637780988e-16,2.961177314252135e-19,1.2508467289458438e-32,1.4444151951652235e-28,1.1996277612815609e-17,1.1608721263471014,2.800127298482019e-12,0.00020488092253601197,500000.0,500366.52881735977
0.5797134904928786,0.00011376449929903912,-2.2308412442781432e-10,298.1500045883818,0.0,0.04494317679717424,150.13796082882715,9.620453743752713e-18,0.0,0.00014884990125768783,50.053403361827414,1.6848246206340454e-16,2.9608643381857055e-19,1.2507612950819212e-32,1.4444893513669832e-28,1.1996277683617912e-17,1.1608721331762901,2.799980327621704e-12,0.00020488092255416628,500000.0,500366.52881808195
0.5807134904928786,0.00011376449907596887,-2.2307024328687012e-10,298.15000458813495,0.0,0.04494078546243476,150.13796290780144,9.619948754947177e-18,0.0,0.00014884990213285992,50.053403656262624,1.6847361821165843e-16,2.9605513952557136e-19,1.2506758688448843e-32,1.4445635115779982e-28,1.1996277754415615e-17,1.1608721400050543,2.7998333644487403e-12,0.00020488092257231946,500000.0,500366.5288187786
0.5817134904928786,0.00011376449885290837,-2.2306049367136325e-10,298.1500045878886,0.0,0.04493839425622863,150.1379649866729,9.619443792561877e-18,0.0,0.00014884990300799376,50.05340395068496,1.6846477482261418e-16,2.9602384854592823e-19,1.2505904502282292e-32,1.444637675798976e-28,1.1996277825209827e-17,1.16087214683352,2.799686408963345e-12,0.00020488092259047185,500000.0,500366.5288195056
0.5827134904928786,0.00011376449862985963,-2.2304873399774128e-10,298.15000458764206,0.0,0.0449360031785464,150.13796706543351,9.618938856593523e-18,0.0,0.00014884990388308147,50.05340424509179,1.6845593189620717e-16,2.9599256087924244e-19,1.2505050391954977e-32,1.444711844029621e-28,1.1996277896000267e-17,1.1608721536616258,2.7995394611646555e-12,0.0002048809226086233,500000.0,500366.5288202355
0.5837134904928786,0.00011376449840682478,-2.2303484953820766e-10,298.15000458739524,0.0,0.044933612229378514,150.13796914407484,9.618433947040159e-18,0.0,0.00014884990475811462,50.05340453948028,1.6844708943240796e-16,2.9596127652516184e-19,1.250419635783207e-32,1.4447860162700307e-28,1.1996277966786181e-17,1.1608721604893064,2.7993925210521413e-12,0.0002048809226267736,500000.0,500366.5288209394
0.5847134904928786,0.00011376449818380176,-2.2302302689092152e-10,298.15000458714866,0.0,0.044931221408720357,150.1379712226051,9.61792906390088e-18,0.0,0.0001488499056331014,50.05340483385316,1.6843824743120147e-16,2.9592999548331405e-19,1.2503342399576856e-32,1.444860192520953e-28,1.1996278037569094e-17,1.160872167316625,2.799245588625667e-12,0.00020488092264492295,500000.0,500366.5288216458
0.5857134904928786,0.00011376449796078845,-2.2301330602745438e-10,298.1500045869024,0.0,0.0449288307165674,150.1379733010327,9.617424207175621e-18,0.0,0.00014884990650805005,50.05340512821323,1.6842940589257947e-16,2.9589871775342784e-19,1.25024885177403e-32,1.444934372782086e-28,1.1996278108348096e-17,1.1608721741436463,2.799098663885094e-12,0.00020488092266307152,500000.0,500366.5288223831
0.5867134904928786,0.00011376449773778899,-2.2299946081154403e-10,298.15000458665565,0.0,0.044926440152907705,150.1379753793412,9.616919376861206e-18,0.0,0.00014884990738294433,50.05340542255501,1.6842056481649272e-16,2.9586744333506864e-19,1.2501634711552105e-32,1.4450085570536947e-28,1.1996278179122715e-17,1.1608721809702438,2.798951746829454e-12,0.00020488092268121892,500000.0,500366.52882309485
0.5877134904928786,0.00011376449751480135,-2.2298763615800264e-10,298.1500045864092,0.0,0.04492404971773663,150.13797745753868,9.616414572957356e-18,0.0,0.00014884990825779227,50.05340571688121,1.6841172420293839e-16,2.958361722279197e-19,1.2500780981589759e-32,1.445082745336374e-28,1.1996278249893834e-17,1.1608721877964796,2.798804837458623e-12,0.00020488092269936538,500000.0,500366.52882380923
0.5887134904928786,0.00011376449729182549,-2.2297585041289947e-10,298.15000458616265,0.0,0.044921659411047164,150.13797953562525,9.615909795461728e-18,0.0,0.0001488499091325939,50.053406011191846,1.6840288405186979e-16,2.958049044316152e-19,1.2499927327552623e-32,1.445156937629907e-28,1.1996278320661156e-17,1.1608721946223546,2.798657935772185e-12,0.00020488092271751088,500000.0,500366.528824526
0.5897134904928786,0.00011376449706886144,-2.229640517602482e-10,298.1500045859162,0.0,0.04491926923283225,150.13798161360086,9.615405044374424e-18,0.0,0.00014884991000734923,50.0534063054869,1.6839404436328894e-16,2.957736399458375e-19,1.2499073749703967e-32,1.4452311339347404e-28,1.1996278391425063e-17,1.1608722014478683,2.798511041769816e-12,0.00020488092273565544,500000.0,500366.5288252452
0.5907134904928786,0.00011376449684590919,-2.229522599240671e-10,298.1500045856697,0.0,0.04491687918308485,150.1379836914655,9.61490031969245e-18,0.0,0.00014884991088205825,50.0534065997664,1.6838520513714464e-16,2.957423787701974e-19,1.2498220247600833e-32,1.4453053342508906e-28,1.1996278462185329e-17,1.1608722082730207,2.7983641554509867e-12,0.00020488092275379902,500000.0,500366.52882596705
0.5917134904928786,0.00011376449662296872,-2.2294046606147258e-10,298.15000458542323,0.0,0.04491448926179794,150.13798576921926,9.614395621415875e-18,0.0,0.000148849911756721,50.05340689403033,1.6837636637344376e-16,2.9571112090437093e-19,1.2497366821698703e-32,1.445379538578791e-28,1.1996278532941864e-17,1.1608722150978126,2.7982172768154294e-12,0.00020488092277194165,500000.0,500366.5288266913
0.5927134904928786,0.00011376449640004213,-2.2292658291386157e-10,298.15000458517653,0.0,0.044912099468962005,150.1379878468538,9.613890949541878e-18,0.0,0.0001488499126313293,50.05340718827594,1.6836752807212775e-16,2.956798663479719e-19,1.24965134716388e-32,1.4454537469181719e-28,1.1996278603693144e-17,1.1608722219221796,2.7980704058624187e-12,0.00020488092279008315,500000.0,500366.5288273899
0.5937134904928786,0.00011376449617712527,-2.2291685349121392e-10,298.1500045849304,0.0,0.04490970980457493,150.13798992438566,9.613386304070587e-18,0.0,0.00014884991350589948,50.05340748250873,1.6835869023320388e-16,2.956486151006901e-19,1.249566019763179e-32,1.445527959269862e-28,1.1996278674442063e-17,1.160872228746249,2.797923542592192e-12,0.00020488092280822385,500000.0,500366.5288281195
0.5947134904928786,0.00011376449595422226,-2.2290301487345782e-10,298.15000458468376,0.0,0.04490732026862476,150.13799200179844,9.612881684999251e-18,0.0,0.0001488499143804152,50.05340777672323,1.6834985285662364e-16,2.956173671621287e-19,1.2494806999517262e-32,1.445602175633489e-28,1.1996278745186091e-17,1.1608722355698942,2.7977766870035878e-12,0.00020488092282636342,500000.0,500366.5288288234
0.5957134904928786,0.000113764495731329,-2.2289327628187195e-10,298.1500045844376,0.0,0.04490493086110934,150.1379940791084,9.612377092328202e-18,0.0,0.00014884991525489273,50.05340807092486,1.683410159423908e-16,2.955861225320014e-19,1.2493953877532377e-32,1.4456763960097234e-28,1.1996278815927467e-17,1.160872242393241,2.7976298390970216e-12,0.0002048809228445022,500000.0,500366.5288295576
0.5967134904928786,0.00011376449550844957,-2.2287943262671713e-10,298.150004584191,0.0,0.04490254158201678,150.13799615629938,9.611872526053713e-18,0.0,0.0001488499161293159,50.05340836510824,1.6833217949044237e-16,2.955548812098842e-19,1.249310083123012e-32,1.4457506203984028e-28,1.1996278886664136e-17,1.1608722492161645,2.7974829988712293e-12,0.00020488092286263985,500000.0,500366.5288302662
0.5977134904928786,0.00011376449528558193,-2.2286762098067413e-10,298.15000458394456,0.0,0.04490015243134247,150.13799823337948,9.611367986176185e-18,0.0,0.00014884991700369287,50.053408659276066,1.683233435007848e-16,2.955236431954703e-19,1.2492247861089066e-32,1.4458248487999949e-28,1.1996278957396634e-17,1.1608722560387272,2.7973361663263466e-12,0.00020488092288077655,500000.0,500366.528830978
0.5987134904928786,0.0001137644950627261,-2.2285583152805243e-10,298.1500045836982,0.0,0.04489776340907935,150.13800031034862,9.610863472693705e-18,0.0,0.00014884991787802345,50.053408953428296,1.6831450797338423e-16,2.9549240848839102e-19,1.2491394966741296e-32,1.4458990812146172e-28,1.1996279028126678e-17,1.1608722628609285,2.7971893414619364e-12,0.0002048809228989123,500000.0,500366.5288316917
0.5997134904928786,0.00011376449483988206,-2.22844033972924e-10,298.15000458345185,0.0,0.044895374515220396,150.13800238720688,9.610358985605118e-18,0.0,0.00014884991875230776,50.05340924756497,1.683056729082178e-16,2.954611770883272e-19,1.2490542148485237e-32,1.4459733176424062e-28,1.199627909885167e-17,1.160872269682769,2.7970425242775e-12,0.0002048809229170471,500000.0,500366.5288324082
0.6007134904928786,0.00011376449461704981,-2.2283225470633303e-10,298.1500045832055,0.0,0.04489298574975858,150.13800446395427,9.609854524909309e-18,0.0,0.00014884991962654584,50.0534095416861,1.6829683830527268e-16,2.9542994899489453e-19,1.2489689405910527e-32,1.446047558083545e-28,1.1996279169574071e-17,1.1608722765042483,2.7968957147727598e-12,0.00020488092293518092,500000.0,500366.5288331272
0.6017134904928786,0.00011376449439422935,-2.2282046362330406e-10,298.15000458295924,0.0,0.04489059711268685,150.1380065405908,9.609350090604305e-18,0.0,0.00014884992050073762,50.05340983579165,1.6828800416450653e-16,2.953987242077552e-19,1.2488836739378628e-32,1.4461218025383909e-28,1.1996279240292203e-17,1.160872283325367,2.7967489129471755e-12,0.0002048809229533138,500000.0,500366.52883384866
0.6027134904928786,0.00011376449417142073,-2.228086051317368e-10,298.15000458271294,0.0,0.04488820860399812,150.1380086171162,9.60884568269097e-18,0.0,0.0001488499213748829,50.05341012988158,1.6827917048594278e-16,2.95367502721344e-19,1.2487984083127175e-32,1.446196051006591e-28,1.1996279311006328e-17,1.160872290146123,2.7966021188011465e-12,0.00020488092297144567,500000.0,500366.5288345717
0.6037134904928786,0.00011376449394862399,-2.227967535402564e-10,298.15000458246664,0.0,0.04488582022368532,150.13801069353045,9.60834130116432e-18,0.0,0.0001488499222489816,50.05341042395583,1.6827033726948588e-16,2.9533628454574423e-19,1.2487131596365863e-32,1.4462703034891525e-28,1.1996279381716697e-17,1.1608722969665155,2.7964553323328823e-12,0.0002048809229895766,500000.0,500366.52883529605
0.6047134904928786,0.0001137644937258412,-2.2278280045358839e-10,298.15000458222016,0.0,0.04488343197173896,150.13801276982528,9.607836946023033e-18,0.0,0.0001488499231230256,50.05341071801168,1.682615045151204e-16,2.9530506967532757e-19,1.2486279142191542e-32,1.4463445599859035e-28,1.1996279452422991e-17,1.1608723037864814,2.79630855354223e-12,0.00020488092300770638,500000.0,500366.5288359941
0.6057134904928786,0.0001137644935030682,-2.2277301018069033e-10,298.1500045819741,0.0,0.044881043848156894,150.13801484601711,9.607332617268723e-18,0.0,0.0001488499239970311,50.0534110120546,1.6825267222286681e-16,2.952738581098423e-19,1.2485426775964018e-32,1.4464188204970298e-28,1.1996279523126457e-17,1.1608723106061474,2.7961617824296392e-12,0.00020488092302583537,500000.0,500366.5288367214
0.6067134904928786,0.0001137644932803091,-2.2275908485712042e-10,298.15000458172756,0.0,0.04487865585292725,150.13801692208975,9.606828314897204e-18,0.0,0.00014884992487098204,50.05341130607918,1.682438403926556e-16,2.952426498488565e-19,1.248457448785767e-32,1.4464930850228796e-28,1.1996279593825224e-17,1.1608723174253877,2.7960150189939163e-12,0.00020488092304396323,500000.0,500366.5288374225
0.6077134904928786,0.00011376449305755982,-2.2274928327228034e-10,298.15000458148154,0.0,0.04487626798604784,150.1380189980594,9.606324038909763e-18,0.0,0.0001488499257448945,50.053411600090804,1.6823500902451214e-16,2.9521144489208503e-19,1.2483722276453716e-32,1.4465673535634447e-28,1.1996279664520981e-17,1.160872324244328,2.795868263235339e-12,0.0002048809230620903,500000.0,500366.52883815323
0.6087134904928786,0.00011376449283482447,-2.2273536467786876e-10,298.1500045812351,0.0,0.04487388024750672,150.13802107390967,9.60581978930278e-18,0.0,0.00014884992661875224,50.05341189408404,1.6822617811837043e-16,2.951802432391163e-19,1.2482870140825878e-32,1.4466416261189947e-28,1.199627973521162e-17,1.1608723310628415,2.795721515152897e-12,0.00020488092308021624,500000.0,500366.52883885696
0.6097134904928786,0.0001137644926120989,-2.2272557318037727e-10,298.1500045809891,0.0,0.04487149263730179,150.13802314965702,9.605315566077369e-18,0.0,0.00014884992749257157,50.05341218806436,1.6821734767424393e-16,2.951490448896951e-19,1.248201808139449e-32,1.4467159026897924e-28,1.1996279805899744e-17,1.1608723378810553,2.795574774746888e-12,0.0002048809230983414,500000.0,500366.5288395901
0.6107134904928786,0.00011376449238938724,-2.2271165406583126e-10,298.1500045807427,0.0,0.04486910515542114,150.1380252252852,9.604811369228708e-18,0.0,0.00014884992836633636,50.05341248202633,1.6820851769205947e-16,2.951178498433305e-19,1.2481166097159327e-32,1.4467901832759743e-28,1.1996279876583211e-17,1.160872344698844,2.7954280420160087e-12,0.00020488092311646538,500000.0,500366.52884029737
0.6117134904928786,0.00011376449216668747,-2.2269977311189263e-10,298.1500045804965,0.0,0.04486671780186013,150.1380273008021,9.604307198758168e-18,0.0,0.0001488499292400545,50.05341277597262,1.6819968817183268e-16,2.9508665809977963e-19,1.2480314189420806e-32,1.4468644678778568e-28,1.1996279947262997e-17,1.1608723515162684,2.7952813169605094e-12,0.00020488092313458841,500000.0,500366.52884100575
0.6127134904928786,0.00011376449194399745,-2.2269000595303868e-10,298.15000458025054,0.0,0.04486433057661422,150.13802937621625,9.603803054664765e-18,0.0,0.00014884993011373435,50.05341306990602,1.6819085911355059e-16,2.950554696586918e-19,1.2479462357196184e-32,1.446938756495565e-28,1.1996280017939633e-17,1.1608723583333946,2.795134599580161e-12,0.00020488092315271066,500000.0,500366.52884174394
0.6137134904928786,0.00011376449172132135,-2.2267609826720843e-10,298.1500045800041,0.0,0.04486194347967149,150.13803145151115,9.603298936944312e-18,0.0,0.00014884993098735958,50.05341336382106,1.6818203051713834e-16,2.9502428451964285e-19,1.2478610600597347e-32,1.4470130491290613e-28,1.199628008861179e-17,1.1608723651500945,2.7949878898738868e-12,0.00020488092317083177,500000.0,500366.5288424555
0.6147134904928786,0.00011376449149865714,-2.226642164630699e-10,298.150004579758,0.0,0.0448595565110273,150.1380335266948,9.602794845597214e-18,0.0,0.00014884993186093813,50.05341365772042,1.6817320238260714e-16,2.949931026823115e-19,1.2477758919971052e-32,1.447087345778959e-28,1.199628015928055e-17,1.1608723719664307,2.7948411878416293e-12,0.0002048809231889519,500000.0,500366.5288431686
0.6157134904928786,0.00011376449127600478,-2.226523579279655e-10,298.15000457951186,0.0,0.044857169670674636,150.1380356017674,9.602290780622444e-18,0.0,0.00014884993273447014,50.05341395160411,1.681643747099294e-16,2.949619241463934e-19,1.247690731529974e-32,1.4471616464451036e-28,1.1996280229945029e-17,1.160872378782404,2.7946944934830966e-12,0.00020488092320707107,500000.0,500366.5288438831
0.6167134904928786,0.00011376449105336428,-2.226405061170662e-10,298.1500045792657,0.0,0.044854782958606496,150.13803767672894,9.601786742017731e-18,0.0,0.00014884993360795567,50.05341424547218,1.6815554749907375e-16,2.9493074891148614e-19,1.247605578603358e-32,1.4472359511280394e-28,1.1996280300606169e-17,1.1608723855980145,2.794547806797769e-12,0.00020488092322518928,500000.0,500366.52884459903
0.6177134904928786,0.00011376449083073564,-2.2262865219478533e-10,298.15000457901965,0.0,0.04485239637481581,150.13803975157936,9.60128272978235e-18,0.0,0.00014884993448139463,50.05341453932459,1.6814672075002435e-16,2.948995769772591e-19,1.247520433274019e-32,1.4473102598277032e-28,1.1996280371263563e-17,1.160872392413262,2.7944011277853212e-12,0.00020488092324330652,500000.0,500366.52884531644
0.6187134904928786,0.00011376449060811882,-2.2261680845991415e-10,298.1500045787735,0.0,0.04485000991929562,150.13804182631884,9.600778743914808e-18,0.0,0.0001488499353547872,50.05341483316139,1.6813789446275239e-16,2.9486840834337076e-19,1.2474352955200072e-32,1.4473845725444069e-28,1.199628044191638e-17,1.1608723992281473,2.7942544564453306e-12,0.00020488092326142278,500000.0,500366.52884603565
0.6197134904928786,0.00011376449038551387,-2.2260495210609773e-10,298.15000457852744,0.0,0.04484762359203884,150.1380439009472,9.600274784413673e-18,0.0,0.00014884993622813316,50.053415126982536,1.6812906863724338e-16,2.9483724300945307e-19,1.2473501653294883e-32,1.4474588892783104e-28,1.1996280512566247e-17,1.1608724060426696,2.7941077927773025e-12,0.00020488092327953809,500000.0,500366.5288467562
0.6207134904928786,0.00011376449016292075,-2.225931028465171e-10,298.15000457828137,0.0,0.04484523739303846,150.13804597546456,9.599770851277461e-18,0.0,0.0001488499371014327,50.053415420788056,1.6812024327345755e-16,2.948060809751751e-19,1.2472650427249644e-32,1.447533210029624e-28,1.1996280583212485e-17,1.1608724128568295,2.7939611367810235e-12,0.00020488092329765242,500000.0,500366.5288474783
0.6217134904928786,0.0001137644899403416,-2.2257916607969864e-10,298.15000457803507,0.0,0.04484285132228497,150.1380480498626,9.599266944503856e-18,0.0,0.0001488499379746775,50.053415714575166,1.6811141837136227e-16,2.9477492224013485e-19,1.2471799276731458e-32,1.4476075347984078e-28,1.1996280653854243e-17,1.1608724196705626,2.7938144884556238e-12,0.00020488092331576564,500000.0,500366.5288481738
0.6227134904928786,0.00011376448971777221,-2.2256937782948176e-10,298.1500045777893,0.0,0.044840465379776255,150.13805012415776,9.598763064093525e-18,0.0,0.00014884993884788387,50.053416008349366,1.6810259393096847e-16,2.947437668040583e-19,1.247094820221103e-32,1.4476818635852402e-28,1.1996280724492683e-17,1.1608724264839962,2.7936678478013932e-12,0.00020488092333387808,500000.0,500366.52884889895
0.6237134904928786,0.00011376448949521466,-2.2255756118373988e-10,298.15000457754326,0.0,0.04483807956550288,150.138052198342,9.598259210044341e-18,0.0,0.00014884993972104384,50.05341630210796,1.6809376995223666e-16,2.9471261466656454e-19,1.2470097203219962e-32,1.4477561963900657e-28,1.199628079512761e-17,1.160872433297068,2.793521214817664e-12,0.00020488092335198954,500000.0,500366.5288496255
0.6247134904928786,0.00011376448927267102,-2.2254362991783486e-10,298.15000457729707,0.0,0.04483569387945533,150.13805427240698,9.597755382353367e-18,0.0,0.00014884994059414922,50.05341659584819,1.6808494643511823e-16,2.946814658272583e-19,1.246924627982657e-32,1.4478305332128132e-28,1.1996280865757446e-17,1.1608724401097135,2.793374589503581e-12,0.00020488092337009987,500000.0,500366.5288503257
0.6257134904928786,0.00011376448905013717,-2.2253384208311047e-10,298.1500045770512,0.0,0.04483330832163149,150.13805634636913,9.597251581021682e-18,0.0,0.00014884994146721614,50.0534168895755,1.6807612337962975e-16,2.946503202858647e-19,1.2468395432396385e-32,1.4479048740543636e-28,1.1996280936384842e-17,1.1608724469220595,2.7932279718595654e-12,0.0002048809233882094,500000.0,500366.5288510554
0.6267134904928786,0.00011376448882761724,-2.2251993526791795e-10,298.15000457680503,0.0,0.04483092289201941,150.13805842021205,9.59674780604587e-18,0.0,0.00014884994234022844,50.053417183284445,1.6806730078571234e-16,2.9461917804197594e-19,1.2467544660425916e-32,1.44797921891423e-28,1.199628100700762e-17,1.1608724537339796,2.7930813618844456e-12,0.0002048809234063178,500000.0,500366.5288517586
0.6277134904928786,0.00011376448860510916,-2.2250806792878255e-10,298.150004576559,0.0,0.04482853759061454,150.13806049394395,9.596244057425387e-18,0.0,0.00014884994321319423,50.05341747697773,1.680584786533569e-16,2.9458803909525957e-19,1.246669396418569e-32,1.448053567793051e-28,1.199628107762714e-17,1.1608724605455365,2.7929347595782537e-12,0.00020488092342442523,500000.0,500366.5288524632
0.6287134904928786,0.00011376448838261086,-2.2249830183560863e-10,298.15000457631334,0.0,0.0448261524174123,150.13806256757306,9.595740335160134e-18,0.0,0.00014884994408612167,50.053417770658136,1.6804965698256047e-16,2.9455690344539693e-19,1.2465843343679958e-32,1.4481279206909451e-28,1.1996281148242561e-17,1.1608724673567947,2.792788164940849e-12,0.00020488092344253186,500000.0,500366.5288531974
0.6297134904928786,0.00011376448816012646,-2.2248441088418022e-10,298.15000457606715,0.0,0.04482376737240076,150.138064641083,9.595236639246625e-18,0.0,0.00014884994495899451,50.05341806432018,1.6804083577326245e-16,2.945257710919917e-19,1.246499279872117e-32,1.4482022776078664e-28,1.1996281218853977e-17,1.1608724741676268,2.7926415779711074e-12,0.00020488092346063736,500000.0,500366.5288539049
0.6307134904928786,0.00011376448793765392,-2.2247254001672823e-10,298.1500045758212,0.0,0.04482138245557535,150.13806671448188,9.594732969684466e-18,0.0,0.00014884994583182085,50.05341835796657,1.6803201502545942e-16,2.944946420347112e-19,1.2464142329446017e-32,1.4482766385443059e-28,1.1996281289462194e-17,1.1608724809780964,2.7924949986691286e-12,0.00020488092347874189,500000.0,500366.52885461407
0.6317134904928786,0.00011376448771519115,-2.2246277265342972e-10,298.1500045755755,0.0,0.044818997666931475,150.138068787778,9.594229326472838e-18,0.0,0.00014884994670460883,50.05341865160007,1.680231947391279e-16,2.9446351627323906e-19,1.2463291935882694e-32,1.4483510035004596e-28,1.1996281360066542e-17,1.1608724877882668,2.7923484270346614e-12,0.00020488092349684565,500000.0,500366.5288553525
0.6327134904928786,0.00011376448749274228,-2.224488756791058e-10,298.1500045753294,0.0,0.04481661300645727,150.13807086095505,9.5937257096093e-18,0.0,0.00014884994757734227,50.05341894521524,1.6801437491423585e-16,2.944323938071683e-19,1.2462441617786713e-32,1.4484253724763553e-28,1.1996281430666576e-17,1.160872494598012,2.792201863066768e-12,0.00020488092351494825,500000.0,500366.52885606466
0.6337134904928786,0.00011376448727030527,-2.224370080702473e-10,298.1500045750834,0.0,0.044814228474148086,150.138072934021,9.593222119093067e-18,0.0,0.00014884994845002912,50.05341923881474,1.6800555555075974e-16,2.94401274636196e-19,1.2461591375505222e-32,1.448499745472078e-28,1.1996281501262603e-17,1.1608725014073937,2.7920553067653707e-12,0.0002048809235330499,500000.0,500366.52885677805
0.6347134904928786,0.00011376448704788013,-2.2242516704564645e-10,298.15000457483757,0.0,0.04481184406999692,150.13807500697595,9.592718554922158e-18,0.0,0.00014884994932266946,50.05341953239859,1.6799673664867631e-16,2.9437015875991483e-19,1.2460741208509995e-32,1.4485741224883817e-28,1.1996281571855755e-17,1.1608725082164126,2.7919087581300614e-12,0.00020488092355115057,500000.0,500366.528857493
0.6357134904928786,0.0001137644868254668,-2.2241332209849002e-10,298.1500045745918,0.0,0.04480945979399679,150.13807707982,9.592215017095826e-18,0.0,0.00014884995019526337,50.05341982596685,1.6798791820796351e-16,2.9433904617801854e-19,1.2459891117456346e-32,1.4486485035248717e-28,1.1996281642444633e-17,1.1608725150250698,2.7917622171604033e-12,0.00020488092356925027,500000.0,500366.52885820984
0.6367134904928786,0.0001137644866030653,-2.22401492518571e-10,298.15000457434587,0.0,0.04480707564614065,150.13807915255316,9.591711505612993e-18,0.0,0.00014884995106781087,50.05342011951949,1.6797910022860423e-16,2.943079368901766e-19,1.245904110197386e-32,1.448722888581966e-28,1.1996281713030242e-17,1.1608725218333646,2.7916156838560025e-12,0.00020488092358734902,500000.0,500366.52885892795
0.6377134904928786,0.00011376448638067565,-2.223896552481308e-10,298.1500045741,0.0,0.044804691626421464,150.13808122517528,9.591208020472025e-18,0.0,0.00014884995194031187,50.053420413056486,1.679702827105714e-16,2.942768308960081e-19,1.245819116186205e-32,1.4487972776601203e-28,1.199628178361118e-17,1.1608725286412969,2.791469158216545e-12,0.0002048809236054468,500000.0,500366.52885964734
0.6387134904928786,0.00011376448615829991,-2.2237572331033467e-10,298.150004573854,0.0,0.04480230773482979,150.13808329767835,9.590704561669535e-18,0.0,0.00014884995281275827,50.05342070657513,1.6796146565380277e-16,2.942457281951278e-19,1.2457341297319454e-32,1.448871670759083e-28,1.1996281854187947e-17,1.1608725354488032,2.791322640241148e-12,0.00020488092362354345,500000.0,500366.5288603411
0.6397134904928786,0.00011376448593593186,-2.2236803953146467e-10,298.15000457360856,0.0,0.04479992397136593,150.13808537008686,9.590201129209234e-18,0.0,0.0001488499536851745,50.053421000083624,1.679526490583678e-16,2.942146287873017e-19,1.245649150870203e-32,1.448946067879437e-28,1.1996281924762281e-17,1.1608725422560742,2.79117612993059e-12,0.0002048809236416395,500000.0,500366.52886109153
0.6407134904928786,0.0001137644857135798,-2.2235207542630516e-10,298.15000457336237,0.0,0.04479754033601307,150.13808744236803,9.589697723084081e-18,0.0,0.00014884995455752802,50.05342129357102,1.6794383292413878e-16,2.941835326720535e-19,1.245564179518666e-32,1.4490204690208622e-28,1.1996281995331431e-17,1.1608725490628558,2.7910296272830523e-12,0.00020488092365973423,500000.0,500366.52886178764
0.6417134904928786,0.00011376448549123961,-2.223401929897989e-10,298.1500045731166,0.0,0.04479515682876906,150.1380895145382,9.589194343294737e-18,0.0,0.00014884995542983494,50.05342158704277,1.6793501725113315e-16,2.9415243984906e-19,1.2454792157345877e-32,1.449094874184091e-28,1.199628206589783e-17,1.1608725558692743,2.7908831322987434e-12,0.000204880923677828,500000.0,500366.5288624854
0.6427134904928786,0.00011376448526890917,-2.2233043838813158e-10,298.150004572871,0.0,0.04479277344962937,150.13809158660564,9.588690989841695e-18,0.0,0.00014884995630210356,50.053421880501624,1.6792620203935224e-16,2.941213503180452e-19,1.245394259533273e-32,1.449169283369393e-28,1.1996282136461168e-17,1.1608725626753944,2.7907366449777188e-12,0.00020488092369592097,500000.0,500366.52886321244
0.6437134904928786,0.00011376448504659054,-2.2231862856222248e-10,298.1500045726253,0.0,0.04479039019858455,150.13809365856227,9.588187662722555e-18,0.0,0.0001488499571743258,50.053422173944895,1.6791738728875804e-16,2.9409026407862554e-19,1.2453093108605748e-32,1.44924369657654e-28,1.1996282207019138e-17,1.1608725694811526,2.790590165319136e-12,0.000204880923714013,500000.0,500366.52886394097
0.6447134904928786,0.00011376448482428582,-2.2230472000521306e-10,298.15000457237926,0.0,0.044788007075625094,150.13809573039978,9.587684361934023e-18,0.0,0.00014884995804649348,50.053422467369806,1.6790857299929357e-16,2.9405918113038618e-19,1.245224369721273e-32,1.449318113805779e-28,1.1996282277573768e-17,1.1608725762864849,2.790443693322333e-12,0.0002048809237321039,500000.0,500366.52886464307
0.6457134904928786,0.00011376448460199296,-2.2229284974162062e-10,298.1500045721336,0.0,0.04478562408074642,150.13809780212637,9.587181087476506e-18,0.0,0.00014884995891861465,50.053422760779085,1.6789975917096485e-16,2.940281014730436e-19,1.245139436169553e-32,1.449392535057644e-28,1.1996282348124747e-17,1.1608725830914548,2.7902972289872856e-12,0.0002048809237501938,500000.0,500366.52886534715
0.6467134904928786,0.00011376448437970986,-2.2228310720426496e-10,298.150004571888,0.0,0.04478324121394398,150.13809987375024,9.586677839349712e-18,0.0,0.00014884995979069746,50.053423054175475,1.678909458037658e-16,2.939970251062747e-19,1.2450545101604652e-32,1.44946696033219e-28,1.1996282418672219e-17,1.1608725898961259,2.79015077231383e-12,0.00020488092376828293,500000.0,500366.52886608016
0.6477134904928786,0.00011376448415744065,-2.2226921669055218e-10,298.1500045716421,0.0,0.04478085847520588,150.13810194525507,9.586174617549467e-18,0.0,0.0001488499606627258,50.053423347553526,1.678821328976259e-16,2.9396595202963757e-19,1.244969591669426e-32,1.4495413896293426e-28,1.1996282489215937e-17,1.1608725967003715,2.790004323300907e-12,0.00020488092378637092,500000.0,500366.5288667866
0.6487134904928786,0.0001137644839351833,-2.222573518774936e-10,298.15000457139644,0.0,0.044778475864527496,150.13810401664892,9.585671422076243e-18,0.0,0.00014884996153470757,50.05342364091593,1.6787332045254778e-16,2.9393488224285765e-19,1.2448846807689845e-32,1.4496158229496617e-28,1.1996282559754631e-17,1.160872603504254,2.7898578819486003e-12,0.00020488092380445793,500000.0,500366.5288674948
0.6497134904928786,0.00011376448371293778,-2.2224552396597422e-10,298.15000457115076,0.0,0.044776093381901846,150.13810608793193,9.58516825292833e-18,0.0,0.00014884996240664293,50.053423934262725,1.6786450846850838e-16,2.9390381574556616e-19,1.244799777393423e-32,1.4496902602931341e-28,1.1996282630290923e-17,1.1608726103077749,2.789711448256309e-12,0.000204880923822544,500000.0,500366.52886820445
0.6507134904928786,0.000113764483490702,-2.2223578079393449e-10,298.1500045709053,0.0,0.04477371102732438,150.13810815911228,9.584665110105646e-18,0.0,0.00014884996327854005,50.05342422759665,1.6785569694549982e-16,2.938727525374446e-19,1.2447148815736774e-32,1.4497647016602724e-28,1.1996282700823473e-17,1.160872617110997,2.789565022224064e-12,0.00020488092384062927,500000.0,500366.5288689434
0.6517134904928786,0.0001137644832684801,-2.2222189706528524e-10,298.15000457065946,0.0,0.044771328800783196,150.13811023017374,9.584161993603797e-18,0.0,0.00014884996415038268,50.05342452091227,1.6784688588345462e-16,2.9384169261805463e-19,1.244629993271924e-32,1.4498391470508425e-28,1.1996282771351266e-17,1.1608726239137948,2.7894186038508267e-12,0.0002048809238587134,500000.0,500366.52886965626
0.6527134904928786,0.00011376448304627006,-2.222100391940981e-10,298.15000457041384,0.0,0.04476894670227366,150.13811230112418,9.583658903423822e-18,0.0,0.00014884996502217878,50.05342481421225,1.6783807528238012e-16,2.9381063598713994e-19,1.2445451125641404e-32,1.449913596465187e-28,1.1996282841875094e-17,1.1608726307162296,2.7892721931365124e-12,0.00020488092387679658,500000.0,500366.5288703706
0.6537134904928786,0.00011376448282407184,-2.2219821837394076e-10,298.15000457016816,0.0,0.044766564731788805,150.13811437196387,9.583155839563356e-18,0.0,0.0001488499658939285,50.053425107496615,1.6782926514224211e-16,2.9377958264429125e-19,1.244460239355095e-32,1.4499880499036736e-28,1.1996282912396561e-17,1.1608726375183025,2.7891257900806442e-12,0.0002048809238948788,500000.0,500366.5288710863
0.6547134904928786,0.00011376448260188545,-2.2218638288576695e-10,298.15000456992254,0.0,0.044764182889321595,150.13811644269268,9.582652802021795e-18,0.0,0.0001488499667656318,50.05342540076538,1.6782045546302563e-16,2.937485325892025e-19,1.244375373721183e-32,1.4500625073664127e-28,1.199628298291324e-17,1.1608726443200135,2.788979394682989e-12,0.00020488092391296003,500000.0,500366.5288718036
0.6557134904928786,0.00011376448237971089,-2.2217455254604409e-10,298.150004569677,0.0,0.04476180117486503,150.13811851331062,9.58214979079719e-18,0.0,0.00014884996763728865,50.05342569401852,1.6781164624470076e-16,2.9371748582149827e-19,1.2442905156085587e-32,1.450136968853557e-28,1.1996283053425943e-17,1.160872651121362,2.788833006943028e-12,0.0002048809239310403,500000.0,500366.52887252235
0.6567134904928786,0.00011376448215755023,-2.2216065355404084e-10,298.15000456943113,0.0,0.04475941958840963,150.13812058380947,9.58164680588694e-18,0.0,0.00014884996850889092,50.053425987253306,1.6780283748721882e-16,2.9368644234080113e-19,1.24420566503781e-32,1.4502114343653318e-28,1.1996283123935082e-17,1.160872657922285,2.7886866268599984e-12,0.00020488092394911945,500000.0,500366.5288732144
0.6577134904928786,0.00011376448193539727,-2.22152958458272e-10,298.150004569186,0.0,0.04475703812995571,150.13812265421393,9.58114384729415e-18,0.0,0.000148849969380463,50.05342628047794,1.6779402919063322e-16,2.9365540214689165e-19,1.2441208220468307e-32,1.45028590390209e-28,1.1996283194441615e-17,1.1608726647229726,2.788540254434643e-12,0.00020488092396719798,500000.0,500366.5288739641
0.6587134904928786,0.00011376448171326025,-2.2213702374754265e-10,298.15000456894006,0.0,0.04475465679948655,150.1381247244913,9.58064091501109e-18,0.0,0.00014884997025197257,50.053426573681556,1.6778522135481492e-16,2.936243652392266e-19,1.2440359865168494e-32,1.4503603774635034e-28,1.1996283264942054e-17,1.1608726715231723,2.7883938896650687e-12,0.0002048809239852752,500000.0,500366.5288746595
0.6597134904928786,0.0001137644814911351,-2.2212514732212011e-10,298.15000456869444,0.0,0.04475227559699989,150.1381267946576,9.580138009040673e-18,0.0,0.00014884997112343546,50.05342686686947,1.677764139798092e-16,2.9359333161757894e-19,1.2439511585983096e-32,1.4504348550504846e-28,1.1996283335440176e-17,1.1608726783230086,2.7882475325517205e-12,0.00020488092400335146,500000.0,500366.5288753561
0.6607134904928786,0.0001137644812690197,-2.2211539719472052e-10,298.15000456844916,0.0,0.04474989452249127,150.13812886472138,9.579635129381281e-18,0.0,0.00014884997199486014,50.05342716004455,1.6776760706558825e-16,2.9356230128161608e-19,1.2438663381974364e-32,1.4505093366628995e-28,1.1996283405935384e-17,1.1608726851225466,2.7881011830944135e-12,0.00020488092402142695,500000.0,500366.52887608233
0.6617134904928786,0.00011376448104691609,-2.2210361108546847e-10,298.15000456820366,0.0,0.04474751357595124,150.13813093467445,9.579132276030911e-18,0.0,0.00014884997286623855,50.053427453204066,1.67758800612116e-16,2.9353127423095897e-19,1.243781525322894e-32,1.4505838223009007e-28,1.1996283476425122e-17,1.1608726919217236,2.7879548412923578e-12,0.00020488092403950147,500000.0,500366.52887681
0.6627134904928786,0.00011376448082482646,-2.220896209293684e-10,298.1500045679579,0.0,0.044745132757370215,150.1381330045082,9.578629448988935e-18,0.0,0.00014884997373756207,50.053427746345115,1.6774999461938486e-16,2.935002504600382e-19,1.2436967134871636e-32,1.4506583119643396e-28,1.1996283546911513e-17,1.1608726987204727,2.7878085071456215e-12,0.00020488092405757485,500000.0,500366.5288775101
0.6637134904928786,0.00011376448060274876,-2.2207770367664767e-10,298.1500045677124,0.0,0.04474275206674359,150.13813507423077,9.578126648250998e-18,0.0,0.0001488499746088388,50.05342803947043,1.6774118908731813e-16,2.934692299788947e-19,1.2436119184714897e-32,1.4507328056543002e-28,1.199628361739416e-17,1.1608727055188568,2.7876621806527398e-12,0.00020488092407564725,500000.0,500366.52887821104
0.6647134904928786,0.00011376448038068088,-2.2206789186419844e-10,298.15000456746714,0.0,0.04474037150406686,150.1381371438505,9.577623873818753e-18,0.0,0.000148849975480077,50.053428332582804,1.6773238401594067e-16,2.9343821278202467e-19,1.2435271267164108e-32,1.4508073033706014e-28,1.1996283687873652e-17,1.1608727123169404,2.7875158618143067e-12,0.00020488092409371887,500000.0,500366.52887894004
0.6657134904928786,0.00011376448015862695,-2.2205393158379169e-10,298.15000456722146,0.0,0.04473799106932813,150.138139213351,9.577121125689268e-18,0.0,0.00014884997635126042,50.05342862567674,1.6772357940520434e-16,2.9340719886904336e-19,1.2434423436447822e-32,1.4508818051130792e-28,1.199628375834832e-17,1.1608727191145969,2.7873695506293094e-12,0.00020488092411178935,500000.0,500366.52887964156
0.6667134904928786,0.00011376447993658284,-2.22044096087637e-10,298.1500045669763,0.0,0.044735610762525246,150.13814128274865,9.576618403862674e-18,0.0,0.0001488499772224053,50.05342891875772,1.677147752551127e-16,2.933761882396355e-19,1.2433575683698008e-32,1.4509563108824257e-28,1.1996283828820211e-17,1.1608727259119525,2.787223247098027e-12,0.000204880924129859,500000.0,500366.5288803719
0.6677134904928786,0.00011376447971455269,-2.2203015148316036e-10,298.1500045667305,0.0,0.04473323058364635,150.13814335202713,9.576115708335965e-18,0.0,0.00014884997809349544,50.053429211820294,1.6770597156561122e-16,2.933451808934204e-19,1.2432728006855556e-32,1.4510308206784718e-28,1.1996283899287335e-17,1.1608727327088812,2.7870769512192494e-12,0.00020488092414792754,500000.0,500366.5288810747
0.6687134904928786,0.00011376447949253238,-2.220203000914113e-10,298.1500045664854,0.0,0.04473085053268925,150.1381454212026,9.57561303910905e-18,0.0,0.0001488499789645469,50.05342950486986,1.6769716833669784e-16,2.9331417683007464e-19,1.243188040543011e-32,1.4511053345017935e-28,1.199628396975151e-17,1.1608727395055085,2.786930662993353e-12,0.00020488092416599525,500000.0,500366.52888180595
0.6697134904928786,0.00011376447927052603,-2.2200635786831096e-10,298.1500045662397,0.0,0.04472847060964209,150.13814749025883,9.575110396179593e-18,0.0,0.00014884997983554356,50.053429797901,1.6768836556833316e-16,2.932831760492215e-19,1.243103287936814e-32,1.451179852352136e-28,1.1996284040211584e-17,1.1608727463017083,2.7867843824192738e-12,0.00020488092418406186,500000.0,500366.5288825092
0.6707134904928787,0.00011376447904853159,-2.2199443359339352e-10,298.15000456599427,0.0,0.04472609081450032,150.13814955920404,9.574607779546653e-18,0.0,0.00014884998070649352,50.05343009091645,1.6767956326049993e-16,2.932521785505277e-19,1.2430185428594223e-32,1.4512543742299241e-28,1.1996284110667353e-17,1.1608727530975442,2.7866381094969947e-12,0.00020488092420212748,500000.0,500366.52888321347
0.6717134904928787,0.00011376447882654697,-2.219846245966362e-10,298.15000456574916,0.0,0.044723711147259336,150.1381516280464,9.574105189209886e-18,0.0,0.00014884998157740494,50.05343038391892,1.6767076141319334e-16,2.932211843336753e-19,1.242933805316331e-32,1.4513289001355033e-28,1.199628418112086e-17,1.1608727598930793,2.78649184422636e-12,0.00020488092422019232,500000.0,500366.5288839461
0.6727134904928787,0.00011376447860457629,-2.2197067648975452e-10,298.15000456550354,0.0,0.044721331607907276,150.13815369676956,9.573602625165753e-18,0.0,0.0001488499824482616,50.053430676902984,1.6766196002634849e-16,2.931901933982559e-19,1.2428490752843428e-32,1.4514034300688929e-28,1.1996284251568493e-17,1.1608727666881873,2.786345586606301e-12,0.00020488092423825603,500000.0,500366.5288846512
0.6737134904928787,0.00011376447838261753,-2.2195875561798502e-10,298.1500045652582,0.0,0.04471895219643957,150.13815576538167,9.573100087414543e-18,0.0,0.00014884998331907154,50.05343096987135,1.6765315909997466e-16,2.9315920574395736e-19,1.242764352794857e-32,1.4514779640301719e-28,1.1996284322013815e-17,1.160872773482931,2.7861993366368996e-12,0.00020488092425631875,500000.0,500366.528885357
0.6747134904928787,0.00011376447816066858,-2.2194895195702836e-10,298.1500045650131,0.0,0.04471657291285166,150.13815783389097,9.572597575955577e-18,0.0,0.00014884998418984298,50.05343126282675,1.6764435863405192e-16,2.931282213704778e-19,1.2426796378389075e-32,1.4515525020200593e-28,1.1996284392455572e-17,1.1608727802773744,2.786053094317957e-12,0.0002048809242743807,500000.0,500366.5288860911
0.6757134904928785,0.00011376447793873356,-2.2193501792527312e-10,298.15000456476747,0.0,0.044714193757131655,150.13815990228116,9.572095090784715e-18,0.0,0.0001488499850605597,50.05343155576376,1.6763555862851708e-16,2.9309724027735473e-19,1.242594930362799e-32,1.4516270440380704e-28,1.1996284462891799e-17,1.160872787071391,2.785906859648373e-12,0.0002048809242924415,500000.0,500366.5288867976
0.6767134904928785,0.00011376447771681048,-2.2192308493705252e-10,298.15000456452213,0.0,0.04471181472927493,150.13816197056016,9.571592631902534e-18,0.0,0.00014884998593122956,50.05343184868501,1.6762675908337628e-16,2.930662624643179e-19,1.2425102304597088e-32,1.4517015900849314e-28,1.19962845333256e-17,1.1608727938650423,2.7857606326281986e-12,0.00020488092431050132,500000.0,500366.5288875046
0.6777134904928785,0.00011376447749489927,-2.2191119990498234e-10,298.15000456427686,0.0,0.04470943582927456,150.13816403872823,9.571090199307424e-18,0.0,0.0001488499868018529,50.053432141590605,1.676179599986018e-16,2.93035287931012e-19,1.2424255380619645e-32,1.4517761401607345e-28,1.1996284603755443e-17,1.1608728006583304,2.7856144132569502e-12,0.00020488092432856017,500000.0,500366.5288882123
0.6787134904928785,0.00011376447727299789,-2.219013963281144e-10,298.1500045640318,0.0,0.04470705705712591,150.13816610679348,9.570587792999373e-18,0.0,0.00014884998767243762,50.05343243448323,1.6760916137419045e-16,2.930043166771179e-19,1.2423408531908857e-32,1.4518506942654735e-28,1.1996284674181921e-17,1.1608728074513175,2.785468201534721e-12,0.00020488092434661824,500000.0,500366.5288889482
0.6797134904928785,0.00011376447705111044,-2.2188744907447326e-10,298.1500045637863,0.0,0.04470467841281719,150.13816817473963,9.57008541297402e-18,0.0,0.00014884998854296767,50.05343272735745,1.6760036321007316e-16,2.9297334870219756e-19,1.2422561758122428e-32,1.451925252399461e-28,1.1996284744604035e-17,1.1608728142438784,2.785321997460164e-12,0.00020488092436467517,500000.0,500366.52888965665
0.6807134904928785,0.00011376447682923489,-2.218755385148271e-10,298.150004563541,0.0,0.04470229989634376,150.13817024257477,9.569583059231753e-18,0.0,0.00014884998941345101,50.05343302021599,1.6759156550625074e-16,2.92942384005965e-19,1.2421715059903232e-32,1.4519998145629748e-28,1.1996284815022069e-17,1.160872821036075,2.785175801033432e-12,0.00020488092438273112,500000.0,500366.52889036585
0.6817134904928785,0.00011376447660737124,-2.2186365461366942e-10,298.15000456329574,0.0,0.04469992150769861,150.13817231029887,9.569080731771781e-18,0.0,0.00014884999028388766,50.05343331305882,1.6758276826271068e-16,2.929114225880904e-19,1.242086843684622e-32,1.4520743807561141e-28,1.1996284885436508e-17,1.1608728278279072,2.7850296122541933e-12,0.0002048809244007861,500000.0,500366.5288910754
0.6827134904928785,0.00011376447638551946,-2.2185176686541046e-10,298.15000456305046,0.0,0.04469754324687477,150.13817437791204,9.568578430590716e-18,0.0,0.0001488499911542777,50.05343360588597,1.6757397147939319e-16,2.928804644481559e-19,1.242002188860093e-32,1.4521489509791632e-28,1.1996284955847407e-17,1.1608728346193762,2.7848834311218156e-12,0.0002048809244188401,500000.0,500366.5288917854
0.6837134904928786,0.00011376447616367959,-2.2183987385824438e-10,298.15000456280524,0.0,0.044695165113865204,150.1381764454142,9.56807615568974e-18,0.0,0.000148849992024621,50.05343389869742,1.6756517515631632e-16,2.92849509585906e-19,1.2419175416116474e-32,1.4522235252322287e-28,1.1996285026254534e-17,1.1608728414104805,2.7847372576360877e-12,0.00020488092443689314,500000.0,500366.5288924958
0.6847134904928786,0.00011376447594184951,-2.2183008070004165e-10,298.1500045625603,0.0,0.0446927871086654,150.13817851281365,9.567573907066759e-18,0.0,0.00014884999289492592,50.053434191495946,1.6755637929345068e-16,2.928185580009475e-19,1.2418329018299837e-32,1.4522981035156777e-28,1.1996285096658781e-17,1.1608728482012856,2.7845910917968286e-12,0.0002048809244549454,500000.0,500366.52889323473
0.6857134904928786,0.00011376447572003336,-2.2181614755900129e-10,298.1500045623148,0.0,0.04469040923126348,150.1381805800941,9.56707168471799e-18,0.0,0.00014884999376517613,50.05343448427608,1.6754758389072272e-16,2.9278760969287955e-19,1.2417482695689564e-32,1.4523726858294936e-28,1.1996285167057452e-17,1.160872854991664,2.7844449336029484e-12,0.00020488092447299653,500000.0,500366.5288939462
0.6867134904928786,0.00011376447549822912,-2.2180422702263783e-10,298.1500045620697,0.0,0.044688031481654795,150.13818264726342,9.566569488645501e-18,0.0,0.00014884999463537964,50.0534347770405,1.6753878894817308e-16,2.927566646614456e-19,1.2416636448639165e-32,1.4524472721740183e-28,1.1996285237452839e-17,1.160872861781678,2.7842987830546044e-12,0.00020488092449104668,500000.0,500366.52889465843
0.6877134904928786,0.00011376447527643677,-2.2179235163792214e-10,298.15000456182446,0.0,0.04468565385983239,150.13818471432182,9.566067318845553e-18,0.0,0.00014884999550553646,50.05343506978923,1.6752999446573782e-16,2.927257229062313e-19,1.241579027623683e-32,1.4525218625494426e-28,1.199628530784506e-17,1.1608728685713279,2.7841526401511497e-12,0.00020488092450909586,500000.0,500366.52889537084
0.6887134904928786,0.00011376447505465632,-2.217804623929481e-10,298.1500045615793,0.0,0.04468327636578926,150.13818678126918,9.565565175317324e-18,0.0,0.00014884999637564656,50.05343536252225,1.6752120044339713e-16,2.9269478442690574e-19,1.2414944179195707e-32,1.4525964569559535e-28,1.1996285378233588e-17,1.1608728753606137,2.7840065048923403e-12,0.00020488092452714405,500000.0,500366.5288960834
0.6897134904928786,0.00011376447483288773,-2.2176857906819025e-10,298.15000456133413,0.0,0.04468089899951842,150.13818884810573,9.565063058060497e-18,0.0,0.0001488499972457101,50.053435655239625,1.6751240688115097e-16,2.9266384922314683e-19,1.2414098157365892e-32,1.4526710553935848e-28,1.1996285448617506e-17,1.1608728821495362,2.7838603772777574e-12,0.0002048809245451913,500000.0,500366.5288967969
0.6907134904928786,0.00011376447461113101,-2.2175670667617467e-10,298.150004561089,0.0,0.04467852176101289,150.1381909148314,9.564560967072525e-18,0.0,0.00014884999811572708,50.05343594794134,1.675036137789474e-16,2.926329172945946e-19,1.2413252210514755e-32,1.4527456578629458e-28,1.1996285518997926e-17,1.1608728889380957,2.7837142573068915e-12,0.00020488092456323758,500000.0,500366.528897511
0.6917134904928786,0.00011376447438938619,-2.2174482238122395e-10,298.1500045608439,0.0,0.04467614465026561,150.13819298144608,9.564058902352614e-18,0.0,0.00014884999898569738,50.053436240627335,1.674948211367801e-16,2.926019886408822e-19,1.2412406338710296e-32,1.4528202643638635e-28,1.1996285589375082e-17,1.1608728957262908,2.7835681449795207e-12,0.00020488092458128288,500000.0,500366.5288982254
0.6927134904928786,0.00011376447416765324,-2.2173295276932022e-10,298.1500045605988,0.0,0.04467376766726963,150.1381950479499,9.563556863898945e-18,0.0,0.00014884999985562107,50.05343653329768,1.6748602895461207e-16,2.925710632616741e-19,1.2411560542113803e-32,1.4528948748965983e-28,1.1996285659747906e-17,1.1608729025141227,2.783422040295079e-12,0.00020488092459932723,500000.0,500366.5288989403
0.6937134904928786,0.00011376447394593217,-2.2172106792090272e-10,298.1500045603537,0.0,0.044671390812017917,150.1381971143428,9.563054851710921e-18,0.0,0.00014885000072549813,50.05343682595233,1.6747723723243472e-16,2.9254014115663833e-19,1.2410714820647836e-32,1.4529694894615042e-28,1.1996285730117136e-17,1.160872909301591,2.783275943253307e-12,0.0002048809246173706,500000.0,500366.52889965585
0.6947134904928786,0.00011376447372422299,-2.2170918768413666e-10,298.1500045601087,0.0,0.044669014084503474,150.13819918062472,9.562552865786846e-18,0.0,0.0001488500015953285,50.05343711859129,1.6746844597021835e-16,2.9250922232542e-19,1.24098691741743e-32,1.453044108058707e-28,1.1996285800482416e-17,1.1608729160886953,2.783129853853715e-12,0.000204880924635413,500000.0,500366.5289003715
0.6957134904928786,0.00011376447350252777,-2.216952313878353e-10,298.1500045598633,0.0,0.044666637484716866,150.13820124678753,9.562050906123607e-18,0.0,0.00014885000246510417,50.05343741121184,1.67459655167913e-16,2.9247830676760446e-19,1.2409023602569114e-32,1.4531187306883036e-28,1.1996285870844151e-17,1.1608729228753722,2.782983772095637e-12,0.00020488092465345428,500000.0,500366.52890105953
0.6967134904928786,0.00011376447328084028,-2.216874926483078e-10,298.1500045596187,0.0,0.044664261012658434,150.13820331285592,9.561548972724034e-18,0.0,0.00014885000333484947,50.0534377038222,1.6745086482555855e-16,2.9244739448299997e-19,1.240817810663427e-32,1.4531933573508426e-28,1.1996285941202874e-17,1.1608729296618128,2.7828376979796374e-12,0.00020488092467149495,500000.0,500366.5289018046
0.6977134904928786,0.00011376447305916876,-2.21671506589371e-10,298.15000455937326,0.0,0.04466188466831144,150.13820537879718,9.561047065581901e-18,0.0,0.00014885000420453203,50.053437996411446,1.6744207494305498e-16,2.924164854710855e-19,1.2407332684994633e-32,1.4532679880460588e-28,1.199628601155594e-17,1.1608729364477643,2.7826916315039797e-12,0.0002048809246895343,500000.0,500366.528902494
0.6987134904928786,0.00011376447283750711,-2.2166165723932086e-10,298.15000455912843,0.0,0.044659508451676114,150.1382074446355,9.560545184699095e-18,0.0,0.0001488500050741759,50.05343828898769,1.674332855204301e-16,2.923855797316201e-19,1.2406487338919592e-32,1.4533426227744736e-28,1.1996286081906747e-17,1.1608729432334137,2.782545572669283e-12,0.00020488092470757286,500000.0,500366.5289032118
0.6997134904928786,0.0001137644726158573,-2.2164980993300156e-10,298.1500045588834,0.0,0.0446571323627431,150.13820951036308,9.560043330073577e-18,0.0,0.0001488500059437733,50.053438581548306,1.6742449655764715e-16,2.923546772642416e-19,1.2405642067758913e-32,1.4534172615359904e-28,1.1996286152252983e-17,1.1608729500187007,2.7823995214748822e-12,0.00020488092472561043,500000.0,500366.52890393
0.7007134904928786,0.00011376447239421935,-2.216379351111733e-10,298.1500045586384,0.0,0.044654756401505416,150.1382115759799,9.559541501703588e-18,0.0,0.00014885000681332414,50.05343887409327,1.6741570805468106e-16,2.923237780685959e-19,1.2404796871566094e-32,1.4534919043312034e-28,1.1996286222596434e-17,1.160872956803625,2.782253477920256e-12,0.00020488092474364703,500000.0,500366.52890464896
0.7017134904928786,0.00011376447217259538,-2.2162398127608052e-10,298.15000455839316,0.0,0.04465238056795355,150.1382136414775,9.559039699586625e-18,0.0,0.00014885000768282013,50.05343916661978,1.6740692001148303e-16,2.9229288214428166e-19,1.2403951750247218e-32,1.453566551159955e-28,1.1996286292934409e-17,1.1608729635881212,2.78210744200469e-12,0.00020488092476168252,500000.0,500366.5289053401
0.7027134904928786,0.00011376447195097913,-2.2161624908982975e-10,298.1500045581487,0.0,0.044650004862087866,150.13821570688071,9.558537923725181e-18,0.0,0.0001488500085522858,50.05343945913611,1.67398132428098e-16,2.922619894910769e-19,1.2403106704379788e-32,1.4536412020228663e-28,1.1996286363270358e-17,1.160872970372381,2.7819614137289117e-12,0.00020488092477971738,500000.0,500366.5289060878
0.7037134904928786,0.00011376447172937887,-2.2160026657584452e-10,298.1500045579033,0.0,0.04464762928389165,150.1382177721568,9.558036174112814e-18,0.0,0.00014885000942168873,50.05343975163132,1.6738934530441601e-16,2.922311001084814e-19,1.2402261732924436e-32,1.4537158569194955e-28,1.1996286433600978e-17,1.1608729771561515,2.7818153930910637e-12,0.00020488092479775094,500000.0,500366.5289067803
0.7047134904928786,0.00011376447150778845,-2.2159042481096295e-10,298.1500045576585,0.0,0.04464525383336512,150.13821983733007,9.557534450751191e-18,0.0,0.00014885001029105304,50.053440044113565,1.6738055864046168e-16,2.92200213996249e-19,1.2401416836913892e-32,1.4537905158508482e-28,1.1996286503929383e-17,1.1608729839396208,2.781669380091778e-12,0.0002048809248157837,500000.0,500366.52890750096
0.7057134904928786,0.00011376447128621195,-2.2157648938325284e-10,298.15000455741335,0.0,0.0446428785104965,150.13822190238437,9.557032753638368e-18,0.0,0.00014885001116036274,50.053440336577424,1.6737177243620366e-16,2.921693311540055e-19,1.240057201578763e-32,1.4538651788163902e-28,1.1996286574252831e-17,1.1608729907226638,2.7815233747300507e-12,0.0002048809248338153,500000.0,500366.52890819416
0.7067134904928786,0.00011376447106464528,-2.2156668256588243e-10,298.15000455716864,0.0,0.0446405033152836,150.13822396733593,9.556531082773525e-18,0.0,0.00014885001202963384,50.053440629028316,1.6736298669162795e-16,2.9213845158141275e-19,1.2399727269500493e-32,1.4539398458167472e-28,1.1996286644573239e-17,1.160872997505406,2.7813773770061167e-12,0.00020488092485184612,500000.0,500366.5289089157
0.7077134904928786,0.00011376447084309045,-2.215548353278922e-10,298.1500045569238,0.0,0.044638128247717075,150.13822603217685,9.556029438154864e-18,0.0,0.0001488500128988585,50.0534409214636,1.6735420140670178e-16,2.921075752781307e-19,1.2398882598332286e-32,1.4540145168519862e-28,1.1996286714890075e-17,1.160873004287786,2.7812313869192447e-12,0.00020488092486987597,500000.0,500366.5289096381
0.7087134904928786,0.00011376447062154956,-2.215408896439839e-10,298.15000455667865,0.0,0.04463575330778743,150.1382280968987,9.555527819779711e-18,0.0,0.0001488500137680284,50.053441213880454,1.6734541658138075e-16,2.9207670224375243e-19,1.2398038001882105e-32,1.4540891919222984e-28,1.1996286785202015e-17,1.1608730110697387,2.781085404468671e-12,0.00020488092488790468,500000.0,500366.5289103327
0.7097134904928786,0.00011376447040001849,-2.21531075179906e-10,298.15000455643406,0.0,0.04463337849549254,150.13823016151792,9.555026227649206e-18,0.0,0.0001488500146371598,50.05344150628437,1.6733663221568042e-16,2.9204583247801735e-19,1.2397193480727888e-32,1.4541638710280592e-28,1.199628685551069e-17,1.1608730178513913,2.7809394296546803e-12,0.0002048809249059326,500000.0,500366.5289110561
0.7107134904928786,0.00011376447017849923,-2.21519243480019e-10,298.1500045561892,0.0,0.04463100381082304,150.13823222602647,9.554524661760518e-18,0.0,0.00014885001550624482,50.053441798672694,1.6732784830955247e-16,2.920149659805385e-19,1.2396349034267888e-32,1.4542385541692725e-28,1.1996286925816012e-17,1.1608730246326822,2.780793462476568e-12,0.00020488092492395956,500000.0,500366.52891177987
0.7117134904928786,0.00011376446995699395,-2.2150528017983096e-10,298.15000455594407,0.0,0.04462862925376943,150.13823429041594,9.554023122111408e-18,0.0,0.00014885001637527498,50.05344209104256,1.6731906486296e-16,2.9198410275094494e-19,1.2395504662748717e-32,1.4543132413460544e-28,1.199628699611715e-17,1.1608730314135454,2.7806475029335634e-12,0.00020488092494198537,500000.0,500366.52891247615
0.7127134904928786,0.00011376446973549848,-2.2149547867276238e-10,298.1500045556994,0.0,0.04462625482432961,150.13823635470274,9.553521608702984e-18,0.0,0.00014885001724426666,50.05344238339949,1.6731028187592339e-16,2.919532427889327e-19,1.239466036622901e-32,1.4543879325588855e-28,1.1996287066414537e-17,1.1608730381941084,2.780501551026021e-12,0.0002048809249600104,500000.0,500366.5289132006
0.7137134904928786,0.00011376446951401693,-2.214815480548264e-10,298.15000455545436,0.0,0.04462388052249174,150.1382384188706,9.55302012153101e-18,0.0,0.00014885001811320369,50.053442675738054,1.6730149934836493e-16,2.919223860941068e-19,1.2393816144525675e-32,1.4544626278079216e-28,1.1996287136707265e-17,1.160873044974245,2.780355606752782e-12,0.00020488092497803427,500000.0,500366.52891389775
0.7147134904928786,0.00011376446929254519,-2.2147174683604657e-10,298.15000455520976,0.0,0.044621506348253646,150.13824048293583,9.552518660596872e-18,0.0,0.00014885001898210223,50.05344296806365,1.6729271728030934e-16,2.918915326661836e-19,1.2392971997901283e-32,1.4545373270931683e-28,1.199628720699836e-17,1.1608730517540815,2.7802096701142474e-12,0.00020488092499605737,500000.0,500366.5289146232
0.7157134904928786,0.00011376446907108738,-2.2145781329852786e-10,298.1500045549648,0.0,0.044619132301603526,150.13824254688214,9.552017225896843e-18,0.0,0.0001488500198509461,50.053443260370884,1.6728393567169254e-16,2.9186068250475363e-19,1.2392127925953258e-32,1.4546120304148804e-28,1.1996287277283815e-17,1.1608730585334919,2.78006374110915e-12,0.00020488092501407933,500000.0,500366.5289153213
0.7167134904928786,0.00011376446884963936,-2.2144801991092926e-10,298.1500045547202,0.0,0.04461675838253924,150.13824461072588,9.551515817431861e-18,0.0,0.00014885002071975153,50.053443552665186,1.672751545225315e-16,2.9182983560952397e-19,1.239128392905892e-32,1.4546867377735594e-28,1.199628734756661e-17,1.160873065312602,2.7799178197379112e-12,0.0002048809250321005,500000.0,500366.5289160479
0.7177134904928786,0.00011376446862820527,-2.2143410443029462e-10,298.15000455447523,0.0,0.04461438459104894,150.13824667445073,9.551014435198191e-18,0.0,0.00014885002158850232,50.05344384494111,1.6726637383275784e-16,2.9179899198011385e-19,1.2390440006979008e-32,1.4547614491688326e-28,1.1996287417844451e-17,1.1608730720912863,2.779771905999478e-12,0.00020488092505012052,500000.0,500366.5289167471
0.7187134904928786,0.00011376446840678096,-2.214242974208311e-10,298.15000455423063,0.0,0.044612010927130484,150.13824873807297,9.550513079196763e-18,0.0,0.0001488500224572147,50.053444137204124,1.6725759360239096e-16,2.917681516161995e-19,1.2389596159726879e-32,1.4548361646014144e-28,1.199628748811919e-17,1.160873078869671,2.7796259998940462e-12,0.00020488092506813977,500000.0,500366.5289174747
0.7197134904928786,0.0001137644681853706,-2.2141036579073874e-10,298.15000455398575,0.0,0.04460963739077202,150.13825080157628,9.550011749423397e-18,0.0,0.00014885002332587233,50.05344442944873,1.6724881383135907e-16,2.917373145173705e-19,1.2388752387226838e-32,1.4549108840712246e-28,1.1996287558390479e-17,1.160873085647629,2.7794801014205044e-12,0.00020488092508615785,500000.0,500366.5289181748
0.7207134904928786,0.00011376446796397001,-2.2140058163303207e-10,298.15000455374116,0.0,0.04460726398197143,150.13825286497706,9.549510445880332e-18,0.0,0.0001488500241944916,50.05344472168043,1.6724003451969383e-16,2.917064806833998e-19,1.2387908690046032e-32,1.4549856075787166e-28,1.1996287628658033e-17,1.1608730924252875,2.7793342105793044e-12,0.00020488092510417515,500000.0,500366.5289189032
0.7217134904928786,0.00011376446774258336,-2.2138665474391942e-10,298.1500045534962,0.0,0.044604890700716875,150.13825492825896,9.549009168562546e-18,0.0,0.00014885002506305622,50.053445013893764,1.6723125566731822e-16,2.9167565011380794e-19,1.2387065067037078e-32,1.4550603351237634e-28,1.1996287698920867e-17,1.16087309920252,2.779188327369237e-12,0.0002048809251221913,500000.0,500366.5289196045
0.7227134904928786,0.00011376446752120867,-2.2137469014796582e-10,298.15000455325156,0.0,0.04460251754700365,150.13825699142973,9.548507917472742e-18,0.0,0.00014885002593157388,50.0534453060913,1.6722247727427259e-16,2.9164482280318963e-19,1.2386221454700857e-32,1.4551350667065364e-28,1.1996287769180933e-17,1.160873105979386,2.77904245179089e-12,0.0002048809251402065,500000.0,500366.5289203052
0.7237134904928786,0.00011376446729984382,-2.213648467590411e-10,298.1500045530071,0.0,0.04460014452082728,150.13825905449775,9.548006692606146e-18,0.0,0.00014885002680005297,50.05344559827584,1.672136993404706e-16,2.9161399876149797e-19,1.238537800919835e-32,1.4552098023278382e-28,1.1996287839437141e-17,1.160873112755951,2.778896583842951e-12,0.00020488092515822087,500000.0,500366.52892103326
0.7247134904928786,0.00011376446707849297,-2.2135085610376853e-10,298.1500045527621,0.0,0.044597771622175875,150.13826111744658,9.547505493961349e-18,0.0,0.00014885002766847703,50.05344589044191,1.672049218658973e-16,2.9158317798314956e-19,1.2384534595914742e-32,1.4552845419873346e-28,1.1996287909689017e-17,1.1608731195320872,2.778750723524918e-12,0.00020488092517623413,500000.0,500366.5289217327
0.7257134904928786,0.000113764466857152,-2.2134097067712846e-10,298.1500045525177,0.0,0.04459539885104729,150.1382631802925,9.547004321539682e-18,0.0,0.00014885002853686234,50.05344618259494,1.6719614485056254e-16,2.9155236046792767e-19,1.2383691269489363e-32,1.455359285685329e-28,1.1996287979937211e-17,1.160873126307921,2.778604870837268e-12,0.00020488092519424658,500000.0,500366.52892245975
0.7267134904928786,0.00011376446663582501,-2.2132698515306304e-10,298.15000455227283,0.0,0.04459302620742972,150.1382652430193,9.546503175336457e-18,0.0,0.00014885002940519276,50.053446474729505,1.6718736829439944e-16,2.9152154621534535e-19,1.2382848019758844e-32,1.4554340334221372e-28,1.199628805018148e-17,1.160873133083327,2.7784590257787208e-12,0.00020488092521225789,500000.0,500366.5289231581
0.7277134904928786,0.00011376446641450789,-2.213171083171415e-10,298.1500045520284,0.0,0.044590653691321015,150.13826730564332,9.546002055352919e-18,0.0,0.00014885003027348447,50.05344676685106,1.6717859219741805e-16,2.9149073522516973e-19,1.2382004846032901e-32,1.4555087851981207e-28,1.1996288120423142e-17,1.1608731398584309,2.778313188349596e-12,0.00020488092523026838,500000.0,500366.5289238844
0.7287134904928786,0.00011376446619320477,-2.2130312087268497e-10,298.1500045517835,0.0,0.04458828130270933,150.13826936814814,9.545500961586147e-18,0.0,0.0001488500311417212,50.053447058954134,1.6716981655957557e-16,2.914599274969711e-19,1.2381161746814657e-32,1.4555835410128286e-28,1.1996288190659228e-17,1.1608731466331061,2.7781673585488827e-12,0.00020488092524827774,500000.0,500366.52892458165
0.7297134904928786,0.00011376446597191152,-2.2129324592073805e-10,298.1500045515391,0.0,0.044585909041592535,150.13827143055016,9.544999894036636e-18,0.0,0.00014885003200991922,50.053447351044184,1.671610413808716e-16,2.9142912303049708e-19,1.2380318722772847e-32,1.4556583008670953e-28,1.1996288260892602e-17,1.1608731534074797,2.778021536376815e-12,0.00020488092526628628,500000.0,500366.52892530663
0.7307134904928786,0.00011376446575063227,-2.2127925017715392e-10,298.1500045512943,0.0,0.0445835369079588,150.138273492833,9.544498852700378e-18,0.0,0.00014885003287806235,50.053447643115774,1.6715226666124332e-16,2.9139832182529463e-19,1.237947577302269e-32,1.4557330647609319e-28,1.1996288331121896e-17,1.1608731601814246,2.7778757218323674e-12,0.00020488092528429371,500000.0,500366.5289260031
0.7317134904928786,0.00011376446552936289,-2.2126937794330718e-10,298.1500045510499,0.0,0.04458116490180597,150.138275555013,9.543997837579094e-18,0.0,0.00014885003374616665,50.05344793517432,1.6714349240071688e-16,2.9136752388111403e-19,1.2378632898493624e-32,1.4558078326945135e-28,1.1996288401347929e-17,1.1608731669550671,2.7777299149157714e-12,0.00020488092530230033,500000.0,500366.5289267267
0.7327134904928786,0.0001137644653081054,-2.212574880454881e-10,298.15000455080536,0.0,0.04457879302312469,150.13827761708217,9.543496848669323e-18,0.0,0.00014885003461422434,50.05344822721716,1.6713471859923468e-16,2.9133672919756037e-19,1.2377790098412443e-32,1.4558826046680889e-28,1.199628847157024e-17,1.1608731737283455,2.7775841156262365e-12,0.00020488092532030598,500000.0,500366.52892744995
0.7337134904928786,0.00011376446508686192,-2.2124347304301196e-10,298.15000455056054,0.0,0.04457642127190552,150.1382796790322,9.542995885969173e-18,0.0,0.00014885003548222706,50.05344851924154,1.6712594525676277e-16,2.913059377742664e-19,1.2376947373114987e-32,1.455957380681619e-28,1.1996288541788005e-17,1.1608731805011958,2.7774383239632044e-12,0.00020488092533831048,500000.0,500366.52892814507
0.7347134904928786,0.00011376446486562832,-2.2123359840949374e-10,298.1500045503162,0.0,0.04457404964814627,150.13828174087936,9.542494949479744e-18,0.0,0.00014885003635019096,50.05344881125286,1.671171723733182e-16,2.9127514961094064e-19,1.2376104722672673e-32,1.4560321607356845e-28,1.1996288612002907e-17,1.1608731872737432,2.7772925399268413e-12,0.00020488092535631417,500000.0,500366.5289288674
0.7357134904928786,0.00011376446464440661,-2.21221701445193e-10,298.1500045500717,0.0,0.04457167815183765,150.13828380261572,9.541994039197955e-18,0.0,0.00014885003721810822,50.053449103248504,1.671083999488486e-16,2.912443647072148e-19,1.237526214685369e-32,1.4561069448302654e-28,1.1996288682212876e-17,1.1608731940459267,2.7771467635164057e-12,0.00020488092537431692,500000.0,500366.5289295893
0.7367134904928786,0.00011376446442319893,-2.2120768873944476e-10,298.150004549827,0.0,0.04456930678297013,150.1382858642328,9.54149315512114e-18,0.0,0.0001488500380859704,50.05344939522563,1.6709962798330841e-16,2.9121358306268285e-19,1.237441964557116e-32,1.4561817329654215e-28,1.199628875241956e-17,1.160873200817681,2.7770009947311666e-12,0.00020488092539231852,500000.0,500366.5289302824
0.7377134904928786,0.00011376446420200109,-2.2119782530875194e-10,298.1500045495826,0.0,0.044566935541541654,150.13828792574722,9.540992297251482e-18,0.0,0.00014885003895379398,50.05344968718976,1.6709085647673436e-16,2.911828046771078e-19,1.2373577219445952e-32,1.4562565251418197e-28,1.1996288822622733e-17,1.160873207589134,2.7768552335714426e-12,0.00020488092541031931,500000.0,500366.5289310034
0.7387134904928786,0.00011376446398081518,-2.211859135141212e-10,298.1500045493382,0.0,0.044564564427542794,150.13828998715067,9.540491465585008e-18,0.0,0.0001488500398215707,50.05344997913814,1.6708208542905594e-16,2.911520295500825e-19,1.23727348676169e-32,1.4563313213591833e-28,1.1996288892822554e-17,1.1608732143602216,2.7767094800364736e-12,0.00020488092542831913,500000.0,500366.5289317234
0.7397134904928786,0.00011376446375964327,-2.2117191642399372e-10,298.1500045490934,0.0,0.04456219344096413,150.13829204843503,9.539990660120174e-18,0.0,0.00014885004068929255,50.05345027106808,1.6707331484025097e-16,2.9112125768122724e-19,1.23718925904895e-32,1.456406121617999e-28,1.1996288963017282e-17,1.1608732211308812,2.776563734125514e-12,0.0002048809254463178,500000.0,500366.5289324152
0.7407134904928786,0.00011376446353848122,-2.2116204926164902e-10,298.15000454884915,0.0,0.04455982258180355,150.13829410961657,9.539489880857943e-18,0.0,0.00014885004155697567,50.05345056298497,1.6706454471033042e-16,2.9109048907028416e-19,1.237105038834924e-32,1.456480925918489e-28,1.1996289033209259e-17,1.1608732279012386,2.776417995838901e-12,0.00020488092546431567,500000.0,500366.5289331343
0.7417134904928786,0.00011376446331733108,-2.211501429370171e-10,298.1500045486047,0.0,0.04455745185005165,150.1382961706873,9.538989127794692e-18,0.0,0.00014885004242461201,50.05345085488615,1.6705577503923357e-16,2.910597237168446e-19,1.2370208260520542e-32,1.4565557342606185e-28,1.1996289103397288e-17,1.1608732346712314,2.7762722651757765e-12,0.0002048809254823126,500000.0,500366.5289338529
0.7427134904928786,0.00011376446309619287,-2.2113822511431835e-10,298.1500045483603,0.0,0.04455508124570143,150.1382982316471,9.538488400930026e-18,0.0,0.00014885004329220157,50.05345114677159,1.670470058269514e-16,2.9102896162057154e-19,1.2369366207497587e-32,1.4566305466446729e-28,1.1996289173581535e-17,1.1608732414408593,2.776126542135851e-12,0.00020488092550030853,500000.0,500366.52893457084
0.7437134904928786,0.00011376446287506863,-2.21124222815488e-10,298.1500045481156,0.0,0.04455271076874353,150.13830029248788,9.537987700261456e-18,0.0,0.00014885004415973632,50.0534514386386,1.670382370734442e-16,2.9099820278111666e-19,1.236852422917358e-32,1.456705363070935e-28,1.1996289243761191e-17,1.1608732482100597,2.7759808267184343e-12,0.00020488092551830333,500000.0,500366.52893526055
0.7447134904928786,0.00011376446265395428,-2.211143581250676e-10,298.1500045478714,0.0,0.04455034041917574,150.1383023532258,9.537487025789534e-18,0.0,0.0001488500450272322,50.05345173049255,1.6702946877871784e-16,2.9096744719816534e-19,1.2367682325448295e-32,1.4567801835396942e-28,1.1996289313937946e-17,1.160873254978957,2.7758351189236952e-12,0.00020488092553629732,500000.0,500366.52893597755
0.7457134904928786,0.00011376446243285181,-2.2110246157807603e-10,298.15000454762696,0.0,0.044547970196988744,150.13830441385298,9.536986377512081e-18,0.0,0.0001488500458946815,50.05345202233082,1.6702070094273606e-16,2.9093669487134055e-19,1.2366840496278366e-32,1.4568550080508444e-28,1.1996289384110778e-17,1.160873261747491,2.7756894187509505e-12,0.00020488092555429036,500000.0,500366.5289366941
0.7467134904928786,0.00011376446221176127,-2.2109053287869308e-10,298.1500045473826,0.0,0.04454560010217552,150.13830647436927,9.536485755427336e-18,0.0,0.00014885004676208394,50.05345231415334,1.6701193356546892e-16,2.909059458003147e-19,1.2365998741855003e-32,1.4569298366049218e-28,1.1996289454280717e-17,1.1608732685156595,2.7755437261997825e-12,0.00020488092557228242,500000.0,500366.52893741004
0.7477134904928786,0.00011376446199068265,-2.2107862721119163e-10,298.1500045471383,0.0,0.0445432301347291,150.13830853477467,9.535985159534242e-18,0.0,0.0001488500476294396,50.05345260596014,1.6700316664689527e-16,2.908751999847363e-19,1.23651570619745e-32,1.4570046692019493e-28,1.1996289524446118e-17,1.1608732752834632,2.7753980412697986e-12,0.0002048809255902735,500000.0,500366.52893812564
0.7487134904928786,0.00011376446176961803,-2.2106462160489555e-10,298.1500045468936,0.0,0.04454086029464004,150.138310595061,9.535484589830211e-18,0.0,0.00014885004849674033,50.053452897748464,1.6699440018697367e-16,2.9084445742421997e-19,1.2364315456606493e-32,1.457079505842095e-28,1.1996289594607273e-17,1.1608732820508387,2.775252363960296e-12,0.00020488092560826346,500000.0,500366.52893881267
0.7497134904928786,0.00011376446154856119,-2.2105684535059633e-10,298.15000454664977,0.0,0.04453849058190871,150.1383126552528,9.534984046317453e-18,0.0,0.00014885004936401053,50.05345318952652,1.66985634185738e-16,2.908137181185225e-19,1.236347392613989e-32,1.457154346525708e-28,1.1996289664765477e-17,1.160873288817976,2.7751066942719043e-12,0.0002048809256262528,500000.0,500366.52893955505
0.7507134904928786,0.00011376446132752038,-2.210408123016911e-10,298.15000454640494,0.0,0.044536120996518394,150.13831471531748,9.534483528989892e-18,0.0,0.00014885005023121783,50.05345348128342,1.6697686864308529e-16,2.907829820671715e-19,1.2362632469841095e-32,1.4572291912528266e-28,1.199628973491887e-17,1.1608732955846226,2.774961032202817e-12,0.0002048809256442408,500000.0,500366.52894024097
0.7517134904928786,0.00011376446110648737,-2.2103300650060477e-10,298.15000454616103,0.0,0.0445337515384718,150.1383167752876,9.533983037850333e-18,0.0,0.0001488500510983945,50.053453773030014,1.669681035590626e-16,2.9075224926993945e-19,1.236179108851428e-32,1.4573040400237907e-28,1.1996289805070028e-17,1.1608733023510303,2.774815377753952e-12,0.00020488092566222821,500000.0,500366.5289409821
0.7527134904928786,0.0001137644608854704,-2.210169766665387e-10,298.1500045459163,0.0,0.044531382207752275,150.13831883513055,9.533482572893696e-18,0.0,0.00014885005196550824,50.05345406475545,1.6695933893358317e-16,2.907215197263613e-19,1.236094978138665e-32,1.457378892838697e-28,1.1996289875215967e-17,1.1608733091169474,2.7746697309237128e-12,0.0002048809256802143,500000.0,500366.5289416672
0.7537134904928786,0.00011376446066446331,-2.2100709189042816e-10,298.15000454567223,0.0,0.04452901300436009,150.13832089487073,9.532982134121762e-18,0.0,0.00014885005283258318,50.05345435646785,1.6695057476667615e-16,2.906907934362083e-19,1.2360108549256102e-32,1.4574537496979394e-28,1.1996289945358799e-17,1.160873315882562,2.7745240917126214e-12,0.00020488092569819955,500000.0,500366.5289423796
0.7547134904928786,0.0001137644604434681,-2.209952033051766e-10,298.1500045454279,0.0,0.04452664392828589,150.13832295450018,9.532481721531414e-18,0.0,0.00014885005369961148,50.05345464816457,1.6694181105828866e-16,2.906600703990507e-19,1.2359267391207244e-32,1.457528610601432e-28,1.1996290015497758e-17,1.1608733226478125,2.774378460119914e-12,0.00020488092571618386,500000.0,500366.52894309134
0.7557134904928786,0.00011376446022248481,-2.2098328164210334e-10,298.1500045451837,0.0,0.044524274979522674,150.13832501401882,9.531981335121976e-18,0.0,0.000148850054566593,50.053454939845544,1.6693304780840705e-16,2.906293506146008e-19,1.2358426308115475e-32,1.4576034755495495e-28,1.1996290085632663e-17,1.1608733294126983,2.7742328361452817e-12,0.0002048809257341672,500000.0,500366.5289438028
0.7567134904928786,0.00011376446000151343,-2.2097137523062363e-10,298.1500045449394,0.0,0.04452190615806347,150.13832707342667,9.531480974891663e-18,0.0,0.00014885005543352782,50.05345523151082,1.6692428501700242e-16,2.905986340824616e-19,1.2357585299203618e-32,1.4576783445425938e-28,1.1996290155764763e-17,1.1608733361772199,2.774087219788241e-12,0.00020488092575214956,500000.0,500366.5289445136
0.7577134904928786,0.00011376445978055397,-2.209594679313025e-10,298.1500045446952,0.0,0.04451953746390131,150.1383291327237,9.530980640839725e-18,0.0,0.00014885005630041587,50.05345552316037,1.6691552268405796e-16,2.905679208023414e-19,1.2356744365168219e-32,1.4577532175804616e-28,1.1996290225891827e-17,1.160873342941377,2.7739416110484542e-12,0.00020488092577013094,500000.0,500366.52894522407
0.7587134904928786,0.00011376445955960642,-2.2094755129413057e-10,298.15000454445095,0.0,0.04451716889702919,150.13833119190983,9.530480332964213e-18,0.0,0.0001488500571672571,50.05345581479418,1.6690676080954324e-16,2.905372107738536e-19,1.2355903505343478e-32,1.4578280946635942e-28,1.1996290296015542e-17,1.1608733497051686,2.7737960099255557e-12,0.00020488092578811138,500000.0,500366.5289459335
0.7597134904928786,0.00011376445933867078,-2.209356448855104e-10,298.15000454420675,0.0,0.044514800457440176,150.13833325098523,9.529980051263664e-18,0.0,0.00014885005803405164,50.053456106412284,1.6689799939343218e-16,2.9050650399665686e-19,1.2355062720138768e-32,1.4579029757921786e-28,1.1996290366135659e-17,1.1608733564685962,2.773650416419043e-12,0.00020488092580609084,500000.0,500366.52894664276
0.7607134904928786,0.00011376445911774704,-2.2092373971254588e-10,298.15000454396255,0.0,0.04451243214512728,150.1383353099499,9.529479795737533e-18,0.0,0.0001488500589007995,50.05345639801469,1.6688923843571081e-16,2.904758004704371e-19,1.2354222009573604e-32,1.457977860966169e-28,1.1996290436252066e-17,1.1608733632316597,2.773504830528579e-12,0.00020488092582406932,500000.0,500366.52894735185
0.7617134904928786,0.00011376445889683522,-2.209118203208843e-10,298.1500045437183,0.0,0.04451006396008353,150.1383373688037,9.528979566383478e-18,0.0,0.00014885005976750056,50.05345668960135,1.668804779363455e-16,2.9044510019480875e-19,1.235338137323904e-32,1.4580527501861424e-28,1.1996290506364433e-17,1.160873369994358,2.773359252253768e-12,0.00020488092584204683,500000.0,500366.5289480599
0.7627134904928786,0.0001137644586759353,-2.2089990651564048e-10,298.15000454347415,0.0,0.044507695902301955,150.13833942754678,9.528479363200576e-18,0.0,0.00014885006063415488,50.05345698117231,1.668717178953135e-16,2.9041440316945243e-19,1.2352540811596882e-32,1.4581276434522091e-28,1.1996290576473285e-17,1.1608733767566923,2.7732136815942036e-12,0.0002048809258600234,500000.0,500366.5289487678
0.7637134904928786,0.00011376445845504523,-2.2089008908048655e-10,298.1500045432302,0.0,0.04450532797177801,150.13834148618724,9.527979186189419e-18,0.0,0.00014885006150077058,50.053457272730284,1.6686295831262783e-16,2.903837093940705e-19,1.235170032450415e-32,1.4582025407645149e-28,1.199629064657867e-17,1.160873383518725,2.7730681185499394e-12,0.00020488092587799916,500000.0,500366.52894950274
0.7647134904928786,0.0001137644582341691,-2.2087611456033547e-10,298.1500045429858,0.0,0.044502960168499875,150.13834354470882,9.527479035344451e-18,0.0,0.0001488500623673315,50.05345756426982,1.6685419918819263e-16,2.903530188681944e-19,1.235085991138353e-32,1.4582774421230233e-28,1.1996290716679957e-17,1.1608733902803308,2.772922563119721e-12,0.00020488092589597377,500000.0,500366.5289502093
0.7657134904928786,0.00011376445801330493,-2.2086418469075383e-10,298.15000454274167,0.0,0.044500592492462965,150.1383456031195,9.526978910666964e-18,0.0,0.00014885006323384558,50.05345785579362,1.668454405220278e-16,2.903223315915727e-19,1.2350019573304258e-32,1.458352347528309e-28,1.1996290786777273e-17,1.160873397041571,2.772777015303613e-12,0.0002048809259139474,500000.0,500366.52895091544
0.7667134904928786,0.00011376445779245266,-2.208522752544419e-10,298.1500045424975,0.0,0.04449822494366033,150.13834766141943,9.526478812155406e-18,0.0,0.0001488500641003129,50.05345814730168,1.6683668231411096e-16,2.902916475638231e-19,1.234917930933439e-32,1.458427256980336e-28,1.1996290856870505e-17,1.1608734038024466,2.772631475101159e-12,0.00020488092593192006,500000.0,500366.52895162086
0.7677134904928786,0.00011376445757161229,-2.20840369859722e-10,298.15000454225344,0.0,0.04449585752208504,150.13834971960864,9.525978739807929e-18,0.0,0.00014885006496673353,50.05345843879406,1.6682792456440404e-16,2.902609667846141e-19,1.2348339119931938e-32,1.4585021704794732e-28,1.1996290926961159e-17,1.1608734105629581,2.772485942511995e-12,0.00020488092594989177,500000.0,500366.52895232616
0.7687134904928786,0.00011376445735078384,-2.2082846671755024e-10,298.15000454200936,0.0,0.04449349022773007,150.13835177768703,9.525478693623992e-18,0.0,0.0001488500658331074,50.05345873027071,1.6681916727289892e-16,2.9023028925362126e-19,1.234749900502128e-32,1.4585770880257804e-28,1.199629099704699e-17,1.160873417323105,2.772340417535758e-12,0.0002048809259678625,500000.0,500366.5289530305
0.7697134904928786,0.00011376445712996518,-2.2081864987415768e-10,298.15000454176544,0.0,0.044491123060590936,150.13835383566303,9.524978673602492e-18,0.0,0.00014885006669944283,50.05345902173442,1.6681041043957742e-16,2.9019961497049775e-19,1.234665896438837e-32,1.4586520096195097e-28,1.1996291067130471e-17,1.160873424082952,2.7721949001723405e-12,0.00020488092598583245,500000.0,500366.52895376255
0.7707134904928786,0.00011376445690916051,-2.2080468016869358e-10,298.1500045415212,0.0,0.04448875602065577,150.13835589352004,9.524478679740245e-18,0.0,0.00014885006756572335,50.05345931317967,1.6680165406438138e-16,2.901689439348559e-19,1.2345818998163583e-32,1.458726935260757e-28,1.1996291137208364e-17,1.1608734308423705,2.7720493904206283e-12,0.00020488092600380126,500000.0,500366.5289544659
0.7717134904928786,0.00011376445668836776,-2.207927453292862e-10,298.15000454127716,0.0,0.04448638910792003,150.13835795126624,9.523978712036758e-18,0.0,0.00014885006843195705,50.053459604609195,1.6679289814730668e-16,2.901382761463737e-19,1.2344979106414548e-32,1.4588018649500405e-28,1.1996291207283079e-17,1.1608734376014243,2.771903888280639e-12,0.0002048809260217691,500000.0,500366.5289551688
0.7727134904928786,0.00011376445646758692,-2.2078084922066046e-10,298.15000454103307,0.0,0.04448402232237676,150.13836000890177,9.523478770490905e-18,0.0,0.00014885006929814409,50.05345989602301,1.667841426883331e-16,2.9010761160470073e-19,1.2344139289025325e-32,1.458876798687366e-28,1.1996291277354208e-17,1.1608734443601139,2.7717583937519423e-12,0.00020488092603973595,500000.0,500366.52895587124
0.7737134904928786,0.00011376445624681588,-2.2077103270208656e-10,298.1500045407893,0.0,0.044481655664021444,150.13836206643484,9.522978855102589e-18,0.0,0.0001488500701642926,50.05346018742388,1.6677538768745503e-16,2.9007695030954037e-19,1.2343299546171975e-32,1.4589517364728323e-28,1.1996291347421935e-17,1.1608734511185033,2.771612906834512e-12,0.00020488092605770202,500000.0,500366.5289566013
0.7747134904928786,0.00011376445602605881,-2.207570707425213e-10,298.15000454054507,0.0,0.04447928913284224,150.13836412384904,9.522478965867797e-18,0.0,0.0001488500710303863,50.05346047880632,1.667666331446026e-16,2.9004629226047325e-19,1.2342459877421496e-32,1.4590266783066586e-28,1.1996291417485364e-17,1.160873457876465,2.7714674275272793e-12,0.00020488092607566695,500000.0,500366.52895730286
0.7757134904928786,0.00011376445580531366,-2.2074515070795994e-10,298.150004540301,0.0,0.04447692272883458,150.1383661811524,9.521979102786812e-18,0.0,0.0001488500718964332,50.05346077017301,1.6675787905978177e-16,2.9001563745720206e-19,1.2341620283283403e-32,1.4591016241892051e-28,1.199629148754496e-17,1.1608734646340615,2.7713219558301885e-12,0.0002048809260936309,500000.0,500366.5289580035
0.7767134904928786,0.00011376445558457833,-2.2073532736204956e-10,298.1500045400573,0.0,0.044474556451993975,150.1383682383534,9.521479265858546e-18,0.0,0.00014885007276244162,50.053461061526775,1.6674912543297886e-16,2.8998498589938057e-19,1.2340780763360135e-32,1.4591765741207866e-28,1.1996291557601252e-17,1.1608734713913582,2.7711764917430947e-12,0.00020488092611159407,500000.0,500366.5289587321
0.7777134904928786,0.00011376445536385696,-2.2072137483865825e-10,298.1500045398131,0.0,0.044472190302308576,150.1383702954355,9.520979455080002e-18,0.0,0.0001488500736283952,50.053461352862094,1.6674037226413235e-16,2.89954337586631e-19,1.2339941317820814e-32,1.4592515281012426e-28,1.1996291627653196e-17,1.1608734781482268,2.771031035264996e-12,0.0002048809261295561,500000.0,500366.52895943186
0.7787134904928786,0.00011376445514314543,-2.2071153095300706e-10,298.1500045395693,0.0,0.04446982427977626,150.13837235241508,9.520479670452773e-18,0.0,0.0001488500744943102,50.05346164418444,1.6673161955327384e-16,2.8992369251868164e-19,1.2339101946808788e-32,1.4593264861309458e-28,1.1996291697702669e-17,1.160873484904795,2.7708855863962466e-12,0.00020488092614751732,500000.0,500366.52896015905
0.7797134904928786,0.00011376445492244786,-2.2069756951374255e-10,298.15000453932515,0.0,0.04446745838438521,150.1383744092758,9.519979911971397e-18,0.0,0.0001488500753601704,50.05346193548834,1.6672286730031337e-16,2.8989305069507174e-19,1.233826264965637e-32,1.4594014482101547e-28,1.1996291767747317e-17,1.1608734916609351,2.7707401451355346e-12,0.0002048809261654774,500000.0,500366.52896085795
0.7807134904928786,0.00011376445470176221,-2.2068564892148299e-10,298.1500045390812,0.0,0.044465092616130894,150.13837646602576,9.519480179637567e-18,0.0,0.00014885007622598382,50.05346222677653,1.667141155052721e-16,2.8986241211555076e-19,1.2337423427386307e-32,1.4594764143389765e-28,1.1996291837788016e-17,1.1608734984167108,2.7705947114831298e-12,0.0002048809261834365,500000.0,500366.52896155627
0.7817134904928786,0.00011376445448108637,-2.2067583779473947e-10,298.1500045388375,0.0,0.04446272697500879,150.13837852267332,9.51898047345009e-18,0.0,0.00014885007709175872,50.05346251805176,1.6670536416813104e-16,2.898317767797731e-19,1.2336584279175192e-32,1.4595513845176174e-28,1.1996291907825323e-17,1.1608735051721861,2.7704492854387784e-12,0.00020488092620139483,500000.0,500366.5289622822
0.7827134904928786,0.00011376445426042416,-2.206622070902654e-10,298.1500045385934,0.0,0.044460361461007465,150.13838057920336,9.518480793407702e-18,0.0,0.0001488500779574801,50.053462809309,1.6669661328887061e-16,2.898011446822557e-19,1.2335745141644645e-32,1.4596263587460215e-28,1.199629197785859e-17,1.1608735119272444,2.770303867002163e-12,0.00020488092621935203,500000.0,500366.52896298375
0.7837134904928786,0.00011376445403977354,-2.206506146090288e-10,298.15000453834955,0.0,0.04445799607412233,150.1383826356239,9.517981139505919e-18,0.0,0.00014885007882315602,50.05346310055096,1.6668786286741248e-16,2.8977051583285417e-19,1.233490616928657e-32,1.4597013370250449e-28,1.1996292047888708e-17,1.1608735186819477,2.7701584561718432e-12,0.0002048809262373083,500000.0,500366.5289636894
0.7847134904928786,0.00011376445381913448,-2.2063904334830678e-10,298.1500045381057,0.0,0.04445563081434648,150.1383846919352,9.517481511745698e-18,0.0,0.0001488500796887866,50.053463391777655,1.6667911290377038e-16,2.897398902261434e-19,1.2334067229376098e-32,1.4597763193546338e-28,1.199629211791466e-17,1.1608735254362974,2.770013052948136e-12,0.0002048809262552636,500000.0,500366.5289643989
0.7857134904928786,0.000113764453598507,-2.206274837785649e-10,298.1500045378619,0.0,0.04445326568167292,150.13838674813704,9.516981910125312e-18,0.0,0.0001488500805543717,50.05346368298907,1.6667036339791722e-16,2.89709267861774e-19,1.2333228375001517e-32,1.4598513057347165e-28,1.1996292187936596e-17,1.1608735321902923,2.7698676573306717e-12,0.00020488092627321796,500000.0,500366.52896511205
0.7867134904928786,0.00011376445337789106,-2.2061592683590724e-10,298.150004537618,0.0,0.04445090067609471,150.13838880422966,9.516482334643744e-18,0.0,0.00014885008141991152,50.05346397418525,1.6666161434983103e-16,2.896786487394187e-19,1.233238959756274e-32,1.4599262961656867e-28,1.1996292257955495e-17,1.1608735389439344,2.76972226931901e-12,0.0002048809262911714,500000.0,500366.5289658291
0.7877134904928786,0.00011376445315728672,-2.206043500976196e-10,298.15000453737423,0.0,0.04444853579760485,150.13839086021284,9.515982785299627e-18,0.0,0.00014885008228540582,50.053464265366124,1.6665286575949288e-16,2.8964803285871164e-19,1.233155089484128e-32,1.4600012906477967e-28,1.1996292327970444e-17,1.1608735456972212,2.769576888912794e-12,0.0002048809263091239,500000.0,500366.5289665501
0.7887134904928786,0.000113764452936696,-2.205907085966967e-10,298.1500045371302,0.0,0.044446171046193986,150.13839291607852,9.515483262090214e-18,0.0,0.00014885008315084665,50.053464556529015,1.666441176268522e-16,2.8961742021928547e-19,1.2330712266532526e-32,1.4600762891811033e-28,1.1996292397980588e-17,1.160873552450091,2.76943151611128e-12,0.00020488092632707527,500000.0,500366.5289672468
0.7897134904928786,0.00011376445271611689,-2.205791170062577e-10,298.15000453688646,0.0,0.04444380642185754,150.1383949718347,9.514983765015723e-18,0.0,0.00014885008401624195,50.0534648476766,1.6663536995191292e-16,2.8958681082082744e-19,1.2329873712605294e-32,1.4601512917660165e-28,1.1996292467988283e-17,1.160873559202606,2.7692861509144926e-12,0.0002048809263450257,500000.0,500366.5289679474
0.7907134904928786,0.00011376445249554725,-2.2056964350065812e-10,298.1500045366428,0.0,0.04444144192459103,150.1383970274899,9.514484294075842e-18,0.0,0.00014885008488160008,50.05346513881169,1.6662662273466908e-16,2.8955620466304256e-19,1.2329035233017813e-32,1.4602262984026035e-28,1.1996292537991986e-17,1.1608735659548308,2.769140793322243e-12,0.0002048809263629754,500000.0,500366.5289686799
0.7917134904928786,0.00011376445227499124,-2.2055601286270888e-10,298.15000453639897,0.0,0.0444390775543826,150.13839908302754,9.513984849266008e-18,0.0,0.00014885008574690468,50.05346542992877,1.6661787597504152e-16,2.895256017454834e-19,1.232819682725489e-32,1.4603013090909564e-28,1.199629260799093e-17,1.1608735727066384,2.768995443333361e-12,0.00020488092638092396,500000.0,500366.528969388
0.7927134904928786,0.0001137644520544468,-2.2054443373106578e-10,298.1500045361551,0.0,0.044436713311227755,150.13840113845586,9.513485430587646e-18,0.0,0.00014885008661216385,50.05346572103059,1.6660912967305378e-16,2.8949500206788746e-19,1.232735849618373e-32,1.4603763238315289e-28,1.1996292677986632e-17,1.1608735794580916,2.7688501009481553e-12,0.00020488092639887157,500000.0,500366.5289700999
0.7937134904928786,0.00011376445183391602,-2.2053078200483985e-10,298.15000453591114,0.0,0.04443434919511706,150.13840319376664,9.512986038036758e-18,0.0,0.0001488500874773695,50.05346601211439,1.6660038382864173e-16,2.894644056298206e-19,1.2326520238857335e-32,1.460451342624258e-28,1.199629274797899e-17,1.160873586209127,2.768704766165545e-12,0.00020488092641681807,500000.0,500366.528970788
0.7947134904928786,0.00011376445161339474,-2.2052127919031797e-10,298.1500045356677,0.0,0.044431985206048415,150.1384052489762,9.51248667161466e-18,0.0,0.00014885008834253778,50.053466303185644,1.6659163844181991e-16,2.8943381243103306e-19,1.2325682056191083e-32,1.4605263654696736e-28,1.1996292817967459e-17,1.1608735929598715,2.768559438985891e-12,0.0002048809264347638,500000.0,500366.5289715076
0.7957134904928787,0.000113764451392885,-2.2050974147137106e-10,298.15000453542405,0.0,0.044429621344012495,150.1384073040766,9.51198733131984e-18,0.0,0.00014885008920766078,50.05346659424166,1.665828935125637e-16,2.8940322247118924e-19,1.2324843947666436e-32,1.4606013923675801e-28,1.1996292887952163e-17,1.1608735997102628,2.768414119408624e-12,0.00020488092645270858,500000.0,500366.52897223114
0.7967134904928787,0.0001137644511723889,-2.2049611055971624e-10,298.1500045351801,0.0,0.04442725760899988,150.1384093590595,9.511488017148852e-18,0.0,0.0001488500900727303,50.053466885279704,1.6657414904081885e-16,2.8937263574986057e-19,1.2324005912935888e-32,1.460676423318382e-28,1.1996292957932697e-17,1.160873606460237,2.768268807432844e-12,0.00020488092647065226,500000.0,500366.52897293045
0.7977134904928787,0.00011376445095190438,-2.2048452322071803e-10,298.1500045349364,0.0,0.04442489400100601,150.13841141393303,9.510988729101144e-18,0.0,0.00014885009093775438,50.05346717630245,1.6656540502657007e-16,2.8934205226673653e-19,1.2323167952647096e-32,1.460751458322487e-28,1.1996293027909896e-17,1.1608736132098563,2.7681235030585873e-12,0.000204880926488595,500000.0,500366.52897363366
0.7987134904928787,0.00011376445073143142,-2.2047296219155374e-10,298.15000453469275,0.0,0.044422530520023935,150.13841346869725,9.510489467176649e-18,0.0,0.00014885009180273304,50.05346746730993,1.665566614698175e-16,2.893114720215044e-19,1.2322330066644015e-32,1.4608264973797445e-28,1.1996293097883042e-17,1.1608736199591219,2.767978206285391e-12,0.0002048809265065368,500000.0,500366.5289743409
0.7997134904928787,0.00011376445051097002,-2.2046141079447294e-10,298.1500045344491,0.0,0.04442016716604673,150.13841552335225,9.50999023137291e-18,0.0,0.00014885009266766636,50.05346775830217,1.6654791837051809e-16,2.892808950137974e-19,1.232149225460667e-32,1.4609015404904496e-28,1.1996293167852503e-17,1.1608736267080337,2.76783291711288e-12,0.00020488092652447767,500000.0,500366.52897505177
0.8007134904928787,0.00011376445029052015,-2.2044985316657868e-10,298.15000453420544,0.0,0.04441780393906745,150.13841757789803,9.509491021688524e-18,0.0,0.00014885009353255435,50.053468049279175,1.6653917572864633e-16,2.8925032124327153e-19,1.2320654516769917e-32,1.4609765876551078e-28,1.1996293237818612e-17,1.1608736334565921,2.767687635540669e-12,0.00020488092654241758,500000.0,500366.5289757665
0.8017134904928787,0.00011376445007008186,-2.2043829492256819e-10,298.1500045339619,0.0,0.04441544083907908,150.1384196323345,9.508991838122724e-18,0.0,0.00014885009439739695,50.0534683402409,1.6653043354419108e-16,2.892197507095938e-19,1.2319816853133968e-32,1.4610516388735086e-28,1.1996293307781285e-17,1.1608736402047966,2.7675423615682888e-12,0.00020488092656035655,500000.0,500366.52897648525
0.8027134904928787,0.00011376444984965719,-2.2042466255625147e-10,298.150004533718,0.0,0.044413077866072286,150.13842168665363,9.508492680673175e-18,0.0,0.00014885009526218615,50.05346863118467,1.6652169181711113e-16,2.8918918341238972e-19,1.2318979263538478e-32,1.4611266941458362e-28,1.1996293377738019e-17,1.1608736469525842,2.7673970951952108e-12,0.00020488092657829443,500000.0,500366.52897717996
0.8037134904928787,0.00011376444962924203,-2.204151569469191e-10,298.15000453347466,0.0,0.044410715020044914,150.13842374087153,9.507993549339925e-18,0.0,0.00014885009612693797,50.05346892211588,1.6651295054740543e-16,2.8915861935136895e-19,1.2318141748201514e-32,1.4612017534729898e-28,1.1996293447694064e-17,1.1608736537000808,2.7672518364215077e-12,0.00020488092659623152,500000.0,500366.5289779062
0.8047134904928787,0.00011376444940884048,-2.2040155101903643e-10,298.1500045332308,0.0,0.0444083523009852,150.13842579497205,9.507494444120257e-18,0.0,0.00014885009699163636,50.05346921302912,1.6650420973502761e-16,2.8912805852614e-19,1.2317304306853316e-32,1.4612768168541727e-28,1.1996293517643607e-17,1.1608736604471606,2.7671065852461606e-12,0.0002048809266141675,500000.0,500366.52897860814
0.8057134904928787,0.0001137644491884505,-2.2038996782684112e-10,298.1500045329873,0.0,0.04440598970888861,150.13842784896335,9.506995365013045e-18,0.0,0.00014885009785628938,50.05346950392709,1.664954693799571e-16,2.89097500936367e-19,1.2316466939619052e-32,1.4613518842902347e-28,1.1996293587591509e-17,1.1608736671938862,2.766961341669211e-12,0.00020488092663210254,500000.0,500366.5289793145
0.8067134904928787,0.00011376444896807209,-2.203784187295588e-10,298.1500045327437,0.0,0.04440362724374816,150.13842990284536,9.506496312017747e-18,0.0,0.00014885009872089703,50.053469794809814,1.6648672948218795e-16,2.890669465817097e-19,1.2315629646532556e-32,1.4614269557811596e-28,1.1996293657534023e-17,1.1608736739402579,2.7668161056900687e-12,0.00020488092665003665,500000.0,500366.52898002433
0.8077134904928787,0.00011376444874770522,-2.2036686596727937e-10,298.15000453250013,0.0,0.04440126490555692,150.13843195661818,9.505997285132995e-18,0.0,0.0001488500995854593,50.053470085677276,1.6647799004169188e-16,2.8903639546186076e-19,1.2314792427684347e-32,1.4615020313274656e-28,1.1996293727474112e-17,1.1608736806862763,2.766670877308612e-12,0.00020488092666796982,500000.0,500366.5289807379
0.8087134904928787,0.000113764448527352,-2.2035322238157418e-10,298.15000453225645,0.0,0.044398902694305485,150.1384340102735,9.505498284355224e-18,0.0,0.00014885010044996805,50.05347037652675,1.6646925105840722e-16,2.8900584757639794e-19,1.2313955282544352e-32,1.4615771109289147e-28,1.1996293797409344e-17,1.160873687431877,2.7665256565238566e-12,0.00020488092668590187,500000.0,500366.52898142755
0.8097134904928786,0.00011376444830700826,-2.2034374487506646e-10,298.1500045320131,0.0,0.04439654060999177,150.13843606382778,9.504999309686759e-18,0.0,0.00014885010131443957,50.0534706673637,1.6646051253237283e-16,2.889753029250845e-19,1.2313118211961117e-32,1.461652194585802e-28,1.1996293867341783e-17,1.160873694177187,2.766380443336288e-12,0.00020488092670383317,500000.0,500366.5289821488
0.8107134904928786,0.00011376444808667813,-2.2033012854228017e-10,298.15000453176935,0.0,0.04439417865260399,150.1384381172647,9.504500361122948e-18,0.0,0.00014885010217885767,50.05347095818267,1.6645177446351355e-16,2.889447615074834e-19,1.2312281214989205e-32,1.4617272822985742e-28,1.1996293937269348e-17,1.1608737009220809,2.76623523774464e-12,0.00020488092672176335,500000.0,500366.5289828458
0.8117134904928786,0.00011376444786635749,-2.2032063927367778e-10,298.1500045315261,0.0,0.044391816822140044,150.13844017060066,9.504001438665137e-18,0.0,0.00014885010304323856,50.053471248989155,1.6644303685184577e-16,2.889142233233246e-19,1.2311444292398353e-32,1.461802374067419e-28,1.1996294007194547e-17,1.1608737076666844,2.7660900397492697e-12,0.00020488092673969277,500000.0,500366.5289835749
0.8127134904928786,0.00011376444764605045,-2.2030702927674844e-10,298.15000453128243,0.0,0.044389455118588106,150.13844222381925,9.503502542309955e-18,0.0,0.00014885010390756602,50.05347153977767,1.6643429969731835e-16,2.888836883722015e-19,1.231060744362813e-32,1.4618774698920218e-28,1.199629407711512e-17,1.1608737144108714,2.765944849349198e-12,0.00020488092675762106,500000.0,500366.5289842799
0.8137134904928786,0.00011376444742575499,-2.2029545710789484e-10,298.1500045310389,0.0,0.04438709354194364,150.13844427692857,9.503003672056495e-18,0.0,0.00014885010477184806,50.0534718305509,1.6642556299990661e-16,2.888531566538028e-19,1.230977066904168e-32,1.4619525697732695e-28,1.199629414703174e-17,1.1608737211547038,2.765799666544262e-12,0.00020488092677554842,500000.0,500366.5289849886
0.8147134904928786,0.00011376444720547109,-2.202838988854596e-10,298.15000453079557,0.0,0.044384732092199695,150.13844632992868,9.502504827903673e-18,0.0,0.00014885010563608475,50.05347212130888,1.6641682675959912e-16,2.8882262816777327e-19,1.230893396840239e-32,1.4620276737109103e-28,1.1996294216944915e-17,1.1608737278981827,2.7656544913340898e-12,0.00020488092679347484,500000.0,500366.5289857011
0.8157134904928786,0.00011376444698520081,-2.202702872937987e-10,298.1500045305518,0.0,0.044382370769346924,150.13844838281142,9.50200600984927e-18,0.0,0.00014885010650026798,50.05347241204889,1.664080909763535e-16,2.8879210291375486e-19,1.2308097341819306e-32,1.4621027817053793e-28,1.1996294286854158e-17,1.1608737346412448,2.7655093237179367e-12,0.00020488092681140014,500000.0,500366.52898638946
0.8167134904928786,0.00011376444676494003,-2.2026078079457776e-10,298.15000453030865,0.0,0.04438000957338317,150.13845043559309,9.501507217894449e-18,0.0,0.00014885010736441395,50.053472702776354,1.6639935565018877e-16,2.887615808914797e-19,1.2307260789435735e-32,1.4621778937568479e-28,1.1996294356760377e-17,1.160873741384016,2.7653641636962015e-12,0.00020488092682932466,500000.0,500366.5289871095
0.8177134904928786,0.00011376444654469074,-2.2024927362344502e-10,298.1500045300653,0.0,0.04437764850429917,150.1384524882658,9.501008452035356e-18,0.0,0.0001488501082285148,50.05347299348866,1.663906207810417e-16,2.8873106210051235e-19,1.2306424310602332e-32,1.462253009865366e-28,1.1996294426662545e-17,1.1608737481264353,2.7652190112679428e-12,0.00020488092684724826,500000.0,500366.5289878338
0.8187134904928786,0.0001137644463244551,-2.202356437140878e-10,298.1500045298217,0.0,0.04437528756208544,150.13845454082107,9.500509712271347e-18,0.0,0.00014885010909256206,50.05347328418294,1.6638188636889483e-16,2.887005465405758e-19,1.230558790631507e-32,1.4623281300312882e-28,1.1996294496559975e-17,1.160873754868437,2.765073866432624e-12,0.00020488092686517074,500000.0,500366.52898853354
0.8197134904928786,0.00011376444610423102,-2.202240775833856e-10,298.1500045295782,0.0,0.04437292674673748,150.13845659326716,9.50001099860082e-18,0.0,0.00014885010995656397,50.053473574861975,1.6637315241372603e-16,2.8867003421127237e-19,1.2304751575515108e-32,1.462403254254761e-28,1.1996294566454509e-17,1.1608737616100846,2.764928729190027e-12,0.00020488092688309228,500000.0,500366.5289892374
0.8207134904928786,0.00011376444588401849,-2.2021252937987485e-10,298.15000452933486,0.0,0.04437056605824836,150.1384586456041,9.499512311022884e-18,0.0,0.00014885011082052055,50.05347386552577,1.663644189155167e-16,2.8863952511229633e-19,1.2303915319019917e-32,1.4624783825360808e-28,1.1996294636345731e-17,1.1608737683513792,2.7647835995398803e-12,0.0002048809269010129,500000.0,500366.5289899451
0.8217134904928786,0.0001137644456638175,-2.2020098973816227e-10,298.1500045290915,0.0,0.04436820549661112,150.13846069783187,9.499013649536586e-18,0.0,0.00014885011168443184,50.05347415617433,1.6635568587424935e-16,2.8860901924332115e-19,1.2303079136486297e-32,1.4625535148752887e-28,1.199629470623224e-17,1.1608737750923201,2.76463847748174e-12,0.00020488092691893256,500000.0,500366.5289906565
0.8227134904928786,0.00011376444544362805,-2.2018944284962214e-10,298.1500045288482,0.0,0.044365845061818836,150.13846274995058,9.498515014139735e-18,0.0,0.00014885011254829784,50.05347444680766,1.6634695328989179e-16,2.885785166039453e-19,1.2302243027604119e-32,1.4626286512726854e-28,1.1996294776115846e-17,1.1608737818329082,2.764493363015179e-12,0.00020488092693685128,500000.0,500366.52899137186
0.8237134904928786,0.00011376444522345223,-2.201758293355057e-10,298.1500045286046,0.0,0.04436348475386208,150.13846480195184,9.498016404830167e-18,0.0,0.00014885011341211034,50.053474737423,1.6633822116239782e-16,2.8854801719384874e-19,1.2301406993001235e-32,1.4627037917284467e-28,1.1996294845995037e-17,1.1608737885730787,2.7643482561395605e-12,0.00020488092695476891,500000.0,500366.5289920628
0.8247134904928786,0.00011376444500328588,-2.2016633590932237e-10,298.1500045283615,0.0,0.04436112457273879,150.1384668538522,9.497517821609643e-18,0.0,0.00014885011427588564,50.053475028025844,1.6632948949179998e-16,2.8851752101275295e-19,1.2300571032396051e-32,1.4627789362428222e-28,1.1996294915870973e-17,1.1608737953129595,2.7642031568550894e-12,0.00020488092697268576,500000.0,500366.5289927857
0.8257134904928786,0.00011376444478313314,-2.2015273582287466e-10,298.150004528118,0.0,0.04435876451843718,150.1384689056353,9.497019264473188e-18,0.0,0.0001488501151396076,50.05347531861072,1.663207582780148e-16,2.884870280602153e-19,1.2299735145322528e-32,1.4628540848158542e-28,1.199629498574213e-17,1.1608738020524236,2.764058065160718e-12,0.0002048809269906015,500000.0,500366.52899348474
0.8267134904928786,0.00011376444456299197,-2.2014117314493846e-10,298.15000452787467,0.0,0.04435640459095268,150.13847095730915,9.496520733421126e-18,0.0,0.00014885011600328409,50.05347560918033,1.6631202752104756e-16,2.8845653833593888e-19,1.2298899332487756e-32,1.4629292374479569e-28,1.199629505561038e-17,1.1608738087915338,2.7639129810563404e-12,0.00020488092700851629,500000.0,500366.52899418713
0.8277134904928786,0.00011376444434286235,-2.2012963091631623e-10,298.1500045276315,0.0,0.04435404479027838,150.1384730088739,9.496022228452754e-18,0.0,0.00014885011686691527,50.05347589973469,1.6630329722088332e-16,2.884260518396036e-19,1.2298063593612114e-32,1.463004394139284e-28,1.1996295125474599e-17,1.1608738155302902,2.7637679045417006e-12,0.00020488092702643015,500000.0,500366.5289948933
0.8287134904928786,0.00011376444412274427,-2.2011809274817858e-10,298.15000452738815,0.0,0.044351685116407344,150.13847506032957,9.49552374956553e-18,0.0,0.0001488501177305012,50.053476190273855,1.6629456737747558e-16,2.883955685708449e-19,1.2297227928473508e-32,1.4630795548899698e-28,1.199629519533583e-17,1.1608738222686938,2.763622835616247e-12,0.00020488092704434307,500000.0,500366.5289956035
0.8297134904928786,0.0001137644439026377,-2.201065637549898e-10,298.15000452714486,0.0,0.044349325569332625,150.13847711167622,9.495025296759076e-18,0.0,0.0001488501185940419,50.0534764807978,1.6628583799082637e-16,2.8836508852931317e-19,1.2296392337257241e-32,1.4631547197002987e-28,1.1996295265192559e-17,1.1608738290067449,2.7634777742797016e-12,0.00020488092706225504,500000.0,500366.5289963176
0.8307134904928786,0.0001137644436825427,-2.2009501429719237e-10,298.15000452690174,0.0,0.04434696614904725,150.13847916291368,9.494526870031952e-18,0.0,0.00014885011945753722,50.05347677130648,1.6627710906090223e-16,2.8833461171470036e-19,1.2295556820111016e-32,1.463229888570345e-28,1.1996295335045741e-17,1.1608738357444417,2.7633327205316108e-12,0.00020488092708016608,500000.0,500366.52899703523
0.8317134904928786,0.0001137644434624613,-2.2008139944415304e-10,298.1500045266582,0.0,0.044344606855541875,150.13848121403396,9.494028469380647e-18,0.0,0.00014885012032097916,50.05347706179722,1.662683805876459e-16,2.883041381265822e-19,1.2294721376474052e-32,1.4633050615003833e-28,1.1996295404894491e-17,1.1608738424817227,2.7631876743712094e-12,0.00020488092709807602,500000.0,500366.52899772907
0.8327134904928786,0.00011376444324238938,-2.200719127509488e-10,298.1500045264153,0.0,0.04434224768881437,150.13848326505325,9.493530094807293e-18,0.0,0.00014885012118438383,50.05347735227543,1.6625965257109094e-16,2.8827366776472693e-19,1.2293886007224539e-32,1.4633802384906712e-28,1.1996295474740578e-17,1.1608738492187127,2.7630426357988298e-12,0.0002048809271159852,500000.0,500366.5289984546
0.8337134904928786,0.00011376444302233106,-2.20058327075632e-10,298.1500045261718,0.0,0.04433988864885299,150.13848531595536,9.493031746307698e-18,0.0,0.0001488501220477352,50.0534776427357,1.6625092501116667e-16,2.882432006286993e-19,1.229305071138064e-32,1.4634554195413467e-28,1.1996295544582206e-17,1.1608738559552871,2.7628976048133592e-12,0.00020488092713389326,500000.0,500366.5289991559
0.8347134904928786,0.0001137644428022843,-2.2004676541014884e-10,298.1500045259286,0.0,0.044337529735653164,150.1384873667483,9.492533423881253e-18,0.0,0.00014885012291104122,50.053477933180716,1.6624219790786356e-16,2.882127367181925e-19,1.2292215489623563e-32,1.463530604652659e-28,1.1996295614420817e-17,1.1608738626915074,2.762752581414813e-12,0.00020488092715180038,500000.0,500366.52899986104
0.8357134904928786,0.00011376444258224907,-2.20035232153105e-10,298.15000452568546,0.0,0.044335170949208,150.13848941743225,9.492035127527739e-18,0.0,0.000148850123774302,50.05347822361053,1.6623347126117735e-16,2.881822760328718e-19,1.229138034171683e-32,1.4636057938247466e-28,1.1996295684254831e-17,1.1608738694273752,2.7626075656027713e-12,0.00020488092716970655,500000.0,500366.5290005702
0.8367134904928786,0.00011376444236222537,-2.200236967258657e-10,298.15000452544234,0.0,0.044332812289510505,150.1384914680071,9.49153685724492e-18,0.0,0.00014885012463751744,50.0534785140251,1.6622474507106604e-16,2.8815181857239473e-19,1.2290545267621903e-32,1.4636809870578526e-28,1.1996295754085632e-17,1.1608738761628894,2.7624625573768248e-12,0.00020488092718761177,500000.0,500366.52900128305
0.8377134904928786,0.0001137644421422132,-2.2001216454800243e-10,298.15000452519917,0.0,0.04433045375655379,150.13849351847296,9.491038613031605e-18,0.0,0.00014885012550068768,50.05347880442447,1.662160193375079e-16,2.881213643364215e-19,1.2289710267360414e-32,1.4637561843520406e-28,1.1996295823912626e-17,1.1608738828980512,2.7623175567365905e-12,0.00020488092720551606,500000.0,500366.5290019997
0.8387134904928786,0.00011376444192221465,-2.199985481258838e-10,298.1500045249558,0.0,0.04432809535032846,150.13849556882155,9.490540394885404e-18,0.0,0.00014885012636380447,50.05347909480587,1.6620729406046731e-16,2.8809091332456526e-19,1.2288875340795608e-32,1.4638313857077516e-28,1.1996295893735124e-17,1.160873889632796,2.7621725636813213e-12,0.00020488092722341925,500000.0,500366.5290026923
0.8397134904928786,0.00011376444170222765,-2.1998699069270127e-10,298.15000452471264,0.0,0.04432573707082997,150.138497619061,9.490042202806012e-18,0.0,0.00014885012722687588,50.05347938517201,1.6619856923993546e-16,2.880604655365233e-19,1.2288040488232415e-32,1.4639065911252062e-28,1.1996295963554707e-17,1.1608738963671872,2.762027578210956e-12,0.0002048809272413215,500000.0,500366.5290033888
0.8407134904928786,0.00011376444148225012,-2.1997753928123728e-10,298.1500045244698,0.0,0.04432337891805382,150.13849966919966,9.489544036793391e-18,0.0,0.00014885012808991017,50.053479675525665,1.6618984487590986e-16,2.880300209719943e-19,1.2287205709524235e-32,1.46398180060451e-28,1.1996296033370676e-17,1.1608739031012885,2.761882600325483e-12,0.000204880927259223,500000.0,500366.52900411683
0.8417134904928786,0.00011376444126228615,-2.1996396067262984e-10,298.15000452422646,0.0,0.04432102089198829,150.13850171922124,9.489045896843524e-18,0.0,0.0001488501289528912,50.05347996586142,1.6618112096832296e-16,2.8799957963055603e-19,1.228637100432109e-32,1.4640570141456563e-28,1.1996296103181756e-17,1.1608739098349747,2.7617376300237637e-12,0.00020488092727712336,500000.0,500366.52900482103
0.8427134904928786,0.00011376444104233424,-2.1995191872458117e-10,298.1500045239834,0.0,0.04431866299262819,150.13850376913175,9.488547782958858e-18,0.0,0.00014885012981582499,50.05348025618127,1.6617239751721216e-16,2.8796914150686175e-19,1.2285536309434054e-32,1.4641322317487692e-28,1.1996296172989576e-17,1.1608739165682922,2.761592667306418e-12,0.00020488092729502275,500000.0,500366.5290055226
0.8437134904928786,0.00011376444082239432,-2.1993991312121325e-10,298.1500045237403,0.0,0.04431630521996664,150.13850581893138,9.488049695132762e-18,0.0,0.00014885013067871165,50.053480546485275,1.6616367452247193e-16,2.879387066106324e-19,1.2284701778637465e-32,1.4642074534147093e-28,1.1996296242794691e-17,1.160873923301242,2.761447712171652e-12,0.00020488092731292117,500000.0,500366.52900622133
0.8447134904928786,0.00011376444060246433,-2.199299917457993e-10,298.15000452349744,0.0,0.04431394757399914,150.13850786862838,9.487551633368148e-18,0.0,0.00014885013154155934,50.05348083677619,1.6615495198414326e-16,2.8790827493656006e-19,1.2283867280649843e-32,1.4642826791431747e-28,1.1996296312595109e-17,1.160873930033888,2.7613027646200748e-12,0.00020488092733081877,500000.0,500366.5290069459
0.8457134904928786,0.00011376444038254841,-2.199159362509415e-10,298.1500045232541,0.0,0.04431159005471391,150.13850991820632,9.487053597660286e-18,0.0,0.00014885013240435182,50.05348112704853,1.6614622990214877e-16,2.8787784648420144e-19,1.2283032867162781e-32,1.4643579089344953e-28,1.1996296382391748e-17,1.1608739367661034,2.7611578246506465e-12,0.00020488092734871526,500000.0,500366.52900763956
0.8467134904928786,0.00011376444016264241,-2.199059846975598e-10,298.1500045230112,0.0,0.044309232662108844,150.1385119676817,9.486555588010725e-18,0.0,0.0001488501332671054,50.053481417307786,1.6613750827651435e-16,2.8784742125326885e-19,1.2282198530274258e-32,1.4644331427890055e-28,1.199629645218532e-17,1.1608739434980153,2.7610128922636106e-12,0.00020488092736661092,500000.0,500366.52900835907
0.8477134904928786,0.0001137644399427505,-2.1989191113349584e-10,298.1500045227679,0.0,0.04430687539617213,150.13851401703795,9.486057604415946e-18,0.0,0.00014885013412980366,50.05348170754845,1.6612878710717702e-16,2.8781699924339313e-19,1.2281364267705061e-32,1.4645083807065889e-28,1.1996296521974037e-17,1.160873950229496,2.760867967457965e-12,0.00020488092738450543,500000.0,500366.529009048
0.8487134904928786,0.00011376443972286854,-2.1988195992922019e-10,298.1500045225251,0.0,0.04430451825690167,150.13851606629143,9.485559646876613e-18,0.0,0.00014885013499246283,50.05348199777596,1.661200663941476e-16,2.8778658045428025e-19,1.2280530079054905e-32,1.4645836226877977e-28,1.199629659175988e-17,1.1608739569606719,2.7607230502339206e-12,0.00020488092740239913,500000.0,500366.5290097621
0.8497134904928786,0.00011376443950299855,-2.1986998307917295e-10,298.1500045222821,0.0,0.044302161244288166,150.1385181154342,9.485061715390277e-18,0.0,0.0001488501358550751,50.053482287987705,1.6611134613738535e-16,2.8775616488555166e-19,1.22796959640191e-32,1.4646588687325045e-28,1.1996296661541442e-17,1.1608739636914818,2.7605781405907855e-12,0.00020488092742029185,500000.0,500366.5290104739
0.8507134904928786,0.00011376443928314056,-2.1985798689477943e-10,298.15000452203907,0.0,0.044299804358324646,150.13852016446612,9.48456380995613e-18,0.0,0.0001488501367176402,50.05348257818359,1.6610262633687688e-16,2.877257525368795e-19,1.2278861922825135e-32,1.4647341188412518e-28,1.1996296731319632e-17,1.1608739704219238,2.7604332385281997e-12,0.0002048809274381836,500000.0,500366.52901118336
0.8517134904928786,0.00011376443906329458,-2.1984598453910667e-10,298.15000452179606,0.0,0.044297447599004156,150.1385222133872,9.484065930571956e-18,0.0,0.0001488501375801582,50.05348286836362,1.6609390699258355e-16,2.876953434078946e-19,1.2278027955197154e-32,1.464809373013865e-28,1.199629680109365e-17,1.1608739771519985,2.7602883440456846e-12,0.00020488092745607437,500000.0,500366.52901188994
0.8527134904928786,0.0001137644388434606,-2.1983397473050784e-10,298.15000452155306,0.0,0.04429509096631977,150.13852426219745,9.483568077236519e-18,0.0,0.0001488501384426291,50.05348315852783,1.6608518810447878e-16,2.876649374982815e-19,1.2277194061459954e-32,1.46488463125086e-28,1.1996296870864932e-17,1.1608739838817057,2.760143457142892e-12,0.00020488092747396417,500000.0,500366.52901259414
0.8537134904928786,0.00011376443862363862,-2.198219769526703e-10,298.1500045213101,0.0,0.044292734460264556,150.13852631089685,9.483070249949335e-18,0.0,0.0001488501393050529,50.053483448676204,1.660764696725574e-16,2.8763453480769418e-19,1.2276360241335122e-32,1.4649598935522439e-28,1.1996296940631944e-17,1.160873990611046,2.7599985778194564e-12,0.000204880927491853,500000.0,500366.52901329583
0.8547134904928786,0.00011376443840382864,-2.198099752331442e-10,298.1500045210671,0.0,0.04429037808083157,150.13852835948543,9.48257244870784e-18,0.0,0.00014885014016742962,50.05348373880873,1.6606775169677807e-16,2.8760413533576793e-19,1.2275526494799291e-32,1.465035159918301e-28,1.1996297010394335e-17,1.1608739973400188,2.7598537060749327e-12,0.00020488092750974084,500000.0,500366.5290139949
0.8557134904928786,0.0001137644381840286,-2.1980004702790025e-10,298.1500045208244,0.0,0.04428802182801628,150.13853040797133,9.482074673512878e-18,0.0,0.0001488501410297673,50.05348402892814,1.66059034177152e-16,2.875737390822214e-19,1.2274692822198061e-32,1.4651104303494822e-28,1.1996297080154745e-17,1.1608740040686873,2.7597088419093177e-12,0.00020488092752762787,500000.0,500366.52901471907
0.8567134904928786,0.0001137644379642426,-2.1978600211729783e-10,298.1500045205812,0.0,0.04428566570180699,150.1385324563384,9.481576924360212e-18,0.0,0.00014885014189204993,50.05348431902903,1.660503171136009e-16,2.875433460466495e-19,1.2273859223006199e-32,1.4651857048453275e-28,1.1996297149909578e-17,1.1608740107969264,2.7595639853214646e-12,0.00020488092754551376,500000.0,500366.5290154133
0.8577134904928786,0.00011376443774446653,-2.197760501091919e-10,298.15000452033854,0.0,0.04428330970220151,150.1385345046028,9.48107920125072e-18,0.0,0.0001488501427542935,50.0534846091168,1.6604160050615018e-16,2.875129562287401e-19,1.2273025697542645e-32,1.465260983406833e-28,1.1996297219661806e-17,1.1608740175248609,2.759419136311729e-12,0.00020488092756339884,500000.0,500366.5290161329
0.8587134904928786,0.00011376443752470245,-2.197640858430589e-10,298.15000452009565,0.0,0.044280953829190554,150.13853655275648,9.48058150418231e-18,0.0,0.00014885014361649008,50.05348489918876,1.6603288435475204e-16,2.8748256962816134e-19,1.2272192245855471e-32,1.4653362660334856e-28,1.1996297289409738e-17,1.160874024252429,2.7592742948792826e-12,0.00020488092758128295,500000.0,500366.5290168498
0.8597134904928786,0.00011376443730495244,-2.1975000852734674e-10,298.1500045198525,0.0,0.04427859808276473,150.13853860079112,9.480083833152474e-18,0.0,0.0001488501444786314,50.05348518924214,1.660241686593721e-16,2.874521862445272e-19,1.227135886761842e-32,1.4654115527259603e-28,1.1996297359153103e-17,1.1608740309795662,2.75912946102356e-12,0.0002048809275991659,500000.0,500366.5290175363
0.8607134904928786,0.0001137644370852103,-2.197421412012794e-10,298.15000451961004,0.0,0.044276242462924345,150.13854064873132,9.479586188162748e-18,0.0,0.00014885014534074187,50.05348547928514,1.6601545342003025e-16,2.8742180607757676e-19,1.2270525563228052e-32,1.4654868434845223e-28,1.1996297428894875e-17,1.1608740377064626,2.7589846347450316e-12,0.00020488092761704823,500000.0,500366.52901827596
0.8617134904928786,0.00011376443686548426,-2.1972603318302995e-10,298.15000451936675,0.0,0.04427388696965287,150.13854269654448,9.479088569207283e-18,0.0,0.00014885014620278915,50.053485769306896,1.6600673863662953e-16,2.8739142912683862e-19,1.2269692332094253e-32,1.4655621383089034e-28,1.1996297498630998e-17,1.160874044432866,2.7588398160419755e-12,0.00020488092763492924,500000.0,500366.5290189574
0.8627134904928786,0.00011376443664576818,-2.1971606818630335e-10,298.150004519124,0.0,0.04427153160295052,150.13854474425492,9.478590976289212e-18,0.0,0.00014885014706479734,50.05348605931549,1.6599802430922036e-16,2.8736105539210584e-19,1.2268859175132641e-32,1.465637437199713e-28,1.1996297568363882e-17,1.1608740511589646,2.758695004915182e-12,0.00020488092765280944,500000.0,500366.52901966433
0.8637134904928786,0.00011376443642606409,-2.197040974561849e-10,298.1500045188812,0.0,0.044269176362808006,150.13854679185465,9.478093409404653e-18,0.0,0.00014885014792675848,50.05348634930829,1.6598931043773932e-16,2.8733068487295297e-19,1.2268026091263158e-32,1.4657127401571143e-28,1.1996297638093638e-17,1.1608740578846966,2.758550201363644e-12,0.00020488092767068867,500000.0,500366.52902036847
0.8647134904928786,0.00011376443620637198,-2.1969209872913867e-10,298.15000451863847,0.0,0.044266821249218394,150.13854883934363,9.477595868553055e-18,0.0,0.00014885014878867256,50.05348663928525,1.6598059702217268e-16,2.8730031756908102e-19,1.2267193081331305e-32,1.4657880471811666e-28,1.1996297707819617e-17,1.1608740646100613,2.7584054053871433e-12,0.00020488092768856692,500000.0,500366.5290210705
0.8657134904928786,0.00011376443598668977,-2.1968219894337483e-10,298.1500045183958,0.0,0.04426446626217719,150.13855088673017,9.477098353734175e-18,0.0,0.00014885014965054783,50.05348692924916,1.6597188406251506e-16,2.872699534801564e-19,1.2266360144861927e-32,1.4658633582720877e-28,1.199629777754195e-17,1.1608740713351235,2.7582606169856154e-12,0.00020488092770644436,500000.0,500366.52902179776
0.8667134904928786,0.00011376443576702165,-2.1966814452994982e-10,298.1500045181528,0.0,0.04426211140167258,150.13855293399766,9.476600864943852e-18,0.0,0.0001488501505123678,50.05348721919448,1.6596317155869642e-16,2.872395926057946e-19,1.2265527281930078e-32,1.4659386734300081e-28,1.1996297847259098e-17,1.1608740780597544,2.7581158361579394e-12,0.00020488092772432065,500000.0,500366.52902249433
0.8677134904928786,0.00011376443554736551,-2.1965612331110205e-10,298.15000451790996,0.0,0.044259756667700066,150.1385549811544,9.476103402182624e-18,0.0,0.0001488501513741407,50.053487509123975,1.6595445951073e-16,2.872092349456652e-19,1.2264694492588318e-32,1.4660139926553359e-28,1.199629791697352e-17,1.160874084784018,2.7579710629040737e-12,0.00020488092774219598,500000.0,500366.52902318863
0.8687134904928786,0.0001137644353277193,-2.1964621118873356e-10,298.15000451766736,0.0,0.04425740206025514,150.13855702820862,9.475605965449124e-18,0.0,0.0001488501522358747,50.05348779904038,1.659457479185843e-16,2.8717888049945045e-19,1.2263861776868618e-32,1.4660893159482544e-28,1.1996297986684815e-17,1.1608740915079785,2.75782629722391e-12,0.00020488092776007049,500000.0,500366.52902390814
0.8697134904928786,0.00011376443510808506,-2.1963423984522752e-10,298.1500045174247,0.0,0.04425504757932847,150.13855907515216,9.475108554742675e-18,0.0,0.00014885015309756166,50.05348808894097,1.659370367822506e-16,2.8714852926683324e-19,1.2263029134851657e-32,1.4661646433088016e-28,1.199629805639106e-17,1.160874098231572,2.7576815391168005e-12,0.00020488092777794402,500000.0,500366.5290246252
0.8707134904928786,0.0001137644348884649,-2.1962017289220108e-10,298.1500045171816,0.0,0.044252693224910676,150.13856112197675,9.47461117005909e-18,0.0,0.00014885015395919342,50.05348837882301,1.6592832610165902e-16,2.8711818124737327e-19,1.2262196565908285e-32,1.4662399747372805e-28,1.1996298126094287e-17,1.160874104954735,2.757536788582029e-12,0.00020488092779581641,500000.0,500366.52902531147
0.8717134904928786,0.00011376443466885256,-2.1961232561716912e-10,298.1500045169394,0.0,0.04425033899700211,150.13856316870704,9.474113811401209e-18,0.0,0.00014885015482079444,50.05348866869468,1.6591961587685202e-16,2.8708783644086293e-19,1.2261364071094822e-32,1.4663153102340715e-28,1.1996298195794028e-17,1.1608741116776582,2.7573920456202214e-12,0.00020488092781368816,500000.0,500366.52902605163
0.8727134904928786,0.00011376443444925635,-2.1959621926215868e-10,298.15000451669624,0.0,0.04424798489558619,150.1385652153103,9.473616478763025e-18,0.0,0.00014885015568233222,50.05348895854512,1.6591090610773195e-16,2.8705749484682015e-19,1.2260531649269324e-32,1.4663906497988745e-28,1.1996298265488929e-17,1.1608741184000881,2.7572473102295183e-12,0.00020488092783155863,500000.0,500366.5290267332
0.8737134904928786,0.00011376443422967007,-2.1958626604399618e-10,298.15000451645375,0.0,0.04424563092066317,150.13856726181095,9.47311917214631e-18,0.0,0.00014885015654383094,50.05348924838241,1.6590219679432247e-16,2.870271564650068e-19,1.2259699301394382e-32,1.4664659934324776e-28,1.1996298335181437e-17,1.1608741251222137,2.7571025824106157e-12,0.00020488092784942826,500000.0,500366.5290274403
0.8747134904928786,0.00011376443401009577,-2.1957430291264306e-10,298.15000451621097,0.0,0.044243277072223766,150.13856930820094,9.472621891549107e-18,0.0,0.00014885015740528267,50.053489538203905,1.6589348793659784e-16,2.8699682129504366e-19,1.2258867026808323e-32,1.4665413411347046e-28,1.1996298404869572e-17,1.1608741318439728,2.7569578621627886e-12,0.00020488092786729692,500000.0,500366.52902814467
0.8757134904928786,0.00011376443379053347,-2.1956230780980045e-10,298.1500045159683,0.0,0.04424092335026101,150.13857135448015,9.472124636969654e-18,0.0,0.00014885015826668734,50.05348982800957,1.658847795345222e-16,2.8696648933658377e-19,1.2258034825744456e-32,1.4666166929059305e-28,1.1996298474554205e-17,1.1608741385653645,2.7568131494856355e-12,0.00020488092788516462,500000.0,500366.5290288463
0.8767134904928786,0.00011376443357098316,-2.1955031522076984e-10,298.15000451572564,0.0,0.04423856975476798,150.13857340064868,9.471627408406956e-18,0.0,0.00014885015912804493,50.053490117799406,1.6587607158807434e-16,2.8693616058932066e-19,1.2257202698346276e-32,1.4666920487463136e-28,1.1996298544234857e-17,1.1608741452863893,2.756668444378799e-12,0.00020488092790303135,500000.0,500366.52902954555
0.8777134904928786,0.00011376443335144275,-2.195404229908425e-10,298.1500045154832,0.0,0.04423621628574022,150.1385754467148,9.471130205860262e-18,0.0,0.00014885015998936368,50.05349040757618,1.6586736409725029e-16,2.86905835052894e-19,1.2256370644191797e-32,1.4667674086561136e-28,1.199629861391176e-17,1.1608741520071113,2.7565237468421413e-12,0.00020488092792089727,500000.0,500366.5290302704
0.8787134904928786,0.00011376443313191636,-2.1952637748274112e-10,298.15000451524037,0.0,0.04423386294316595,150.1385774926622,9.470633029326431e-18,0.0,0.00014885016085062735,50.05349069733443,1.6585865706198475e-16,2.8687551272695483e-19,1.225553866369673e-32,1.4668427726352084e-28,1.1996298683584503e-17,1.1608741587274036,2.7563790568745578e-12,0.00020488092793876205,500000.0,500366.5290309649
0.8797134904928786,0.0001137644329123999,-2.195164522012504e-10,298.150004514998,0.0,0.044231509727043046,150.138579538507,9.470135878806085e-18,0.0,0.0001488501617118521,50.0534909870796,1.6584995048229714e-16,2.868451936111714e-19,1.2254706756531715e-32,1.4669181406843683e-28,1.199629875325489e-17,1.1608741654473924,2.7562343744764782e-12,0.000204880927956626,500000.0,500366.52903168456
0.8807134904928786,0.0001137644326928975,-2.1950241350016022e-10,298.15000451475504,0.0,0.04422915663735975,150.13858158423298,9.469638754295907e-18,0.0,0.0001488501625730217,50.053491276806206,1.6584124435812673e-16,2.8681487770517617e-19,1.2253874922902218e-32,1.4669935128032623e-28,1.1996298822920224e-17,1.1608741721669509,2.7560896996468117e-12,0.00020488092797448884,500000.0,500366.5290323737
0.8817134904928786,0.00011376443247340292,-2.1949456347750605e-10,298.15000451451294,0.0,0.044226803674116424,150.13858362986474,9.469141655798068e-18,0.0,0.00014885016343416056,50.053491566522496,1.6583253868950826e-16,2.867845650087231e-19,1.2253043162925083e-32,1.4670688889925545e-28,1.1996298892582607e-17,1.1608741788862698,2.7559450323861224e-12,0.00020488092799235102,500000.0,500366.52903311665
0.8827134904928786,0.00011376443225392444,-2.1947847319646834e-10,298.1500045142699,0.0,0.04422445083729647,150.1385856753695,9.468644583305543e-18,0.0,0.0001488501642952362,50.053491856217526,1.6582383347632643e-16,2.867542555213111e-19,1.2252211475837792e-32,1.4671442692518505e-28,1.199629896223946e-17,1.1608741856050957,2.75580037269259e-12,0.0002048809280102119,500000.0,500366.5290338009
0.8837134904928786,0.00011376443203445593,-2.194685125503224e-10,298.1500045140275,0.0,0.044222098126900124,150.13858772077168,9.468147536821889e-18,0.0,0.00014885016515627279,50.05349214589941,1.6581512871863375e-16,2.867239492427356e-19,1.2251379862828474e-32,1.4672196535821224e-28,1.1996299031894898e-17,1.160874192323617,2.755655720567019e-12,0.00020488092802807195,500000.0,500366.5290345105
0.8847134904928786,0.00011376443181499937,-2.1945655414227238e-10,298.15000451378495,0.0,0.04421974554291815,150.13858976606326,9.467650516343273e-18,0.0,0.00014885016601726242,50.053492435565516,1.6580642441636866e-16,2.866936461725913e-19,1.2250548322826574e-32,1.4672950419829412e-28,1.19962991015454e-17,1.1608741990417721,2.755511076008545e-12,0.00020488092804593104,500000.0,500366.5290352176
0.8857134904928786,0.00011376443159555479,-2.1944458222221053e-10,298.15000451354234,0.0,0.044217393085343594,150.13859181124425,9.467153521869832e-18,0.0,0.0001488501668782051,50.05349272521582,1.657977205695352e-16,2.866633463105611e-19,1.224971685644512e-32,1.467370434454832e-28,1.1996299171192756e-17,1.160874205759561,2.7553664390167986e-12,0.00020488092806378915,500000.0,500366.52903592214
0.8867134904928786,0.00011376443137612219,-2.1943259587015597e-10,298.15000451329985,0.0,0.044215040754169516,150.13859385631457,9.466656553399318e-18,0.0,0.00014885016773910067,50.053493014850304,1.6578901717808754e-16,2.8663304965631888e-19,1.2248885463485236e-32,1.4674458309977682e-28,1.1996299240835592e-17,1.1608742124769826,2.7552218095914075e-12,0.0002048809280816463,500000.0,500366.52903662424
0.8877134904928786,0.00011376443115670159,-2.1942061491378987e-10,298.1500045130573,0.0,0.044212688549389,150.13859590127421,9.466159610930231e-18,0.0,0.00014885016859994923,50.05349330446897,1.6578031424200564e-16,2.8660275620946853e-19,1.2248054143641622e-32,1.4675212316122175e-28,1.1996299310474945e-17,1.1608742191940375,2.755077187731969e-12,0.00020488092809950245,500000.0,500366.52903732343
0.8887134904928786,0.00011376443093729295,-2.1940863750961398e-10,298.1500045128148,0.0,0.04421033647099513,150.1385979461233,9.465662694461232e-18,0.0,0.0001488501694607508,50.05349359407183,1.6577161176126619e-16,2.865724659697037e-19,1.2247222897492087e-32,1.467596636298306e-28,1.199629938011157e-17,1.1608742259107259,2.754932573438065e-12,0.00020488092811735763,500000.0,500366.5290380205
0.8897134904928786,0.0001137644307178942,-2.193987476515649e-10,298.1500045125725,0.0,0.044207984518983404,150.13859999087,9.465165803993043e-18,0.0,0.00014885017032151355,50.053493883661645,1.657629097358738e-16,2.865421789367542e-19,1.2246391724884893e-32,1.4676720450561705e-28,1.1996299449743153e-17,1.1608742326271115,2.7547879667097142e-12,0.000204880928135212,500000.0,500366.5290387428
0.8907134904928786,0.0001137644304985095,-2.193847061309984e-10,298.1500045123298,0.0,0.04420563269334208,150.13860203549794,9.46466893952041e-18,0.0,0.00014885017118222122,50.05349417323292,1.6575420816574756e-16,2.8651189511012604e-19,1.2245560624962921e-32,1.4677474578858537e-28,1.1996299519370856e-17,1.1608742393430673,2.7546433675457423e-12,0.00020488092815306523,500000.0,500366.5290394348
0.8917134904928786,0.00011376443027913471,-2.1937478637504526e-10,298.15000451208755,0.0,0.04420328099406903,150.13860408002344,9.4641721010459e-18,0.0,0.00014885017204288993,50.05349446279111,1.6574550705092232e-16,2.8648161448962655e-19,1.2244729599228525e-32,1.4678228747879887e-28,1.199629958899585e-17,1.1608742460587196,2.7544987759465383e-12,0.00020488092817091765,500000.0,500366.5290401522
0.8927134904928786,0.00011376443005977186,-2.1936284041052903e-10,298.15000451184505,0.0,0.044200929421154986,150.13860612443852,9.463675288566072e-18,0.0,0.00014885017290351183,50.053494752333556,1.6573680639134562e-16,2.8645133707484217e-19,1.2243898646330056e-32,1.467898295762525e-28,1.1996299658616525e-17,1.160874252774007,2.7543541919113197e-12,0.0002048809281887691,500000.0,500366.5290408671
0.8937134904928786,0.00011376442984042309,-2.193487681305008e-10,298.15000451160245,0.0,0.044198577974590515,150.13860816873466,9.463178502078141e-18,0.0,0.00014885017376407844,50.05349504185741,1.6572810618696578e-16,2.8642106286538714e-19,1.2243067766774769e-32,1.4679737208093944e-28,1.1996299728233592e-17,1.1608742594888628,2.754209615439287e-12,0.00020488092820661943,500000.0,500366.5290415515
0.8947134904928786,0.00011376442962108214,-2.1934094153199548e-10,298.15000451136046,0.0,0.044196226654376,150.13861021293664,9.462681741585512e-18,0.0,0.00014885017462461437,50.05349533137094,1.6571940643783766e-16,2.8639079186107853e-19,1.2242236961135667e-32,1.4680491499294011e-28,1.1996299797847473e-17,1.1608742662034794,2.7540650465312425e-12,0.00020488092822446908,500000.0,500366.52904228924
0.8957134904928786,0.00011376442940175728,-2.1932485298458125e-10,298.1500045111176,0.0,0.04419387546049489,150.13861225701177,9.462185007080979e-18,0.0,0.00014885017548508714,50.053495620863245,1.6571070714384666e-16,2.8636052406137287e-19,1.2241406227932668e-32,1.4681245831221803e-28,1.1996299867456709e-17,1.1608742729176036,2.7539204851852933e-12,0.00020488092824231746,500000.0,500366.52904296864
0.8967134904928786,0.00011376442918244028,-2.1931699369442207e-10,298.1500045108756,0.0,0.04419152439294984,150.1386143009926,9.461688298568797e-18,0.0,0.00014885017634552904,50.05349591034517,1.6570200830505323e-16,2.863302594661457e-19,1.2240575569055302e-32,1.4682000203883516e-28,1.1996299937062655e-17,1.160874279631487,2.7537759314024443e-12,0.0002048809282601652,500000.0,500366.5290437013
0.8977134904928786,0.00011376442896313939,-2.1930089849762368e-10,298.15000451063275,0.0,0.04418917345172434,150.13861634484653,9.461191616041555e-18,0.0,0.00014885017720590778,50.05349619980584,1.6569330992134042e-16,2.8629999807481223e-19,1.2239744982346208e-32,1.4682754617277278e-28,1.199630000666456e-17,1.1608742863448778,2.7536313851808605e-12,0.00020488092827801162,500000.0,500366.52904437535
0.8987134904928786,0.00011376442874384634,-2.1929305042748124e-10,298.15000451039083,0.0,0.04418682263682108,150.13861838860623,9.460694959504112e-18,0.0,0.0001488501780662557,50.05349648925616,1.6568461199278435e-16,2.862697398872575e-19,1.223891447009638e-32,1.468350907141038e-28,1.1996300076263191e-17,1.1608742930580285,2.753486846521648e-12,0.0002048809282958574,500000.0,500366.5290451032
0.8997134904928786,0.00011376442852456728,-2.1927904849193663e-10,298.1500045101482,0.0,0.04418447194822599,150.13862043224736,9.460198328950797e-18,0.0,0.00014885017892654875,50.05349677868802,1.6567591451929068e-16,2.8623948490301254e-19,1.2238084030408169e-32,1.4684263566279835e-28,1.1996300145858055e-17,1.1608742997707506,2.7533423154233247e-12,0.00020488092831370204,500000.0,500366.52904580045
0.9007134904928786,0.00011376442830530022,-2.192670457162152e-10,298.15000450990584,0.0,0.04418212138593445,150.13862247577782,9.459701724381956e-18,0.0,0.00014885017978679465,50.05349706810403,1.6566721750086225e-16,2.862092331217763e-19,1.223725366427446e-32,1.4685018101890525e-28,1.19963002154481e-17,1.1608743064831055,2.753197791885903e-12,0.0002048809283315457,500000.0,500366.5290464951
0.9017134904928786,0.00011376442808604307,-2.1925715417223048e-10,298.15000450966375,0.0,0.044179770949942014,150.13862451920593,9.459205145796601e-18,0.0,0.0001488501806470017,50.05349735750697,1.6565852093748219e-16,2.8617898454323686e-19,1.2236423371438462e-32,1.4685772678242814e-28,1.1996300285035136e-17,1.160874313195157,2.753053275909213e-12,0.00020488092834938855,500000.0,500366.529047215
0.9027134904928786,0.00011376442786679961,-2.192434585469811e-10,298.15000450942125,0.0,0.04417742064023733,150.13862656251666,9.458708593194202e-18,0.0,0.000148850181507155,50.05349764689185,1.6564982482914463e-16,2.861487391619493e-19,1.2235593088907815e-32,1.4686527295337025e-28,1.1996300354618756e-17,1.1608743199067897,2.752908767492984e-12,0.0002048809283672303,500000.0,500366.52904790913
0.9037134904928786,0.00011376442764756573,-2.1923388093744476e-10,298.15000450917915,0.0,0.044175070456818274,150.13862860572635,9.458212066570565e-18,0.0,0.0001488501823672707,50.05349793626407,1.6564112917577267e-16,2.8611849698771526e-19,1.2234762969513488e-32,1.4687281953180544e-28,1.1996300424199145e-17,1.1608743266181294,2.7527642666361475e-12,0.00020488092838507124,500000.0,500366.5290486328
0.9047134904928786,0.00011376442742834556,-2.1922017400466574e-10,298.15000450893666,0.0,0.04417272039967314,150.13863064881866,9.457715565924672e-18,0.0,0.00014885018322733263,50.05349822561822,1.6563243397734877e-16,2.8608825801509216e-19,1.2233932881841865e-32,1.4688036651772263e-28,1.1996300493774497e-17,1.1608743333290492,2.752619773338243e-12,0.00020488092840291108,500000.0,500366.52904933033
0.9057134904928786,0.00011376442720913705,-2.1920851053402082e-10,298.1500045086944,0.0,0.04417037046879737,150.1386326918016,9.457219091256647e-18,0.0,0.00014885018408734876,50.05349851495697,1.656237392338759e-16,2.8605802224377942e-19,1.2233102878741237e-32,1.4688791391115577e-28,1.1996300563346536e-17,1.160874340039612,2.752475287599315e-12,0.00020488092842074998,500000.0,500366.52905002964
0.9067134904928786,0.00011376442698994018,-2.1919687327919822e-10,298.1500045084522,0.0,0.044168020664184085,150.13863473467535,9.456722642564313e-18,0.0,0.00014885018494731922,50.053498804280345,1.6561504494531751e-16,2.860277896734361e-19,1.2232272951380855e-32,1.468954617121247e-28,1.1996300632915493e-17,1.1608743467498186,2.752330809418926e-12,0.00020488092843858792,500000.0,500366.5290507309
0.9077134904928786,0.00011376442677075494,-2.191852317759358e-10,298.15000450821003,0.0,0.04416567098582638,150.13863677743993,9.456226219847703e-18,0.0,0.000148850185807244,50.053499093588385,1.6560635111167017e-16,2.8599756030373714e-19,1.2231443097889348e-32,1.4690300992060955e-28,1.199630070248027e-17,1.160874353459669,2.7521863387967358e-12,0.00020488092845642492,500000.0,500366.5290514343
0.9087134904928786,0.00011376442655158133,-2.1917359845344865e-10,298.15000450796776,0.0,0.044163321433717345,150.13863882009537,9.455729823103703e-18,0.0,0.00014885018666712323,50.053499382881085,1.6559765773288322e-16,2.8596733413430784e-19,1.2230613317564303e-32,1.4691055853668827e-28,1.1996300772041183e-17,1.160874360169164,2.752041875732288e-12,0.00020488092847426097,500000.0,500366.52905213943
0.9097134904928786,0.00011376442633241938,-2.1916196443128018e-10,298.15000450772555,0.0,0.04416097200785002,150.13864086264147,9.455233452332233e-18,0.0,0.00014885018752695665,50.05349967215838,1.6558896480895215e-16,2.859371111648372e-19,1.2229783610701666e-32,1.4691810756034052e-28,1.199630084159805e-17,1.1608743668783017,2.751897420225158e-12,0.00020488092849209606,500000.0,500366.52905284584
0.9107134904928786,0.00011376442611326905,-2.1915032126290277e-10,298.15000450748335,0.0,0.04415862270821753,150.13864290507846,9.454737107531476e-18,0.0,0.00014885018838674445,50.05349996142035,1.6558027233984831e-16,2.8590689139497893e-19,1.2228953976955192e-32,1.4692565699160993e-28,1.199630091115189e-17,1.160874373587084,2.751752972275015e-12,0.00020488092850993021,500000.0,500366.5290535546
0.9117134904928786,0.00011376442589413035,-2.1913868851792006e-10,298.1500045072412,0.0,0.044156273534812954,150.13864494740633,9.454240788699952e-18,0.0,0.0001488501892464866,50.05350025066698,1.6557158032554128e-16,2.8587667482438025e-19,1.222812441635957e-32,1.4693320683050268e-28,1.1996300980701878e-17,1.16087438029551,2.751608531881458e-12,0.00020488092852776342,500000.0,500366.5290542652
0.9127134904928786,0.00011376442567500329,-2.191270572065848e-10,298.15000450699904,0.0,0.04415392448762938,150.13864698962496,9.453744495836705e-18,0.0,0.00014885019010618306,50.053500539898224,1.6556288876602174e-16,2.858464614527107e-19,1.2227294929033025e-32,1.4694075707704245e-28,1.1996301050247542e-17,1.1608743870035796,2.7514640990440624e-12,0.0002048809285455957,500000.0,500366.5290549775
0.9137134904928786,0.00011376442545588995,-2.191133399322741e-10,298.1500045067566,0.0,0.04415157556665746,150.13864903172623,9.453248228939344e-18,0.0,0.0001488501909658257,50.053500829111385,1.6555419766124056e-16,2.858162512796107e-19,1.2226465514849168e-32,1.4694830773123404e-28,1.199630111978969e-17,1.1608743937112296,2.751319673762146e-12,0.00020488092856342686,500000.0,500366.52905566373
0.9147134904928786,0.00011376442523678619,-2.191037519637272e-10,298.15000450651473,0.0,0.04414922677189511,150.13865107372638,9.452751988008125e-18,0.0,0.00014885019182543074,50.05350111831189,1.655455070112069e-16,2.8578604430478115e-19,1.2225636173885246e-32,1.4695585879316136e-28,1.1996301189329099e-17,1.160874400418586,2.7511752560359867e-12,0.00020488092858125722,500000.0,500366.52905637975
0.9157134904928786,0.00011376442501769403,-2.190921587616793e-10,298.15000450627264,0.0,0.04414687810333306,150.13865311561753,9.452255773040881e-18,0.0,0.00014885019268499024,50.05350140749708,1.6553681681587912e-16,2.857558405278763e-19,1.2224806906093745e-32,1.4696341026276914e-28,1.1996301258863359e-17,1.1608744071255872,2.751030845864794e-12,0.00020488092859908665,500000.0,500366.5290570975
0.9167134904928786,0.00011376442479861559,-2.190784384924001e-10,298.1500045060303,0.0,0.04414452956096194,150.1386551573913,9.45175958403545e-18,0.0,0.00014885019354449593,50.053501696664185,1.6552812707522e-16,2.8572563994850866e-19,1.2223977711289292e-32,1.4697096214009062e-28,1.1996301328394185e-17,1.1608744138321692,2.7508864432479478e-12,0.00020488092861691498,500000.0,500366.5290577893
0.9177134904928786,0.0001137644245795488,-2.1906677789280126e-10,298.15000450578816,0.0,0.04414218114477722,150.1386571990558,9.451263420991437e-18,0.0,0.0001488501944039559,50.05350198581589,1.6551943778922557e-16,2.856954425663836e-19,1.222314858984488e-32,1.4697851442518e-28,1.1996301397921493e-17,1.160874420538394,2.7507420481852894e-12,0.00020488092863474235,500000.0,500366.5290584828
0.9187134904928786,0.00011376442436049156,-2.190572308711142e-10,298.15000450554635,0.0,0.04413983285477445,150.13865924061943,9.450767283908542e-18,0.0,0.00014885019526337831,50.053502274955,1.6551074895788722e-16,2.8566524838117303e-19,1.2222319541449595e-32,1.469860671180534e-28,1.1996301467446205e-17,1.1608744272443263,2.750597660676777e-12,0.00020488092865256894,500000.0,500366.52905920625
0.9197134904928786,0.00011376442414144801,-2.190435500475048e-10,298.150004505304,0.0,0.044137484690941906,150.13866128206578,9.450271172782388e-18,0.0,0.00014885019612274707,50.053502564076055,1.6550206058113288e-16,2.856350573924712e-19,1.2221490566034607e-32,1.4699362021869803e-28,1.1996301536964694e-17,1.16087443394984,2.750453280721387e-12,0.0002048809286703944,500000.0,500366.5290599033
0.9207134904928787,0.00011376442392241612,-2.1903188772513284e-10,298.15000450506193,0.0,0.04413513665327502,150.13866332340285,9.449775087614663e-18,0.0,0.00014885019698207,50.0535028531817,1.6549337265898517e-16,2.8560486960001756e-19,1.2220661664111635e-32,1.4700117372716232e-28,1.1996301606481043e-17,1.1608744406549967,2.7503089083190774e-12,0.00020488092868821894,500000.0,500366.5290606022
0.9217134904928787,0.00011376442370339586,-2.1902025548178187e-10,298.15000450481995,0.0,0.044132788741766946,150.13866536463078,9.449279028402392e-18,0.0,0.00014885019784134732,50.05350314227201,1.6548468519139885e-16,2.8557468500341877e-19,1.2219832834903219e-32,1.4700872764346878e-28,1.19963016759941e-17,1.1608744473597974,2.7501645434693504e-12,0.00020488092870604252,500000.0,500366.529061303
0.9227134904928787,0.00011376442348438722,-2.1900863646751143e-10,298.15000450457785,0.0,0.04413044095641077,150.13866740574971,9.448782995144893e-18,0.0,0.00014885019870057906,50.05350343134699,1.6547599817835942e-16,2.8554450360236735e-19,1.2219004079058662e-32,1.4701628196761236e-28,1.1996301745502498e-17,1.1608744540642424,2.750020186171971e-12,0.00020488092872386515,500000.0,500366.52906200587
0.9237134904928787,0.00011376442326539023,-2.1899699395309555e-10,298.1500045043359,0.0,0.04412809329719955,150.1386694467594,9.448286987840545e-18,0.0,0.00014885019955976507,50.05350372040658,1.6546731161983453e-16,2.8551432539651656e-19,1.2218175396210312e-32,1.4702383669962376e-28,1.199630181500737e-17,1.160874460768331,2.7498758364263967e-12,0.00020488092874168683,500000.0,500366.5290627103
0.9247134904928787,0.00011376442304640485,-2.1898537581393506e-10,298.1500045040939,0.0,0.04412574576412641,150.13867148766005,9.44779100648811e-18,0.0,0.00014885020041890547,50.05350400945086,1.6545862551580933e-16,2.8548415038551975e-19,1.2217346786422848e-32,1.4703139183955369e-28,1.1996301884508544e-17,1.1608744674720641,2.7497314942323457e-12,0.00020488092875950756,500000.0,500366.5290634166
0.9257134904928787,0.0001137644228274311,-2.1897374477645718e-10,298.1500045038519,0.0,0.044123398357184436,150.1386735284516,9.44729505108581e-18,0.0,0.00014885020127800028,50.053504298479794,1.6544993986625013e-16,2.854539785690191e-19,1.221651824966219e-32,1.4703894738737949e-28,1.199630195400657e-17,1.1608744741754413,2.7495871595893374e-12,0.00020488092877732735,500000.0,500366.5290641248
0.9267134904928787,0.00011376442260846899,-2.1896212059491051e-10,298.1500045036099,0.0,0.044121051076366706,150.138675569134,9.446799121633354e-18,0.0,0.0001488502021370494,50.05350458749336,1.654412546711448e-16,2.854238099467477e-19,1.2215689786332556e-32,1.4704650334314183e-28,1.1996302023499683e-17,1.1608744808784623,2.749442832497083e-12,0.00020488092879514618,500000.0,500366.5290648345
0.9277134904928787,0.0001137644223895185,-2.1895049445517536e-10,298.15000450336794,0.0,0.04411870392166633,150.13867760970734,9.44630321812835e-18,0.0,0.00014885020299605295,50.0535048764916,1.654325699304632e-16,2.8539364451828235e-19,1.2214861395505908e-32,1.470540597068675e-28,1.1996302092989818e-17,1.1608744875811274,2.7492985129550482e-12,0.00020488092881296407,500000.0,500366.52906554635
0.9287134904928787,0.00011376442217057961,-2.1893887867637008e-10,298.15000450312596,0.0,0.0441163568930764,150.13867965017164,9.445807340569958e-18,0.0,0.00014885020385501087,50.05350516547451,1.6542388564418305e-16,2.853634822833327e-19,1.2214033078145821e-32,1.4706161647857595e-28,1.1996302162476441e-17,1.1608744942834375,2.749154200962976e-12,0.00020488092883078104,500000.0,500366.5290662599
0.9297134904928787,0.00011376442195165446,-2.1892516472456567e-10,298.1500045028838,0.0,0.04411400999058756,150.13868169051858,9.445311488955599e-18,0.0,0.00014885020471391494,50.0535054544393,1.654152018122617e-16,2.8533332324151233e-19,1.2213204833596773e-32,1.470691736582481e-28,1.199630223195839e-17,1.1608745009853272,2.7490098965200194e-12,0.0002048809288485969,500000.0,500366.5290669473
0.9307134904928787,0.00011376442173273885,-2.1891559607002986e-10,298.1500045026421,0.0,0.044111663214197766,150.13868373076465,9.444815663285733e-18,0.0,0.00014885020557278155,50.053505743391504,1.6540651843470795e-16,2.853031673925327e-19,1.2212376662236109e-32,1.470767312459743e-28,1.1996302301438057e-17,1.1608745076869247,2.7488655996265733e-12,0.00020488092886641193,500000.0,500366.52906766464
0.9317134904928787,0.00011376442151383694,-2.1890191024132011e-10,298.1500045024,0.0,0.04410931656389527,150.13868577089343,9.444319863557922e-18,0.0,0.00014885020643159438,50.05350603232562,1.6539783551147503e-16,2.852730147360382e-19,1.2211548563919614e-32,1.470842892416977e-28,1.1996302370912889e-17,1.160874514388103,2.748721310281556e-12,0.0002048809288842259,500000.0,500366.5290683558
0.9327134904928787,0.00011376442129494459,-2.188923513784278e-10,298.1500045021583,0.0,0.044106970039678006,150.13868781092137,9.44382408977243e-18,0.0,0.00014885020729036972,50.05350632124713,1.65389153042574e-16,2.8524286527170843e-19,1.2210720538514575e-32,1.4709184764550495e-28,1.1996302440384152e-17,1.1608745210889888,2.748577028485195e-12,0.00020488092890203906,500000.0,500366.52906907664
0.9337134904928787,0.0001137644210760659,-2.188786717073084e-10,298.1500045019162,0.0,0.044104623641534266,150.1386898508321,9.443328341924772e-18,0.0,0.0001488502081490914,50.05350661015059,1.6538047102791998e-16,2.852127189991473e-19,1.2209892586036867e-32,1.4709940645737397e-28,1.1996302509851472e-17,1.1608745277894559,2.7484327542364073e-12,0.00020488092891985112,500000.0,500366.5290697715
0.9347134904928787,0.00011376442085719888,-2.1886702289776876e-10,298.15000450167435,0.0,0.0441022773694595,150.13869189063362,9.442832620016303e-18,0.0,0.00014885020900776732,50.05350689903867,1.653717894675423e-16,2.8518257591807393e-19,1.2209064706825044e-32,1.4710696567735474e-28,1.1996302579315312e-17,1.1608745344895663,2.7482884875352817e-12,0.00020488092893766223,500000.0,500366.5290704681
0.9357134904928787,0.00011376442063834348,-2.1885540902408904e-10,298.1500045014325,0.0,0.04409993122344681,150.13869393032616,9.442336924044246e-18,0.0,0.0001488502098663976,50.0535071879114,1.6536310836138998e-16,2.8515243602810375e-19,1.220823690030222e-32,1.4711452530544877e-28,1.1996302648775214e-17,1.160874541189321,2.748144228381254e-12,0.0002048809289554724,500000.0,500366.5290711665
0.9367134904928787,0.0001137644204194997,-2.1884377849606547e-10,298.15000450119066,0.0,0.044097585203489345,150.1386959699096,9.441841254008226e-18,0.0,0.00014885021072498234,50.05350747676881,1.65354427709453e-16,2.851222993289388e-19,1.2207409167049307e-32,1.4712208534168467e-28,1.199630271823174e-17,1.1608745478887201,2.747999976773892e-12,0.0002048809289732816,500000.0,500366.5290718667
0.9377134904928787,0.00011376442020066545,-2.1883425770206293e-10,298.150004500949,0.0,0.0440952393095826,150.13869800939236,9.441345609908153e-18,0.0,0.00014885021158352965,50.05350776561364,1.6534574751173203e-16,2.850921658202822e-19,1.2206581506780653e-32,1.4712964578607736e-28,1.1996302787684951e-17,1.1608745545878276,2.7478557327133937e-12,0.00020488092899109003,500000.0,500366.52907259675
0.9387134904928787,0.00011376441998184486,-2.1882057184810787e-10,298.1500045007071,0.0,0.044092893541714855,150.13870004875795,9.440849991739243e-18,0.0,0.00014885021244202332,50.05350805444043,1.653370677681473e-16,2.8506203550168167e-19,1.2205753919033291e-32,1.4713720663864571e-28,1.1996302857133907e-17,1.1608745612865166,2.747711496198467e-12,0.00020488092900889735,500000.0,500366.529073301
0.9397134904928787,0.00011376441976303593,-2.188089437748511e-10,298.1500045004652,0.0,0.044090547899881566,150.1387020880144,9.440354399502591e-18,0.0,0.00014885021330047127,50.05350834325184,1.6532838847871075e-16,2.8503190837288247e-19,1.2204926404761515e-32,1.4714476789941516e-28,1.1996302926579477e-17,1.160874567984849,2.747567267229194e-12,0.00020488092902670371,500000.0,500366.52907400666
0.9407134904928787,0.0001137644195442407,-2.1879522148632025e-10,298.1500045002232,0.0,0.04408820238407344,150.13870412715357,9.439858833194755e-18,0.0,0.0001488502141588654,50.05350863204517,1.6531970964336946e-16,2.8500178443346583e-19,1.2204098963012087e-32,1.471523295683926e-28,1.1996302996019876e-17,1.1608745746827618,2.7474230458047356e-12,0.00020488092904450897,500000.0,500366.52907468623
0.9417134904928787,0.00011376441932545295,-2.1878775471020555e-10,298.1500044999819,0.0,0.04408585699429081,150.1387061662001,9.43936329281845e-18,0.0,0.00014885021501723022,50.05350892082863,1.6531103126216762e-16,2.8497166368321786e-19,1.2203271594690695e-32,1.4715989164564825e-28,1.1996303065458903e-17,1.160874581380446,2.7472788319258024e-12,0.00020488092906231363,500000.0,500366.52907542366
0.9427134904928787,0.00011376441910668092,-2.187720284382394e-10,298.1500044997397,0.0,0.04408351173051717,150.1387082051214,9.438867778367346e-18,0.0,0.0001488502158755333,50.05350920959133,1.6530235333499188e-16,2.8494154612168708e-19,1.2202444298886212e-32,1.47167454131123e-28,1.1996303134892093e-17,1.1608745880776485,2.7471346255906305e-12,0.00020488092908011702,500000.0,500366.52907610696
0.9437134904928787,0.0001137644188879185,-2.1876244111021738e-10,298.15000449949815,0.0,0.04408116659275278,150.13871024394166,9.438372289843618e-18,0.0,0.00014885021673379873,50.05350949834138,1.6529367586188467e-16,2.849114317485817e-19,1.22016170761209e-32,1.471750170249277e-28,1.199630320432324e-17,1.1608745947745576,2.7469904267997984e-12,0.00020488092909791962,500000.0,500366.52907681983
0.9447134904928786,0.00011376441866916972,-2.1874877222981335e-10,298.15000449925617,0.0,0.044078821580986,150.13871228264492,9.43787682724387e-18,0.0,0.00014885021759201058,50.053509787073395,1.652849988427862e-16,2.848813205635397e-19,1.220078992632386e-32,1.4718258032697e-28,1.1996303273748818e-17,1.160874601471049,2.7468462355522425e-12,0.0002048809291157211,500000.0,500366.5290775069
0.9457134904928786,0.00011376441845043049,-2.1873921589221692e-10,298.15000449901464,0.0,0.0440764766952147,150.13871432124733,9.437381390568865e-18,0.0,0.00014885021845018496,50.053510075792815,1.652763222777062e-16,2.8485121256627907e-19,1.21999628495243e-32,1.4719014403739178e-28,1.1996303343172557e-17,1.1608746081672474,2.746702051848308e-12,0.0002048809291335218,500000.0,500366.5290782237
0.9467134904928786,0.00011376441823170496,-2.1872554573148503e-10,298.1500044987727,0.0,0.04407413193542716,150.13871635973254,9.436885979814828e-18,0.0,0.00014885021930830558,50.05351036449416,1.6526764616658015e-16,2.8482110775639233e-19,1.2199135845382435e-32,1.4719770815611948e-28,1.1996303412591185e-17,1.1608746148630271,2.7465578756868357e-12,0.0002048809291513214,500000.0,500366.52907891414
0.9477134904928786,0.00011376441801298897,-2.1871598502294705e-10,298.15000449853125,0.0,0.0440717873016213,150.13871839811694,9.436390594982834e-18,0.0,0.00014885022016638871,50.053510653182904,1.6525897050942935e-16,2.847910061336026e-19,1.2198308914357004e-32,1.4720527268324695e-28,1.1996303482006767e-17,1.1608746215585146,2.7464137070682098e-12,0.0002048809291691202,500000.0,500366.5290796346
0.9487134904928786,0.00011376441779428665,-2.1870232135348746e-10,298.1500044982894,0.0,0.04406944279378545,150.13872043638432,9.435895236069273e-18,0.0,0.00014885022102441826,50.053510941853624,1.6525029530618617e-16,2.84760907697518e-19,1.2197482056046726e-32,1.4721283761871467e-28,1.1996303551417837e-17,1.1608746282535838,2.746269545991337e-12,0.0002048809291869179,500000.0,500366.52908032894
0.9497134904928786,0.00011376441757559597,-2.1869068482000547e-10,298.1500044980476,0.0,0.044067098411915036,150.13872247454256,9.435399903073981e-18,0.0,0.00014885022188240209,50.05351123050897,1.6524162055685312e-16,2.847308124478212e-19,1.2196655270688478e-32,1.472204029626255e-28,1.1996303620826251e-17,1.1608746349482966,2.7461253924560853e-12,0.00020488092920471464,500000.0,500366.52908102475
0.9507134904928786,0.0001137644173569169,-2.186790658783646e-10,298.150004497806,0.0,0.044064754156003215,150.1387245125919,9.434904595995762e-18,0.0,0.00014885022274034032,50.05351151914899,1.6523294626140334e-16,2.8470072038418367e-19,1.2195828558229006e-32,1.472279687149415e-28,1.1996303690230116e-17,1.160874641642654,2.745981246462167e-12,0.00020488092922251044,500000.0,500366.52908172284
0.9517134904928786,0.00011376441713824737,-2.1866954093925529e-10,298.1500044975646,0.0,0.0440624100260455,150.1387265505405,9.434409314833879e-18,0.0,0.0001488502235982412,50.053511807776445,1.6522427241982757e-16,2.846706315063023e-19,1.2195001918675887e-32,1.472355348757145e-28,1.1996303759631427e-17,1.16087464833672,2.745837108009423e-12,0.00020488092924030547,500000.0,500366.52908245055
0.9527134904928786,0.00011376441691959148,-2.1865588428426323e-10,298.15000449732275,0.0,0.044060066022030206,150.13872858837206,9.433914059585414e-18,0.0,0.0001488502244560885,50.05351209638587,1.6521559903207315e-16,2.8464054581377204e-19,1.2194175351754699e-32,1.4724310144493423e-28,1.1996303829027039e-17,1.1608746550303677,2.7456929770969185e-12,0.0002048809292580994,500000.0,500366.5290831522
0.9537134904928786,0.00011376441670094724,-2.1864424121717135e-10,298.1500044970811,0.0,0.04405772214395275,150.13873062609454,9.43341883024898e-18,0.0,0.00014885022531389004,50.05351238497993,1.652069260981192e-16,2.8461046330624895e-19,1.2193348857683497e-32,1.472506684226494e-28,1.1996303898420545e-17,1.1608746617236592,2.745548853724478e-12,0.00020488092927589238,500000.0,500366.52908385545
0.9547134904928786,0.00011376441648231462,-2.1863263045943817e-10,298.15000449683953,0.0,0.04405537839180629,150.13873266370808,9.432923626824712e-18,0.0,0.00014885022617164604,50.053512673558664,1.6519825361796428e-16,2.8458038398345565e-19,1.2192522436780029e-32,1.4725823580887384e-28,1.1996303967810054e-17,1.160874668416595,2.745404737891784e-12,0.0002048809292936844,500000.0,500366.5290845605
0.9557134904928786,0.00011376441626369359,-2.186210281542735e-10,298.15000449659794,0.0,0.044053034765583955,150.1387347012128,9.432428449310394e-18,0.0,0.00014885022702935654,50.05351296212209,1.6518958159157007e-16,2.8455030784502497e-19,1.2191696088410041e-32,1.4726580360362402e-28,1.199630403719562e-17,1.160874675109176,2.745260629598353e-12,0.0002048809293114755,500000.0,500366.5290852676
0.9567134904928786,0.00011376441604508626,-2.1860733276413864e-10,298.15000449635613,0.0,0.04405069126527639,150.13873673860027,9.431933297703844e-18,0.0,0.00014885022788701326,50.05351325066745,1.6518091001890065e-16,2.8452023489057946e-19,1.2190869812807592e-32,1.472733718069055e-28,1.1996304106576869e-17,1.1608746818013378,2.745116528843645e-12,0.00020488092932926546,500000.0,500366.52908594854
0.9577134904928786,0.00011376441582648848,-2.1859778061263063e-10,298.1500044961148,0.0,0.04404834789088151,150.13873877588702,9.431438172005898e-18,0.0,0.0001488502287446325,50.053513539200196,1.6517223889996835e-16,2.8449016511986227e-19,1.2190043610304277e-32,1.4728094041878971e-28,1.1996304175955842e-17,1.1608746884932073,2.7449724356276985e-12,0.00020488092934705464,500000.0,500366.52908665925
0.9587134904928786,0.00011376441560790226,-2.1858620887971656e-10,298.15000449587325,0.0,0.0440460046423901,150.138740813065,9.430943072213574e-18,0.0,0.00014885022960220632,50.05351382771767,1.651635682347228e-16,2.844600985324809e-19,1.2189217480300244e-32,1.4728850943924322e-28,1.1996304245329937e-17,1.1608746951847224,2.74482834994994e-12,0.00020488092936484287,500000.0,500366.5290873719
0.9597134904928786,0.00011376441538932975,-2.1857251713903787e-10,298.15000449563144,0.0,0.04404366151979278,150.1387428501258,9.430447998325327e-18,0.0,0.00014885023045972643,50.05351411621709,1.651548980231345e-16,2.8443003512809388e-19,1.2188391423224394e-32,1.4729607886829604e-28,1.1996304314700142e-17,1.1608747018758188,2.74468427180963e-12,0.00020488092938263002,500000.0,500366.5290880583
0.9607134904928786,0.00011376441517076677,-2.1856297063315619e-10,298.15000449539014,0.0,0.044041318523087465,150.13874488708583,9.429952950341543e-18,0.0,0.00014885023131720903,50.05351440470389,1.6514622826520922e-16,2.8439997490642436e-19,1.2187565439037913e-32,1.4730364870600201e-28,1.199630438406787e-17,1.1608747085666224,2.7445402012070218e-12,0.00020488092940041639,500000.0,500366.5290887743
0.9617134904928786,0.00011376441495221746,-2.1854930689586575e-10,298.15000449514844,0.0,0.044038975652262516,150.13874692392892,9.42945792825849e-18,0.0,0.00014885023217463806,50.05351469317268,1.6513755896088826e-16,2.8436991786703856e-19,1.2186739527254711e-32,1.4731121895233587e-28,1.1996304453430079e-17,1.1608747152570087,2.7443961381410126e-12,0.00020488092941820164,500000.0,500366.5290894646
0.9627134904928786,0.00011376441473367818,-2.1853929585257673e-10,298.1500044949071,0.0,0.044036632907315215,150.13874896066932,9.428962932079339e-18,0.0,0.00014885023303202772,50.053514981628226,1.6512889011022077e-16,2.8433986400469453e-19,1.2185913625768553e-32,1.4731878960732096e-28,1.1996304522790093e-17,1.1608747219470874,2.7442520826125728e-12,0.00020488092943598608,500000.0,500366.5290901781
0.9637134904928786,0.00011376441451515095,-2.1852722862898697e-10,298.15000449466555,0.0,0.04403429028823632,150.13875099729904,9.4284679617975e-18,0.0,0.00014885023388937002,50.05351527006786,1.6512022171309361e-16,2.8430981332900805e-19,1.2185087886103362e-32,1.4732636067102878e-28,1.1996304592145682e-17,1.1608747286367973,2.7441080346195186e-12,0.00020488092945376954,500000.0,500366.5290908869
0.9647134904928786,0.0001137644142966358,-2.185151475429241e-10,298.150004494424,0.0,0.04403194779501894,150.13875303381798,9.427973017412724e-18,0.0,0.000148850234746665,50.05351555849155,1.6511155376950466e-16,2.8427976583461594e-19,1.2184262178335802e-32,1.4733393214344963e-28,1.1996304661497378e-17,1.1608747353261373,2.743963994162176e-12,0.00020488092947155203,500000.0,500366.529091591
0.9657134904928786,0.00011376441407813273,-2.185030724021925e-10,298.1500044941825,0.0,0.04402960542765616,150.1387550702262,9.427478098924552e-18,0.0,0.0001488502356039125,50.05351584689931,1.6510288627943978e-16,2.8424972152120985e-19,1.2183436554578909e-32,1.4734150402458202e-28,1.1996304730845568e-17,1.1608747420151078,2.743819961240231e-12,0.0002048809294893335,500000.0,500366.5290922909
0.9667134904928786,0.00011376441385964174,-2.1849098754250418e-10,298.150004493941,0.0,0.044027263186141107,150.1387571065237,9.426983206331457e-18,0.0,0.00014885023646111267,50.05351613529114,1.6509421924287824e-16,2.8421968038845227e-19,1.2182611006030452e-32,1.4734907631448849e-28,1.1996304800190101e-17,1.160874748703709,2.7436759358532316e-12,0.00020488092950711402,500000.0,500366.52909298654
0.9677134904928786,0.00011376441364116283,-2.184789194703182e-10,298.1500044936995,0.0,0.04402492107046685,150.1387591427104,9.426488339632829e-18,0.0,0.00014885023731826537,50.05351642366699,1.6508555265980532e-16,2.8418964243601965e-19,1.2181785530829219e-32,1.4735664901315746e-28,1.1996304869531098e-17,1.1608747553919396,2.743531918000856e-12,0.00020488092952489356,500000.0,500366.52909367706
0.9687134904928786,0.00011376441342269391,-2.1846891703565597e-10,298.1500044934583,0.0,0.04402257908062894,150.13876117879468,9.425993498826679e-18,0.0,0.00014885023817537885,50.05351671202968,1.6507688653018954e-16,2.8415960766354176e-19,1.2180960128228793e-32,1.4736422212063335e-28,1.1996304938868975e-17,1.160874762079865,2.7433879076828625e-12,0.00020488092954267228,500000.0,500366.5290943915
0.9697134904928786,0.00011376441320423704,-2.184568692624161e-10,298.1500044932168,0.0,0.04402023721661811,150.13876321476835,9.42549868391201e-18,0.0,0.00014885023903244508,50.05351700037647,1.6506822085401107e-16,2.8412957607071845e-19,1.2180134798720723e-32,1.4737179563690283e-28,1.1996305008202065e-17,1.1608747687674215,2.743243904898742e-12,0.00020488092956045002,500000.0,500366.52909510134
0.9707134904928786,0.00011376441298579224,-2.184447834348669e-10,298.1500044929754,0.0,0.04401789547842742,150.13876525063125,9.425003894887018e-18,0.0,0.00014885023988946388,50.05351728870731,1.6505955563123653e-16,2.8409954765719425e-19,1.2179309541708188e-32,1.4737936956201023e-28,1.1996305077531549e-17,1.160874775454608,2.7430999096478746e-12,0.00020488092957822676,500000.0,500366.5290958067
0.9717134904928786,0.00011376441276735953,-2.184327150477004e-10,298.15000449273396,0.0,0.04401555386604999,150.1387672863834,9.424509131750026e-18,0.0,0.00014885024074643528,50.05351757702221,1.6505089086184297e-16,2.8406952242260226e-19,1.217848435728924e-32,1.473869438959941e-28,1.1996305146857881e-17,1.160874782141425,2.742955921930058e-12,0.00020488092959600253,500000.0,500366.52909650723
0.9727134904928786,0.00011376441254893889,-2.18420640974695e-10,298.15000449249254,0.0,0.04401321237947892,150.13876932202487,9.424014394500718e-18,0.0,0.0001488502416033593,50.05351786532118,1.6504222654581922e-16,2.840395003666471e-19,1.2177659245818812e-32,1.4739451863882316e-28,1.199630521617966e-17,1.1608747888278725,2.7428119417448155e-12,0.00020488092961377732,500000.0,500366.5290972034
0.9737134904928786,0.00011376441233053033,-2.1840855992220953e-10,298.1500044922511,0.0,0.044010871018707334,150.13877135755558,9.423519683136814e-18,0.0,0.00014885024246023593,50.0535181536042,1.65033562683127e-16,2.8400948148896895e-19,1.2176834206817401e-32,1.4740209379056135e-28,1.199630528549801e-17,1.16087479551395,2.7426679690918428e-12,0.00020488092963155113,500000.0,500366.5290978951
0.9747134904928786,0.00011376441211213176,-2.1839857020822326e-10,298.15000449200994,0.0,0.044008529783730745,150.1387733929839,9.423024997657964e-18,0.0,0.00014885024331707334,50.05351844187405,1.6502489927376107e-16,2.839794657892463e-19,1.2176009240524093e-32,1.474096693512162e-28,1.1996305354813013e-17,1.160874802199722,2.7425240039709942e-12,0.0002048809296493241,500000.0,500366.52909861004
0.9757134904928786,0.00011376441189374523,-2.183865250970398e-10,298.1500044917686,0.0,0.0440061886745399,150.13877542830167,9.42253033806277e-18,0.0,0.00014885024417386351,50.053518730128005,1.6501623631769467e-16,2.839494532671625e-19,1.2175184347042195e-32,1.4741724532080542e-28,1.1996305424124105e-17,1.1608748088851257,2.7423800463815545e-12,0.0002048809296670961,500000.0,500366.52909932093
0.9767134904928786,0.00011376441167537287,-2.1837236732105017e-10,298.15000449152694,0.0,0.04400384769112542,150.1387774635004,9.422035704347022e-18,0.0,0.000148850245030598,50.053519018363254,1.6500757381485848e-16,2.8391944392226674e-19,1.2174359525691406e-32,1.4742482169933849e-28,1.1996305493430987e-17,1.160874815570095,2.7422360963227646e-12,0.00020488092968486694,500000.0,500366.5290999988
0.9777134904928786,0.00011376441145700844,-2.1836442681042536e-10,298.1500044912861,0.0,0.04400150683348769,150.13877949860486,9.421541096514712e-18,0.0,0.00014885024588730145,50.05351930658805,1.6499891176531704e-16,2.838894377543979e-19,1.2173534777790643e-32,1.4743239848687726e-28,1.1996305562735664e-17,1.1608748222548222,2.7420921537953633e-12,0.00020488092970263714,500000.0,500366.52910072834
0.9787134904928786,0.00011376441123865811,-2.1835033138967467e-10,298.1500044910445,0.0,0.04399916610161263,150.13878153359062,9.421046514559718e-18,0.0,0.00014885024674394953,50.053519594794224,1.6499025016896422e-16,2.838594347630907e-19,1.2172710101839884e-32,1.474399756834084e-28,1.1996305632035128e-17,1.1608748289391175,2.741948218797784e-12,0.00020488092972040622,500000.0,500366.5291014252
0.9797134904928786,0.00011376441102031987,-2.1833823413930233e-10,298.15000449080316,0.0,0.04399682549549569,150.1387835684656,9.420551958482592e-18,0.0,0.00014885024760055013,50.05351988298444,1.6498158902581474e-16,2.8382943494802867e-19,1.2171885498708616e-32,1.4744755328893373e-28,1.1996305701330849e-17,1.1608748356230427,2.7418042913301907e-12,0.00020488092973817428,500000.0,500366.5291021177
0.9807134904928786,0.00011376441080199163,-2.183282402870022e-10,298.15000449056214,0.0,0.04399448501513243,150.13878560323815,9.420057428282821e-18,0.0,0.00014885024845711153,50.05352017116147,1.6497292833585159e-16,2.8379943830892473e-19,1.2171060968354199e-32,1.474551313035129e-28,1.1996305770623665e-17,1.1608748423066622,2.7416603713923003e-12,0.00020488092975594154,500000.0,500366.52910283365
0.9817134904928786,0.00011376441058367752,-2.1831411676185598e-10,298.1500044903206,0.0,0.04399214466051115,150.13878763789188,9.419562923956587e-18,0.0,0.00014885024931361745,50.05352045931985,1.6496426809901543e-16,2.8376944484537054e-19,1.2170236510332649e-32,1.4746270972714436e-28,1.199630583991218e-17,1.160874848989849,2.7415164589832164e-12,0.00020488092977370765,500000.0,500366.52910351707
0.9827134904928786,0.00011376441036537134,-2.1830618716472529e-10,298.15000449007977,0.0,0.04398980443163216,150.1387896724513,9.419068445506188e-18,0.0,0.00014885025017009228,50.05352074746776,1.6495560831534262e-16,2.83739454557116e-19,1.216941212517685e-32,1.474702885598924e-28,1.1996305909197665e-17,1.1608748556727926,2.7413725541034164e-12,0.00020488092979147312,500000.0,500366.5291042517
0.9837134904928786,0.00011376441014708134,-2.1829000161487778e-10,298.15000448983807,0.0,0.043987464328479005,150.13879170688386,9.41857399292592e-18,0.0,0.00014885025102650358,50.053521035594315,1.6494694898473272e-16,2.837094674437199e-19,1.2168587812325316e-32,1.4747786780168474e-28,1.1996305978478485e-17,1.1608748623552412,2.741228656751228e-12,0.00020488092980923726,500000.0,500366.5291049259
0.9847134904928786,0.0001137644099287993,-2.1828205792870627e-10,298.1500044895972,0.0,0.043985124351054346,150.13879374122203,9.418079566218715e-18,0.0,0.00014885025188288365,50.05352132371038,1.6493829010724065e-16,2.836794835049498e-19,1.2167763572339514e-32,1.4748544745263386e-28,1.1996306047756333e-17,1.1608748690374464,2.741084766927675e-12,0.00020488092982700074,500000.0,500366.52910565166
0.9857134904928786,0.00011376440971053133,-2.1826795538568157e-10,298.15000448935575,0.0,0.04398278449934418,150.1387957754416,9.417585165380003e-18,0.0,0.00014885025273920845,50.053521611807845,1.6492963168278213e-16,2.8364950274038543e-19,1.2166939404657056e-32,1.4749302751271071e-28,1.1996306117029655e-17,1.1608748757192204,2.740940884631315e-12,0.0002048809298447631,500000.0,500366.5291063451
0.9867134904928786,0.00011376440949227547,-2.1825586106166328e-10,298.15000448911445,0.0,0.043980444773343924,150.13879780955037,9.417090790409198e-18,0.0,0.00014885025359548577,50.053521899889354,1.649209737113474e-16,2.836195251497224e-19,1.2166115309699726e-32,1.475006079819501e-28,1.1996306186300199e-17,1.1608748824006239,2.7407970098620327e-12,0.00020488092986252447,500000.0,500366.5291070336
0.9877134904928786,0.0001137644092740296,-2.1824586589225686e-10,298.1500044888735,0.0,0.04397810517304915,150.13879984355674,9.416596441306683e-18,0.0,0.00014885025445172386,50.05352218795767,1.6491231619294877e-16,2.8358955073264765e-19,1.2165291287293051e-32,1.4750818886037603e-28,1.1996306255566885e-17,1.160874889081722,2.740653142619827e-12,0.00020488092988028503,500000.0,500366.52910774574
0.9887134904928786,0.00011376440905579578,-2.1823383656277308e-10,298.1500044886323,0.0,0.04397576569845058,150.1388018774526,9.41610211806934e-18,0.0,0.00014885025530791472,50.053522476010095,1.6490365912752406e-16,2.8355957948878806e-19,1.2164467337311544e-32,1.4751577014801303e-28,1.1996306324829304e-17,1.160874895762451,2.7405092829039127e-12,0.0002048809298980446,500000.0,500366.52910845325
0.9897134904928786,0.000113764408837574,-2.1822177291225806e-10,298.1500044883911,0.0,0.043973426349541336,150.1388039112379,9.415607820696035e-18,0.0,0.00014885025616405827,50.05352276404662,1.6489500251505658e-16,2.835296114178237e-19,1.2163643459990877e-32,1.4752335184485018e-28,1.19963063940881e-17,1.1608749024428116,2.740365430713966e-12,0.00020488092991580322,500000.0,500366.52910915634
0.9907134904928786,0.00011376440861936429,-2.1820971645290727e-10,298.1500044881499,0.0,0.043971087126314506,150.13880594491258,9.415113549186025e-18,0.0,0.00014885025702015447,50.05352305206722,1.6488634635553615e-16,2.8349964651941474e-19,1.2162819655145117e-32,1.4753093395095313e-28,1.19963064633432e-17,1.1608749091228028,2.740221586049644e-12,0.00020488092993356082,500000.0,500366.5291098552
0.9917134904928786,0.00011376440840116663,-2.1819763766000051e-10,298.1500044879088,0.0,0.04396874802876321,150.13880797847668,9.414619303536909e-18,0.0,0.00014885025787620337,50.053523340071905,1.6487769064891607e-16,2.8346968479321143e-19,1.2161995922763676e-32,1.4753851646630989e-28,1.1996306532594866e-17,1.1608749158024247,2.740077748910432e-12,0.00020488092995131745,500000.0,500366.5291105493
0.9927134904928786,0.00011376440818298104,-2.1818558436118196e-10,298.1500044876676,0.0,0.043966409056880575,150.1388100119302,9.414125083748281e-18,0.0,0.0001488502587322049,50.053523628060674,1.6486903539519272e-16,2.8343972623888146e-19,1.2161172262949909e-32,1.4754609939094774e-28,1.1996306601842384e-17,1.1608749224816775,2.739933919296028e-12,0.0002048809299690731,500000.0,500366.52911123895
0.9937134904928786,0.00011376440796480544,-2.1817560498346598e-10,298.1500044874267,0.0,0.043964070210662114,150.13881204528133,9.41363088981958e-18,0.0,0.00014885025958816722,50.05352391603625,1.6486038059435143e-16,2.8340977085613883e-19,1.216034867577852e-32,1.4755368272491e-28,1.1996306671086497e-17,1.1608749291606246,2.7397900972063207e-12,0.00020488092998682795,500000.0,500366.529111952
0.9947134904928786,0.00011376440774664187,-2.18163574346286e-10,298.1500044871855,0.0,0.043961731490098584,150.13881407852202,9.41313672174815e-18,0.0,0.0001488502604440823,50.053524203995956,1.6485172624635368e-16,2.8337981864459085e-19,1.2159525160821201e-32,1.4756126646818776e-28,1.1996306740327329e-17,1.1608749358392034,2.739646282640588e-12,0.0002048809300045818,500000.0,500366.52911266044
0.9957134904928786,0.00011376440752849037,-2.1815150002550847e-10,298.15000448694445,0.0,0.04395939289518305,150.1388161116521,9.412642579532687e-18,0.0,0.0001488502612999501,50.05352449193974,1.6484307235116926e-16,2.8334986960390683e-19,1.2158701718474327e-32,1.4756885062080808e-28,1.1996306809563453e-17,1.1608749425174132,2.7395024755984405e-12,0.0002048809300223347,500000.0,500366.5291133644
0.9967134904928786,0.00011376440731035091,-2.1813945159484916e-10,298.1500044867034,0.0,0.04395705442590867,150.13881814467163,9.412148463172138e-18,0.0,0.00014885026215577055,50.053524779867615,1.6483441890878237e-16,2.8331992373375663e-19,1.2157878348633782e-32,1.4757643518278694e-28,1.1996306878796409e-17,1.1608749491952537,2.7393586760795884e-12,0.0002048809300400866,500000.0,500366.52911406383
0.9977134904928786,0.00011376440709222353,-2.1812738481482436e-10,298.15000448646225,0.0,0.04395471608226853,150.13882017758056,9.411654372664712e-18,0.0,0.00014885026301154363,50.05352506777957,1.6482576591916431e-16,2.8328998103378895e-19,1.2157055051180922e-32,1.4758402015415938e-28,1.1996306948025937e-17,1.160874955872725,2.7392148840835005e-12,0.0002048809300578375,500000.0,500366.52911475865
0.9987134904928786,0.00011376440687410821,-2.181153197153729e-10,298.15000448622123,0.0,0.04395237786425575,150.13882221037892,9.411160308009727e-18,0.0,0.00014885026386726936,50.053525355675596,1.6481711338229757e-16,2.8326004150370503e-19,1.2156231826383565e-32,1.4759160553494567e-28,1.1996307017250887e-17,1.160874962549827,2.739071099609812e-12,0.00020488093007558743,500000.0,500366.5291154491
0.9997134904928786,0.00011376440665600285,-2.1810535419372723e-10,298.1500044859804,0.0,0.0439500397718659,150.13882424307505,9.410666269206383e-18,0.0,0.00014885026472295603,50.05352564355848,1.6480846129817156e-16,2.832301051431525e-19,1.2155408673798617e-32,1.475991913251457e-28,1.1996307086472778e-17,1.1608749692266243,2.7389273226585453e-12,0.00020488093009333655,500000.0,500366.5291161631
1.0007134904928787,0.00011376440643790951,-2.1809332731189774e-10,298.15000448573926,0.0,0.043947701805089695,150.13882627566076,9.410172256252314e-18,0.0,0.0001488502655785955,50.0535259314255,1.6479980966674386e-16,2.8320017195179862e-19,1.2154585593807917e-32,1.4760677752481469e-28,1.1996307155690978e-17,1.1608749759030532,2.7387835532288787e-12,0.0002048809301110847,500000.0,500366.5291168724
1.0007134904928787,0.00011376440643790951,-2.1809332731189774e-10,298.15000448573926,0.0,0.043947701805089695,150.13882627566076,9.410172256252314e-18,0.0,0.0001488502655785955,50.0535259314255,1.6479980966674386e-16,2.8320017195179862e-19,1.2154585593807917e-32,1.4760677752481469e-28,1.1996307155690978e-17,1.1608749759030532,2.7387835532288787e-12,0.0002048809301110847,500000.0,500366.5291168724
